# id_num orb_a mass spin spin_angle orb_inc orb_ecc orb_arg_periapse orb_ang_mom gen galaxy time_passed gw_freq gw_strain
0.000000000000000000e+00 9.032961880486842347e+03 1.418567998758053328e+01 -2.931419503094080670e-02 2.827602338673659066e+00 1.634765057379901701e-02 1.000000000000000021e-02 1.570796326794896558e+00 1.000000000000000000e+00 1.000000000000000000e+00 0.000000000000000000e+00 0.000000000000000000e+00 -1.000000000000000000e+00 -1.000000000000000000e+00
1.000000000000000000e+00 1.985793921673474642e+03 1.236109986421899265e+01 -1.148182804959064218e-01 2.092850211217560208e+00 -1.557923898796957987e-03 9.000000000000001055e-02 0.000000000000000000e+00 1.000000000000000000e+00 1.000000000000000000e+00 0.000000000000000000e+00 0.000000000000000000e+00 -1.000000000000000000e+00 -1.000000000000000000e+00
4.000000000000000000e+00 5.172307780775747688e+02 1.767241620671578062e+01 -2.826607431108647539e-01 3.100000000000000089e+00 9.560513535694387804e-03 9.000000000000001055e-02 1.570796326794896558e+00 1.000000000000000000e+00 1.000000000000000000e+00 0.000000000000000000e+00 0.000000000000000000e+00 -1.000000000000000000e+00 -1.000000000000000000e+00
5.000000000000000000e+00 4.313354733597456652e+04 1.392916658220531190e+01 -4.479532819565086588e-02 1.642398774539238770e+00 -1.332853670772095583e-03 8.888500113180362872e-02 1.570796326794896558e+00 1.000000000000000000e+00 1.000000000000000000e+00 0.000000000000000000e+00 0.000000000000000000e+00 -1.000000000000000000e+00 -1.000000000000000000e+00
7.000000000000000000e+00 3.909940047082777164e+04 3.839626147384026922e+01 -7.379344219149065742e-02 2.950035647726170662e+00 2.556740527746662744e-02 3.534961574950631902e-02 0.000000000000000000e+00 1.000000000000000000e+00 1.000000000000000000e+00 0.000000000000000000e+00 0.000000000000000000e+00 -1.000000000000000000e+00 -1.000000000000000000e+00
1.300000000000000000e+01 3.408467062083128258e+04 1.277726706520595990e+01 -7.061628704984741767e-02 3.100000000000000089e+00 -1.976477720079802998e-03 3.812276183483378350e-02 0.000000000000000000e+00 1.000000000000000000e+00 1.000000000000000000e+00 0.000000000000000000e+00 0.000000000000000000e+00 -1.000000000000000000e+00 -1.000000000000000000e+00
1.500000000000000000e+01 5.195426586754948403e+03 1.199018164328363234e+01 7.268730573821113872e-02 1.460949966616630125e+00 -2.530817736888565581e-02 1.219591785246921384e-02 0.000000000000000000e+00 1.000000000000000000e+00 1.000000000000000000e+00 0.000000000000000000e+00 0.000000000000000000e+00 -1.000000000000000000e+00 -1.000000000000000000e+00
1.600000000000000000e+01 3.410182293971902254e+04 3.587094731652437929e+01 -2.168960594305665568e-01 2.256154724564981784e+00 3.122219249619460069e+00 1.294556511141921155e-02 1.570796326794896558e+00 1.000000000000000000e+00 1.000000000000000000e+00 0.000000000000000000e+00 0.000000000000000000e+00 -1.000000000000000000e+00 -1.000000000000000000e+00
2.000000000000000000e+01 5.000000000000000000e+04 1.463370774080715897e+01 8.347282462047314611e-02 1.173764902733686499e+00 -8.939097047481617611e-03 8.260936094035133126e-02 0.000000000000000000e+00 1.000000000000000000e+00 1.000000000000000000e+00 0.000000000000000000e+00 0.000000000000000000e+00 -1.000000000000000000e+00 -1.000000000000000000e+00
2.100000000000000000e+01 4.174215661277061713e+02 1.800636862117432457e+01 -9.273783957477976791e-02 3.100000000000000089e+00 1.841020123120342897e-02 5.999422292779658245e-02 0.000000000000000000e+00 1.000000000000000000e+00 1.000000000000000000e+00 0.000000000000000000e+00 0.000000000000000000e+00 -1.000000000000000000e+00 -1.000000000000000000e+00
2.300000000000000000e+01 3.749197339379179175e+04 1.173689561770089362e+01 -7.880314338475725988e-02 3.100000000000000089e+00 3.155149215532495610e+00 7.744810986087621862e-02 0.000000000000000000e+00 1.000000000000000000e+00 1.000000000000000000e+00 0.000000000000000000e+00 0.000000000000000000e+00 -1.000000000000000000e+00 -1.000000000000000000e+00
2.400000000000000000e+01 3.941602023514307803e+04 3.467915273488268468e+01 6.988575401011115629e-02 1.461466562820065818e+00 3.155378003193883618e+00 4.512692693903342517e-02 1.570796326794896558e+00 1.000000000000000000e+00 1.000000000000000000e+00 0.000000000000000000e+00 0.000000000000000000e+00 -1.000000000000000000e+00 -1.000000000000000000e+00
2.600000000000000000e+01 2.627798762213399459e+04 1.456889305653424849e+01 -1.242927493214681656e-01 2.471018822402380799e+00 8.519556159348106936e-03 1.000000000000000021e-02 0.000000000000000000e+00 1.000000000000000000e+00 1.000000000000000000e+00 0.000000000000000000e+00 0.000000000000000000e+00 -1.000000000000000000e+00 -1.000000000000000000e+00
2.900000000000000000e+01 4.129311931284834282e+04 2.392960177540277300e+01 8.763114032148977550e-02 1.463512295238448280e+00 3.150222432136840389e+00 4.347358062715873245e-02 1.570796326794896558e+00 1.000000000000000000e+00 1.000000000000000000e+00 0.000000000000000000e+00 0.000000000000000000e+00 -1.000000000000000000e+00 -1.000000000000000000e+00
3.000000000000000000e+01 4.043855459784606410e+02 1.487487730745420045e+01 8.968966506086323287e-02 1.909390148125183817e+00 -1.214852405134048650e-02 6.827613092634808589e-02 0.000000000000000000e+00 1.000000000000000000e+00 1.000000000000000000e+00 0.000000000000000000e+00 0.000000000000000000e+00 -1.000000000000000000e+00 -1.000000000000000000e+00
3.100000000000000000e+01 4.574476337796468215e+03 1.393140711992603364e+01 5.553041643437058028e-02 1.184973921879983960e+00 1.226399946131853484e-02 9.000000000000001055e-02 0.000000000000000000e+00 1.000000000000000000e+00 1.000000000000000000e+00 0.000000000000000000e+00 0.000000000000000000e+00 -1.000000000000000000e+00 -1.000000000000000000e+00
3.200000000000000000e+01 9.474889108264815150e+03 1.874175299282975971e+01 -6.361706916135376200e-02 3.076896888068538782e+00 3.132834307996834600e+00 9.000000000000001055e-02 0.000000000000000000e+00 1.000000000000000000e+00 1.000000000000000000e+00 0.000000000000000000e+00 0.000000000000000000e+00 -1.000000000000000000e+00 -1.000000000000000000e+00
3.300000000000000000e+01 2.430138011610086323e+04 1.284845791325202136e+01 -1.150882515169909664e-01 2.113367585500969259e+00 -3.541040999516031212e-02 5.338257659923857645e-02 0.000000000000000000e+00 1.000000000000000000e+00 1.000000000000000000e+00 0.000000000000000000e+00 0.000000000000000000e+00 -1.000000000000000000e+00 -1.000000000000000000e+00
3.400000000000000000e+01 3.355130621651118418e+04 1.224417348015620632e+01 -3.679746441259084538e-02 1.568394666369228307e+00 -3.817508073563004312e-02 8.702138646237383979e-02 1.570796326794896558e+00 1.000000000000000000e+00 1.000000000000000000e+00 0.000000000000000000e+00 0.000000000000000000e+00 -1.000000000000000000e+00 -1.000000000000000000e+00
3.500000000000000000e+01 4.013744253504028165e+02 1.898384972428106465e+01 8.184147923101328659e-02 1.532151980122260504e+00 4.012829599342552893e-03 2.581655455795547199e-02 0.000000000000000000e+00 1.000000000000000000e+00 1.000000000000000000e+00 0.000000000000000000e+00 0.000000000000000000e+00 -1.000000000000000000e+00 -1.000000000000000000e+00
3.600000000000000000e+01 1.742098546996614459e+04 1.253322885393055763e+01 3.532617395916325120e-02 8.003966700127750356e-01 -3.575781201232065831e-02 1.330954055418248280e-02 0.000000000000000000e+00 1.000000000000000000e+00 1.000000000000000000e+00 0.000000000000000000e+00 0.000000000000000000e+00 -1.000000000000000000e+00 -1.000000000000000000e+00
4.300000000000000000e+01 5.087782882051444062e+02 1.070145864341371933e+01 -2.044163481134502469e-01 2.554727624231854843e+00 3.146277504480120335e+00 5.390066851756424027e-02 1.570796326794896558e+00 1.000000000000000000e+00 1.000000000000000000e+00 0.000000000000000000e+00 0.000000000000000000e+00 -1.000000000000000000e+00 -1.000000000000000000e+00
4.400000000000000000e+01 2.738269567567562990e+04 1.225958937617971145e+01 -5.945834438732458538e-02 2.970777910841073233e+00 3.165076508232609331e+00 1.000000000000000021e-02 1.570796326794896558e+00 1.000000000000000000e+00 1.000000000000000000e+00 0.000000000000000000e+00 0.000000000000000000e+00 -1.000000000000000000e+00 -1.000000000000000000e+00
4.500000000000000000e+01 1.137557932860692563e+04 1.116482355297187290e+01 -3.945105304583254591e-02 1.403426424086777535e+00 3.160422340934315066e+00 2.586103106848230970e-02 0.000000000000000000e+00 1.000000000000000000e+00 1.000000000000000000e+00 0.000000000000000000e+00 0.000000000000000000e+00 -1.000000000000000000e+00 -1.000000000000000000e+00
4.900000000000000000e+01 4.624483479367580003e+04 1.562905687124618126e+01 -1.306561241136503654e-02 1.520004753215193460e+00 -2.311696582564046198e-02 5.118402552031652702e-02 0.000000000000000000e+00 1.000000000000000000e+00 1.000000000000000000e+00 0.000000000000000000e+00 0.000000000000000000e+00 -1.000000000000000000e+00 -1.000000000000000000e+00
5.200000000000000000e+01 1.392636032034045456e+04 1.470856449851013181e+01 -2.812441726979685377e-02 1.123583313860102795e+00 -8.583739243713826850e-03 9.000000000000001055e-02 1.570796326794896558e+00 1.000000000000000000e+00 1.000000000000000000e+00 0.000000000000000000e+00 0.000000000000000000e+00 -1.000000000000000000e+00 -1.000000000000000000e+00
5.500000000000000000e+01 5.000000000000000000e+04 1.858817543398553340e+01 -1.417177573202944019e-01 2.264448129086797490e+00 3.851109688358429761e-02 1.478483132317733040e-02 1.570796326794896558e+00 1.000000000000000000e+00 1.000000000000000000e+00 0.000000000000000000e+00 0.000000000000000000e+00 -1.000000000000000000e+00 -1.000000000000000000e+00
5.700000000000000000e+01 4.956356639252468449e+04 1.232347989350002493e+01 -1.089397577578828658e-01 3.100000000000000089e+00 -1.039165909955838858e-02 1.408329857481131417e-02 0.000000000000000000e+00 1.000000000000000000e+00 1.000000000000000000e+00 0.000000000000000000e+00 0.000000000000000000e+00 -1.000000000000000000e+00 -1.000000000000000000e+00
5.800000000000000000e+01 2.926289049966037783e+04 1.306491656332918616e+01 -2.141973206163051424e-01 3.100000000000000089e+00 3.111472799197952277e+00 2.656889910446810776e-02 1.570796326794896558e+00 1.000000000000000000e+00 1.000000000000000000e+00 0.000000000000000000e+00 0.000000000000000000e+00 -1.000000000000000000e+00 -1.000000000000000000e+00
6.100000000000000000e+01 4.012826105850411977e+02 1.292528508158050116e+01 -1.241138676405254548e-01 2.940130593135784842e+00 3.148245633115331898e+00 3.814129319791641909e-02 0.000000000000000000e+00 1.000000000000000000e+00 1.000000000000000000e+00 0.000000000000000000e+00 0.000000000000000000e+00 -1.000000000000000000e+00 -1.000000000000000000e+00
6.300000000000000000e+01 4.038125527088718809e+04 1.274529429303456851e+01 -8.275945114583241335e-02 2.398866843733485243e+00 -6.856555139443286200e-03 3.283527679619637624e-02 0.000000000000000000e+00 1.000000000000000000e+00 1.000000000000000000e+00 0.000000000000000000e+00 0.000000000000000000e+00 -1.000000000000000000e+00 -1.000000000000000000e+00
6.500000000000000000e+01 4.693532322674030297e+02 1.371293648069787707e+01 -1.864360433505601877e-02 1.798061960789131719e+00 7.936048987462304000e-03 3.671348090033345335e-02 0.000000000000000000e+00 1.000000000000000000e+00 1.000000000000000000e+00 0.000000000000000000e+00 0.000000000000000000e+00 -1.000000000000000000e+00 -1.000000000000000000e+00
6.600000000000000000e+01 3.079677673018948553e+04 2.580052628531319669e+01 1.034570618837106770e-01 9.782604980254167026e-01 3.156019147444726336e+00 1.744184076403790251e-02 1.570796326794896558e+00 1.000000000000000000e+00 1.000000000000000000e+00 0.000000000000000000e+00 0.000000000000000000e+00 -1.000000000000000000e+00 -1.000000000000000000e+00
6.700000000000000000e+01 2.722202443239033164e+04 1.322425200982120330e+01 5.686982079488139830e-02 4.229987940493530330e-01 -1.175850495645409423e-02 1.673940575089760338e-02 0.000000000000000000e+00 1.000000000000000000e+00 1.000000000000000000e+00 0.000000000000000000e+00 0.000000000000000000e+00 -1.000000000000000000e+00 -1.000000000000000000e+00
7.200000000000000000e+01 4.731465598388359649e+04 1.099516413602400888e+01 6.974038963532603642e-03 6.237375792532346974e-01 2.125771575811863726e-03 6.103742848035496882e-02 1.570796326794896558e+00 1.000000000000000000e+00 1.000000000000000000e+00 0.000000000000000000e+00 0.000000000000000000e+00 -1.000000000000000000e+00 -1.000000000000000000e+00
7.500000000000000000e+01 5.000000000000000000e+04 1.470947940000116283e+01 8.595223704078999716e-02 1.691771585436554481e+00 -9.660847465152050742e-03 1.261441230099567545e-01 0.000000000000000000e+00 1.000000000000000000e+00 1.000000000000000000e+00 0.000000000000000000e+00 0.000000000000000000e+00 -1.000000000000000000e+00 -1.000000000000000000e+00
7.600000000000000000e+01 5.000000000000000000e+04 3.699118795632262646e+01 6.908100700576561004e-02 0.000000000000000000e+00 -2.233335956237687131e-02 1.470694419947377735e-02 0.000000000000000000e+00 1.000000000000000000e+00 1.000000000000000000e+00 0.000000000000000000e+00 0.000000000000000000e+00 -1.000000000000000000e+00 -1.000000000000000000e+00
7.900000000000000000e+01 4.740926162950984235e+02 1.061933973348143034e+01 -1.827027896365925053e-02 1.188366355952441777e+00 3.404932820527765795e-03 2.302465883216194345e-02 1.570796326794896558e+00 1.000000000000000000e+00 1.000000000000000000e+00 0.000000000000000000e+00 0.000000000000000000e+00 -1.000000000000000000e+00 -1.000000000000000000e+00
8.100000000000000000e+01 1.103834645545054445e+04 1.034180430209242729e+01 6.778028304770807033e-02 4.566019619298798404e-01 -1.383937688309754867e-02 1.000000000000000021e-02 0.000000000000000000e+00 1.000000000000000000e+00 1.000000000000000000e+00 0.000000000000000000e+00 0.000000000000000000e+00 -1.000000000000000000e+00 -1.000000000000000000e+00
8.200000000000000000e+01 3.059204085154718268e+04 1.125153240624156048e+01 1.108232384109590907e-01 1.350744030364106063e+00 3.109700919408286524e+00 1.470987761743656683e-02 0.000000000000000000e+00 1.000000000000000000e+00 1.000000000000000000e+00 0.000000000000000000e+00 0.000000000000000000e+00 -1.000000000000000000e+00 -1.000000000000000000e+00
8.400000000000000000e+01 1.277879504606411319e+04 1.091693831385071434e+01 -1.072248748390905275e-03 1.560454352652802523e+00 3.172177283373414980e+00 1.000000000000000021e-02 1.570796326794896558e+00 1.000000000000000000e+00 1.000000000000000000e+00 0.000000000000000000e+00 0.000000000000000000e+00 -1.000000000000000000e+00 -1.000000000000000000e+00
8.600000000000000000e+01 4.057592240102403593e+04 1.066126808509489798e+01 1.355008224421252183e-01 1.827434343907668124e+00 3.097054652727446733e+00 3.594312693845864992e-02 1.570796326794896558e+00 1.000000000000000000e+00 1.000000000000000000e+00 0.000000000000000000e+00 0.000000000000000000e+00 -1.000000000000000000e+00 -1.000000000000000000e+00
8.900000000000000000e+01 5.000000000000000000e+04 1.101798656375051166e+01 3.709205941496070136e-02 1.574168320881830896e+00 -1.560846956888884210e-02 4.863269620736208193e-02 0.000000000000000000e+00 1.000000000000000000e+00 1.000000000000000000e+00 0.000000000000000000e+00 0.000000000000000000e+00 -1.000000000000000000e+00 -1.000000000000000000e+00
9.000000000000000000e+01 3.192731972425301137e+04 1.291883711045161220e+01 -7.774390550784801568e-02 2.770797913070347729e+00 -2.393929563284270118e-02 1.000000000000000021e-02 1.570796326794896558e+00 1.000000000000000000e+00 1.000000000000000000e+00 0.000000000000000000e+00 0.000000000000000000e+00 -1.000000000000000000e+00 -1.000000000000000000e+00
9.200000000000000000e+01 7.859419947391962523e+03 1.351874765229843511e+01 -4.023435081223815379e-02 1.883873851215635442e+00 -2.918139147516263243e-02 1.000000000000000021e-02 1.570796326794896558e+00 1.000000000000000000e+00 1.000000000000000000e+00 0.000000000000000000e+00 0.000000000000000000e+00 -1.000000000000000000e+00 -1.000000000000000000e+00
9.400000000000000000e+01 2.947790794674553035e+04 1.928589365685586543e+01 1.999888385030996751e-01 1.456153212991567525e+00 -9.037848574292533035e-03 3.182277624653028630e-02 1.570796326794896558e+00 1.000000000000000000e+00 1.000000000000000000e+00 0.000000000000000000e+00 0.000000000000000000e+00 -1.000000000000000000e+00 -1.000000000000000000e+00
9.600000000000000000e+01 4.306561928561965760e+04 1.159050045107360738e+01 9.145271065684695833e-02 1.601994293525067947e+00 2.418311569986897336e-02 6.339662734615303386e-02 0.000000000000000000e+00 1.000000000000000000e+00 1.000000000000000000e+00 0.000000000000000000e+00 0.000000000000000000e+00 -1.000000000000000000e+00 -1.000000000000000000e+00
9.900000000000000000e+01 5.000000000000000000e+04 3.538141639757701995e+01 -2.166788585017470348e-01 3.100000000000000089e+00 -1.599595577372819183e-02 5.508253565006207553e-02 0.000000000000000000e+00 1.000000000000000000e+00 1.000000000000000000e+00 0.000000000000000000e+00 0.000000000000000000e+00 -1.000000000000000000e+00 -1.000000000000000000e+00
1.020000000000000000e+02 4.394754777740050145e+02 1.128494098086217257e+01 -1.424724064222249731e-01 2.915402244231929618e+00 -9.211600153319201428e-03 9.000000000000001055e-02 1.570796326794896558e+00 1.000000000000000000e+00 1.000000000000000000e+00 0.000000000000000000e+00 0.000000000000000000e+00 -1.000000000000000000e+00 -1.000000000000000000e+00
1.040000000000000000e+02 2.942064758315661311e+04 1.057565463816508355e+01 -5.689632827106346630e-02 1.429162474396895588e+00 -1.432026585178265525e-02 3.028416566295132409e-02 0.000000000000000000e+00 1.000000000000000000e+00 1.000000000000000000e+00 0.000000000000000000e+00 0.000000000000000000e+00 -1.000000000000000000e+00 -1.000000000000000000e+00
1.070000000000000000e+02 4.340705384516428603e+04 2.256212173371722329e+01 7.334733390798314767e-02 1.741983760449125063e+00 3.185039058767869857e+00 2.951281034397876257e-02 0.000000000000000000e+00 1.000000000000000000e+00 1.000000000000000000e+00 0.000000000000000000e+00 0.000000000000000000e+00 -1.000000000000000000e+00 -1.000000000000000000e+00
1.100000000000000000e+02 6.008515758415207983e+02 2.297492740478033113e+01 -3.056517736011800657e-01 2.309762051627533452e+00 3.137239988926255663e+00 9.000000000000001055e-02 1.570796326794896558e+00 1.000000000000000000e+00 1.000000000000000000e+00 0.000000000000000000e+00 0.000000000000000000e+00 -1.000000000000000000e+00 -1.000000000000000000e+00
1.110000000000000000e+02 5.000000000000000000e+04 1.797539059841001574e+01 -1.422750635953977660e-01 2.710304785852488685e+00 -1.276898813561862592e-02 7.574849492018938257e-02 0.000000000000000000e+00 1.000000000000000000e+00 1.000000000000000000e+00 0.000000000000000000e+00 0.000000000000000000e+00 -1.000000000000000000e+00 -1.000000000000000000e+00
1.140000000000000000e+02 6.114697420859407430e+03 1.527754520447064479e+01 5.487325755912833558e-02 1.409051527411137483e+00 -5.970657820469300880e-03 1.000000000000000021e-02 0.000000000000000000e+00 1.000000000000000000e+00 1.000000000000000000e+00 0.000000000000000000e+00 0.000000000000000000e+00 -1.000000000000000000e+00 -1.000000000000000000e+00
1.150000000000000000e+02 1.810159096948437582e+04 1.157357008882931382e+01 -4.600096313899356554e-02 9.706391374267828720e-01 3.102587274650295157e+00 1.016036750193450612e-02 1.570796326794896558e+00 1.000000000000000000e+00 1.000000000000000000e+00 0.000000000000000000e+00 0.000000000000000000e+00 -1.000000000000000000e+00 -1.000000000000000000e+00
1.170000000000000000e+02 1.997742648755908886e+04 2.358110509313328862e+01 -7.429534326878339291e-03 6.508709246052435393e-01 1.288589998992009482e-03 1.000000000000000021e-02 1.570796326794896558e+00 1.000000000000000000e+00 1.000000000000000000e+00 0.000000000000000000e+00 0.000000000000000000e+00 -1.000000000000000000e+00 -1.000000000000000000e+00
1.180000000000000000e+02 4.634803812021268823e+04 1.610501215657311036e+01 7.185894568598633070e-02 1.021068756076206618e+00 3.168451222433593450e+00 3.069577330407215546e-02 1.570796326794896558e+00 1.000000000000000000e+00 1.000000000000000000e+00 0.000000000000000000e+00 0.000000000000000000e+00 -1.000000000000000000e+00 -1.000000000000000000e+00
1.190000000000000000e+02 2.182343151966976075e+04 1.075073216548127597e+01 -1.243917854786875665e-01 3.058120000000000172e+00 3.172744127801915948e+00 1.000000000000000021e-02 1.570796326794896558e+00 1.000000000000000000e+00 1.000000000000000000e+00 0.000000000000000000e+00 0.000000000000000000e+00 -1.000000000000000000e+00 -1.000000000000000000e+00
1.210000000000000000e+02 5.000000000000000000e+04 2.256224345051070657e+01 -6.394054632791179582e-02 2.917071136450650304e+00 3.178384891041302840e+00 5.967713350596673405e-02 0.000000000000000000e+00 1.000000000000000000e+00 1.000000000000000000e+00 0.000000000000000000e+00 0.000000000000000000e+00 -1.000000000000000000e+00 -1.000000000000000000e+00
1.230000000000000000e+02 7.136589447138640935e+03 1.036077207797564093e+01 8.377122737904259264e-02 3.668178203425274120e-01 1.184546830322996507e-02 1.000000000000000021e-02 0.000000000000000000e+00 1.000000000000000000e+00 1.000000000000000000e+00 0.000000000000000000e+00 0.000000000000000000e+00 -1.000000000000000000e+00 -1.000000000000000000e+00
1.260000000000000000e+02 2.688913319991589015e+04 1.639586564444331174e+01 -9.268060979933337440e-02 2.021139011019850606e+00 3.109574793481023836e+00 1.949872682177823668e-02 0.000000000000000000e+00 1.000000000000000000e+00 1.000000000000000000e+00 0.000000000000000000e+00 0.000000000000000000e+00 -1.000000000000000000e+00 -1.000000000000000000e+00
1.290000000000000000e+02 2.882985692077712520e+04 2.166737017370195062e+01 1.236322253807074778e-02 1.738435027589611659e+00 2.568006802177906500e-02 1.114576939684845322e-02 1.570796326794896558e+00 1.000000000000000000e+00 1.000000000000000000e+00 0.000000000000000000e+00 0.000000000000000000e+00 -1.000000000000000000e+00 -1.000000000000000000e+00
1.330000000000000000e+02 1.481432963194020340e+04 1.829724994254500459e+01 -1.115199541092854046e-01 2.107953726798545979e+00 3.130134070235195853e+00 1.000000000000000021e-02 0.000000000000000000e+00 1.000000000000000000e+00 1.000000000000000000e+00 0.000000000000000000e+00 0.000000000000000000e+00 -1.000000000000000000e+00 -1.000000000000000000e+00
1.340000000000000000e+02 4.460844613885121362e+03 1.120038351798813459e+01 -1.682021770964223228e-01 2.153224040210213630e+00 3.130998987144680612e+00 9.000000000000001055e-02 0.000000000000000000e+00 1.000000000000000000e+00 1.000000000000000000e+00 0.000000000000000000e+00 0.000000000000000000e+00 -1.000000000000000000e+00 -1.000000000000000000e+00
1.360000000000000000e+02 3.767985459407570306e+04 1.360898424294968123e+01 -1.129005476205188485e-01 2.160087145074967463e+00 -7.526273485419465899e-03 9.287020049952274259e-02 0.000000000000000000e+00 1.000000000000000000e+00 1.000000000000000000e+00 0.000000000000000000e+00 0.000000000000000000e+00 -1.000000000000000000e+00 -1.000000000000000000e+00
1.370000000000000000e+02 5.000000000000000000e+04 2.087973257989298759e+01 -3.797141987102899824e-02 1.960333640637295982e+00 2.231584693619661358e-02 4.025130167124641584e-02 1.570796326794896558e+00 1.000000000000000000e+00 1.000000000000000000e+00 0.000000000000000000e+00 0.000000000000000000e+00 -1.000000000000000000e+00 -1.000000000000000000e+00
1.410000000000000000e+02 2.630146412086335476e+04 3.281584929327444655e+01 -1.137483008048770089e-01 2.759157033128128766e+00 1.297359387343710938e-02 7.993715191782753415e-02 1.570796326794896558e+00 1.000000000000000000e+00 1.000000000000000000e+00 0.000000000000000000e+00 0.000000000000000000e+00 -1.000000000000000000e+00 -1.000000000000000000e+00
1.450000000000000000e+02 1.566114350943949466e+04 1.709032265823404728e+01 -8.927121222964035097e-02 3.072901850166239957e+00 2.397938062361420694e-02 4.809480323293503085e-02 0.000000000000000000e+00 1.000000000000000000e+00 1.000000000000000000e+00 0.000000000000000000e+00 0.000000000000000000e+00 -1.000000000000000000e+00 -1.000000000000000000e+00
1.500000000000000000e+02 3.086568227311712326e+04 1.511604453383862534e+01 -1.002315767061150720e-01 3.100000000000000089e+00 3.126888674559149095e+00 6.703865088897260904e-02 1.570796326794896558e+00 1.000000000000000000e+00 1.000000000000000000e+00 0.000000000000000000e+00 0.000000000000000000e+00 -1.000000000000000000e+00 -1.000000000000000000e+00
1.530000000000000000e+02 3.831245144013743266e+04 1.563136637644381643e+01 5.898505345213607420e-02 1.152297169285730893e+00 3.117969699311364362e+00 2.113606104834469743e-02 1.570796326794896558e+00 1.000000000000000000e+00 1.000000000000000000e+00 0.000000000000000000e+00 0.000000000000000000e+00 -1.000000000000000000e+00 -1.000000000000000000e+00
1.560000000000000000e+02 3.791165686696251942e+04 1.157898147853165227e+01 2.060071283577610823e-02 8.426092512712382021e-01 3.177223254287325993e+00 1.641353757606230784e-02 1.570796326794896558e+00 1.000000000000000000e+00 1.000000000000000000e+00 0.000000000000000000e+00 0.000000000000000000e+00 -1.000000000000000000e+00 -1.000000000000000000e+00
1.590000000000000000e+02 6.473807994460121336e+02 3.180480085002674784e+01 -1.242275662786563317e-01 2.526131040787198412e+00 -5.218825410286999106e-04 9.000000000000001055e-02 0.000000000000000000e+00 1.000000000000000000e+00 1.000000000000000000e+00 0.000000000000000000e+00 0.000000000000000000e+00 -1.000000000000000000e+00 -1.000000000000000000e+00
1.600000000000000000e+02 5.000000000000000000e+04 1.260673001964363138e+01 2.392650466404277684e-03 1.226340278839090248e+00 3.176189565507772983e+00 7.958023777728742698e-02 1.570796326794896558e+00 1.000000000000000000e+00 1.000000000000000000e+00 0.000000000000000000e+00 0.000000000000000000e+00 -1.000000000000000000e+00 -1.000000000000000000e+00
1.610000000000000000e+02 2.303827019254829429e+04 1.564789413672528617e+01 -1.566621437076763657e-01 2.974360000000000337e+00 8.493762995149353734e-03 8.641046031317226039e-02 1.570796326794896558e+00 1.000000000000000000e+00 1.000000000000000000e+00 0.000000000000000000e+00 0.000000000000000000e+00 -1.000000000000000000e+00 -1.000000000000000000e+00
1.620000000000000000e+02 7.201911869956122246e+03 3.007421778006400004e+01 2.499679798056540433e-03 9.354021906129295072e-01 1.741946779682415278e-02 9.000000000000001055e-02 0.000000000000000000e+00 1.000000000000000000e+00 1.000000000000000000e+00 0.000000000000000000e+00 0.000000000000000000e+00 -1.000000000000000000e+00 -1.000000000000000000e+00
1.630000000000000000e+02 1.443088884947990846e+04 1.693324525575683381e+01 1.220088423494180563e-01 1.590199824930552674e+00 3.143126622222737865e+00 6.604295826830640370e-02 1.570796326794896558e+00 1.000000000000000000e+00 1.000000000000000000e+00 0.000000000000000000e+00 0.000000000000000000e+00 -1.000000000000000000e+00 -1.000000000000000000e+00
1.650000000000000000e+02 4.952222770954542739e+02 1.095244979392156104e+01 -1.053599632527445762e-01 2.035893010066792463e+00 2.807097587990390036e-03 1.371442472456630389e-02 1.570796326794896558e+00 1.000000000000000000e+00 1.000000000000000000e+00 0.000000000000000000e+00 0.000000000000000000e+00 -1.000000000000000000e+00 -1.000000000000000000e+00
1.660000000000000000e+02 3.139564908667550844e+04 1.016819747852124323e+01 3.373841752695226626e-02 1.831450768104972759e+00 3.164893031500014775e+00 2.449508523730058174e-02 1.570796326794896558e+00 1.000000000000000000e+00 1.000000000000000000e+00 0.000000000000000000e+00 0.000000000000000000e+00 -1.000000000000000000e+00 -1.000000000000000000e+00
1.670000000000000000e+02 2.182907883375136953e+04 1.638770984193077140e+01 4.915705104244279255e-02 1.038863412693411981e+00 2.564723839688481943e-02 2.850585898613848881e-02 1.570796326794896558e+00 1.000000000000000000e+00 1.000000000000000000e+00 0.000000000000000000e+00 0.000000000000000000e+00 -1.000000000000000000e+00 -1.000000000000000000e+00
1.710000000000000000e+02 3.697512561990138056e+04 2.094890657094535769e+01 -1.260505371945628839e-01 2.518177643092954110e+00 -1.010145152497090790e-02 3.692148994646986954e-02 0.000000000000000000e+00 1.000000000000000000e+00 1.000000000000000000e+00 0.000000000000000000e+00 0.000000000000000000e+00 -1.000000000000000000e+00 -1.000000000000000000e+00
1.790000000000000000e+02 4.119068295643549936e+04 1.650212224687621543e+01 -2.084660872411974730e-01 2.825678248029853457e+00 -3.916237784561429208e-02 2.616176687851379593e-02 1.570796326794896558e+00 1.000000000000000000e+00 1.000000000000000000e+00 0.000000000000000000e+00 0.000000000000000000e+00 -1.000000000000000000e+00 -1.000000000000000000e+00
1.800000000000000000e+02 7.424897571877797873e+02 2.926759713270621077e+01 -9.016295506863049314e-02 2.822189663184167419e+00 3.128431481747415255e+00 1.133309079431920642e-02 0.000000000000000000e+00 1.000000000000000000e+00 1.000000000000000000e+00 0.000000000000000000e+00 0.000000000000000000e+00 -1.000000000000000000e+00 -1.000000000000000000e+00
1.810000000000000000e+02 2.139006783358128450e+04 1.050694805066846627e+01 2.314851164970856134e-02 1.199443721882379466e+00 -1.361593887765930912e-02 5.525199534749498237e-02 1.570796326794896558e+00 1.000000000000000000e+00 1.000000000000000000e+00 0.000000000000000000e+00 0.000000000000000000e+00 -1.000000000000000000e+00 -1.000000000000000000e+00
1.830000000000000000e+02 1.837846923066459931e+04 1.151865881139637082e+01 -6.418167992360601648e-02 1.976414409863604060e+00 3.155008220987680634e+00 1.000000000000000021e-02 1.570796326794896558e+00 1.000000000000000000e+00 1.000000000000000000e+00 0.000000000000000000e+00 0.000000000000000000e+00 -1.000000000000000000e+00 -1.000000000000000000e+00
1.840000000000000000e+02 5.000000000000000000e+04 1.915616015221948132e+01 -2.093905651412917290e-01 2.680374047188005537e+00 3.181559524634042013e+00 1.812048712263331432e-02 1.570796326794896558e+00 1.000000000000000000e+00 1.000000000000000000e+00 0.000000000000000000e+00 0.000000000000000000e+00 -1.000000000000000000e+00 -1.000000000000000000e+00
1.880000000000000000e+02 5.700223514334684296e+02 1.096868201701301082e+01 -1.688378348424104947e-01 2.093913576072068849e+00 3.133659383348842642e+00 4.414845868118095346e-02 1.570796326794896558e+00 1.000000000000000000e+00 1.000000000000000000e+00 0.000000000000000000e+00 0.000000000000000000e+00 -1.000000000000000000e+00 -1.000000000000000000e+00
1.910000000000000000e+02 2.907839383258068847e+04 2.722227673069850340e+01 8.496516864817904580e-02 1.190276937675327051e+00 2.635295033044164278e-02 2.743789564719464544e-02 1.570796326794896558e+00 1.000000000000000000e+00 1.000000000000000000e+00 0.000000000000000000e+00 0.000000000000000000e+00 -1.000000000000000000e+00 -1.000000000000000000e+00
1.950000000000000000e+02 6.028402943421086775e+02 1.099293852758721179e+01 -1.602168531630804305e-01 2.982798074807609723e+00 3.140009269120958901e+00 1.058387193087031650e-02 1.570796326794896558e+00 1.000000000000000000e+00 1.000000000000000000e+00 0.000000000000000000e+00 0.000000000000000000e+00 -1.000000000000000000e+00 -1.000000000000000000e+00
1.970000000000000000e+02 6.888145394591044806e+02 2.087539454089871072e+01 -6.411728030142714585e-02 3.100000000000000089e+00 3.171873794331748986e+00 1.000000000000000056e-01 1.570796326794896558e+00 1.000000000000000000e+00 1.000000000000000000e+00 0.000000000000000000e+00 0.000000000000000000e+00 -1.000000000000000000e+00 -1.000000000000000000e+00
2.000000000000000000e+02 1.326625859025666387e+03 1.263943327507109160e+01 5.395525250459526356e-02 7.968798480359123859e-01 3.132358544222321406e+00 9.000000000000001055e-02 1.570796326794896558e+00 1.000000000000000000e+00 1.000000000000000000e+00 0.000000000000000000e+00 0.000000000000000000e+00 -1.000000000000000000e+00 -1.000000000000000000e+00
3.650000000000000000e+02 6.169170550989746289e+02 1.056057284225282444e+01 -1.036964825932858575e-01 2.430429421408301316e+00 0.000000000000000000e+00 1.753084151079055755e-02 -1.000000000000000000e+00 1.000000000000000000e+00 1.000000000000000000e+00 6.700000000000000000e+01 0.000000000000000000e+00 -1.000000000000000000e+00 -1.000000000000000000e+00
3.800000000000000000e+01 4.766788841798662907e+04 3.993591970627404919e+01 -2.701622475743406179e-02 1.832315858310515688e+00 3.544533656997238963e-02 6.688918391579440348e-02 1.570796326794896558e+00 1.000000000000000000e+00 1.000000000000000000e+00 0.000000000000000000e+00 0.000000000000000000e+00 -1.000000000000000000e+00 -1.000000000000000000e+00
4.100000000000000000e+01 4.457336552089032921e+04 1.052530163995777812e+01 -2.809667909492747917e-01 3.100000000000000089e+00 3.052536457898227459e-02 1.560502480654778201e-02 1.570796326794896558e+00 1.000000000000000000e+00 1.000000000000000000e+00 0.000000000000000000e+00 0.000000000000000000e+00 -1.000000000000000000e+00 -1.000000000000000000e+00
5.300000000000000000e+01 5.000000000000000000e+04 1.410128847075157132e+01 1.001277439197823804e-01 1.906061434665212495e+00 4.776559924853046590e-02 1.288165332931584250e-01 1.570796326794896558e+00 1.000000000000000000e+00 1.000000000000000000e+00 0.000000000000000000e+00 0.000000000000000000e+00 -1.000000000000000000e+00 -1.000000000000000000e+00
6.200000000000000000e+01 1.219033643901669348e+04 1.160710559568952505e+01 -7.234270606107813528e-02 1.792209289246020631e+00 0.000000000000000000e+00 2.133740382440488942e-02 1.570796326794896558e+00 1.000000000000000000e+00 1.000000000000000000e+00 0.000000000000000000e+00 0.000000000000000000e+00 -1.000000000000000000e+00 -1.000000000000000000e+00
9.800000000000000000e+01 7.458387671485064629e+02 1.411834608340894803e+01 -8.921181893331930901e-02 3.100000000000000089e+00 0.000000000000000000e+00 2.065357169556507680e-02 1.570796326794896558e+00 1.000000000000000000e+00 1.000000000000000000e+00 0.000000000000000000e+00 0.000000000000000000e+00 -1.000000000000000000e+00 -1.000000000000000000e+00
1.080000000000000000e+02 3.523122922634799033e+04 1.213988294744026319e+01 -1.565624016714013411e-01 2.954682979285806255e+00 0.000000000000000000e+00 1.133537879559830437e-02 1.570796326794896558e+00 1.000000000000000000e+00 1.000000000000000000e+00 0.000000000000000000e+00 0.000000000000000000e+00 -1.000000000000000000e+00 -1.000000000000000000e+00
1.220000000000000000e+02 2.276642090992119483e+04 1.114029816585731858e+01 1.144503949732209730e-02 1.112283032376950365e+00 0.000000000000000000e+00 1.000000000000000021e-02 1.570796326794896558e+00 1.000000000000000000e+00 1.000000000000000000e+00 0.000000000000000000e+00 0.000000000000000000e+00 -1.000000000000000000e+00 -1.000000000000000000e+00
1.270000000000000000e+02 2.315059428825081704e+04 1.378417545219957496e+01 -9.145800712169478708e-02 3.100000000000000089e+00 9.235385331547676935e-03 1.225417177256487959e-02 1.570796326794896558e+00 1.000000000000000000e+00 1.000000000000000000e+00 0.000000000000000000e+00 0.000000000000000000e+00 -1.000000000000000000e+00 -1.000000000000000000e+00
1.430000000000000000e+02 1.954462933747787611e+04 1.947795104291429524e+01 -1.029091314662700790e-01 3.100000000000000089e+00 0.000000000000000000e+00 2.531598181168055045e-02 1.570796326794896558e+00 1.000000000000000000e+00 1.000000000000000000e+00 0.000000000000000000e+00 0.000000000000000000e+00 -1.000000000000000000e+00 -1.000000000000000000e+00
1.470000000000000000e+02 5.000000000000000000e+04 1.837504942524272877e+01 5.906205733425514207e-03 6.371767547840997414e-01 2.289032571563793042e-02 2.739607931921713216e-02 1.570796326794896558e+00 1.000000000000000000e+00 1.000000000000000000e+00 0.000000000000000000e+00 0.000000000000000000e+00 -1.000000000000000000e+00 -1.000000000000000000e+00
1.540000000000000000e+02 4.692355732895786787e+04 1.139225111128218160e+01 -7.978028634047945600e-02 2.200142640284769247e+00 0.000000000000000000e+00 3.644237262781935272e-02 1.570796326794896558e+00 1.000000000000000000e+00 1.000000000000000000e+00 0.000000000000000000e+00 0.000000000000000000e+00 -1.000000000000000000e+00 -1.000000000000000000e+00
1.730000000000000000e+02 7.198995775672102582e+02 1.715552320149121712e+01 5.255400310973652733e-02 1.676272307721837551e+00 0.000000000000000000e+00 9.000000000000001055e-02 1.570796326794896558e+00 1.000000000000000000e+00 1.000000000000000000e+00 0.000000000000000000e+00 0.000000000000000000e+00 -1.000000000000000000e+00 -1.000000000000000000e+00
1.740000000000000000e+02 8.699215807342447079e+03 1.206393238933522305e+01 -1.690474277707104400e-01 3.058120000000000172e+00 1.848322991861286319e-02 9.000000000000001055e-02 1.570796326794896558e+00 1.000000000000000000e+00 1.000000000000000000e+00 0.000000000000000000e+00 0.000000000000000000e+00 -1.000000000000000000e+00 -1.000000000000000000e+00
1.820000000000000000e+02 1.448030703271061839e+02 1.667967071133136514e+01 -1.010890414422214445e-01 2.168752311622097473e+00 0.000000000000000000e+00 2.244058377257373560e-01 1.570796326794896558e+00 1.000000000000000000e+00 1.000000000000000000e+00 0.000000000000000000e+00 0.000000000000000000e+00 -1.000000000000000000e+00 -1.000000000000000000e+00
1.850000000000000000e+02 3.652588977078306198e+04 2.424989178847485150e+01 -1.232996037999877920e-01 2.194254302982402649e+00 0.000000000000000000e+00 6.635815948616470561e-02 1.570796326794896558e+00 1.000000000000000000e+00 1.000000000000000000e+00 0.000000000000000000e+00 0.000000000000000000e+00 -1.000000000000000000e+00 -1.000000000000000000e+00
2.500000000000000000e+01 5.669806762137844089e+03 1.686548226507267856e+01 -9.426885116763210337e-02 3.051140000000000185e+00 0.000000000000000000e+00 1.000000000000000021e-02 0.000000000000000000e+00 1.000000000000000000e+00 1.000000000000000000e+00 0.000000000000000000e+00 0.000000000000000000e+00 -1.000000000000000000e+00 -1.000000000000000000e+00
3.700000000000000000e+01 6.542548066030872178e+03 1.033042648809092867e+01 -6.495634140559169989e-02 2.994173373504213753e+00 0.000000000000000000e+00 1.000000000000000021e-02 0.000000000000000000e+00 1.000000000000000000e+00 1.000000000000000000e+00 0.000000000000000000e+00 0.000000000000000000e+00 -1.000000000000000000e+00 -1.000000000000000000e+00
8.300000000000000000e+01 7.015576566511391547e+02 1.651469325545523859e+01 -8.079895636108919144e-02 2.341772087287057325e+00 0.000000000000000000e+00 9.000000000000001055e-02 0.000000000000000000e+00 1.000000000000000000e+00 1.000000000000000000e+00 0.000000000000000000e+00 0.000000000000000000e+00 -1.000000000000000000e+00 -1.000000000000000000e+00
9.100000000000000000e+01 1.179016980251354653e+03 1.187560128586700436e+01 -9.499745089130083586e-02 2.374154721292995873e+00 0.000000000000000000e+00 9.000000000000001055e-02 0.000000000000000000e+00 1.000000000000000000e+00 1.000000000000000000e+00 0.000000000000000000e+00 0.000000000000000000e+00 -1.000000000000000000e+00 -1.000000000000000000e+00
1.000000000000000000e+02 2.554050417049584667e+03 1.623514733809342658e+01 -1.281890632778580896e-01 2.299445487859294257e+00 0.000000000000000000e+00 9.000000000000001055e-02 0.000000000000000000e+00 1.000000000000000000e+00 1.000000000000000000e+00 0.000000000000000000e+00 0.000000000000000000e+00 -1.000000000000000000e+00 -1.000000000000000000e+00
1.380000000000000000e+02 7.655949391765087739e+02 1.014781942187344299e+01 -1.208097887239981821e-02 1.562970646262369812e+00 0.000000000000000000e+00 9.000000000000001055e-02 0.000000000000000000e+00 1.000000000000000000e+00 1.000000000000000000e+00 0.000000000000000000e+00 0.000000000000000000e+00 -1.000000000000000000e+00 -1.000000000000000000e+00
1.690000000000000000e+02 3.769039736355335208e+03 1.285384830273831192e+01 -2.269991105122210751e-01 2.414539639377801361e+00 0.000000000000000000e+00 9.000000000000001055e-02 0.000000000000000000e+00 1.000000000000000000e+00 1.000000000000000000e+00 0.000000000000000000e+00 0.000000000000000000e+00 -1.000000000000000000e+00 -1.000000000000000000e+00
1.720000000000000000e+02 7.754837763443711083e+02 1.863746118983380384e+01 -6.722798903613681765e-02 2.194127608028533238e+00 0.000000000000000000e+00 8.100000000000001643e-02 0.000000000000000000e+00 1.000000000000000000e+00 1.000000000000000000e+00 0.000000000000000000e+00 0.000000000000000000e+00 -1.000000000000000000e+00 -1.000000000000000000e+00
1.920000000000000000e+02 3.549794365135182943e+02 3.585060552553802893e+01 -1.712136573915755411e-02 1.255966930221964928e+00 0.000000000000000000e+00 4.117675963306119402e-01 0.000000000000000000e+00 1.000000000000000000e+00 1.000000000000000000e+00 0.000000000000000000e+00 0.000000000000000000e+00 -1.000000000000000000e+00 -1.000000000000000000e+00
3.660000000000000000e+02 9.484241493916798618e+02 2.576383391080400642e+01 2.603520996598644444e-01 3.994104215747625863e-01 0.000000000000000000e+00 1.000000000000000056e-01 -1.000000000000000000e+00 1.000000000000000000e+00 1.000000000000000000e+00 6.700000000000000000e+01 1.000000000000000000e+05 -1.000000000000000000e+00 -1.000000000000000000e+00
3.670000000000000000e+02 8.213578332575926879e+02 2.048173264999103438e+01 -1.765925442010872481e-01 2.325951078640680958e+00 0.000000000000000000e+00 9.000000000000001055e-02 -1.000000000000000000e+00 1.000000000000000000e+00 1.000000000000000000e+00 6.700000000000000000e+01 2.000000000000000000e+05 -1.000000000000000000e+00 -1.000000000000000000e+00
1.010000000000000000e+02 2.545814780392072862e+04 1.994891397573011815e+01 -1.249976945136050677e-01 2.475529921062994188e+00 3.131684618697110345e+00 1.000000000000000021e-02 1.570796326794896558e+00 1.000000000000000000e+00 1.000000000000000000e+00 0.000000000000000000e+00 0.000000000000000000e+00 -1.000000000000000000e+00 -1.000000000000000000e+00
3.690000000000000000e+02 2.275126068468331084e+02 3.154689556159437913e+01 2.005962320274963517e-02 3.487233927829189173e-01 0.000000000000000000e+00 8.924437842339282001e-02 -1.000000000000000000e+00 1.000000000000000000e+00 1.000000000000000000e+00 6.700000000000000000e+01 3.000000000000000000e+05 -1.000000000000000000e+00 -1.000000000000000000e+00
3.680000000000000000e+02 1.926044045072338486e+04 2.542488934014561153e+01 6.640639419718721292e-01 0.000000000000000000e+00 0.000000000000000000e+00 7.030254974365983400e-02 -1.000000000000000000e+00 1.000000000000000000e+00 2.000000000000000000e+00 6.700000000000000000e+01 3.100000000000000000e+05 -1.000000000000000000e+00 -1.000000000000000000e+00
3.710000000000000000e+02 2.983518634294050571e+04 4.769443808303949339e+01 5.591397417456279717e-01 0.000000000000000000e+00 0.000000000000000000e+00 1.000000000000000056e-01 -1.000000000000000000e+00 1.000000000000000000e+00 2.000000000000000000e+00 6.700000000000000000e+01 3.800000000000000000e+05 -1.000000000000000000e+00 -1.000000000000000000e+00
3.730000000000000000e+02 2.616204047462716744e+02 1.170422145884086262e+01 -6.279608315622582648e-02 1.732868607638083924e+00 0.000000000000000000e+00 9.343281991820159837e-02 -1.000000000000000000e+00 1.000000000000000000e+00 1.000000000000000000e+00 6.700000000000000000e+01 4.000000000000000000e+05 -1.000000000000000000e+00 -1.000000000000000000e+00
3.720000000000000000e+02 1.210722362925050948e+04 2.054044285732711117e+01 6.772194005496936509e-01 0.000000000000000000e+00 0.000000000000000000e+00 1.000000000000000021e-02 -1.000000000000000000e+00 1.000000000000000000e+00 2.000000000000000000e+00 6.700000000000000000e+01 4.200000000000000000e+05 -1.000000000000000000e+00 -1.000000000000000000e+00
3.780000000000000000e+02 3.093232734302852123e+02 2.443406791412544976e+01 5.310863831596605855e-02 1.086220250323226555e+00 0.000000000000000000e+00 8.090925075735239114e-02 -1.000000000000000000e+00 1.000000000000000000e+00 1.000000000000000000e+00 6.700000000000000000e+01 5.000000000000000000e+05 -1.000000000000000000e+00 -1.000000000000000000e+00
3.770000000000000000e+02 2.463548330691836600e+04 7.344255769337277684e+01 8.690822542571428055e-01 0.000000000000000000e+00 0.000000000000000000e+00 1.000000000000000021e-02 -1.000000000000000000e+00 1.000000000000000000e+00 3.000000000000000000e+00 6.700000000000000000e+01 5.500000000000000000e+05 -1.000000000000000000e+00 -1.000000000000000000e+00
3.800000000000000000e+02 1.590978351337841161e+02 2.179976554873208627e+01 6.715204111459292802e-02 6.586073141115722507e-01 0.000000000000000000e+00 9.991727853702046802e-02 -1.000000000000000000e+00 1.000000000000000000e+00 1.000000000000000000e+00 6.700000000000000000e+01 6.000000000000000000e+05 -1.000000000000000000e+00 -1.000000000000000000e+00
3.750000000000000000e+02 1.459852682029581047e+04 3.721826743222266032e+01 7.145983177115003970e-01 0.000000000000000000e+00 0.000000000000000000e+00 1.000000000000000021e-02 -1.000000000000000000e+00 1.000000000000000000e+00 2.000000000000000000e+00 6.700000000000000000e+01 6.200000000000000000e+05 -1.000000000000000000e+00 -1.000000000000000000e+00
