# id_num orb_a mass spin spin_angle orb_inc orb_ecc orb_arg_periapse orb_ang_mom gen galaxy time_passed star_X star_Y star_Z radius
2.380000000000000000e+02 4.663470185789360301e+01 1.669296621464102827e+03 9.499999999999999556e-01 9.914672606802383825e-01 0.000000000000000000e+00 4.003763539777426272e-01 0.000000000000000000e+00 1.361341881827271424e+18 1.000000000000000000e+00 0.000000000000000000e+00 0.000000000000000000e+00 7.273999999999999355e-01 2.637999999999999790e-01 8.800000000000000530e-03 3.763133242471203062e+02
2.430000000000000000e+02 5.639644344345892080e+01 1.820556185480220165e+03 9.499999999999999556e-01 7.571229703341041395e-01 0.000000000000000000e+00 4.559007071806626954e-02 0.000000000000000000e+00 1.538849393877423872e+18 1.000000000000000000e+00 0.000000000000000000e+00 0.000000000000000000e+00 7.273999999999999355e-01 2.637999999999999790e-01 8.800000000000000530e-03 4.033537077957003589e+02
2.440000000000000000e+02 5.756203727912917145e+01 2.062855471910697815e+03 9.499999999999999556e-01 1.249518057680816474e+00 0.000000000000000000e+00 1.514991608834777466e-02 0.000000000000000000e+00 1.756125891353602048e+18 1.000000000000000000e+00 0.000000000000000000e+00 0.000000000000000000e+00 7.273999999999999355e-01 2.637999999999999790e-01 8.800000000000000530e-03 4.457566443799518083e+02
2.450000000000000000e+02 5.847618776334640245e+01 2.060942312333222162e+03 9.499999999999999556e-01 1.263839091579443741e+00 0.000000000000000000e+00 7.190020675815315954e-02 0.000000000000000000e+00 1.766874422459490560e+18 1.000000000000000000e+00 0.000000000000000000e+00 0.000000000000000000e+00 7.273999999999999355e-01 2.637999999999999790e-01 8.800000000000000530e-03 4.454258862725884569e+02
2.470000000000000000e+02 5.441828911303860394e+01 2.066667653981603962e+03 9.499999999999999556e-01 8.088511623091398928e-01 0.000000000000000000e+00 1.114229237012259316e-01 0.000000000000000000e+00 1.798051604000208640e+18 1.000000000000000000e+00 0.000000000000000000e+00 0.000000000000000000e+00 7.273999999999999355e-01 2.637999999999999790e-01 8.800000000000000530e-03 4.464155336561037188e+02
2.480000000000000000e+02 4.405724314564881183e+01 2.356459421347447005e+03 9.499999999999999556e-01 6.071012947187124364e-01 0.000000000000000000e+00 4.874968704555158183e-01 0.000000000000000000e+00 2.065639544798368768e+18 1.000000000000000000e+00 0.000000000000000000e+00 0.000000000000000000e+00 7.273999999999999355e-01 2.637999999999999790e-01 8.800000000000000530e-03 4.958276671385307850e+02
2.490000000000000000e+02 4.463466962584738695e+01 2.249522254089061335e+03 9.499999999999999556e-01 9.576831689979756757e-01 0.000000000000000000e+00 4.717994201235167218e-01 0.000000000000000000e+00 1.986547372943442432e+18 1.000000000000000000e+00 0.000000000000000000e+00 0.000000000000000000e+00 7.273999999999999355e-01 2.637999999999999790e-01 8.800000000000000530e-03 4.777437557475939798e+02
2.510000000000000000e+02 4.191023449512691457e+01 2.834553601621138569e+03 9.499999999999999556e-01 4.304154220690564192e-01 0.000000000000000000e+00 5.609101557258157067e-01 0.000000000000000000e+00 2.541247869533638656e+18 1.000000000000000000e+00 0.000000000000000000e+00 0.000000000000000000e+00 7.273999999999999355e-01 2.637999999999999790e-01 8.800000000000000530e-03 5.747917465115978075e+02
2.520000000000000000e+02 7.288160666271248544e+01 2.274104546875385950e+03 9.499999999999999556e-01 1.431431740554822918e+00 0.000000000000000000e+00 1.000000000000000056e-01 0.000000000000000000e+00 2.053134963535444992e+18 1.000000000000000000e+00 0.000000000000000000e+00 0.000000000000000000e+00 7.273999999999999355e-01 2.637999999999999790e-01 8.800000000000000530e-03 4.819157559106207600e+02
2.540000000000000000e+02 7.709520288390602616e+01 2.871809374013186243e+03 9.499999999999999556e-01 9.354537213086332459e-01 0.000000000000000000e+00 1.000000000000000056e-01 0.000000000000000000e+00 2.632329527208655872e+18 1.000000000000000000e+00 0.000000000000000000e+00 0.000000000000000000e+00 7.273999999999999355e-01 2.637999999999999790e-01 8.800000000000000530e-03 5.808276349477421263e+02
2.550000000000000000e+02 7.933848339144182660e+01 3.029343412724355403e+03 9.499999999999999556e-01 1.227064922403914071e+00 0.000000000000000000e+00 3.135116062601982223e-02 0.000000000000000000e+00 2.797437242948612096e+18 1.000000000000000000e+00 0.000000000000000000e+00 0.000000000000000000e+00 7.273999999999999355e-01 2.637999999999999790e-01 8.800000000000000530e-03 6.061799830106818945e+02
2.580000000000000000e+02 9.413505525636472271e+01 3.099966354938351287e+03 9.499999999999999556e-01 7.727951777035141356e-01 0.000000000000000000e+00 5.534748861526597036e-02 0.000000000000000000e+00 2.929666416733825024e+18 1.000000000000000000e+00 0.000000000000000000e+00 0.000000000000000000e+00 7.273999999999999355e-01 2.637999999999999790e-01 8.800000000000000530e-03 6.174593458995698256e+02
2.650000000000000000e+02 8.898372833976370089e+01 3.695273503564321345e+03 9.499999999999999556e-01 8.006283469858990198e-01 0.000000000000000000e+00 5.376750883646837925e-02 0.000000000000000000e+00 3.689992807362475520e+18 1.000000000000000000e+00 0.000000000000000000e+00 0.000000000000000000e+00 7.273999999999999355e-01 2.637999999999999790e-01 8.800000000000000530e-03 7.106243007005007257e+02
2.680000000000000000e+02 1.092489691284780235e+02 4.502241225197726635e+03 9.499999999999999556e-01 5.514067780355775827e-01 0.000000000000000000e+00 9.000000000000001055e-02 1.570796326794896558e+00 4.605056849885852672e+18 1.000000000000000000e+00 0.000000000000000000e+00 0.000000000000000000e+00 7.273999999999999355e-01 2.637999999999999790e-01 8.800000000000000530e-03 8.322729745768100429e+02
2.690000000000000000e+02 6.019990276794082007e+01 4.701053124692857637e+03 9.499999999999999556e-01 1.554691733872569870e+00 0.000000000000000000e+00 2.755892124345591387e-01 0.000000000000000000e+00 4.847988120879901696e+18 1.000000000000000000e+00 0.000000000000000000e+00 0.000000000000000000e+00 7.273999999999999355e-01 2.637999999999999790e-01 8.800000000000000530e-03 8.615468749540314093e+02
2.710000000000000000e+02 1.058597700882654351e+02 4.916747242808252849e+03 9.499999999999999556e-01 1.621965083918964989e+00 0.000000000000000000e+00 3.872689347207473876e-02 0.000000000000000000e+00 5.154594700098529280e+18 1.000000000000000000e+00 0.000000000000000000e+00 0.000000000000000000e+00 7.273999999999999355e-01 2.637999999999999790e-01 8.800000000000000530e-03 8.930280300937373568e+02
2.760000000000000000e+02 1.109597862168236730e+02 5.968953921090002950e+03 9.499999999999999556e-01 8.663992585178684758e-01 0.000000000000000000e+00 3.334467540664567964e-02 0.000000000000000000e+00 6.525118701848326144e+18 1.000000000000000000e+00 0.000000000000000000e+00 0.000000000000000000e+00 7.273999999999999355e-01 2.637999999999999790e-01 8.800000000000000530e-03 1.042896872995378544e+03
2.790000000000000000e+02 1.282240026805781952e+02 7.752914182785767480e+03 9.499999999999999556e-01 1.676046370112511896e+00 0.000000000000000000e+00 3.839610463857484612e-02 1.570796326794896558e+00 8.696298540125886464e+18 1.000000000000000000e+00 0.000000000000000000e+00 0.000000000000000000e+00 7.273999999999999355e-01 2.637999999999999790e-01 8.800000000000000530e-03 1.285567147913883900e+03
2.820000000000000000e+02 1.351065417582531154e+02 7.837343671264587101e+03 9.499999999999999556e-01 1.192803665227935683e+00 0.000000000000000000e+00 2.564667522866466778e-02 0.000000000000000000e+00 9.022697986462023680e+18 1.000000000000000000e+00 0.000000000000000000e+00 0.000000000000000000e+00 7.273999999999999355e-01 2.637999999999999790e-01 8.800000000000000530e-03 1.296754898563016013e+03
2.830000000000000000e+02 1.320366059704131771e+02 8.276015316141580115e+03 9.499999999999999556e-01 1.458556551156108272e+00 0.000000000000000000e+00 1.759451454888777064e-02 1.570796326794896558e+00 9.611260106837180416e+18 1.000000000000000000e+00 0.000000000000000000e+00 0.000000000000000000e+00 7.273999999999999355e-01 2.637999999999999790e-01 8.800000000000000530e-03 1.354502505964809643e+03
2.850000000000000000e+02 1.457835244427535315e+02 8.255265009108063168e+03 9.499999999999999556e-01 1.127394223368900272e+00 0.000000000000000000e+00 9.000000000000001055e-02 0.000000000000000000e+00 9.757270728867569664e+18 1.000000000000000000e+00 0.000000000000000000e+00 0.000000000000000000e+00 7.273999999999999355e-01 2.637999999999999790e-01 8.800000000000000530e-03 1.351784927909809312e+03
2.860000000000000000e+02 1.343812822281035722e+02 8.910419547679692187e+03 9.499999999999999556e-01 1.166928183159545496e+00 0.000000000000000000e+00 1.116235634649069206e-02 0.000000000000000000e+00 1.062848889750006989e+19 1.000000000000000000e+00 0.000000000000000000e+00 0.000000000000000000e+00 7.273999999999999355e-01 2.637999999999999790e-01 8.800000000000000530e-03 1.436948842606065227e+03
2.870000000000000000e+02 1.414264380401882875e+02 9.839819607268032996e+03 9.499999999999999556e-01 9.535499203339979912e-01 0.000000000000000000e+00 1.197961068538063237e-02 0.000000000000000000e+00 1.184374808375905894e+19 1.000000000000000000e+00 0.000000000000000000e+00 0.000000000000000000e+00 7.273999999999999355e-01 2.637999999999999790e-01 8.800000000000000530e-03 1.555652150101106145e+03
2.880000000000000000e+02 1.536785216538621626e+02 9.833464348831450479e+03 9.499999999999999556e-01 1.278849858840088505e+00 0.000000000000000000e+00 9.000000000000001055e-02 0.000000000000000000e+00 1.194275955800536269e+19 1.000000000000000000e+00 0.000000000000000000e+00 0.000000000000000000e+00 7.273999999999999355e-01 2.637999999999999790e-01 8.800000000000000530e-03 1.554848297139862552e+03
2.900000000000000000e+02 1.241945235050680623e+02 1.145334417166902313e+04 9.499999999999999556e-01 1.080468282375789846e+00 0.000000000000000000e+00 1.158762161407830490e-02 0.000000000000000000e+00 1.416625594954104218e+19 1.000000000000000000e+00 0.000000000000000000e+00 0.000000000000000000e+00 7.273999999999999355e-01 2.637999999999999790e-01 8.800000000000000530e-03 1.756582830204118409e+03
2.950000000000000000e+02 1.479799731657992368e+02 1.371579690822856173e+04 9.499999999999999556e-01 1.430814725678554167e+00 0.000000000000000000e+00 1.090116084986871015e-02 0.000000000000000000e+00 1.777416243891749478e+19 1.000000000000000000e+00 0.000000000000000000e+00 0.000000000000000000e+00 7.273999999999999355e-01 2.637999999999999790e-01 8.800000000000000530e-03 2.029082105985064800e+03
2.990000000000000000e+02 1.638331019089027905e+02 1.610487811194390815e+04 9.499999999999999556e-01 1.620312926165217604e+00 0.000000000000000000e+00 4.702123394479926916e-02 0.000000000000000000e+00 2.168578359130494566e+19 1.000000000000000000e+00 0.000000000000000000e+00 0.000000000000000000e+00 7.273999999999999355e-01 2.637999999999999790e-01 8.800000000000000530e-03 2.307218567565867033e+03
3.060000000000000000e+02 1.739598637622552815e+02 2.260177597550933206e+04 9.499999999999999556e-01 3.523149952635303284e-01 0.000000000000000000e+00 1.782116566565083299e-02 0.000000000000000000e+00 3.261959459412084326e+19 1.000000000000000000e+00 0.000000000000000000e+00 0.000000000000000000e+00 7.273999999999999355e-01 2.637999999999999790e-01 8.800000000000000530e-03 3.025776440660092248e+03
3.070000000000000000e+02 2.526985280624587915e+02 2.289904787308908635e+04 9.499999999999999556e-01 3.391290695149368761e-01 0.000000000000000000e+00 9.000000000000001055e-02 0.000000000000000000e+00 3.339026491909962138e+19 1.000000000000000000e+00 0.000000000000000000e+00 0.000000000000000000e+00 7.273999999999999355e-01 2.637999999999999790e-01 8.800000000000000530e-03 3.057572222994723234e+03
3.120000000000000000e+02 1.950445817303316574e+02 2.975295154382081091e+04 9.499999999999999556e-01 1.109085701667850365e+00 0.000000000000000000e+00 9.000000000000001055e-02 1.570796326794896558e+00 4.570043658021099930e+19 1.000000000000000000e+00 0.000000000000000000e+00 0.000000000000000000e+00 7.273999999999999355e-01 2.637999999999999790e-01 8.800000000000000530e-03 3.770047553744035213e+03
3.140000000000000000e+02 1.862685787517631582e+02 3.375948798957755935e+04 9.499999999999999556e-01 1.270988687549313489e+00 0.000000000000000000e+00 2.305423153290940552e-02 0.000000000000000000e+00 5.296504848614493389e+19 1.000000000000000000e+00 0.000000000000000000e+00 0.000000000000000000e+00 7.273999999999999355e-01 2.637999999999999790e-01 8.800000000000000530e-03 4.170993041653995533e+03
3.170000000000000000e+02 2.115746793220485813e+02 3.849551565133107215e+04 9.499999999999999556e-01 6.803343004692135043e-01 0.000000000000000000e+00 9.000000000000001055e-02 0.000000000000000000e+00 6.238685059370158490e+19 1.000000000000000000e+00 0.000000000000000000e+00 0.000000000000000000e+00 7.273999999999999355e-01 2.637999999999999790e-01 8.800000000000000530e-03 4.632878358039422892e+03
3.180000000000000000e+02 2.159539007758764626e+02 4.040487401431995386e+04 9.499999999999999556e-01 1.745201151092960146e+00 0.000000000000000000e+00 9.000000000000001055e-02 0.000000000000000000e+00 6.621193845080363827e+19 1.000000000000000000e+00 0.000000000000000000e+00 0.000000000000000000e+00 7.273999999999999355e-01 2.637999999999999790e-01 8.800000000000000530e-03 4.815814941455862936e+03
3.200000000000000000e+02 1.809054190463267275e+02 4.422119212711219734e+04 9.499999999999999556e-01 7.674689463906007036e-01 0.000000000000000000e+00 1.000000000000000056e-01 1.570796326794896558e+00 7.409594272494129971e+19 1.000000000000000000e+00 0.000000000000000000e+00 0.000000000000000000e+00 7.273999999999999355e-01 2.637999999999999790e-01 8.800000000000000530e-03 5.176391808318899166e+03
3.220000000000000000e+02 2.088930110689219362e+02 5.060018600393495581e+04 9.499999999999999556e-01 3.714781140326756659e-01 0.000000000000000000e+00 1.000000000000000056e-01 1.570796326794896558e+00 8.670437570579813171e+19 1.000000000000000000e+00 0.000000000000000000e+00 0.000000000000000000e+00 7.273999999999999355e-01 2.637999999999999790e-01 8.800000000000000530e-03 5.765599546699823804e+03
3.230000000000000000e+02 2.447093902171195907e+02 5.273014262726568268e+04 9.499999999999999556e-01 5.332001081942689957e-01 0.000000000000000000e+00 9.000000000000001055e-02 0.000000000000000000e+00 9.139833036040814592e+19 1.000000000000000000e+00 0.000000000000000000e+00 0.000000000000000000e+00 7.273999999999999355e-01 2.637999999999999790e-01 8.800000000000000530e-03 5.958952740298005665e+03
3.280000000000000000e+02 1.585361717128798489e+02 6.769430080858983274e+04 9.499999999999999556e-01 6.931094257571885908e-01 0.000000000000000000e+00 2.058911320946491333e-02 1.570796326794896558e+00 1.243516636753410458e+20 1.000000000000000000e+00 0.000000000000000000e+00 0.000000000000000000e+00 7.273999999999999355e-01 2.637999999999999790e-01 8.800000000000000530e-03 7.277202663713853326e+03
3.300000000000000000e+02 7.700000000000001137e+02 7.904121271297540807e+04 9.499999999999999556e-01 1.661969331392872729e+00 0.000000000000000000e+00 1.000000000000000056e-01 0.000000000000000000e+00 1.487115783363493560e+20 1.000000000000000000e+00 0.000000000000000000e+00 0.000000000000000000e+00 7.273999999999999355e-01 2.637999999999999790e-01 8.800000000000000530e-03 8.237694089774586246e+03
3.310000000000000000e+02 7.700000000000001137e+02 8.074442741403465334e+04 9.499999999999999556e-01 1.764872532574460307e+00 0.000000000000000000e+00 1.000000000000000056e-01 1.570796326794896558e+00 1.537649059040297615e+20 1.000000000000000000e+00 0.000000000000000000e+00 0.000000000000000000e+00 7.273999999999999355e-01 2.637999999999999790e-01 8.800000000000000530e-03 8.379398247142053151e+03
3.320000000000000000e+02 7.700000000000001137e+02 8.923997135306142445e+04 9.499999999999999556e-01 8.093699942674380532e-01 0.000000000000000000e+00 1.000000000000000056e-01 1.570796326794896558e+00 1.720105851152554721e+20 1.000000000000000000e+00 0.000000000000000000e+00 0.000000000000000000e+00 7.273999999999999355e-01 2.637999999999999790e-01 8.800000000000000530e-03 9.077584954365247540e+03
3.330000000000000000e+02 7.700000000000001137e+02 8.925773551609317656e+04 9.499999999999999556e-01 1.175982737976307257e+00 0.000000000000000000e+00 1.000000000000000056e-01 1.570796326794896558e+00 1.741746449460015923e+20 1.000000000000000000e+00 0.000000000000000000e+00 0.000000000000000000e+00 7.273999999999999355e-01 2.637999999999999790e-01 8.800000000000000530e-03 9.079030517261857312e+03
3.340000000000000000e+02 7.700000000000001137e+02 9.661175001654331572e+04 9.499999999999999556e-01 1.222447368527744160e+00 0.000000000000000000e+00 1.000000000000000056e-01 0.000000000000000000e+00 1.908660233009767055e+20 1.000000000000000000e+00 0.000000000000000000e+00 0.000000000000000000e+00 7.273999999999999355e-01 2.637999999999999790e-01 8.800000000000000530e-03 9.672678288005039576e+03
3.470000000000000000e+02 7.700000000000001137e+02 2.160782960766060569e+05 9.499999999999999556e-01 8.814999565132379811e-01 0.000000000000000000e+00 1.000000000000000056e-01 0.000000000000000000e+00 5.061128279248329114e+20 1.000000000000000000e+00 0.000000000000000000e+00 0.000000000000000000e+00 7.273999999999999355e-01 2.637999999999999790e-01 8.800000000000000530e-03 1.841669524098569673e+04
3.490000000000000000e+02 7.700000000000001137e+02 2.452469355769983085e+05 9.499999999999999556e-01 3.231601443334635171e-01 0.000000000000000000e+00 1.000000000000000056e-01 1.570796326794896558e+00 5.907035971906633728e+20 1.000000000000000000e+00 0.000000000000000000e+00 0.000000000000000000e+00 7.273999999999999355e-01 2.637999999999999790e-01 8.800000000000000530e-03 2.038006927222307058e+04
3.500000000000000000e+02 7.700000000000001137e+02 2.599472143429747666e+05 9.499999999999999556e-01 9.599126529595285451e-01 0.000000000000000000e+00 1.000000000000000056e-01 1.570796326794896558e+00 6.350501362472736522e+20 1.000000000000000000e+00 0.000000000000000000e+00 0.000000000000000000e+00 7.273999999999999355e-01 2.637999999999999790e-01 8.800000000000000530e-03 2.135162427254997601e+04
3.510000000000000000e+02 7.700000000000001137e+02 2.746782150590143865e+05 9.499999999999999556e-01 8.399461423120170300e-01 0.000000000000000000e+00 1.000000000000000056e-01 1.570796326794896558e+00 6.806283580115421757e+20 1.000000000000000000e+00 0.000000000000000000e+00 0.000000000000000000e+00 7.273999999999999355e-01 2.637999999999999790e-01 8.800000000000000530e-03 2.231424296536590555e+04
3.530000000000000000e+02 7.700000000000001137e+02 3.202992619952958194e+05 9.499999999999999556e-01 6.855925487379013195e-01 0.000000000000000000e+00 1.000000000000000056e-01 0.000000000000000000e+00 8.169388845177250775e+20 1.000000000000000000e+00 0.000000000000000000e+00 0.000000000000000000e+00 7.273999999999999355e-01 2.637999999999999790e-01 8.800000000000000530e-03 2.523292138826152586e+04
3.570000000000000000e+02 7.700000000000001137e+02 4.207856619658686104e+05 9.499999999999999556e-01 1.531658924480411299e+00 0.000000000000000000e+00 1.000000000000000056e-01 1.570796326794896558e+00 1.138814488613277532e+21 1.000000000000000000e+00 0.000000000000000000e+00 0.000000000000000000e+00 7.273999999999999355e-01 2.637999999999999790e-01 8.800000000000000530e-03 3.138857001102722643e+04
3.590000000000000000e+02 7.700000000000001137e+02 4.854857469234024175e+05 9.499999999999999556e-01 1.031563003254142519e+00 0.000000000000000000e+00 1.000000000000000056e-01 0.000000000000000000e+00 1.354642032690843615e+21 1.000000000000000000e+00 0.000000000000000000e+00 0.000000000000000000e+00 7.273999999999999355e-01 2.637999999999999790e-01 8.800000000000000530e-03 3.519362252868249925e+04
3.600000000000000000e+02 7.700000000000001137e+02 5.265233174364384031e+05 9.499999999999999556e-01 4.264144805114911674e-01 0.000000000000000000e+00 1.000000000000000056e-01 0.000000000000000000e+00 1.492047158240472465e+21 1.000000000000000000e+00 0.000000000000000000e+00 0.000000000000000000e+00 7.273999999999999355e-01 2.637999999999999790e-01 8.800000000000000530e-03 3.755405789368521073e+04
3.620000000000000000e+02 7.700000000000001137e+02 6.009681834052631166e+05 9.499999999999999556e-01 5.709632115530949292e-01 0.000000000000000000e+00 1.000000000000000056e-01 0.000000000000000000e+00 1.757333704354483667e+21 1.000000000000000000e+00 0.000000000000000000e+00 0.000000000000000000e+00 7.273999999999999355e-01 2.637999999999999790e-01 8.800000000000000530e-03 4.174495222388883121e+04
