# id_num orb_a mass spin spin_angle orb_inc orb_ecc orb_arg_periapse orb_ang_mom gen galaxy time_passed star_X star_Y star_Z radius
2.370000000000000000e+02 5.166580567775836386e+01 1.556880141044462334e+03 9.369999999999999440e-01 4.698431116949131070e-01 0.000000000000000000e+00 9.143997538415249426e-02 1.570796326794896558e+00 1.257162881808268032e+18 1.000000000000000000e+00 0.000000000000000000e+00 0.000000000000000000e+00 7.273999999999999355e-01 2.637999999999999790e-01 8.800000000000000530e-03 3.550488375347111969e+02
2.380000000000000000e+02 5.255856778037577470e+01 1.607977077893561727e+03 9.369999999999999440e-01 4.103946788276719437e-01 0.000000000000000000e+00 4.692159450254997782e-02 0.000000000000000000e+00 1.307942686924397056e+18 1.000000000000000000e+00 0.000000000000000000e+00 0.000000000000000000e+00 7.273999999999999355e-01 2.637999999999999790e-01 8.800000000000000530e-03 3.643408227076512276e+02
2.390000000000000000e+02 5.385001710266966768e+01 1.993278529026358001e+03 9.369999999999999440e-01 5.022133170275405734e-01 0.000000000000000000e+00 1.143614796114001825e-01 1.570796326794896558e+00 1.632802588902801408e+18 1.000000000000000000e+00 0.000000000000000000e+00 0.000000000000000000e+00 7.273999999999999355e-01 2.637999999999999790e-01 8.800000000000000530e-03 4.326516285956830075e+02
2.420000000000000000e+02 4.019493011549702288e+01 1.977271005455605973e+03 9.369999999999999440e-01 3.223304101108863673e-01 0.000000000000000000e+00 5.934805611264600822e-01 1.570796326794896558e+00 1.654735746623863040e+18 1.000000000000000000e+00 0.000000000000000000e+00 0.000000000000000000e+00 7.273999999999999355e-01 2.637999999999999790e-01 8.800000000000000530e-03 4.298697751499344122e+02
2.430000000000000000e+02 5.717690579372586512e+01 1.781828698746025111e+03 9.369999999999999440e-01 1.503926697216452224e+00 0.000000000000000000e+00 2.873432717358725269e-02 1.570796326794896558e+00 1.501882953583952384e+18 1.000000000000000000e+00 0.000000000000000000e+00 0.000000000000000000e+00 7.273999999999999355e-01 2.637999999999999790e-01 8.800000000000000530e-03 3.955275248312573240e+02
2.440000000000000000e+02 4.170401807539092687e+01 2.006918035804354759e+03 9.369999999999999440e-01 1.319741448089619462e+00 0.000000000000000000e+00 5.294895542205780847e-01 0.000000000000000000e+00 1.703383943971262976e+18 1.000000000000000000e+00 0.000000000000000000e+00 0.000000000000000000e+00 7.273999999999999355e-01 2.637999999999999790e-01 8.800000000000000530e-03 4.350184339299686371e+02
2.480000000000000000e+02 6.341067025756273523e+01 2.302354944102319223e+03 9.369999999999999440e-01 1.214870730851156599e+00 0.000000000000000000e+00 1.499120353143871057e-02 0.000000000000000000e+00 2.012647430215888896e+18 1.000000000000000000e+00 0.000000000000000000e+00 0.000000000000000000e+00 7.273999999999999355e-01 2.637999999999999790e-01 8.800000000000000530e-03 4.855363778101941534e+02
2.500000000000000000e+02 4.136509539504372412e+01 2.723009893038588871e+03 9.369999999999999440e-01 1.038806865979271077e+00 0.000000000000000000e+00 5.049552883798767988e-01 1.570796326794896558e+00 2.415114628143796224e+18 1.000000000000000000e+00 0.000000000000000000e+00 0.000000000000000000e+00 7.273999999999999355e-01 2.637999999999999790e-01 8.800000000000000530e-03 5.552944428062448878e+02
2.510000000000000000e+02 7.496117717405697078e+01 2.516529228254362351e+03 9.369999999999999440e-01 1.038546147185513524e+00 0.000000000000000000e+00 1.498834190533162442e-02 0.000000000000000000e+00 2.248484774413786880e+18 1.000000000000000000e+00 0.000000000000000000e+00 0.000000000000000000e+00 7.273999999999999355e-01 2.637999999999999790e-01 8.800000000000000530e-03 5.213453868026144846e+02
2.520000000000000000e+02 5.398384953188407565e+01 2.513284185791206710e+03 9.369999999999999440e-01 3.751624569682989185e-01 0.000000000000000000e+00 2.464358209513203835e-01 1.570796326794896558e+00 2.262656559404806656e+18 1.000000000000000000e+00 0.000000000000000000e+00 0.000000000000000000e+00 7.273999999999999355e-01 2.637999999999999790e-01 8.800000000000000530e-03 5.208075011571545474e+02
2.530000000000000000e+02 6.993983790023742131e+01 2.591320939042220289e+03 9.369999999999999440e-01 1.137145778811420760e+00 0.000000000000000000e+00 4.148989607257528439e-02 1.570796326794896558e+00 2.350579677560940032e+18 1.000000000000000000e+00 0.000000000000000000e+00 0.000000000000000000e+00 7.273999999999999355e-01 2.637999999999999790e-01 8.800000000000000530e-03 5.337045623345007925e+02
2.540000000000000000e+02 4.972292252536988144e+01 2.662745853909027119e+03 9.369999999999999440e-01 1.413123141625994617e+00 0.000000000000000000e+00 3.898949611464149201e-01 0.000000000000000000e+00 2.433583612924538880e+18 1.000000000000000000e+00 0.000000000000000000e+00 0.000000000000000000e+00 7.273999999999999355e-01 2.637999999999999790e-01 8.800000000000000530e-03 5.454409315093422492e+02
2.580000000000000000e+02 8.142837453293547867e+01 3.356134787713576770e+03 9.369999999999999440e-01 1.664217816557048035e+00 0.000000000000000000e+00 1.546930477459857421e-02 0.000000000000000000e+00 3.163063062321229824e+18 1.000000000000000000e+00 0.000000000000000000e+00 0.000000000000000000e+00 7.273999999999999355e-01 2.637999999999999790e-01 8.800000000000000530e-03 6.563801932791500349e+02
2.590000000000000000e+02 8.349444438357357967e+01 3.516951569081911657e+03 9.369999999999999440e-01 8.372836734014061921e-01 0.000000000000000000e+00 1.251188383636521635e-02 0.000000000000000000e+00 3.340066764921129472e+18 1.000000000000000000e+00 0.000000000000000000e+00 0.000000000000000000e+00 7.273999999999999355e-01 2.637999999999999790e-01 8.800000000000000530e-03 6.814234298380084738e+02
2.610000000000000000e+02 5.093446474752232689e+01 3.676264414131480407e+03 9.369999999999999440e-01 4.775391853257597852e-01 0.000000000000000000e+00 4.890872614796138440e-01 0.000000000000000000e+00 3.545767574182986240e+18 1.000000000000000000e+00 0.000000000000000000e+00 0.000000000000000000e+00 7.273999999999999355e-01 2.637999999999999790e-01 8.800000000000000530e-03 7.060075479558100824e+02
2.620000000000000000e+02 9.782560756580188865e+01 3.459421891291674001e+03 9.369999999999999440e-01 1.420332498683209765e+00 0.000000000000000000e+00 5.074923037114733443e-02 0.000000000000000000e+00 3.363425250475828736e+18 1.000000000000000000e+00 0.000000000000000000e+00 0.000000000000000000e+00 7.273999999999999355e-01 2.637999999999999790e-01 8.800000000000000530e-03 6.724914626963211504e+02
2.690000000000000000e+02 6.275558563226500297e+01 4.660079231270233322e+03 9.369999999999999440e-01 1.801722394489143841e+00 0.000000000000000000e+00 8.163080238367614871e-02 1.570796326794896558e+00 4.791935850699396096e+18 1.000000000000000000e+00 0.000000000000000000e+00 0.000000000000000000e+00 7.273999999999999355e-01 2.637999999999999790e-01 8.800000000000000530e-03 8.534903053879099843e+02
2.710000000000000000e+02 1.032382066214215257e+02 4.768063074175298425e+03 9.369999999999999440e-01 8.320523531607773027e-01 0.000000000000000000e+00 1.954487713937156160e-02 0.000000000000000000e+00 4.983524002701815808e+18 1.000000000000000000e+00 0.000000000000000000e+00 0.000000000000000000e+00 7.273999999999999355e-01 2.637999999999999790e-01 8.800000000000000530e-03 8.692757118855950011e+02
2.730000000000000000e+02 9.568908830637093388e+01 5.682887362316772851e+03 9.369999999999999440e-01 1.041811859713455357e+00 0.000000000000000000e+00 1.322641800391767021e-02 0.000000000000000000e+00 6.040639285703538688e+18 1.000000000000000000e+00 0.000000000000000000e+00 0.000000000000000000e+00 7.273999999999999355e-01 2.637999999999999790e-01 8.800000000000000530e-03 1.000320549175606288e+03
2.750000000000000000e+02 1.191928175001947210e+02 5.603483857476929188e+03 9.369999999999999440e-01 9.776838315926216216e-01 0.000000000000000000e+00 1.738083332663694150e-02 0.000000000000000000e+00 6.056345891633955840e+18 1.000000000000000000e+00 0.000000000000000000e+00 0.000000000000000000e+00 7.273999999999999355e-01 2.637999999999999790e-01 8.800000000000000530e-03 9.891233448259851002e+02
2.780000000000000000e+02 1.197343625618650549e+02 6.402014944657623346e+03 9.389999999999999458e-01 7.806157644493680881e-01 0.000000000000000000e+00 1.262400096689491116e-02 1.570796326794896558e+00 7.098399709273641984e+18 1.000000000000000000e+00 0.000000000000000000e+00 0.000000000000000000e+00 7.273999999999999355e-01 2.637999999999999790e-01 8.800000000000000530e-03 1.100366344637474413e+03
2.790000000000000000e+02 1.176885726186692693e+02 6.060536629273036851e+03 9.389999999999999458e-01 7.318705732469398262e-01 0.000000000000000000e+00 1.587523185056882724e-02 0.000000000000000000e+00 6.777049138338061312e+18 1.000000000000000000e+00 0.000000000000000000e+00 0.000000000000000000e+00 7.273999999999999355e-01 2.637999999999999790e-01 8.800000000000000530e-03 1.053156266399246761e+03
2.800000000000000000e+02 1.183860393938550146e+02 7.437876139535321272e+03 9.369999999999999440e-01 1.401841085457260938e+00 0.000000000000000000e+00 2.591084457559295756e-02 0.000000000000000000e+00 8.390013754773675008e+18 1.000000000000000000e+00 0.000000000000000000e+00 0.000000000000000000e+00 7.273999999999999355e-01 2.637999999999999790e-01 8.800000000000000530e-03 1.240632361507044607e+03
2.810000000000000000e+02 1.292403330218284907e+02 7.212152407111712819e+03 9.369999999999999440e-01 9.756672008427021980e-01 0.000000000000000000e+00 1.151990556115041128e-02 0.000000000000000000e+00 8.207180985197348864e+18 1.000000000000000000e+00 0.000000000000000000e+00 0.000000000000000000e+00 7.273999999999999355e-01 2.637999999999999790e-01 8.800000000000000530e-03 1.210419379570256979e+03
2.830000000000000000e+02 1.289312992380256730e+02 8.464024812053921778e+03 9.369999999999999440e-01 4.570205322720637953e-01 0.000000000000000000e+00 1.859079364462580888e-02 1.570796326794896558e+00 9.798503258655510528e+18 1.000000000000000000e+00 0.000000000000000000e+00 0.000000000000000000e+00 7.273999999999999355e-01 2.637999999999999790e-01 8.800000000000000530e-03 1.375768920159273875e+03
2.840000000000000000e+02 1.458063725451540336e+02 8.466388557308106101e+03 9.369999999999999440e-01 1.569058641240772989e+00 0.000000000000000000e+00 1.000000000000000056e-01 0.000000000000000000e+00 9.892794270634498048e+18 1.000000000000000000e+00 0.000000000000000000e+00 0.000000000000000000e+00 7.273999999999999355e-01 2.637999999999999790e-01 8.800000000000000530e-03 1.376076279981170501e+03
2.850000000000000000e+02 1.468329223945902697e+02 8.983824998624106229e+03 9.369999999999999440e-01 1.123484740516885072e+00 0.000000000000000000e+00 2.093685698265162695e-02 0.000000000000000000e+00 1.058815797147496858e+19 1.000000000000000000e+00 0.000000000000000000e+00 0.000000000000000000e+00 7.273999999999999355e-01 2.637999999999999790e-01 8.800000000000000530e-03 1.442955635397842116e+03
2.860000000000000000e+02 1.415745669331242027e+02 9.639840668129510959e+03 9.389999999999999458e-01 7.830498270153434248e-01 0.000000000000000000e+00 5.547097532362095518e-02 0.000000000000000000e+00 1.146549136491646771e+19 1.000000000000000000e+00 0.000000000000000000e+00 0.000000000000000000e+00 7.273999999999999355e-01 2.637999999999999790e-01 8.800000000000000530e-03 1.526651245842438811e+03
2.870000000000000000e+02 1.555448245091856450e+02 1.016105272733464881e+04 9.369999999999999440e-01 9.307337648520258577e-01 0.000000000000000000e+00 4.148355635387022261e-02 0.000000000000000000e+00 1.219565437788161843e+19 1.000000000000000000e+00 0.000000000000000000e+00 0.000000000000000000e+00 7.273999999999999355e-01 2.637999999999999790e-01 8.800000000000000530e-03 1.592336740621594117e+03
2.890000000000000000e+02 1.594678592786942204e+02 1.047224294915728933e+04 9.369999999999999440e-01 1.355840885044379718e+00 0.000000000000000000e+00 1.000000000000000056e-01 1.570796326794896558e+00 1.279742726383327846e+19 1.000000000000000000e+00 0.000000000000000000e+00 0.000000000000000000e+00 7.273999999999999355e-01 2.637999999999999790e-01 8.800000000000000530e-03 1.631231949813846086e+03
2.910000000000000000e+02 1.622237618798634742e+02 1.077194923370341348e+04 9.369999999999999440e-01 9.994026763354724174e-01 0.000000000000000000e+00 4.556299743286525844e-02 0.000000000000000000e+00 1.340697329004835635e+19 1.000000000000000000e+00 0.000000000000000000e+00 0.000000000000000000e+00 7.273999999999999355e-01 2.637999999999999790e-01 8.800000000000000530e-03 1.668473795919011536e+03
2.930000000000000000e+02 1.707912399567728414e+02 1.284480742020329490e+04 9.369999999999999440e-01 1.399208540376577936e+00 0.000000000000000000e+00 6.346017192139417895e-02 0.000000000000000000e+00 1.628885917370995098e+19 1.000000000000000000e+00 0.000000000000000000e+00 0.000000000000000000e+00 7.273999999999999355e-01 2.637999999999999790e-01 8.800000000000000530e-03 1.920728717683340392e+03
3.000000000000000000e+02 1.659296172130449918e+02 1.787694401081792239e+04 9.369999999999999440e-01 8.704735501065991032e-01 0.000000000000000000e+00 1.187885403336720776e-02 1.570796326794896558e+00 2.423973251933913907e+19 1.000000000000000000e+00 0.000000000000000000e+00 0.000000000000000000e+00 7.273999999999999355e-01 2.637999999999999790e-01 8.800000000000000530e-03 2.502180157922036415e+03
3.010000000000000000e+02 2.054802367304002644e+02 1.745215793097909409e+04 9.369999999999999440e-01 1.281107095764053350e+00 0.000000000000000000e+00 9.000000000000001055e-02 1.570796326794896558e+00 2.389931522092209357e+19 1.000000000000000000e+00 0.000000000000000000e+00 0.000000000000000000e+00 7.273999999999999355e-01 2.637999999999999790e-01 8.800000000000000530e-03 2.454501260196873773e+03
3.020000000000000000e+02 1.713677750413997956e+02 1.813849804075924112e+04 9.389999999999999458e-01 1.102268662537787103e+00 0.000000000000000000e+00 1.891426406626186066e-02 1.570796326794896558e+00 2.507918997310505370e+19 1.000000000000000000e+00 0.000000000000000000e+00 0.000000000000000000e+00 7.273999999999999355e-01 2.637999999999999790e-01 8.800000000000000530e-03 2.531424679445973197e+03
3.030000000000000000e+02 1.834321654715118939e+02 2.004629346237107529e+04 9.369999999999999440e-01 6.345695800161703648e-01 0.000000000000000000e+00 1.991687952376133136e-02 1.570796326794896558e+00 2.800012447182598963e+19 1.000000000000000000e+00 0.000000000000000000e+00 0.000000000000000000e+00 7.273999999999999355e-01 2.637999999999999790e-01 8.800000000000000530e-03 2.742276354380255270e+03
3.050000000000000000e+02 2.555267617524087029e+02 2.015476152244192053e+04 9.369999999999999440e-01 1.595338402383735144e+00 0.000000000000000000e+00 9.000000000000001055e-02 0.000000000000000000e+00 2.871742096526482227e+19 1.000000000000000000e+00 0.000000000000000000e+00 0.000000000000000000e+00 7.273999999999999355e-01 2.637999999999999790e-01 8.800000000000000530e-03 2.754140444784799001e+03
3.090000000000000000e+02 2.113277491924158937e+02 2.569986497973048245e+04 9.369999999999999440e-01 1.086489643216524525e+00 0.000000000000000000e+00 1.216079959348473176e-02 0.000000000000000000e+00 3.814840827351258726e+19 1.000000000000000000e+00 0.000000000000000000e+00 0.000000000000000000e+00 7.273999999999999355e-01 2.637999999999999790e-01 8.800000000000000530e-03 3.345250353074181476e+03
3.100000000000000000e+02 2.198461489967939428e+02 2.618304394192092150e+04 9.369999999999999440e-01 1.339080193213680436e+00 0.000000000000000000e+00 9.000000000000001055e-02 0.000000000000000000e+00 3.926697173308160410e+19 1.000000000000000000e+00 0.000000000000000000e+00 0.000000000000000000e+00 7.273999999999999355e-01 2.637999999999999790e-01 8.800000000000000530e-03 3.395471265384102935e+03
3.110000000000000000e+02 3.554509940097671006e+02 2.842335300688421921e+04 9.369999999999999440e-01 6.085903706207622665e-01 0.000000000000000000e+00 9.000000000000001055e-02 0.000000000000000000e+00 4.308517276964659200e+19 1.000000000000000000e+00 0.000000000000000000e+00 0.000000000000000000e+00 7.273999999999999355e-01 2.637999999999999790e-01 8.800000000000000530e-03 3.625969936483602851e+03
3.150000000000000000e+02 2.166066059372013513e+02 3.420703095498280163e+04 9.389999999999999458e-01 1.091437219748710996e+00 0.000000000000000000e+00 9.000000000000001055e-02 0.000000000000000000e+00 5.409525237006318797e+19 1.000000000000000000e+00 0.000000000000000000e+00 0.000000000000000000e+00 7.273999999999999355e-01 2.637999999999999790e-01 8.800000000000000530e-03 4.205099306087712648e+03
3.160000000000000000e+02 4.664185819505439099e+02 3.693781282032196032e+04 9.369999999999999440e-01 1.141240567270531470e+00 0.000000000000000000e+00 9.000000000000001055e-02 1.570796326794896558e+00 5.905831612248728371e+19 1.000000000000000000e+00 0.000000000000000000e+00 0.000000000000000000e+00 7.273999999999999355e-01 2.637999999999999790e-01 8.800000000000000530e-03 4.471578845004419236e+03
3.170000000000000000e+02 2.747112892556399970e+02 3.963341132707727957e+04 9.369999999999999440e-01 1.161896749151619668e+00 0.000000000000000000e+00 9.000000000000001055e-02 0.000000000000000000e+00 6.405873586534191104e+19 1.000000000000000000e+00 0.000000000000000000e+00 0.000000000000000000e+00 7.273999999999999355e-01 2.637999999999999790e-01 8.800000000000000530e-03 4.730783958528357289e+03
3.190000000000000000e+02 1.874124080159901666e+02 4.288868448588332103e+04 9.369999999999999440e-01 8.266314195707323842e-01 0.000000000000000000e+00 1.487044096085093740e-02 0.000000000000000000e+00 7.086336209159598899e+19 1.000000000000000000e+00 0.000000000000000000e+00 0.000000000000000000e+00 7.273999999999999355e-01 2.637999999999999790e-01 8.800000000000000530e-03 5.039159816940684323e+03
3.200000000000000000e+02 3.057857657014004644e+02 4.475359370191250491e+04 9.369999999999999440e-01 9.714513194622106385e-01 0.000000000000000000e+00 9.000000000000001055e-02 1.570796326794896558e+00 7.477799674120090419e+19 1.000000000000000000e+00 0.000000000000000000e+00 0.000000000000000000e+00 7.273999999999999355e-01 2.637999999999999790e-01 8.800000000000000530e-03 5.213702950405005140e+03
3.210000000000000000e+02 1.653369918037617481e+02 4.703427765664923209e+04 9.369999999999999440e-01 1.278047507591058229e+00 0.000000000000000000e+00 1.000000000000000056e-01 0.000000000000000000e+00 7.947171430594456781e+19 1.000000000000000000e+00 0.000000000000000000e+00 0.000000000000000000e+00 7.273999999999999355e-01 2.637999999999999790e-01 8.800000000000000530e-03 5.425197272672152394e+03
3.270000000000000000e+02 1.585361717128798489e+02 6.539529296758399869e+04 9.369999999999999440e-01 1.691759844638491828e+00 0.000000000000000000e+00 2.058911320946491333e-02 0.000000000000000000e+00 1.183893549616424223e+20 1.000000000000000000e+00 0.000000000000000000e+00 0.000000000000000000e+00 7.273999999999999355e-01 2.637999999999999790e-01 8.800000000000000530e-03 7.061893174058153818e+03
3.280000000000000000e+02 7.700000000000001137e+02 6.945483447816320404e+04 9.369999999999999440e-01 1.609737467303757441e+00 0.000000000000000000e+00 1.000000000000000056e-01 0.000000000000000000e+00 1.272299641269683814e+20 1.000000000000000000e+00 0.000000000000000000e+00 0.000000000000000000e+00 7.273999999999999355e-01 2.637999999999999790e-01 8.800000000000000530e-03 7.410473121751634608e+03
3.300000000000000000e+02 7.700000000000001137e+02 7.861429760475746298e+04 9.369999999999999440e-01 8.500544261226051779e-01 0.000000000000000000e+00 1.000000000000000056e-01 1.570796326794896558e+00 1.475126173815740498e+20 1.000000000000000000e+00 0.000000000000000000e+00 0.000000000000000000e+00 7.273999999999999355e-01 2.637999999999999790e-01 8.800000000000000530e-03 8.182484337231489008e+03
3.330000000000000000e+02 7.700000000000001137e+02 9.163324565564414661e+04 9.369999999999999440e-01 1.486479539137273376e+00 0.000000000000000000e+00 1.000000000000000056e-01 0.000000000000000000e+00 1.783204415016263680e+20 1.000000000000000000e+00 0.000000000000000000e+00 0.000000000000000000e+00 7.273999999999999355e-01 2.637999999999999790e-01 8.800000000000000530e-03 9.249673595606043818e+03
3.350000000000000000e+02 7.700000000000001137e+02 1.039068372043357958e+05 9.369999999999999440e-01 6.131064871229416902e-01 0.000000000000000000e+00 1.000000000000000056e-01 1.570796326794896558e+00 2.072867689202184356e+20 1.000000000000000000e+00 0.000000000000000000e+00 0.000000000000000000e+00 7.273999999999999355e-01 2.637999999999999790e-01 8.800000000000000530e-03 1.022820096198338069e+04
3.360000000000000000e+02 7.700000000000001137e+02 1.085011325755956495e+05 9.369999999999999440e-01 1.076862809242860708e+00 0.000000000000000000e+00 1.000000000000000056e-01 1.570796326794896558e+00 2.191995754413277512e+20 1.000000000000000000e+00 0.000000000000000000e+00 0.000000000000000000e+00 7.273999999999999355e-01 2.637999999999999790e-01 8.800000000000000530e-03 1.058842510580003000e+04
3.390000000000000000e+02 7.700000000000001137e+02 1.295643789945220924e+05 9.369999999999999440e-01 1.610687368862991242e+00 0.000000000000000000e+00 1.000000000000000056e-01 1.570796326794896558e+00 2.719478878225788109e+20 1.000000000000000000e+00 0.000000000000000000e+00 0.000000000000000000e+00 7.273999999999999355e-01 2.637999999999999790e-01 8.800000000000000530e-03 1.220316395103301329e+04
3.400000000000000000e+02 7.700000000000001137e+02 1.395989423731059069e+05 9.369999999999999440e-01 1.104424693450431372e+00 0.000000000000000000e+00 1.000000000000000056e-01 1.570796326794896558e+00 2.968488077141106360e+20 1.000000000000000000e+00 0.000000000000000000e+00 0.000000000000000000e+00 7.273999999999999355e-01 2.637999999999999790e-01 8.800000000000000530e-03 1.295357530726606637e+04
3.480000000000000000e+02 7.700000000000001137e+02 2.304873849629714095e+05 9.369999999999999440e-01 8.661140492924332968e-01 0.000000000000000000e+00 1.000000000000000056e-01 1.570796326794896558e+00 5.459160944426922148e+20 1.000000000000000000e+00 0.000000000000000000e+00 0.000000000000000000e+00 7.273999999999999355e-01 2.637999999999999790e-01 8.800000000000000530e-03 1.934646759819344152e+04
3.500000000000000000e+02 7.700000000000001137e+02 2.632742973527389113e+05 9.369999999999999440e-01 6.753728010017937544e-01 0.000000000000000000e+00 1.000000000000000056e-01 1.570796326794896558e+00 6.413803796963270328e+20 1.000000000000000000e+00 0.000000000000000000e+00 0.000000000000000000e+00 7.273999999999999355e-01 2.637999999999999790e-01 8.800000000000000530e-03 2.151843693914876349e+04
3.510000000000000000e+02 7.700000000000001137e+02 2.802198539295721566e+05 9.369999999999999440e-01 1.295556972547723840e+00 0.000000000000000000e+00 1.000000000000000056e-01 0.000000000000000000e+00 6.924798440856601231e+20 1.000000000000000000e+00 0.000000000000000000e+00 0.000000000000000000e+00 7.273999999999999355e-01 2.637999999999999790e-01 8.800000000000000530e-03 2.261950380528538881e+04
3.560000000000000000e+02 7.700000000000001137e+02 3.914993739845138625e+05 9.369999999999999440e-01 1.757503472812086631e+00 0.000000000000000000e+00 1.000000000000000056e-01 0.000000000000000000e+00 1.040906676512329302e+21 1.000000000000000000e+00 0.000000000000000000e+00 0.000000000000000000e+00 7.273999999999999355e-01 2.637999999999999790e-01 8.800000000000000530e-03 2.955757562526104812e+04
3.590000000000000000e+02 7.700000000000001137e+02 4.939147707491940819e+05 9.369999999999999440e-01 1.563791030796773729e+00 0.000000000000000000e+00 1.000000000000000056e-01 1.570796326794896558e+00 1.374381708351712264e+21 1.000000000000000000e+00 0.000000000000000000e+00 0.000000000000000000e+00 7.273999999999999355e-01 2.637999999999999790e-01 8.800000000000000530e-03 3.559635777624072944e+04
3.610000000000000000e+02 7.700000000000001137e+02 5.648830809930872638e+05 9.369999999999999440e-01 1.476464565483918578e+00 0.000000000000000000e+00 1.000000000000000056e-01 1.570796326794896558e+00 1.621494158649622266e+21 1.000000000000000000e+00 0.000000000000000000e+00 0.000000000000000000e+00 7.273999999999999355e-01 2.637999999999999790e-01 8.800000000000000530e-03 3.963243952948036895e+04
3.630000000000000000e+02 7.700000000000001137e+02 6.530645329201123677e+05 9.369999999999999440e-01 1.861565595174882626e+00 0.000000000000000000e+00 1.000000000000000056e-01 1.570796326794896558e+00 1.934928228055174349e+21 1.000000000000000000e+00 0.000000000000000000e+00 0.000000000000000000e+00 7.273999999999999355e-01 2.637999999999999790e-01 8.800000000000000530e-03 4.450910183864189457e+04
