# id_num orb_a mass spin spin_angle orb_inc orb_ecc orb_arg_periapse orb_ang_mom gen galaxy time_passed star_X star_Y star_Z radius
2.370000000000000000e+02 5.271278075186040724e+01 1.566578448798731642e+03 9.099999999999999201e-01 6.583031116949127348e-01 0.000000000000000000e+00 4.305163928437061999e-02 1.570796326794896558e+00 1.257162881808268032e+18 1.000000000000000000e+00 0.000000000000000000e+00 0.000000000000000000e+00 7.273999999999999355e-01 2.637999999999999790e-01 8.800000000000000530e-03 3.550488375347111969e+02
2.380000000000000000e+02 5.372139871012522150e+01 1.617993684922001421e+03 9.099999999999999201e-01 5.988546788276716271e-01 0.000000000000000000e+00 2.020879865308151599e-02 0.000000000000000000e+00 1.307942686924397056e+18 1.000000000000000000e+00 0.000000000000000000e+00 0.000000000000000000e+00 7.273999999999999355e-01 2.637999999999999790e-01 8.800000000000000530e-03 3.643408227076512276e+02
2.390000000000000000e+02 5.546255417416484335e+01 2.005695302870944488e+03 9.099999999999999201e-01 6.906733170275402012e-01 0.000000000000000000e+00 3.509659232460764916e-02 1.570796326794896558e+00 1.632802588902801408e+18 1.000000000000000000e+00 0.000000000000000000e+00 0.000000000000000000e+00 7.273999999999999355e-01 2.637999999999999790e-01 8.800000000000000530e-03 4.326516285956830075e+02
2.420000000000000000e+02 3.657359814772553364e+01 1.989588063281033101e+03 9.099999999999999201e-01 5.107904101108859951e-01 0.000000000000000000e+00 5.033147069652651462e-01 1.570796326794896558e+00 1.654735746623863040e+18 1.000000000000000000e+00 0.000000000000000000e+00 0.000000000000000000e+00 7.273999999999999355e-01 2.637999999999999790e-01 8.800000000000000530e-03 4.298697751499344122e+02
2.430000000000000000e+02 6.504259327731261919e+01 1.792928283505475974e+03 9.099999999999999201e-01 1.692386697216451852e+00 0.000000000000000000e+00 6.674895189301467691e-02 1.570796326794896558e+00 1.501882953583952384e+18 1.000000000000000000e+00 0.000000000000000000e+00 0.000000000000000000e+00 7.273999999999999355e-01 2.637999999999999790e-01 8.800000000000000530e-03 3.955275248312573240e+02
2.440000000000000000e+02 4.225696784504205539e+01 2.019419774528935250e+03 9.099999999999999201e-01 1.508201448089619090e+00 0.000000000000000000e+00 4.808846726807242122e-01 0.000000000000000000e+00 1.703383943971262976e+18 1.000000000000000000e+00 0.000000000000000000e+00 0.000000000000000000e+00 7.273999999999999355e-01 2.637999999999999790e-01 8.800000000000000530e-03 4.350184339299686371e+02
2.480000000000000000e+02 5.918552044554680691e+01 2.316697054467020280e+03 9.099999999999999201e-01 1.403330730851156227e+00 0.000000000000000000e+00 1.524423402878452224e-02 0.000000000000000000e+00 2.012647430215888896e+18 1.000000000000000000e+00 0.000000000000000000e+00 0.000000000000000000e+00 7.273999999999999355e-01 2.637999999999999790e-01 8.800000000000000530e-03 4.855363778101941534e+02
2.500000000000000000e+02 4.209687543128350740e+01 2.739972398541995062e+03 9.099999999999999201e-01 1.227266865979270705e+00 0.000000000000000000e+00 4.312636845493897919e-01 1.570796326794896558e+00 2.415114628143796224e+18 1.000000000000000000e+00 0.000000000000000000e+00 0.000000000000000000e+00 7.273999999999999355e-01 2.637999999999999790e-01 8.800000000000000530e-03 5.552944428062448878e+02
2.510000000000000000e+02 6.466320797772051776e+01 2.532205499204707849e+03 9.099999999999999201e-01 1.227006147185513152e+00 0.000000000000000000e+00 4.066591835108927105e-02 0.000000000000000000e+00 2.248484774413786880e+18 1.000000000000000000e+00 0.000000000000000000e+00 0.000000000000000000e+00 7.273999999999999355e-01 2.637999999999999790e-01 8.800000000000000530e-03 5.213453868026144846e+02
2.520000000000000000e+02 5.607055576825047893e+01 2.528940242327062606e+03 9.099999999999999201e-01 5.636224569682986019e-01 0.000000000000000000e+00 5.607901308533453505e-02 1.570796326794896558e+00 2.262656559404806656e+18 1.000000000000000000e+00 0.000000000000000000e+00 0.000000000000000000e+00 7.273999999999999355e-01 2.637999999999999790e-01 8.800000000000000530e-03 5.208075011571545474e+02
2.530000000000000000e+02 7.461063504513536770e+01 2.607463111643930461e+03 9.099999999999999201e-01 1.325605778811420388e+00 0.000000000000000000e+00 2.746452482541169096e-02 1.570796326794896558e+00 2.350579677560940032e+18 1.000000000000000000e+00 0.000000000000000000e+00 0.000000000000000000e+00 7.273999999999999355e-01 2.637999999999999790e-01 8.800000000000000530e-03 5.337045623345007925e+02
2.540000000000000000e+02 5.128855425409795288e+01 2.679332955306113945e+03 9.099999999999999201e-01 1.601583141625994244e+00 0.000000000000000000e+00 1.914620323948432734e-01 0.000000000000000000e+00 2.433583612924538880e+18 1.000000000000000000e+00 0.000000000000000000e+00 0.000000000000000000e+00 7.273999999999999355e-01 2.637999999999999790e-01 8.800000000000000530e-03 5.454409315093422492e+02
2.580000000000000000e+02 9.140092058169487643e+01 3.377041232068515910e+03 9.099999999999999201e-01 1.852677816557047663e+00 0.000000000000000000e+00 2.050405392839987906e-02 0.000000000000000000e+00 3.163063062321229824e+18 1.000000000000000000e+00 0.000000000000000000e+00 0.000000000000000000e+00 7.273999999999999355e-01 2.637999999999999790e-01 8.800000000000000530e-03 6.563801932791500349e+02
2.590000000000000000e+02 9.391921738430771427e+01 3.538859792955161993e+03 9.099999999999999201e-01 1.025743673401405820e+00 0.000000000000000000e+00 1.947834669774245811e-02 0.000000000000000000e+00 3.340066764921129472e+18 1.000000000000000000e+00 0.000000000000000000e+00 0.000000000000000000e+00 7.273999999999999355e-01 2.637999999999999790e-01 8.800000000000000530e-03 6.814234298380084738e+02
2.610000000000000000e+02 5.339284408204574817e+01 3.699165049019403341e+03 9.099999999999999201e-01 6.659991853257594130e-01 0.000000000000000000e+00 2.473811280640150212e-01 0.000000000000000000e+00 3.545767574182986240e+18 1.000000000000000000e+00 0.000000000000000000e+00 0.000000000000000000e+00 7.273999999999999355e-01 2.637999999999999790e-01 8.800000000000000530e-03 7.060075479558100824e+02
2.620000000000000000e+02 1.006821920956577685e+02 3.480971744275924266e+03 9.099999999999999201e-01 1.608792498683209393e+00 0.000000000000000000e+00 4.984855555917133002e-02 0.000000000000000000e+00 3.363425250475828736e+18 1.000000000000000000e+00 0.000000000000000000e+00 0.000000000000000000e+00 7.273999999999999355e-01 2.637999999999999790e-01 8.800000000000000530e-03 6.724914626963211504e+02
2.690000000000000000e+02 8.735042623688897834e+01 4.689108365467949625e+03 9.099999999999999201e-01 1.990182394489143469e+00 0.000000000000000000e+00 1.610384651144301099e-02 1.570796326794896558e+00 4.791935850699396096e+18 1.000000000000000000e+00 0.000000000000000000e+00 0.000000000000000000e+00 7.273999999999999355e-01 2.637999999999999790e-01 8.800000000000000530e-03 8.534903053879099843e+02
2.710000000000000000e+02 1.132371810555368512e+02 4.797764874504064210e+03 9.099999999999999201e-01 1.020512353160776930e+00 0.000000000000000000e+00 1.881776020275810132e-02 0.000000000000000000e+00 4.983524002701815808e+18 1.000000000000000000e+00 0.000000000000000000e+00 0.000000000000000000e+00 7.273999999999999355e-01 2.637999999999999790e-01 8.800000000000000530e-03 8.692757118855950011e+02
2.730000000000000000e+02 9.958846533212850716e+01 5.718287897733471254e+03 9.099999999999999201e-01 1.230271859713454985e+00 0.000000000000000000e+00 1.193118130310201475e-02 0.000000000000000000e+00 6.040639285703538688e+18 1.000000000000000000e+00 0.000000000000000000e+00 0.000000000000000000e+00 7.273999999999999355e-01 2.637999999999999790e-01 8.800000000000000530e-03 1.000320549175606288e+03
2.750000000000000000e+02 9.928815230004821046e+01 5.638389762891998544e+03 9.099999999999999201e-01 1.166143831592621360e+00 0.000000000000000000e+00 1.447015275558887100e-02 0.000000000000000000e+00 6.056345891633955840e+18 1.000000000000000000e+00 0.000000000000000000e+00 0.000000000000000000e+00 7.273999999999999355e-01 2.637999999999999790e-01 8.800000000000000530e-03 9.891233448259851002e+02
2.780000000000000000e+02 1.261907930213144056e+02 6.441895157362419013e+03 9.119999999999999218e-01 9.690757644493677159e-01 0.000000000000000000e+00 1.903143918270138249e-02 1.570796326794896558e+00 7.098399709273641984e+18 1.000000000000000000e+00 0.000000000000000000e+00 0.000000000000000000e+00 7.273999999999999355e-01 2.637999999999999790e-01 8.800000000000000530e-03 1.100366344637474413e+03
2.790000000000000000e+02 1.078581349184553915e+02 6.098289663586444476e+03 9.119999999999999218e-01 9.203305732469394540e-01 0.000000000000000000e+00 1.387368291704941733e-02 0.000000000000000000e+00 6.777049138338061312e+18 1.000000000000000000e+00 0.000000000000000000e+00 0.000000000000000000e+00 7.273999999999999355e-01 2.637999999999999790e-01 8.800000000000000530e-03 1.053156266399246761e+03
2.800000000000000000e+02 1.374456531874348570e+02 7.484209065197126620e+03 9.099999999999999201e-01 1.590301085457260566e+00 0.000000000000000000e+00 2.794032455870178178e-02 0.000000000000000000e+00 8.390013754773675008e+18 1.000000000000000000e+00 0.000000000000000000e+00 0.000000000000000000e+00 7.273999999999999355e-01 2.637999999999999790e-01 8.800000000000000530e-03 1.240632361507044607e+03
2.810000000000000000e+02 1.351764431809588700e+02 7.257079226955366721e+03 9.099999999999999201e-01 1.164127200842701937e+00 0.000000000000000000e+00 1.439568478721095328e-02 0.000000000000000000e+00 8.207180985197348864e+18 1.000000000000000000e+00 0.000000000000000000e+00 0.000000000000000000e+00 7.273999999999999355e-01 2.637999999999999790e-01 8.800000000000000530e-03 1.210419379570256979e+03
2.830000000000000000e+02 1.339708779924455371e+02 8.516749948243279505e+03 9.099999999999999201e-01 6.454805322720634786e-01 0.000000000000000000e+00 4.721330535901822889e-02 1.570796326794896558e+00 9.798503258655510528e+18 1.000000000000000000e+00 0.000000000000000000e+00 0.000000000000000000e+00 7.273999999999999355e-01 2.637999999999999790e-01 8.800000000000000530e-03 1.375768920159273875e+03
2.840000000000000000e+02 1.335210546366160997e+02 8.519128418027839871e+03 9.099999999999999201e-01 1.757518641240772617e+00 0.000000000000000000e+00 4.654113215430263212e-02 0.000000000000000000e+00 9.892794270634498048e+18 1.000000000000000000e+00 0.000000000000000000e+00 0.000000000000000000e+00 7.273999999999999355e-01 2.637999999999999790e-01 8.800000000000000530e-03 1.376076279981170501e+03
2.850000000000000000e+02 1.362631096424718180e+02 9.039788137564723002e+03 9.099999999999999201e-01 1.311944740516884700e+00 0.000000000000000000e+00 1.310097742797920045e-02 0.000000000000000000e+00 1.058815797147496858e+19 1.000000000000000000e+00 0.000000000000000000e+00 0.000000000000000000e+00 7.273999999999999355e-01 2.637999999999999790e-01 8.800000000000000530e-03 1.442955635397842116e+03
2.860000000000000000e+02 1.335980319473251257e+02 9.699890339929506808e+03 9.119999999999999218e-01 9.715098270153430526e-01 0.000000000000000000e+00 1.000000000000000056e-01 0.000000000000000000e+00 1.146549136491646771e+19 1.000000000000000000e+00 0.000000000000000000e+00 0.000000000000000000e+00 7.273999999999999355e-01 2.637999999999999790e-01 8.800000000000000530e-03 1.526651245842438811e+03
2.870000000000000000e+02 1.707665464479992465e+02 1.022434919689520211e+04 9.099999999999999201e-01 1.119193764852025597e+00 0.000000000000000000e+00 1.166988901193438156e-02 0.000000000000000000e+00 1.219565437788161843e+19 1.000000000000000000e+00 0.000000000000000000e+00 0.000000000000000000e+00 7.273999999999999355e-01 2.637999999999999790e-01 8.800000000000000530e-03 1.592336740621594117e+03
2.890000000000000000e+02 1.456755635083577261e+02 1.053747792282088449e+04 9.119999999999999218e-01 1.530340885044379373e+00 0.000000000000000000e+00 3.452900505284477173e-02 1.570796326794896558e+00 1.279742726383327846e+19 1.000000000000000000e+00 0.000000000000000000e+00 0.000000000000000000e+00 7.273999999999999355e-01 2.637999999999999790e-01 8.800000000000000530e-03 1.631231949813846086e+03
2.910000000000000000e+02 1.328090721025216112e+02 1.083905117432662337e+04 9.099999999999999201e-01 1.187862676335472045e+00 0.000000000000000000e+00 1.763753050865020378e-02 0.000000000000000000e+00 1.340697329004835635e+19 1.000000000000000000e+00 0.000000000000000000e+00 0.000000000000000000e+00 7.273999999999999355e-01 2.637999999999999790e-01 8.800000000000000530e-03 1.668473795919011536e+03
2.930000000000000000e+02 1.634538286223633747e+02 1.292482186198420823e+04 9.099999999999999201e-01 1.587668540376577564e+00 0.000000000000000000e+00 1.993161212396336174e-02 0.000000000000000000e+00 1.628885917370995098e+19 1.000000000000000000e+00 0.000000000000000000e+00 0.000000000000000000e+00 7.273999999999999355e-01 2.637999999999999790e-01 8.800000000000000530e-03 1.920728717683340392e+03
3.000000000000000000e+02 1.740915998532638014e+02 1.798830525190000844e+04 9.099999999999999201e-01 1.058933550106598842e+00 0.000000000000000000e+00 2.942865505851903485e-02 1.570796326794896558e+00 2.423973251933913907e+19 1.000000000000000000e+00 0.000000000000000000e+00 0.000000000000000000e+00 7.273999999999999355e-01 2.637999999999999790e-01 8.800000000000000530e-03 2.502180157922036415e+03
3.010000000000000000e+02 2.263294272608033850e+02 1.756087304277774820e+04 9.099999999999999201e-01 1.469567095764052977e+00 0.000000000000000000e+00 9.000000000000001055e-02 1.570796326794896558e+00 2.389931522092209357e+19 1.000000000000000000e+00 0.000000000000000000e+00 0.000000000000000000e+00 7.273999999999999355e-01 2.637999999999999790e-01 8.800000000000000530e-03 2.454501260196873773e+03
3.020000000000000000e+02 2.389857388865440271e+02 1.825148858612100958e+04 9.119999999999999218e-01 1.290728662537786731e+00 0.000000000000000000e+00 9.000000000000001055e-02 1.570796326794896558e+00 2.507918997310505370e+19 1.000000000000000000e+00 0.000000000000000000e+00 0.000000000000000000e+00 7.273999999999999355e-01 2.637999999999999790e-01 8.800000000000000530e-03 2.531424679445973197e+03
3.030000000000000000e+02 1.658528711339263282e+02 2.017116827977355933e+04 9.099999999999999201e-01 8.230295800161699926e-01 0.000000000000000000e+00 1.922178750180404683e-02 1.570796326794896558e+00 2.800012447182598963e+19 1.000000000000000000e+00 0.000000000000000000e+00 0.000000000000000000e+00 7.273999999999999355e-01 2.637999999999999790e-01 8.800000000000000530e-03 2.742276354380255270e+03
3.050000000000000000e+02 2.675928948464663222e+02 2.028031202232010401e+04 9.099999999999999201e-01 1.783798402383734771e+00 0.000000000000000000e+00 9.000000000000001055e-02 0.000000000000000000e+00 2.871742096526482227e+19 1.000000000000000000e+00 0.000000000000000000e+00 0.000000000000000000e+00 7.273999999999999355e-01 2.637999999999999790e-01 8.800000000000000530e-03 2.754140444784799001e+03
3.090000000000000000e+02 1.493951618134400974e+02 2.585995771471096668e+04 9.099999999999999201e-01 1.274949643216524153e+00 0.000000000000000000e+00 2.629711870184104835e-02 0.000000000000000000e+00 3.814840827351258726e+19 1.000000000000000000e+00 0.000000000000000000e+00 0.000000000000000000e+00 7.273999999999999355e-01 2.637999999999999790e-01 8.800000000000000530e-03 3.345250353074181476e+03
3.100000000000000000e+02 3.399003151570762498e+02 2.634614655425301680e+04 9.099999999999999201e-01 1.527540193213680064e+00 0.000000000000000000e+00 9.000000000000001055e-02 0.000000000000000000e+00 3.926697173308160410e+19 1.000000000000000000e+00 0.000000000000000000e+00 0.000000000000000000e+00 7.273999999999999355e-01 2.637999999999999790e-01 8.800000000000000530e-03 3.395471265384102935e+03
3.110000000000000000e+02 2.470867123981220743e+02 2.860041122581948366e+04 9.099999999999999201e-01 7.970503706207618944e-01 0.000000000000000000e+00 9.000000000000001055e-02 0.000000000000000000e+00 4.308517276964659200e+19 1.000000000000000000e+00 0.000000000000000000e+00 0.000000000000000000e+00 7.273999999999999355e-01 2.637999999999999790e-01 8.800000000000000530e-03 3.625969936483602851e+03
3.150000000000000000e+02 2.265779144626077937e+02 3.442011756635077472e+04 9.119999999999999218e-01 1.279897219748710624e+00 0.000000000000000000e+00 1.000000000000000056e-01 0.000000000000000000e+00 5.409525237006318797e+19 1.000000000000000000e+00 0.000000000000000000e+00 0.000000000000000000e+00 7.273999999999999355e-01 2.637999999999999790e-01 8.800000000000000530e-03 4.205099306087712648e+03
3.160000000000000000e+02 1.821066190954979334e+02 3.716791035131156968e+04 9.099999999999999201e-01 1.329700567270531097e+00 0.000000000000000000e+00 2.231265767932687910e-02 1.570796326794896558e+00 5.905831612248728371e+19 1.000000000000000000e+00 0.000000000000000000e+00 0.000000000000000000e+00 7.273999999999999355e-01 2.637999999999999790e-01 8.800000000000000530e-03 4.471578845004419236e+03
3.170000000000000000e+02 2.235527380630776690e+02 3.988030060921798577e+04 9.099999999999999201e-01 1.350356749151619296e+00 0.000000000000000000e+00 1.000000000000000056e-01 0.000000000000000000e+00 6.405873586534191104e+19 1.000000000000000000e+00 0.000000000000000000e+00 0.000000000000000000e+00 7.273999999999999355e-01 2.637999999999999790e-01 8.800000000000000530e-03 4.730783958528357289e+03
3.190000000000000000e+02 2.150723622405314472e+02 4.315585191281243897e+04 9.099999999999999201e-01 1.015091419570732123e+00 0.000000000000000000e+00 9.000000000000001055e-02 0.000000000000000000e+00 7.086336209159598899e+19 1.000000000000000000e+00 0.000000000000000000e+00 0.000000000000000000e+00 7.273999999999999355e-01 2.637999999999999790e-01 8.800000000000000530e-03 5.039159816940684323e+03
3.200000000000000000e+02 2.107167783158213581e+02 4.503237824889731564e+04 9.099999999999999201e-01 1.159911319462210377e+00 0.000000000000000000e+00 1.000000000000000056e-01 1.570796326794896558e+00 7.477799674120090419e+19 1.000000000000000000e+00 0.000000000000000000e+00 0.000000000000000000e+00 7.273999999999999355e-01 2.637999999999999790e-01 8.800000000000000530e-03 5.213702950405005140e+03
3.210000000000000000e+02 1.959997513555109947e+02 4.732726931842734484e+04 9.099999999999999201e-01 1.466507507591057857e+00 0.000000000000000000e+00 1.000000000000000056e-01 0.000000000000000000e+00 7.947171430594456781e+19 1.000000000000000000e+00 0.000000000000000000e+00 0.000000000000000000e+00 7.273999999999999355e-01 2.637999999999999790e-01 8.800000000000000530e-03 5.425197272672152394e+03
3.270000000000000000e+02 1.656767444566229415e+02 6.580266130645612429e+04 9.099999999999999201e-01 1.880219844638491455e+00 0.000000000000000000e+00 9.000000000000001055e-02 0.000000000000000000e+00 1.183893549616424223e+20 1.000000000000000000e+00 0.000000000000000000e+00 0.000000000000000000e+00 7.273999999999999355e-01 2.637999999999999790e-01 8.800000000000000530e-03 7.061893174058153818e+03
3.280000000000000000e+02 1.761513019031998226e+02 6.988749100838217419e+04 9.099999999999999201e-01 1.798197467303757069e+00 0.000000000000000000e+00 2.287679245496101327e-02 0.000000000000000000e+00 1.272299641269683814e+20 1.000000000000000000e+00 0.000000000000000000e+00 0.000000000000000000e+00 7.273999999999999355e-01 2.637999999999999790e-01 8.800000000000000530e-03 7.410473121751634608e+03
3.300000000000000000e+02 7.700000000000001137e+02 7.910401138037617784e+04 9.099999999999999201e-01 1.038514426122604917e+00 0.000000000000000000e+00 1.000000000000000056e-01 1.570796326794896558e+00 1.475126173815740498e+20 1.000000000000000000e+00 0.000000000000000000e+00 0.000000000000000000e+00 7.273999999999999355e-01 2.637999999999999790e-01 8.800000000000000530e-03 8.182484337231489008e+03
3.330000000000000000e+02 7.700000000000001137e+02 9.220405865111007006e+04 9.099999999999999201e-01 1.674939539137273004e+00 0.000000000000000000e+00 1.000000000000000056e-01 0.000000000000000000e+00 1.783204415016263680e+20 1.000000000000000000e+00 0.000000000000000000e+00 0.000000000000000000e+00 7.273999999999999355e-01 2.637999999999999790e-01 8.800000000000000530e-03 9.249673595606043818e+03
3.350000000000000000e+02 7.700000000000001137e+02 1.045541063539727475e+05 9.099999999999999201e-01 8.015664871229413180e-01 0.000000000000000000e+00 1.000000000000000056e-01 1.570796326794896558e+00 2.072867689202184356e+20 1.000000000000000000e+00 0.000000000000000000e+00 0.000000000000000000e+00 7.273999999999999355e-01 2.637999999999999790e-01 8.800000000000000530e-03 1.022820096198338069e+04
3.360000000000000000e+02 7.700000000000001137e+02 1.091770210705821664e+05 9.099999999999999201e-01 1.265322809242860336e+00 0.000000000000000000e+00 1.000000000000000056e-01 1.570796326794896558e+00 2.191995754413277512e+20 1.000000000000000000e+00 0.000000000000000000e+00 0.000000000000000000e+00 7.273999999999999355e-01 2.637999999999999790e-01 8.800000000000000530e-03 1.058842510580003000e+04
3.390000000000000000e+02 7.700000000000001137e+02 1.303714772343627119e+05 9.099999999999999201e-01 1.799147368862990870e+00 0.000000000000000000e+00 1.000000000000000056e-01 1.570796326794896558e+00 2.719478878225788109e+20 1.000000000000000000e+00 0.000000000000000000e+00 0.000000000000000000e+00 7.273999999999999355e-01 2.637999999999999790e-01 8.800000000000000530e-03 1.220316395103301329e+04
3.400000000000000000e+02 7.700000000000001137e+02 1.404685491396208527e+05 9.099999999999999201e-01 1.292884693450431000e+00 0.000000000000000000e+00 1.000000000000000056e-01 1.570796326794896558e+00 2.968488077141106360e+20 1.000000000000000000e+00 0.000000000000000000e+00 0.000000000000000000e+00 7.273999999999999355e-01 2.637999999999999790e-01 8.800000000000000530e-03 1.295357530726606637e+04
3.480000000000000000e+02 7.700000000000001137e+02 2.319231651068097271e+05 9.099999999999999201e-01 1.054574049292432925e+00 0.000000000000000000e+00 1.000000000000000056e-01 1.570796326794896558e+00 5.459160944426922148e+20 1.000000000000000000e+00 0.000000000000000000e+00 0.000000000000000000e+00 7.273999999999999355e-01 2.637999999999999790e-01 8.800000000000000530e-03 1.934646759819344152e+04
3.500000000000000000e+02 7.700000000000001137e+02 2.649143177320874529e+05 9.099999999999999201e-01 8.638328010017933822e-01 0.000000000000000000e+00 1.000000000000000056e-01 1.570796326794896558e+00 6.413803796963270328e+20 1.000000000000000000e+00 0.000000000000000000e+00 0.000000000000000000e+00 7.273999999999999355e-01 2.637999999999999790e-01 8.800000000000000530e-03 2.151843693914876349e+04
3.510000000000000000e+02 7.700000000000001137e+02 2.819654336377457366e+05 9.099999999999999201e-01 1.484016972547723467e+00 0.000000000000000000e+00 1.000000000000000056e-01 0.000000000000000000e+00 6.924798440856601231e+20 1.000000000000000000e+00 0.000000000000000000e+00 0.000000000000000000e+00 7.273999999999999355e-01 2.637999999999999790e-01 8.800000000000000530e-03 2.261950380528538881e+04
3.560000000000000000e+02 7.700000000000001137e+02 3.939381496579955565e+05 9.099999999999999201e-01 1.945963472812086259e+00 0.000000000000000000e+00 1.000000000000000056e-01 0.000000000000000000e+00 1.040906676512329302e+21 1.000000000000000000e+00 0.000000000000000000e+00 0.000000000000000000e+00 7.273999999999999355e-01 2.637999999999999790e-01 8.800000000000000530e-03 2.955757562526104812e+04
3.590000000000000000e+02 7.700000000000001137e+02 4.969915249095315812e+05 9.099999999999999201e-01 1.752251030796773357e+00 0.000000000000000000e+00 1.000000000000000056e-01 1.570796326794896558e+00 1.374381708351712264e+21 1.000000000000000000e+00 0.000000000000000000e+00 0.000000000000000000e+00 7.273999999999999355e-01 2.637999999999999790e-01 8.800000000000000530e-03 3.559635777624072944e+04
3.610000000000000000e+02 7.700000000000001137e+02 5.684019196115665836e+05 9.099999999999999201e-01 1.664924565483918206e+00 0.000000000000000000e+00 1.000000000000000056e-01 1.570796326794896558e+00 1.621494158649622266e+21 1.000000000000000000e+00 0.000000000000000000e+00 0.000000000000000000e+00 7.273999999999999355e-01 2.637999999999999790e-01 8.800000000000000530e-03 3.963243952948036895e+04
3.630000000000000000e+02 7.700000000000001137e+02 6.571326821993553312e+05 9.099999999999999201e-01 2.050025595174882476e+00 0.000000000000000000e+00 1.000000000000000056e-01 1.570796326794896558e+00 1.934928228055174349e+21 1.000000000000000000e+00 0.000000000000000000e+00 0.000000000000000000e+00 7.273999999999999355e-01 2.637999999999999790e-01 8.800000000000000530e-03 4.450910183864189457e+04
