# id_num orb_a mass spin spin_angle orb_inc orb_ecc orb_arg_periapse orb_ang_mom gen galaxy time_passed gw_freq gw_strain
1.000000000000000000e+00 3.202315962656877309e+04 1.718943822842113534e+01 -1.877619372100760853e-01 1.626827840712226081e+00 3.173723086307263852e+00 1.793452262275970766e-01 1.570796326794896558e+00 -1.000000000000000000e+00 1.000000000000000000e+00 0.000000000000000000e+00 0.000000000000000000e+00 -1.000000000000000000e+00 -1.000000000000000000e+00
7.000000000000000000e+00 3.091872960338543635e+04 1.200401003885747997e+01 -1.294288710321340186e-01 2.997305139116233530e+00 3.103666896557309762e+00 2.280122240407125023e-01 1.570796326794896558e+00 -1.000000000000000000e+00 1.000000000000000000e+00 0.000000000000000000e+00 0.000000000000000000e+00 -1.000000000000000000e+00 -1.000000000000000000e+00
1.400000000000000000e+01 2.787306225009470290e+04 1.637731112974775982e+01 -6.228489937385011527e-02 2.011734449609020370e+00 3.165940833773861485e+00 5.979559376330921550e-02 1.570796326794896558e+00 -1.000000000000000000e+00 1.000000000000000000e+00 0.000000000000000000e+00 0.000000000000000000e+00 -1.000000000000000000e+00 -1.000000000000000000e+00
1.700000000000000000e+01 4.491976494640368765e+04 1.037166974215488047e+01 7.901974032251835034e-02 8.295018938094664840e-01 3.139184292294276091e+00 1.766359934001878185e-01 1.570796326794896558e+00 -1.000000000000000000e+00 1.000000000000000000e+00 0.000000000000000000e+00 0.000000000000000000e+00 -1.000000000000000000e+00 -1.000000000000000000e+00
1.800000000000000000e+01 3.372727679202122818e+04 1.946297314777857679e+01 -1.698795133378511180e-01 1.657620589775950171e+00 3.164847429018815106e+00 9.147263143599271285e-02 1.570796326794896558e+00 -1.000000000000000000e+00 1.000000000000000000e+00 0.000000000000000000e+00 0.000000000000000000e+00 -1.000000000000000000e+00 -1.000000000000000000e+00
3.400000000000000000e+01 4.446815655852539930e+04 1.277680207811814839e+01 -1.340838969735184405e-01 2.035297552515573649e+00 3.116727286088914806e+00 2.182250686407900264e-01 1.570796326794896558e+00 -1.000000000000000000e+00 1.000000000000000000e+00 0.000000000000000000e+00 0.000000000000000000e+00 -1.000000000000000000e+00 -1.000000000000000000e+00
5.200000000000000000e+01 3.739922923931248079e+04 1.304733537560542622e+01 2.916597860805690903e-02 2.733077138339347067e-01 3.104470355891312039e+00 8.372116342552438084e-02 1.570796326794896558e+00 -1.000000000000000000e+00 1.000000000000000000e+00 0.000000000000000000e+00 0.000000000000000000e+00 -1.000000000000000000e+00 -1.000000000000000000e+00
5.600000000000000000e+01 4.719863656464726955e+04 1.777101912964966246e+01 -4.268366390381828079e-02 2.118760764064625324e+00 3.111374845286869029e+00 5.541411887370594966e-03 1.570796326794896558e+00 -1.000000000000000000e+00 1.000000000000000000e+00 0.000000000000000000e+00 0.000000000000000000e+00 -1.000000000000000000e+00 -1.000000000000000000e+00
5.700000000000000000e+01 1.698056131005493080e+04 1.375970756187367527e+01 -5.309191049192496514e-02 1.928927335981982516e+00 3.152569963799296993e+00 1.766894472301062669e-01 1.570796326794896558e+00 -1.000000000000000000e+00 1.000000000000000000e+00 0.000000000000000000e+00 0.000000000000000000e+00 -1.000000000000000000e+00 -1.000000000000000000e+00
6.100000000000000000e+01 2.718248994007658257e+04 3.777580349145689809e+01 8.358040057034421544e-02 9.742643064181784329e-02 3.180310194188983974e+00 1.781656159841794318e-01 1.570796326794896558e+00 -1.000000000000000000e+00 1.000000000000000000e+00 0.000000000000000000e+00 0.000000000000000000e+00 -1.000000000000000000e+00 -1.000000000000000000e+00
6.200000000000000000e+01 1.978296926734744193e+04 2.891693211692268051e+01 2.432855080171927031e-01 1.089896034301170991e+00 3.142460961752082671e+00 1.813370690058430379e-01 1.570796326794896558e+00 -1.000000000000000000e+00 1.000000000000000000e+00 0.000000000000000000e+00 0.000000000000000000e+00 -1.000000000000000000e+00 -1.000000000000000000e+00
7.700000000000000000e+01 3.807696271447494655e+04 1.488779687761897463e+01 -1.365452658298386794e-02 1.816292809293538646e+00 3.123137849341397487e+00 2.440678617216417989e-01 1.570796326794896558e+00 -1.000000000000000000e+00 1.000000000000000000e+00 0.000000000000000000e+00 0.000000000000000000e+00 -1.000000000000000000e+00 -1.000000000000000000e+00
8.300000000000000000e+01 9.903808526881979560e+03 1.830329099482834820e+01 7.939686586064087503e-03 7.843205319591198266e-02 3.158244670034835000e+00 7.392935657804329541e-02 1.570796326794896558e+00 -1.000000000000000000e+00 1.000000000000000000e+00 0.000000000000000000e+00 0.000000000000000000e+00 -1.000000000000000000e+00 -1.000000000000000000e+00
8.800000000000000000e+01 1.698556059269603429e+04 2.074501335025097148e+01 2.596697185232689220e-01 1.564563006808360024e+00 3.131842323236285086e+00 1.198740691429065336e-01 1.570796326794896558e+00 -1.000000000000000000e+00 1.000000000000000000e+00 0.000000000000000000e+00 0.000000000000000000e+00 -1.000000000000000000e+00 -1.000000000000000000e+00
8.900000000000000000e+01 3.276717281319715403e+04 1.225018340524549032e+01 8.468348450260589078e-02 2.220412071860586659e-02 3.101451527885760395e+00 1.455419559606401791e-01 1.570796326794896558e+00 -1.000000000000000000e+00 1.000000000000000000e+00 0.000000000000000000e+00 0.000000000000000000e+00 -1.000000000000000000e+00 -1.000000000000000000e+00
9.000000000000000000e+01 4.294562521259484492e+04 1.015701329181588974e+01 1.155272160159635658e-01 7.573441031897071296e-01 3.155463993774755949e+00 9.914363029842010455e-02 1.570796326794896558e+00 -1.000000000000000000e+00 1.000000000000000000e+00 0.000000000000000000e+00 0.000000000000000000e+00 -1.000000000000000000e+00 -1.000000000000000000e+00
1.030000000000000000e+02 2.380380367330877561e+04 1.190493104687933901e+01 8.247973425472109391e-03 1.520720866749675215e+00 3.174370843808050680e+00 2.025203611338239895e-01 1.570796326794896558e+00 -1.000000000000000000e+00 1.000000000000000000e+00 0.000000000000000000e+00 0.000000000000000000e+00 -1.000000000000000000e+00 -1.000000000000000000e+00
1.110000000000000000e+02 4.512460789296028815e+04 1.788427266267211735e+01 -1.847580948240301960e-02 1.761145709410614213e+00 3.154836416805498978e+00 1.709317526325341008e-01 1.570796326794896558e+00 -1.000000000000000000e+00 1.000000000000000000e+00 0.000000000000000000e+00 0.000000000000000000e+00 -1.000000000000000000e+00 -1.000000000000000000e+00
1.170000000000000000e+02 1.436205509977609472e+04 3.000702133061464139e+01 -5.830498804870476448e-02 2.715643282386612789e+00 3.133860651921627216e+00 1.609437500927750064e-01 1.570796326794896558e+00 -1.000000000000000000e+00 1.000000000000000000e+00 0.000000000000000000e+00 0.000000000000000000e+00 -1.000000000000000000e+00 -1.000000000000000000e+00
1.220000000000000000e+02 2.075837973688139027e+04 3.231550048762743188e+01 -4.787906733234545409e-02 2.423253860741321652e+00 3.145628751411115864e+00 2.327374145642128744e-01 1.570796326794896558e+00 -1.000000000000000000e+00 1.000000000000000000e+00 0.000000000000000000e+00 0.000000000000000000e+00 -1.000000000000000000e+00 -1.000000000000000000e+00
1.280000000000000000e+02 2.788769107994786827e+04 1.100990645709629412e+01 3.060073921655260404e-02 1.339125071599974293e+00 3.112344740781195274e+00 7.005844306207581473e-02 1.570796326794896558e+00 -1.000000000000000000e+00 1.000000000000000000e+00 0.000000000000000000e+00 0.000000000000000000e+00 -1.000000000000000000e+00 -1.000000000000000000e+00
1.380000000000000000e+02 2.384146737029062206e+04 1.200568074811323172e+01 1.158379733810636358e-01 1.141316859923624971e+00 3.116493559951000858e+00 1.871449705432993160e-01 1.570796326794896558e+00 -1.000000000000000000e+00 1.000000000000000000e+00 0.000000000000000000e+00 0.000000000000000000e+00 -1.000000000000000000e+00 -1.000000000000000000e+00
1.390000000000000000e+02 1.225362972452874237e+04 3.645785747411103728e+01 -1.064637639751530966e-02 2.185074793068825905e+00 3.149675500213849677e+00 2.908105214505994351e-01 1.570796326794896558e+00 -1.000000000000000000e+00 1.000000000000000000e+00 0.000000000000000000e+00 0.000000000000000000e+00 -1.000000000000000000e+00 -1.000000000000000000e+00
1.510000000000000000e+02 4.155426177970666322e+04 1.019331586625144936e+01 -2.315673860449021793e-02 2.795285939615390181e+00 3.134300851327040505e+00 2.688884542039373104e-01 1.570796326794896558e+00 -1.000000000000000000e+00 1.000000000000000000e+00 0.000000000000000000e+00 0.000000000000000000e+00 -1.000000000000000000e+00 -1.000000000000000000e+00
1.530000000000000000e+02 1.261604107858139832e+04 2.992140371585550795e+01 -2.380774741242287079e-02 3.035706115578946207e+00 3.131025835486871411e+00 1.526019786135027721e-02 1.570796326794896558e+00 -1.000000000000000000e+00 1.000000000000000000e+00 0.000000000000000000e+00 0.000000000000000000e+00 -1.000000000000000000e+00 -1.000000000000000000e+00
1.610000000000000000e+02 3.954296518419743370e+04 1.427155982663614608e+01 5.159762384218102155e-02 2.110832070636804725e-01 3.163684636310881260e+00 2.340650729663227569e-01 1.570796326794896558e+00 -1.000000000000000000e+00 1.000000000000000000e+00 0.000000000000000000e+00 0.000000000000000000e+00 -1.000000000000000000e+00 -1.000000000000000000e+00
1.640000000000000000e+02 1.449679045181393849e+04 1.442262370096358204e+01 1.519527496906245001e-02 1.173447670998340353e+00 3.148976166866296555e+00 8.689245610865400926e-02 1.570796326794896558e+00 -1.000000000000000000e+00 1.000000000000000000e+00 0.000000000000000000e+00 0.000000000000000000e+00 -1.000000000000000000e+00 -1.000000000000000000e+00
1.770000000000000000e+02 1.158924500660739250e+04 3.222641117640520037e+01 9.815440009051498715e-02 8.717618280641574735e-01 3.156310654025782814e+00 1.933345682712077906e-01 1.570796326794896558e+00 -1.000000000000000000e+00 1.000000000000000000e+00 0.000000000000000000e+00 0.000000000000000000e+00 -1.000000000000000000e+00 -1.000000000000000000e+00
1.810000000000000000e+02 4.337254627267807518e+04 1.080511644794429671e+01 1.561920481666990712e-01 7.278907915315778465e-02 3.133155035957929435e+00 4.486074148808064793e-02 1.570796326794896558e+00 -1.000000000000000000e+00 1.000000000000000000e+00 0.000000000000000000e+00 0.000000000000000000e+00 -1.000000000000000000e+00 -1.000000000000000000e+00
1.870000000000000000e+02 2.185992238739984532e+04 1.131414107957360216e+01 -2.201435495944764065e-01 1.940207673261952426e+00 3.159727818307013436e+00 1.067168930546550654e-01 1.570796326794896558e+00 -1.000000000000000000e+00 1.000000000000000000e+00 0.000000000000000000e+00 0.000000000000000000e+00 -1.000000000000000000e+00 -1.000000000000000000e+00
