# id_num orb_a mass spin spin_angle orb_inc orb_ecc orb_arg_periapse orb_ang_mom gen galaxy time_passed star_X star_Y star_Z radius
2.370000000000000000e+02 4.210880163147727018e+01 1.360519265336554554e+03 8.979999999999999094e-01 1.919659458840553556e+00 0.000000000000000000e+00 7.018087054416899395e-02 1.570796326794896558e+00 1.089229266597456896e+18 1.000000000000000000e+00 0.000000000000000000e+00 0.000000000000000000e+00 7.273999999999999355e-01 2.637999999999999790e-01 8.800000000000000530e-03 3.164690267051893215e+02
2.380000000000000000e+02 3.402634075413512704e+01 1.666995599763525433e+03 8.979999999999999094e-01 1.692164662141706355e+00 0.000000000000000000e+00 4.134580679064067676e-01 0.000000000000000000e+00 1.344019154425430272e+18 1.000000000000000000e+00 0.000000000000000000e+00 0.000000000000000000e+00 7.273999999999999355e-01 2.637999999999999790e-01 8.800000000000000530e-03 3.723188439305853876e+02
2.400000000000000000e+02 3.910881976970040341e+01 1.432974024961493569e+03 8.979999999999999094e-01 1.841183811197719455e+00 0.000000000000000000e+00 1.820826763686244354e-01 1.570796326794896558e+00 1.171203870547955712e+18 1.000000000000000000e+00 0.000000000000000000e+00 0.000000000000000000e+00 7.273999999999999355e-01 2.637999999999999790e-01 8.800000000000000530e-03 3.298816128194952739e+02
2.410000000000000000e+02 3.583234620750721433e+01 1.972402267777789348e+03 8.979999999999999094e-01 1.008896546504414848e+00 0.000000000000000000e+00 3.686323104980995247e-01 1.570796326794896558e+00 1.624388160837196800e+18 1.000000000000000000e+00 0.000000000000000000e+00 0.000000000000000000e+00 7.273999999999999355e-01 2.637999999999999790e-01 8.800000000000000530e-03 4.259551262517860550e+02
2.430000000000000000e+02 3.312457263667646146e+01 1.719051963219258596e+03 8.979999999999999094e-01 1.227027515769426369e+00 0.000000000000000000e+00 3.762992283845371655e-01 1.570796326794896558e+00 1.434957844890916608e+18 1.000000000000000000e+00 0.000000000000000000e+00 0.000000000000000000e+00 7.273999999999999355e-01 2.637999999999999790e-01 8.800000000000000530e-03 3.815914703300909423e+02
2.490000000000000000e+02 5.867247492686561117e+01 2.357175164769953881e+03 8.979999999999999094e-01 7.015473484980128127e-01 0.000000000000000000e+00 5.076323087261604139e-02 1.570796326794896558e+00 2.057202490660525824e+18 1.000000000000000000e+00 0.000000000000000000e+00 0.000000000000000000e+00 7.273999999999999355e-01 2.637999999999999790e-01 8.800000000000000530e-03 4.912255414781672016e+02
2.510000000000000000e+02 4.937607567217746407e+01 2.572021420678784125e+03 8.979999999999999094e-01 1.965646402267395843e+00 0.000000000000000000e+00 4.347772953922930672e-02 0.000000000000000000e+00 2.277281759041132800e+18 1.000000000000000000e+00 0.000000000000000000e+00 0.000000000000000000e+00 7.273999999999999355e-01 2.637999999999999790e-01 8.800000000000000530e-03 5.267288663208800017e+02
2.520000000000000000e+02 5.598725250074041071e+01 2.449717048620383139e+03 8.979999999999999094e-01 1.006109204753927955e+00 0.000000000000000000e+00 3.096213616601376298e-02 1.570796326794896558e+00 2.184900361885794560e+18 1.000000000000000000e+00 0.000000000000000000e+00 0.000000000000000000e+00 7.273999999999999355e-01 2.637999999999999790e-01 8.800000000000000530e-03 5.065941780041865172e+02
2.560000000000000000e+02 4.718156023653028797e+01 2.507708117053085061e+03 8.979999999999999094e-01 1.632982928182380000e+00 0.000000000000000000e+00 5.272700439448816528e-02 1.570796326794896558e+00 2.305985714085182464e+18 1.000000000000000000e+00 0.000000000000000000e+00 0.000000000000000000e+00 7.273999999999999355e-01 2.637999999999999790e-01 8.800000000000000530e-03 5.161655830433138590e+02
2.590000000000000000e+02 6.036226395759564411e+01 3.174254576719761189e+03 8.979999999999999094e-01 1.818757908718089622e+00 0.000000000000000000e+00 1.001856324017541718e-02 0.000000000000000000e+00 2.987094891311034880e+18 1.000000000000000000e+00 0.000000000000000000e+00 0.000000000000000000e+00 7.273999999999999355e-01 2.637999999999999790e-01 8.800000000000000530e-03 6.232766516230533398e+02
2.620000000000000000e+02 4.241703771975451787e+01 3.705619888144219203e+03 8.979999999999999094e-01 1.299631204571676024e+00 0.000000000000000000e+00 1.271657009966225549e-01 1.570796326794896558e+00 3.570427332097416192e+18 1.000000000000000000e+00 0.000000000000000000e+00 0.000000000000000000e+00 7.273999999999999355e-01 2.637999999999999790e-01 8.800000000000000530e-03 7.054336132365607455e+02
2.630000000000000000e+02 4.384930638158251526e+01 3.842243972281170045e+03 8.979999999999999094e-01 1.090616923603563437e+00 0.000000000000000000e+00 6.665594000632396599e-02 1.570796326794896558e+00 3.730469344295602688e+18 1.000000000000000000e+00 0.000000000000000000e+00 0.000000000000000000e+00 7.273999999999999355e-01 2.637999999999999790e-01 8.800000000000000530e-03 7.261651542520168050e+02
2.640000000000000000e+02 4.469747097666633096e+01 3.814821262530400418e+03 8.979999999999999094e-01 1.740114305562683761e+00 0.000000000000000000e+00 1.222223795297379123e-01 1.570796326794896558e+00 3.734357587269591552e+18 1.000000000000000000e+00 0.000000000000000000e+00 0.000000000000000000e+00 7.273999999999999355e-01 2.637999999999999790e-01 8.800000000000000530e-03 7.220159810795813655e+02
2.650000000000000000e+02 5.931660317040057606e+01 4.001336573491074887e+03 8.979999999999999094e-01 1.742951565370192135e+00 0.000000000000000000e+00 7.809212185936616202e-02 0.000000000000000000e+00 3.946472387350175232e+18 1.000000000000000000e+00 0.000000000000000000e+00 0.000000000000000000e+00 7.273999999999999355e-01 2.637999999999999790e-01 8.800000000000000530e-03 7.501213415138208802e+02
2.660000000000000000e+02 3.732324245658993078e+01 4.084596094470391108e+03 8.979999999999999094e-01 1.054665671700396157e+00 0.000000000000000000e+00 1.136169696612046170e-01 0.000000000000000000e+00 4.062018941756014080e+18 1.000000000000000000e+00 0.000000000000000000e+00 0.000000000000000000e+00 7.273999999999999355e-01 2.637999999999999790e-01 8.800000000000000530e-03 7.625823492743260203e+02
2.670000000000000000e+02 5.124223582331992333e+01 4.561063884929386404e+03 8.979999999999999094e-01 1.325199825043086976e+00 0.000000000000000000e+00 1.058406290036536211e-02 0.000000000000000000e+00 4.573022694431025152e+18 1.000000000000000000e+00 0.000000000000000000e+00 0.000000000000000000e+00 7.273999999999999355e-01 2.637999999999999790e-01 8.800000000000000530e-03 8.329527740281349679e+02
2.690000000000000000e+02 6.826711864693044163e+01 4.540080181487020127e+03 8.979999999999999094e-01 1.453101126813816979e+00 0.000000000000000000e+00 1.197303097609127634e-02 1.570796326794896558e+00 4.626497484468075520e+18 1.000000000000000000e+00 0.000000000000000000e+00 0.000000000000000000e+00 7.273999999999999355e-01 2.637999999999999790e-01 8.800000000000000530e-03 8.298856843447765641e+02
2.700000000000000000e+02 5.896224492372343207e+01 4.881666373749148079e+03 8.979999999999999094e-01 1.899684432177256133e+00 0.000000000000000000e+00 5.569264858605301599e-02 0.000000000000000000e+00 5.015109106087755776e+18 1.000000000000000000e+00 0.000000000000000000e+00 0.000000000000000000e+00 7.273999999999999355e-01 2.637999999999999790e-01 8.800000000000000530e-03 8.794718250483181237e+02
2.730000000000000000e+02 8.635517398152998680e+01 5.657466068582014486e+03 8.979999999999999094e-01 2.112627532353260840e+00 0.000000000000000000e+00 9.000000000000001055e-02 1.570796326794896558e+00 5.959798205803506688e+18 1.000000000000000000e+00 0.000000000000000000e+00 0.000000000000000000e+00 7.273999999999999355e-01 2.637999999999999790e-01 8.800000000000000530e-03 9.896121551672374608e+02
2.750000000000000000e+02 7.369230217282714079e+01 6.178730258976241203e+03 8.979999999999999094e-01 1.768817174624339739e+00 0.000000000000000000e+00 6.300512170688526981e-02 1.570796326794896558e+00 6.618112758393229312e+18 1.000000000000000000e+00 0.000000000000000000e+00 0.000000000000000000e+00 7.273999999999999355e-01 2.637999999999999790e-01 8.800000000000000530e-03 1.061907879639156590e+03
2.790000000000000000e+02 8.223108093273258135e+01 7.313828071843466205e+03 8.979999999999999094e-01 1.753509104919368067e+00 0.000000000000000000e+00 2.034895675183044997e-02 1.570796326794896558e+00 8.106215895425375232e+18 1.000000000000000000e+00 0.000000000000000000e+00 0.000000000000000000e+00 7.273999999999999355e-01 2.637999999999999790e-01 8.800000000000000530e-03 1.215299312739510697e+03
2.800000000000000000e+02 8.968128151819892935e+01 7.043610858611585172e+03 8.999999999999999112e-01 9.858198088388602232e-01 0.000000000000000000e+00 3.309164451520142658e-02 0.000000000000000000e+00 7.874079181468486656e+18 1.000000000000000000e+00 0.000000000000000000e+00 0.000000000000000000e+00 7.273999999999999355e-01 2.637999999999999790e-01 8.800000000000000530e-03 1.179244170753416256e+03
2.830000000000000000e+02 8.415978345859740273e+01 8.078800346581065241e+03 8.979999999999999094e-01 7.024553057648463827e-01 0.000000000000000000e+00 1.223861642709844592e-02 0.000000000000000000e+00 9.271163555015733248e+18 1.000000000000000000e+00 0.000000000000000000e+00 0.000000000000000000e+00 7.273999999999999355e-01 2.637999999999999790e-01 8.800000000000000530e-03 1.315966867409006682e+03
2.850000000000000000e+02 9.443736507581580497e+01 9.406169343960304104e+03 8.979999999999999094e-01 1.549140421892649222e+00 0.000000000000000000e+00 9.000000000000001055e-02 1.570796326794896558e+00 1.098699981288892621e+19 1.000000000000000000e+00 0.000000000000000000e+00 0.000000000000000000e+00 7.273999999999999355e-01 2.637999999999999790e-01 8.800000000000000530e-03 1.486269923207559486e+03
2.860000000000000000e+02 1.043314070302203334e+02 9.585786205885695381e+03 8.979999999999999094e-01 1.255889261705599225e+00 0.000000000000000000e+00 9.000000000000001055e-02 0.000000000000000000e+00 1.130084917346717286e+19 1.000000000000000000e+00 0.000000000000000000e+00 0.000000000000000000e+00 7.273999999999999355e-01 2.637999999999999790e-01 8.800000000000000530e-03 1.508931919398521131e+03
2.870000000000000000e+02 8.958698519305283980e+01 9.471355155814533646e+03 8.979999999999999094e-01 2.055253741784043964e+00 0.000000000000000000e+00 1.643836371300728266e-02 0.000000000000000000e+00 1.126256870492911002e+19 1.000000000000000000e+00 0.000000000000000000e+00 0.000000000000000000e+00 7.273999999999999355e-01 2.637999999999999790e-01 8.800000000000000530e-03 1.494504242786489158e+03
2.890000000000000000e+02 9.190090422347525134e+01 1.051701930100628852e+04 8.979999999999999094e-01 6.690989035954332254e-01 0.000000000000000000e+00 9.000000000000001055e-02 1.570796326794896558e+00 1.273673687085320397e+19 1.000000000000000000e+00 0.000000000000000000e+00 0.000000000000000000e+00 7.273999999999999355e-01 2.637999999999999790e-01 8.800000000000000530e-03 1.625105617100469999e+03
2.920000000000000000e+02 1.149208503659767899e+02 1.226511496975340378e+04 8.999999999999999112e-01 1.551502092110558229e+00 0.000000000000000000e+00 2.280204250058914459e-02 1.570796326794896558e+00 1.526926618364971213e+19 1.000000000000000000e+00 0.000000000000000000e+00 0.000000000000000000e+00 7.273999999999999355e-01 2.637999999999999790e-01 8.800000000000000530e-03 1.837827532836500950e+03
2.930000000000000000e+02 1.199321188658246911e+02 1.244603782602799402e+04 8.999999999999999112e-01 6.233942849938443054e-01 0.000000000000000000e+00 1.542492862827779532e-02 1.570796326794896558e+00 1.564026648924832358e+19 1.000000000000000000e+00 0.000000000000000000e+00 0.000000000000000000e+00 7.273999999999999355e-01 2.637999999999999790e-01 8.800000000000000530e-03 1.859483580880552154e+03
2.940000000000000000e+02 1.117199304569954847e+02 1.293355315642511232e+04 9.039999999999999147e-01 8.833728787878591948e-01 0.000000000000000000e+00 9.000000000000001055e-02 0.000000000000000000e+00 1.640472430520590541e+19 1.000000000000000000e+00 0.000000000000000000e+00 0.000000000000000000e+00 7.273999999999999355e-01 2.637999999999999790e-01 8.800000000000000530e-03 1.917528098296516191e+03
2.970000000000000000e+02 1.264556060376789475e+02 1.505903139817214651e+04 8.979999999999999094e-01 1.129037186364764578e+00 0.000000000000000000e+00 1.724387888891984813e-02 1.570796326794896558e+00 1.965612144177090150e+19 1.000000000000000000e+00 0.000000000000000000e+00 0.000000000000000000e+00 7.273999999999999355e-01 2.637999999999999790e-01 8.800000000000000530e-03 2.165733855922555449e+03
2.990000000000000000e+02 1.117143689488080014e+02 1.593405891147604962e+04 8.979999999999999094e-01 1.013496283260512332e+00 0.000000000000000000e+00 1.092316256270554030e-02 1.570796326794896558e+00 2.120020276839974093e+19 1.000000000000000000e+00 0.000000000000000000e+00 0.000000000000000000e+00 7.273999999999999355e-01 2.637999999999999790e-01 8.800000000000000530e-03 2.265836609465361107e+03
3.000000000000000000e+02 1.348977676069947051e+02 1.689701869829708448e+04 8.979999999999999094e-01 2.103189501558836660e+00 0.000000000000000000e+00 1.000000000000000056e-01 1.570796326794896558e+00 2.270397411736943002e+19 1.000000000000000000e+00 0.000000000000000000e+00 0.000000000000000000e+00 7.273999999999999355e-01 2.637999999999999790e-01 8.800000000000000530e-03 2.374737019180318384e+03
3.010000000000000000e+02 1.344412983577900889e+02 1.818001636665893966e+04 8.979999999999999094e-01 9.394167701701675588e-01 0.000000000000000000e+00 9.000000000000001055e-02 1.570796326794896558e+00 2.467054783498406707e+19 1.000000000000000000e+00 0.000000000000000000e+00 0.000000000000000000e+00 7.273999999999999355e-01 2.637999999999999790e-01 8.800000000000000530e-03 2.517925467763180677e+03
3.030000000000000000e+02 1.530357193370433606e+02 1.926032297130128427e+04 8.979999999999999094e-01 2.049915934260010175e+00 0.000000000000000000e+00 1.781712229647568549e-02 1.570796326794896558e+00 2.665510923289523814e+19 1.000000000000000000e+00 0.000000000000000000e+00 0.000000000000000000e+00 7.273999999999999355e-01 2.637999999999999790e-01 8.800000000000000530e-03 2.636928214007710721e+03
3.050000000000000000e+02 1.553501752796714186e+02 2.207872838921915900e+04 8.979999999999999094e-01 9.540348677179864012e-01 0.000000000000000000e+00 8.100000000000001643e-02 1.570796326794896558e+00 3.117643331471835136e+19 1.000000000000000000e+00 0.000000000000000000e+00 0.000000000000000000e+00 7.273999999999999355e-01 2.637999999999999790e-01 8.800000000000000530e-03 2.941349963286291768e+03
3.080000000000000000e+02 1.748405351317231862e+02 2.610847776878736840e+04 9.019999999999999130e-01 1.321761475954548626e+00 0.000000000000000000e+00 9.000000000000001055e-02 1.570796326794896558e+00 3.801216360163740058e+19 1.000000000000000000e+00 0.000000000000000000e+00 0.000000000000000000e+00 7.273999999999999355e-01 2.637999999999999790e-01 8.800000000000000530e-03 3.363509787702429549e+03
3.090000000000000000e+02 2.006445075409719720e+02 2.626858031835353177e+04 8.999999999999999112e-01 1.187900554192107716e+00 0.000000000000000000e+00 9.000000000000001055e-02 1.570796326794896558e+00 3.863874723861204173e+19 1.000000000000000000e+00 0.000000000000000000e+00 0.000000000000000000e+00 7.273999999999999355e-01 2.637999999999999790e-01 8.800000000000000530e-03 3.380000280370775272e+03
3.100000000000000000e+02 1.922915546103901079e+02 2.731272736407458069e+04 8.999999999999999112e-01 5.965046126471609256e-01 0.000000000000000000e+00 1.000000000000000056e-01 1.570796326794896558e+00 4.059338744360665088e+19 1.000000000000000000e+00 0.000000000000000000e+00 0.000000000000000000e+00 7.273999999999999355e-01 2.637999999999999790e-01 8.800000000000000530e-03 3.487060724545774065e+03
3.110000000000000000e+02 1.417398123352376444e+02 2.844588566809099575e+04 8.999999999999999112e-01 1.741197906897369529e+00 0.000000000000000000e+00 2.155488876430044359e-02 0.000000000000000000e+00 4.272547313941132902e+19 1.000000000000000000e+00 0.000000000000000000e+00 0.000000000000000000e+00 7.273999999999999355e-01 2.637999999999999790e-01 8.800000000000000530e-03 3.602326084197859018e+03
3.120000000000000000e+02 2.154231584047361991e+02 3.134823012254909190e+04 9.019999999999999130e-01 2.120141215119394573e+00 0.000000000000000000e+00 9.000000000000001055e-02 0.000000000000000000e+00 4.757925916768671334e+19 1.000000000000000000e+00 0.000000000000000000e+00 0.000000000000000000e+00 7.273999999999999355e-01 2.637999999999999790e-01 8.800000000000000530e-03 3.893479349787411138e+03
3.130000000000000000e+02 1.607715309428718058e+02 3.152510534860043845e+04 8.999999999999999112e-01 9.606165936807066208e-01 0.000000000000000000e+00 2.814167936079911905e-02 1.570796326794896558e+00 4.835306511171371008e+19 1.000000000000000000e+00 0.000000000000000000e+00 0.000000000000000000e+00 7.273999999999999355e-01 2.637999999999999790e-01 8.800000000000000530e-03 3.911043910235523526e+03
3.140000000000000000e+02 7.582735946813812689e+01 3.344799928439367068e+04 9.019999999999999130e-01 1.326366194740753457e+00 0.000000000000000000e+00 9.847709021836121082e-03 0.000000000000000000e+00 5.185605976041348301e+19 1.000000000000000000e+00 0.000000000000000000e+00 0.000000000000000000e+00 7.273999999999999355e-01 2.637999999999999790e-01 8.800000000000000530e-03 4.100752618415245706e+03
3.160000000000000000e+02 1.694512394229766130e+02 3.712252345180625707e+04 8.999999999999999112e-01 9.937946441136228382e-01 0.000000000000000000e+00 2.436428667831392128e-02 1.570796326794896558e+00 5.881015403664890266e+19 1.000000000000000000e+00 0.000000000000000000e+00 0.000000000000000000e+00 7.273999999999999355e-01 2.637999999999999790e-01 8.800000000000000530e-03 4.457357285043102820e+03
3.180000000000000000e+02 1.622237418930367312e+02 4.115365209180214879e+04 8.999999999999999112e-01 2.099678393923042563e+00 0.000000000000000000e+00 2.261542374141480710e-02 1.570796326794896558e+00 6.664232431865393152e+19 1.000000000000000000e+00 0.000000000000000000e+00 0.000000000000000000e+00 7.273999999999999355e-01 2.637999999999999790e-01 8.800000000000000530e-03 4.840543865503057532e+03
3.190000000000000000e+02 1.076209589358138601e+02 4.410399025482932484e+04 9.019999999999999130e-01 8.112511863061193651e-01 0.000000000000000000e+00 1.000000000000000056e-01 0.000000000000000000e+00 7.221857664879191654e+19 1.000000000000000000e+00 0.000000000000000000e+00 0.000000000000000000e+00 7.273999999999999355e-01 2.637999999999999790e-01 8.800000000000000530e-03 5.116226483936820841e+03
3.200000000000000000e+02 1.766631950095952845e+02 4.537130405449357204e+04 8.999999999999999112e-01 1.313735393019761055e+00 0.000000000000000000e+00 1.000000000000000056e-01 1.570796326794896558e+00 7.511510879331231334e+19 1.000000000000000000e+00 0.000000000000000000e+00 0.000000000000000000e+00 7.273999999999999355e-01 2.637999999999999790e-01 8.800000000000000530e-03 5.233502839850646524e+03
3.220000000000000000e+02 6.161419817980309972e+02 5.150190658273148438e+04 9.039999999999999147e-01 1.876740998321409837e+00 0.000000000000000000e+00 9.000000000000001055e-02 1.570796326794896558e+00 8.721136740510623334e+19 1.000000000000000000e+00 0.000000000000000000e+00 0.000000000000000000e+00 7.273999999999999355e-01 2.637999999999999790e-01 8.800000000000000530e-03 5.791967284135839691e+03
3.230000000000000000e+02 2.244547413627222738e+02 5.245902020184834691e+04 9.019999999999999130e-01 8.825166001497076751e-01 0.000000000000000000e+00 9.000000000000001055e-02 0.000000000000000000e+00 8.984556893007734374e+19 1.000000000000000000e+00 0.000000000000000000e+00 0.000000000000000000e+00 7.273999999999999355e-01 2.637999999999999790e-01 8.800000000000000530e-03 5.877918966313282908e+03
3.250000000000000000e+02 1.425151919995862784e+02 5.906670257867142209e+04 9.059999999999999165e-01 6.526563757233041496e-01 0.000000000000000000e+00 1.000000000000000056e-01 0.000000000000000000e+00 1.035225274311233208e+20 1.000000000000000000e+00 0.000000000000000000e+00 0.000000000000000000e+00 7.273999999999999355e-01 2.637999999999999790e-01 8.800000000000000530e-03 6.463111319139482475e+03
3.260000000000000000e+02 4.482729531645197198e+02 6.326872445797744149e+04 9.039999999999999147e-01 1.177709688047558823e+00 0.000000000000000000e+00 9.000000000000001055e-02 1.570796326794896558e+00 1.121737099596252774e+20 1.000000000000000000e+00 0.000000000000000000e+00 0.000000000000000000e+00 7.273999999999999355e-01 2.637999999999999790e-01 8.800000000000000530e-03 6.828396290852223501e+03
3.270000000000000000e+02 9.308510127469467932e+01 6.556821772144467104e+04 9.019999999999999130e-01 1.086090160351046885e+00 0.000000000000000000e+00 9.000000000000001055e-02 1.570796326794896558e+00 1.176336481068431114e+20 1.000000000000000000e+00 0.000000000000000000e+00 0.000000000000000000e+00 7.273999999999999355e-01 2.637999999999999790e-01 8.800000000000000530e-03 7.026226693585203066e+03
3.280000000000000000e+02 2.882460741519967655e+02 7.014748783628543606e+04 8.999999999999999112e-01 1.900746261376337731e+00 0.000000000000000000e+00 9.000000000000001055e-02 0.000000000000000000e+00 1.273402392658444616e+20 1.000000000000000000e+00 0.000000000000000000e+00 0.000000000000000000e+00 7.273999999999999355e-01 2.637999999999999790e-01 8.800000000000000530e-03 7.416126900816507259e+03
3.290000000000000000e+02 7.700000000000001137e+02 7.525165359621938842e+04 8.979999999999999094e-01 2.136381894109463442e+00 0.000000000000000000e+00 1.000000000000000056e-01 1.570796326794896558e+00 1.382366005435945779e+20 1.000000000000000000e+00 0.000000000000000000e+00 0.000000000000000000e+00 7.273999999999999355e-01 2.637999999999999790e-01 8.800000000000000530e-03 7.844771403867531262e+03
3.300000000000000000e+02 7.700000000000001137e+02 7.928900139205061714e+04 8.979999999999999094e-01 1.536304475543754489e+00 0.000000000000000000e+00 1.000000000000000056e-01 1.570796326794896558e+00 1.474233573962262610e+20 1.000000000000000000e+00 0.000000000000000000e+00 0.000000000000000000e+00 7.273999999999999355e-01 2.637999999999999790e-01 8.800000000000000530e-03 8.179708239763865095e+03
3.350000000000000000e+02 7.700000000000001137e+02 1.033122823033237946e+05 8.979999999999999094e-01 9.754291957656040513e-01 0.000000000000000000e+00 1.000000000000000056e-01 1.570796326794896558e+00 2.042288946599588332e+20 1.000000000000000000e+00 0.000000000000000000e+00 0.000000000000000000e+00 7.273999999999999355e-01 2.637999999999999790e-01 8.800000000000000530e-03 1.010855362433032133e+04
3.370000000000000000e+02 7.700000000000001137e+02 1.169146604563091532e+05 8.979999999999999094e-01 1.415757937940145705e+00 0.000000000000000000e+00 1.000000000000000056e-01 1.570796326794896558e+00 2.370030240634517586e+20 1.000000000000000000e+00 0.000000000000000000e+00 0.000000000000000000e+00 7.273999999999999355e-01 2.637999999999999790e-01 8.800000000000000530e-03 1.115995986792154872e+04
3.410000000000000000e+02 7.700000000000001137e+02 1.502047016315521032e+05 8.979999999999999094e-01 6.046778634350050696e-01 0.000000000000000000e+00 1.000000000000000056e-01 1.570796326794896558e+00 3.206719663405947945e+20 1.000000000000000000e+00 0.000000000000000000e+00 0.000000000000000000e+00 7.273999999999999355e-01 2.637999999999999790e-01 8.800000000000000530e-03 1.363685668105089644e+04
3.420000000000000000e+02 7.700000000000001137e+02 1.571800140527558397e+05 8.979999999999999094e-01 1.923356206116402456e+00 0.000000000000000000e+00 1.000000000000000056e-01 1.570796326794896558e+00 3.400228294641384161e+20 1.000000000000000000e+00 0.000000000000000000e+00 0.000000000000000000e+00 7.273999999999999355e-01 2.637999999999999790e-01 8.800000000000000530e-03 1.414116902488688538e+04
3.430000000000000000e+02 7.700000000000001137e+02 1.688652220795492467e+05 8.979999999999999094e-01 1.838304070584651395e+00 0.000000000000000000e+00 1.000000000000000056e-01 1.570796326794896558e+00 3.701651686640493527e+20 1.000000000000000000e+00 0.000000000000000000e+00 0.000000000000000000e+00 7.273999999999999355e-01 2.637999999999999790e-01 8.800000000000000530e-03 1.497613088897105990e+04
3.450000000000000000e+02 7.700000000000001137e+02 1.882138909955945564e+05 8.979999999999999094e-01 1.999425888230272230e+00 0.000000000000000000e+00 1.000000000000000056e-01 0.000000000000000000e+00 4.238955106658193900e+20 1.000000000000000000e+00 0.000000000000000000e+00 0.000000000000000000e+00 7.273999999999999355e-01 2.637999999999999790e-01 8.800000000000000530e-03 1.633385865617545642e+04
3.460000000000000000e+02 7.700000000000001137e+02 2.050305825985926203e+05 8.979999999999999094e-01 1.794769646362775806e+00 0.000000000000000000e+00 1.000000000000000056e-01 1.570796326794896558e+00 4.680926130651895562e+20 1.000000000000000000e+00 0.000000000000000000e+00 0.000000000000000000e+00 7.273999999999999355e-01 2.637999999999999790e-01 8.800000000000000530e-03 1.749131138479854417e+04
3.470000000000000000e+02 7.700000000000001137e+02 2.175925003072509426e+05 8.979999999999999094e-01 1.504938067011919234e+00 0.000000000000000000e+00 1.000000000000000056e-01 0.000000000000000000e+00 5.036380962224852828e+20 1.000000000000000000e+00 0.000000000000000000e+00 0.000000000000000000e+00 7.273999999999999355e-01 2.637999999999999790e-01 8.800000000000000530e-03 1.834351641741490675e+04
3.480000000000000000e+02 7.700000000000001137e+02 2.312239003306717204e+05 8.979999999999999094e-01 2.148452928106358684e+00 0.000000000000000000e+00 1.000000000000000056e-01 0.000000000000000000e+00 5.427147134714968146e+20 1.000000000000000000e+00 0.000000000000000000e+00 0.000000000000000000e+00 7.273999999999999355e-01 2.637999999999999790e-01 8.800000000000000530e-03 1.925722181257489137e+04
3.490000000000000000e+02 7.700000000000001137e+02 2.469081876248306071e+05 8.979999999999999094e-01 6.314542589752369928e-01 0.000000000000000000e+00 1.000000000000000056e-01 0.000000000000000000e+00 5.876844639913233613e+20 1.000000000000000000e+00 0.000000000000000000e+00 0.000000000000000000e+00 7.273999999999999355e-01 2.637999999999999790e-01 8.800000000000000530e-03 2.029531741460421108e+04
3.500000000000000000e+02 7.700000000000001137e+02 2.654775343128441018e+05 8.979999999999999094e-01 1.984093138527031064e+00 0.000000000000000000e+00 1.000000000000000056e-01 0.000000000000000000e+00 6.408589988585802301e+20 1.000000000000000000e+00 0.000000000000000000e+00 0.000000000000000000e+00 7.273999999999999355e-01 2.637999999999999790e-01 8.800000000000000530e-03 2.150748729234817438e+04
3.520000000000000000e+02 7.700000000000001137e+02 3.025731157628246001e+05 8.979999999999999094e-01 9.955721876685098559e-01 0.000000000000000000e+00 1.000000000000000056e-01 0.000000000000000000e+00 7.515851438647506371e+20 1.000000000000000000e+00 0.000000000000000000e+00 0.000000000000000000e+00 7.273999999999999355e-01 2.637999999999999790e-01 8.800000000000000530e-03 2.387985715724008332e+04
3.530000000000000000e+02 7.700000000000001137e+02 3.203810507969934260e+05 8.979999999999999094e-01 1.912122327466736493e+00 0.000000000000000000e+00 1.000000000000000056e-01 1.570796326794896558e+00 8.074747498396770632e+20 1.000000000000000000e+00 0.000000000000000000e+00 0.000000000000000000e+00 7.273999999999999355e-01 2.637999999999999790e-01 8.800000000000000530e-03 2.499774950695985171e+04
3.550000000000000000e+02 7.700000000000001137e+02 3.713220205840902636e+05 8.979999999999999094e-01 2.141439140508054617e+00 0.000000000000000000e+00 1.000000000000000056e-01 0.000000000000000000e+00 9.638199399069236593e+20 1.000000000000000000e+00 0.000000000000000000e+00 0.000000000000000000e+00 7.273999999999999355e-01 2.637999999999999790e-01 8.800000000000000530e-03 2.812988901654251822e+04
3.570000000000000000e+02 7.700000000000001137e+02 4.279003985821708338e+05 8.979999999999999094e-01 1.010466489536587575e+00 0.000000000000000000e+00 1.000000000000000056e-01 0.000000000000000000e+00 1.144443689853226713e+21 1.000000000000000000e+00 0.000000000000000000e+00 0.000000000000000000e+00 7.273999999999999355e-01 2.637999999999999790e-01 8.800000000000000530e-03 3.150950694671420570e+04
3.580000000000000000e+02 7.700000000000001137e+02 4.567904469446603907e+05 8.979999999999999094e-01 6.010863181275701850e-01 0.000000000000000000e+00 1.000000000000000056e-01 0.000000000000000000e+00 1.240323648493549519e+21 1.000000000000000000e+00 0.000000000000000000e+00 0.000000000000000000e+00 7.273999999999999355e-01 2.637999999999999790e-01 8.800000000000000530e-03 3.320022789836396987e+04
3.590000000000000000e+02 7.700000000000001137e+02 4.935403021709444583e+05 8.979999999999999094e-01 0.000000000000000000e+00 0.000000000000000000e+00 1.000000000000000056e-01 0.000000000000000000e+00 1.360791713027923902e+21 1.000000000000000000e+00 0.000000000000000000e+00 0.000000000000000000e+00 7.273999999999999355e-01 2.637999999999999790e-01 8.800000000000000530e-03 3.532039508109723829e+04
3.600000000000000000e+02 7.700000000000001137e+02 5.278086937719424022e+05 8.979999999999999094e-01 1.824886086178383993e+00 0.000000000000000000e+00 1.000000000000000056e-01 0.000000000000000000e+00 1.478078017839871820e+21 1.000000000000000000e+00 0.000000000000000000e+00 0.000000000000000000e+00 7.273999999999999355e-01 2.637999999999999790e-01 8.800000000000000530e-03 3.726908120267802587e+04
3.620000000000000000e+02 7.700000000000001137e+02 6.125525233995052986e+05 8.979999999999999094e-01 9.229657914335539504e-01 0.000000000000000000e+00 1.000000000000000056e-01 0.000000000000000000e+00 1.770023020184018878e+21 1.000000000000000000e+00 0.000000000000000000e+00 0.000000000000000000e+00 7.273999999999999355e-01 2.637999999999999790e-01 8.800000000000000530e-03 4.198383642507179320e+04
