# id_num orb_a mass spin spin_angle orb_inc orb_ecc orb_arg_periapse orb_ang_mom gen galaxy time_passed gw_freq gw_strain
0.000000000000000000e+00 6.542067671294465072e+03 1.515880991230648611e+01 3.095860959831536752e-01 6.643838614511056173e-01 3.148268240383667926e+00 9.139562374916432308e-02 1.570796326794896558e+00 -1.000000000000000000e+00 1.000000000000000000e+00 0.000000000000000000e+00 0.000000000000000000e+00 -1.000000000000000000e+00 -1.000000000000000000e+00
1.600000000000000000e+01 2.853609705458727694e+04 1.097440680327458651e+01 -2.078493650610843957e-01 1.718127694598183375e+00 3.111081816050508930e+00 1.002538800688751175e-01 1.570796326794896558e+00 -1.000000000000000000e+00 1.000000000000000000e+00 0.000000000000000000e+00 0.000000000000000000e+00 -1.000000000000000000e+00 -1.000000000000000000e+00
2.000000000000000000e+01 3.857574690842778364e+04 3.508441039558678654e+01 1.502505997338848265e-01 8.253923991850942166e-01 3.151988683619915133e+00 8.800688781666443639e-02 1.570796326794896558e+00 -1.000000000000000000e+00 1.000000000000000000e+00 0.000000000000000000e+00 0.000000000000000000e+00 -1.000000000000000000e+00 -1.000000000000000000e+00
3.200000000000000000e+01 1.964060283015340246e+04 1.838792001711017576e+01 -7.670490163474574796e-02 2.392408934762085604e+00 3.155874297571111153e+00 1.322406021911416707e-01 1.570796326794896558e+00 -1.000000000000000000e+00 1.000000000000000000e+00 0.000000000000000000e+00 0.000000000000000000e+00 -1.000000000000000000e+00 -1.000000000000000000e+00
5.200000000000000000e+01 4.700310593050834723e+04 1.833139857003716600e+01 1.087249824945104165e-01 4.888522671172478851e-01 3.128339910139950053e+00 3.131700923595134856e-02 1.570796326794896558e+00 -1.000000000000000000e+00 1.000000000000000000e+00 0.000000000000000000e+00 0.000000000000000000e+00 -1.000000000000000000e+00 -1.000000000000000000e+00
7.000000000000000000e+01 4.793020064487642958e+04 3.472276873326720903e+01 -3.368597269532791569e-03 2.753719157746221669e+00 3.115446240103045383e+00 8.400533565464881475e-03 1.570796326794896558e+00 -1.000000000000000000e+00 1.000000000000000000e+00 0.000000000000000000e+00 0.000000000000000000e+00 -1.000000000000000000e+00 -1.000000000000000000e+00
7.500000000000000000e+01 7.433191857103723123e+03 1.017870383176714100e+01 4.951611505598685348e-02 2.158691589223488694e-01 3.138918018797224097e+00 2.054890972098404323e-01 1.570796326794896558e+00 -1.000000000000000000e+00 1.000000000000000000e+00 0.000000000000000000e+00 0.000000000000000000e+00 -1.000000000000000000e+00 -1.000000000000000000e+00
7.800000000000000000e+01 1.900643884472733043e+04 1.127814839858532814e+01 5.998929726584298350e-02 3.275736278994550443e-01 3.145645755877275018e+00 2.931037908339817477e-02 1.570796326794896558e+00 -1.000000000000000000e+00 1.000000000000000000e+00 0.000000000000000000e+00 0.000000000000000000e+00 -1.000000000000000000e+00 -1.000000000000000000e+00
7.900000000000000000e+01 4.084332964370124500e+03 1.904080051675317264e+01 3.057459873748372137e-02 4.460615478116352617e-01 3.150372372276941668e+00 2.197083779143494398e-01 1.570796326794896558e+00 -1.000000000000000000e+00 1.000000000000000000e+00 0.000000000000000000e+00 0.000000000000000000e+00 -1.000000000000000000e+00 -1.000000000000000000e+00
8.400000000000000000e+01 4.694065260885431053e+04 1.425072190089986357e+01 -1.323872575010829056e-01 2.629966096106175932e+00 3.183815239616605730e+00 9.962156367722672934e-02 1.570796326794896558e+00 -1.000000000000000000e+00 1.000000000000000000e+00 0.000000000000000000e+00 0.000000000000000000e+00 -1.000000000000000000e+00 -1.000000000000000000e+00
8.800000000000000000e+01 2.314192478927128468e+04 1.860875591167768306e+01 -3.319314097370395372e-02 2.008879708527078645e+00 3.121320826134151627e+00 1.023952771024979752e-01 1.570796326794896558e+00 -1.000000000000000000e+00 1.000000000000000000e+00 0.000000000000000000e+00 0.000000000000000000e+00 -1.000000000000000000e+00 -1.000000000000000000e+00
9.000000000000000000e+01 2.248509682031697230e+04 1.172165205577155866e+01 4.590301845798294006e-03 9.594270742038039090e-01 3.112742791890616978e+00 5.791326668004504602e-02 1.570796326794896558e+00 -1.000000000000000000e+00 1.000000000000000000e+00 0.000000000000000000e+00 0.000000000000000000e+00 -1.000000000000000000e+00 -1.000000000000000000e+00
9.300000000000000000e+01 1.606962377553693477e+04 1.600480906752379084e+01 1.227773910113710287e-01 7.720835019319192138e-01 3.162631867193371082e+00 2.070208232148337268e-01 1.570796326794896558e+00 -1.000000000000000000e+00 1.000000000000000000e+00 0.000000000000000000e+00 0.000000000000000000e+00 -1.000000000000000000e+00 -1.000000000000000000e+00
1.000000000000000000e+02 2.270475043825924513e+04 1.414532455805410649e+01 -2.903427744850680184e-02 2.486412095169476366e+00 3.168237324670327926e+00 1.847623091777953960e-02 1.570796326794896558e+00 -1.000000000000000000e+00 1.000000000000000000e+00 0.000000000000000000e+00 0.000000000000000000e+00 -1.000000000000000000e+00 -1.000000000000000000e+00
1.110000000000000000e+02 1.664102232063026895e+04 2.813439561324671701e+01 -1.017743581127358334e-02 2.150035826530234839e+00 3.124022697919268232e+00 2.569835749528905436e-02 1.570796326794896558e+00 -1.000000000000000000e+00 1.000000000000000000e+00 0.000000000000000000e+00 0.000000000000000000e+00 -1.000000000000000000e+00 -1.000000000000000000e+00
1.120000000000000000e+02 4.980937754054155812e+04 1.438575065975703460e+01 -5.021097212470222379e-03 1.681690070881799670e+00 3.114560036325272119e+00 1.882682674912737608e-01 1.570796326794896558e+00 -1.000000000000000000e+00 1.000000000000000000e+00 0.000000000000000000e+00 0.000000000000000000e+00 -1.000000000000000000e+00 -1.000000000000000000e+00
1.320000000000000000e+02 2.485685489752572175e+04 2.143801824544113188e+01 -1.303815679112204085e-01 1.714496183318054534e+00 3.160182141686068480e+00 8.597669430496909793e-02 1.570796326794896558e+00 -1.000000000000000000e+00 1.000000000000000000e+00 0.000000000000000000e+00 0.000000000000000000e+00 -1.000000000000000000e+00 -1.000000000000000000e+00
1.380000000000000000e+02 1.825824822501231756e+04 1.109601562080287351e+01 -2.657437447524121574e-02 1.639594302804064707e+00 3.144802499703800880e+00 5.775842116704739404e-02 1.570796326794896558e+00 -1.000000000000000000e+00 1.000000000000000000e+00 0.000000000000000000e+00 0.000000000000000000e+00 -1.000000000000000000e+00 -1.000000000000000000e+00
1.450000000000000000e+02 2.127204238125979828e+03 2.335593228310329650e+01 -1.883498187813316127e-01 2.194229249726344921e+00 3.127180515858604792e+00 3.087684839464928388e-02 1.570796326794896558e+00 -1.000000000000000000e+00 1.000000000000000000e+00 0.000000000000000000e+00 0.000000000000000000e+00 -1.000000000000000000e+00 -1.000000000000000000e+00
1.500000000000000000e+02 2.944077283426302529e+03 1.008315065207048633e+01 -6.042327042690615047e-02 2.475441287729694295e+00 3.123406366249557475e+00 1.415360308034091241e-01 1.570796326794896558e+00 -1.000000000000000000e+00 1.000000000000000000e+00 0.000000000000000000e+00 0.000000000000000000e+00 -1.000000000000000000e+00 -1.000000000000000000e+00
1.580000000000000000e+02 1.367115139385217844e+04 1.327030715914927228e+01 3.685923847040264989e-02 3.898924855501060271e-01 3.122800609335437461e+00 1.435052215681764942e-01 1.570796326794896558e+00 -1.000000000000000000e+00 1.000000000000000000e+00 0.000000000000000000e+00 0.000000000000000000e+00 -1.000000000000000000e+00 -1.000000000000000000e+00
1.670000000000000000e+02 4.007888114744208724e+04 2.692459721095251979e+01 -1.977718381780908807e-02 2.430640707262563982e+00 3.154109415355473178e+00 1.017631553011962842e-01 1.570796326794896558e+00 -1.000000000000000000e+00 1.000000000000000000e+00 0.000000000000000000e+00 0.000000000000000000e+00 -1.000000000000000000e+00 -1.000000000000000000e+00
1.720000000000000000e+02 2.842972913676710596e+04 2.030431291041390196e+01 -1.685350343462582376e-02 2.063053447712243305e+00 3.125151489926056847e+00 8.930432369265001169e-02 1.570796326794896558e+00 -1.000000000000000000e+00 1.000000000000000000e+00 0.000000000000000000e+00 0.000000000000000000e+00 -1.000000000000000000e+00 -1.000000000000000000e+00
1.790000000000000000e+02 1.045472610134886600e+04 2.091227563800249456e+01 7.564910733742430393e-02 7.076306546281300180e-01 3.115764390762210567e+00 1.650410643448557702e-01 1.570796326794896558e+00 -1.000000000000000000e+00 1.000000000000000000e+00 0.000000000000000000e+00 0.000000000000000000e+00 -1.000000000000000000e+00 -1.000000000000000000e+00
1.830000000000000000e+02 2.531575839918697602e+04 3.840307293282332068e+01 -4.447807475381687636e-02 2.371325148617597023e+00 3.161711880812109854e+00 6.952828896212363829e-02 1.570796326794896558e+00 -1.000000000000000000e+00 1.000000000000000000e+00 0.000000000000000000e+00 0.000000000000000000e+00 -1.000000000000000000e+00 -1.000000000000000000e+00
1.880000000000000000e+02 1.526009472930616903e+04 2.287625678489182945e+01 -8.882437421110993270e-02 2.893021185342130153e+00 3.121843294131525059e+00 6.586391484209215552e-02 1.570796326794896558e+00 -1.000000000000000000e+00 1.000000000000000000e+00 0.000000000000000000e+00 0.000000000000000000e+00 -1.000000000000000000e+00 -1.000000000000000000e+00
1.950000000000000000e+02 5.883536441288661990e+03 2.169326401461191622e+01 -8.436890986641963283e-03 2.408415867577425651e+00 3.131221084589701054e+00 2.458557462648641723e-01 1.570796326794896558e+00 -1.000000000000000000e+00 1.000000000000000000e+00 0.000000000000000000e+00 0.000000000000000000e+00 -1.000000000000000000e+00 -1.000000000000000000e+00
1.990000000000000000e+02 4.859616503562640719e+04 1.098741240419161258e+01 -2.082621116566739095e-01 1.951274254869159730e+00 3.179165624897761777e+00 3.342266647458030232e-02 1.570796326794896558e+00 -1.000000000000000000e+00 1.000000000000000000e+00 0.000000000000000000e+00 0.000000000000000000e+00 -1.000000000000000000e+00 -1.000000000000000000e+00
