# id_num orb_a mass spin spin_angle orb_inc orb_ecc orb_arg_periapse orb_ang_mom gen galaxy time_passed gw_freq gw_strain
1.000000000000000000e+00 3.896888902229612722e+04 2.909514052262385420e+01 -1.681734366491159649e-02 1.867680586170677115e+00 3.167752255093321256e+00 1.000000000000000021e-02 0.000000000000000000e+00 1.000000000000000000e+00 1.000000000000000000e+00 0.000000000000000000e+00 0.000000000000000000e+00 -1.000000000000000000e+00 -1.000000000000000000e+00
2.000000000000000000e+00 3.650541459113733436e+04 3.619462812609754820e+01 2.075798528701953971e-02 1.490682133890905758e+00 3.135257317251358700e+00 8.993064448050777648e-02 0.000000000000000000e+00 1.000000000000000000e+00 1.000000000000000000e+00 0.000000000000000000e+00 0.000000000000000000e+00 -1.000000000000000000e+00 -1.000000000000000000e+00
3.000000000000000000e+00 1.969464229759641239e+04 1.349877685033815666e+01 -9.190751222578232016e-02 1.974775386686787204e+00 3.130195786706206906e+00 2.737225509962106298e-02 1.570796326794896558e+00 1.000000000000000000e+00 1.000000000000000000e+00 0.000000000000000000e+00 0.000000000000000000e+00 -1.000000000000000000e+00 -1.000000000000000000e+00
5.000000000000000000e+00 4.063707574939309416e+04 3.035915820691355549e+01 -7.270712354096189878e-02 2.147769910825320316e+00 3.102541305904506608e+00 1.686091780831638909e-02 0.000000000000000000e+00 1.000000000000000000e+00 1.000000000000000000e+00 0.000000000000000000e+00 0.000000000000000000e+00 -1.000000000000000000e+00 -1.000000000000000000e+00
6.000000000000000000e+00 6.626389933164326749e+02 1.592524910584850240e+01 -2.964077535071584640e-02 9.851276537445767811e-01 1.654361782869888386e-02 3.102443013416337353e-02 0.000000000000000000e+00 1.000000000000000000e+00 1.000000000000000000e+00 0.000000000000000000e+00 0.000000000000000000e+00 -1.000000000000000000e+00 -1.000000000000000000e+00
7.000000000000000000e+00 8.914666517665020365e+03 1.573076224886143137e+01 -6.211442500234744257e-02 2.370116734066227249e+00 3.131371169227950446e+00 9.000000000000001055e-02 1.570796326794896558e+00 1.000000000000000000e+00 1.000000000000000000e+00 0.000000000000000000e+00 0.000000000000000000e+00 -1.000000000000000000e+00 -1.000000000000000000e+00
9.000000000000000000e+00 2.736995294561208357e+04 1.537983618301008093e+01 2.877374445090453980e-02 1.646369077376728107e+00 3.164296076465684671e+00 2.482890162399676443e-02 1.570796326794896558e+00 1.000000000000000000e+00 1.000000000000000000e+00 0.000000000000000000e+00 0.000000000000000000e+00 -1.000000000000000000e+00 -1.000000000000000000e+00
1.000000000000000000e+01 3.133106887264232864e+04 1.622214580861216149e+01 -7.865958100838152389e-02 2.229778569590588955e+00 -3.398587446163015696e-02 3.112676029906253153e-02 0.000000000000000000e+00 1.000000000000000000e+00 1.000000000000000000e+00 0.000000000000000000e+00 0.000000000000000000e+00 -1.000000000000000000e+00 -1.000000000000000000e+00
1.300000000000000000e+01 4.597473604029633134e+04 1.793840016495785861e+01 1.386951610169343541e-01 8.175769580885687837e-01 3.146218112938499178e+00 3.325785370186162132e-02 0.000000000000000000e+00 1.000000000000000000e+00 1.000000000000000000e+00 0.000000000000000000e+00 0.000000000000000000e+00 -1.000000000000000000e+00 -1.000000000000000000e+00
1.700000000000000000e+01 3.993570775935542770e+04 1.115053521640710521e+01 3.385581479066833432e-02 9.550420267545047803e-01 3.147658403893132117e+00 4.829417815349798526e-02 1.570796326794896558e+00 1.000000000000000000e+00 1.000000000000000000e+00 0.000000000000000000e+00 0.000000000000000000e+00 -1.000000000000000000e+00 -1.000000000000000000e+00
1.900000000000000000e+01 3.485872687131234125e+04 1.330400654677458760e+01 1.315963867163610218e-02 1.098896021971478287e+00 3.131085546494336125e+00 3.217820032057640972e-02 1.570796326794896558e+00 1.000000000000000000e+00 1.000000000000000000e+00 0.000000000000000000e+00 0.000000000000000000e+00 -1.000000000000000000e+00 -1.000000000000000000e+00
2.200000000000000000e+01 4.802360861823643063e+04 3.594835570939630998e+01 -2.680043766708301023e-01 2.625686388803149196e+00 -1.008170767471295269e-02 1.167701207903547658e-02 0.000000000000000000e+00 1.000000000000000000e+00 1.000000000000000000e+00 0.000000000000000000e+00 0.000000000000000000e+00 -1.000000000000000000e+00 -1.000000000000000000e+00
2.500000000000000000e+01 4.040989113751473383e+02 1.055738277760903721e+01 -1.057485864315830387e-01 2.588235216257389837e+00 3.615853989118452978e-03 3.520518034806458668e-02 1.570796326794896558e+00 1.000000000000000000e+00 1.000000000000000000e+00 0.000000000000000000e+00 0.000000000000000000e+00 -1.000000000000000000e+00 -1.000000000000000000e+00
2.700000000000000000e+01 5.000000000000000000e+04 1.030187282366024704e+01 -4.698736793993494448e-02 1.693144552079742793e+00 3.974974170186749284e-03 7.744842857939478187e-02 1.570796326794896558e+00 1.000000000000000000e+00 1.000000000000000000e+00 0.000000000000000000e+00 0.000000000000000000e+00 -1.000000000000000000e+00 -1.000000000000000000e+00
2.800000000000000000e+01 3.878602321259614314e+02 3.458488229555591431e+01 -3.000009892604618700e-02 1.370938041556796660e+00 3.130135870523516495e+00 2.525337348552018218e-02 0.000000000000000000e+00 1.000000000000000000e+00 1.000000000000000000e+00 0.000000000000000000e+00 0.000000000000000000e+00 -1.000000000000000000e+00 -1.000000000000000000e+00
3.600000000000000000e+01 2.748061777586668177e+04 2.585620532483060074e+01 -4.480435944449151497e-02 1.433253527012757989e+00 3.166422492073246886e+00 7.564067662421049276e-02 1.570796326794896558e+00 1.000000000000000000e+00 1.000000000000000000e+00 0.000000000000000000e+00 0.000000000000000000e+00 -1.000000000000000000e+00 -1.000000000000000000e+00
3.700000000000000000e+01 2.939157734442859146e+04 1.579386732913491365e+01 -4.694373643900837806e-02 1.905206917151836876e+00 -2.634774340350695340e-02 1.492377536733582866e-02 1.570796326794896558e+00 1.000000000000000000e+00 1.000000000000000000e+00 0.000000000000000000e+00 0.000000000000000000e+00 -1.000000000000000000e+00 -1.000000000000000000e+00
3.800000000000000000e+01 3.931931864417045290e+04 1.231238971980095442e+01 -1.085610158630130190e-01 2.524145313919834432e+00 2.440523896907027812e-02 4.574885053436107685e-02 0.000000000000000000e+00 1.000000000000000000e+00 1.000000000000000000e+00 0.000000000000000000e+00 0.000000000000000000e+00 -1.000000000000000000e+00 -1.000000000000000000e+00
3.900000000000000000e+01 2.353208037368130317e+04 1.077265694992582645e+01 -1.180382720326135643e-01 2.049179875485816815e+00 1.504073344330600012e-02 1.066602395541654986e-02 1.570796326794896558e+00 1.000000000000000000e+00 1.000000000000000000e+00 0.000000000000000000e+00 0.000000000000000000e+00 -1.000000000000000000e+00 -1.000000000000000000e+00
4.000000000000000000e+01 3.117436457623195383e+04 1.291294070353503365e+01 -1.923670008720654578e-01 2.543609549699652916e+00 -2.061428166384405083e-02 1.000000000000000021e-02 1.570796326794896558e+00 1.000000000000000000e+00 1.000000000000000000e+00 0.000000000000000000e+00 0.000000000000000000e+00 -1.000000000000000000e+00 -1.000000000000000000e+00
4.300000000000000000e+01 2.600177977026785447e+04 1.880733462621185126e+01 -1.213643175105685035e-01 3.065100000000000158e+00 -2.959479991064643128e-02 1.000000000000000021e-02 0.000000000000000000e+00 1.000000000000000000e+00 1.000000000000000000e+00 0.000000000000000000e+00 0.000000000000000000e+00 -1.000000000000000000e+00 -1.000000000000000000e+00
4.800000000000000000e+01 3.051317685384534343e+04 1.306280767018252220e+01 -9.217090030217767183e-02 3.100000000000000089e+00 3.179240093758810559e+00 2.428885917904451131e-02 1.570796326794896558e+00 1.000000000000000000e+00 1.000000000000000000e+00 0.000000000000000000e+00 0.000000000000000000e+00 -1.000000000000000000e+00 -1.000000000000000000e+00
4.900000000000000000e+01 3.947340427243817089e+02 1.694390785718108461e+01 -1.022661260076796474e-01 3.100000000000000089e+00 1.625702793104213603e-02 3.196478794689489034e-02 1.570796326794896558e+00 1.000000000000000000e+00 1.000000000000000000e+00 0.000000000000000000e+00 0.000000000000000000e+00 -1.000000000000000000e+00 -1.000000000000000000e+00
5.200000000000000000e+01 4.423377896892156400e+02 2.421275593045058727e+01 -1.095321625770090922e-03 1.041788064155639848e+00 1.304034411822038025e-02 4.188042218129358479e-02 1.570796326794896558e+00 1.000000000000000000e+00 1.000000000000000000e+00 0.000000000000000000e+00 0.000000000000000000e+00 -1.000000000000000000e+00 -1.000000000000000000e+00
5.400000000000000000e+01 3.214958388269762145e+04 1.426106405738588911e+01 -1.247641319511381269e-01 3.100000000000000089e+00 3.147030753099929079e+00 1.185967116938643241e-02 0.000000000000000000e+00 1.000000000000000000e+00 1.000000000000000000e+00 0.000000000000000000e+00 0.000000000000000000e+00 -1.000000000000000000e+00 -1.000000000000000000e+00
5.500000000000000000e+01 3.297836446957764565e+04 1.270023713424173017e+01 -4.996910225639381725e-02 1.212667578210887998e+00 3.149718814992546800e+00 3.324556388652722544e-02 0.000000000000000000e+00 1.000000000000000000e+00 1.000000000000000000e+00 0.000000000000000000e+00 0.000000000000000000e+00 -1.000000000000000000e+00 -1.000000000000000000e+00
5.700000000000000000e+01 1.527668486106315504e+04 1.371676441913108491e+01 -1.200969413992209328e-01 3.093020000000000103e+00 3.135041969622075264e+00 1.000000000000000021e-02 1.570796326794896558e+00 1.000000000000000000e+00 1.000000000000000000e+00 0.000000000000000000e+00 0.000000000000000000e+00 -1.000000000000000000e+00 -1.000000000000000000e+00
5.800000000000000000e+01 3.179733311164421320e+04 2.735504647219465824e+01 -1.441801573876086984e-01 3.100000000000000089e+00 2.986306190485854290e-03 4.779291961501332120e-02 0.000000000000000000e+00 1.000000000000000000e+00 1.000000000000000000e+00 0.000000000000000000e+00 0.000000000000000000e+00 -1.000000000000000000e+00 -1.000000000000000000e+00
6.000000000000000000e+01 4.662397068392084520e+02 3.514541543391447220e+01 -4.119912002068020981e-04 1.684629682536030959e+00 -1.136219524771868786e-02 5.402833242272628289e-02 1.570796326794896558e+00 1.000000000000000000e+00 1.000000000000000000e+00 0.000000000000000000e+00 0.000000000000000000e+00 -1.000000000000000000e+00 -1.000000000000000000e+00
6.400000000000000000e+01 4.169886231809140736e+04 2.791589726881219491e+01 -1.419851027531723042e-01 2.111883506743080563e+00 -1.481380741342607291e-02 1.947325068244456017e-02 1.570796326794896558e+00 1.000000000000000000e+00 1.000000000000000000e+00 0.000000000000000000e+00 0.000000000000000000e+00 -1.000000000000000000e+00 -1.000000000000000000e+00
7.400000000000000000e+01 3.160495945386539825e+04 1.243687993185332985e+01 -1.150443413014557437e-01 2.959081556771184118e+00 3.114862009617678229e+00 6.940052365660165368e-02 1.570796326794896558e+00 1.000000000000000000e+00 1.000000000000000000e+00 0.000000000000000000e+00 0.000000000000000000e+00 -1.000000000000000000e+00 -1.000000000000000000e+00
7.700000000000000000e+01 3.486616691004830500e+04 1.304036615548072575e+01 2.204114022652543525e-01 5.231330588534224280e-01 3.147471346586705021e+00 6.227558829719915395e-02 1.570796326794896558e+00 1.000000000000000000e+00 1.000000000000000000e+00 0.000000000000000000e+00 0.000000000000000000e+00 -1.000000000000000000e+00 -1.000000000000000000e+00
8.000000000000000000e+01 5.000000000000000000e+04 2.093550603811656075e+01 -8.098216355775127162e-02 3.100000000000000089e+00 3.136401051154696695e+00 3.264409363219163140e-02 0.000000000000000000e+00 1.000000000000000000e+00 1.000000000000000000e+00 0.000000000000000000e+00 0.000000000000000000e+00 -1.000000000000000000e+00 -1.000000000000000000e+00
8.100000000000000000e+01 3.376908196413408587e+04 1.216491349989274617e+01 -1.191370892922656993e-01 2.724317006695160082e+00 -3.576605023795066673e-02 5.068789991135615874e-02 1.570796326794896558e+00 1.000000000000000000e+00 1.000000000000000000e+00 0.000000000000000000e+00 0.000000000000000000e+00 -1.000000000000000000e+00 -1.000000000000000000e+00
8.400000000000000000e+01 3.724401767919038684e+04 1.139948253053787752e+01 3.427921431389082015e-03 4.912786255290563786e-01 2.754179012438348617e-02 1.236570300749594287e-01 1.570796326794896558e+00 1.000000000000000000e+00 1.000000000000000000e+00 0.000000000000000000e+00 0.000000000000000000e+00 -1.000000000000000000e+00 -1.000000000000000000e+00
8.500000000000000000e+01 5.000000000000000000e+04 3.296319412381259184e+01 -5.170772349479712399e-02 9.264927841481666038e-01 3.115739737246565166e+00 5.478199722063802068e-02 1.570796326794896558e+00 1.000000000000000000e+00 1.000000000000000000e+00 0.000000000000000000e+00 0.000000000000000000e+00 -1.000000000000000000e+00 -1.000000000000000000e+00
8.600000000000000000e+01 1.304042072131389068e+04 1.659102739994351339e+01 8.626038657699336420e-02 1.636506696187060017e+00 1.063283503789788122e-02 9.000000000000001055e-03 0.000000000000000000e+00 1.000000000000000000e+00 1.000000000000000000e+00 0.000000000000000000e+00 0.000000000000000000e+00 -1.000000000000000000e+00 -1.000000000000000000e+00
8.700000000000000000e+01 2.919842929420515429e+04 2.254206752994803509e+01 -2.011278684720514687e-02 9.870275165169667408e-01 8.274667574037277221e-03 4.096151384864601952e-02 0.000000000000000000e+00 1.000000000000000000e+00 1.000000000000000000e+00 0.000000000000000000e+00 0.000000000000000000e+00 -1.000000000000000000e+00 -1.000000000000000000e+00
8.900000000000000000e+01 4.708953433057886286e+04 1.331620574479813968e+01 5.666342390856093925e-02 1.101169272939765298e+00 3.099167159212125711e+00 6.136269714766651867e-02 0.000000000000000000e+00 1.000000000000000000e+00 1.000000000000000000e+00 0.000000000000000000e+00 0.000000000000000000e+00 -1.000000000000000000e+00 -1.000000000000000000e+00
9.000000000000000000e+01 8.015921066179402260e+03 1.348769830406080850e+01 2.396897307581740133e-01 1.365442555122496460e+00 9.429718777693444492e-03 1.000000000000000021e-02 1.570796326794896558e+00 1.000000000000000000e+00 1.000000000000000000e+00 0.000000000000000000e+00 0.000000000000000000e+00 -1.000000000000000000e+00 -1.000000000000000000e+00
9.100000000000000000e+01 5.000000000000000000e+04 1.299715413201563230e+01 -1.149637259467191502e-01 3.100000000000000089e+00 -3.879629087707213431e-02 1.775019775899214503e-01 1.570796326794896558e+00 1.000000000000000000e+00 1.000000000000000000e+00 0.000000000000000000e+00 0.000000000000000000e+00 -1.000000000000000000e+00 -1.000000000000000000e+00
9.700000000000000000e+01 5.461626678671178752e+02 2.201956851963594275e+01 4.893771502224625314e-02 1.595685383681942016e+00 7.989641874972495950e-03 2.512631112581272669e-02 0.000000000000000000e+00 1.000000000000000000e+00 1.000000000000000000e+00 0.000000000000000000e+00 0.000000000000000000e+00 -1.000000000000000000e+00 -1.000000000000000000e+00
9.900000000000000000e+01 3.638146148186608480e+04 1.309877649213771100e+01 -8.598688932157369513e-02 2.753613262654158067e+00 3.101339365662090231e+00 3.018406741158155895e-02 0.000000000000000000e+00 1.000000000000000000e+00 1.000000000000000000e+00 0.000000000000000000e+00 0.000000000000000000e+00 -1.000000000000000000e+00 -1.000000000000000000e+00
1.020000000000000000e+02 4.394674922266579961e+04 2.260510933789941745e+01 -6.430390417240334534e-03 1.684963191539731397e+00 -2.320879415468951948e-02 7.578714996993719810e-02 1.570796326794896558e+00 1.000000000000000000e+00 1.000000000000000000e+00 0.000000000000000000e+00 0.000000000000000000e+00 -1.000000000000000000e+00 -1.000000000000000000e+00
1.050000000000000000e+02 1.581301690579505521e+04 1.121598451066223312e+01 -2.938575359609419541e-02 5.230340562383699599e-01 1.166250957169515969e-02 1.000000000000000056e-01 0.000000000000000000e+00 1.000000000000000000e+00 1.000000000000000000e+00 0.000000000000000000e+00 0.000000000000000000e+00 -1.000000000000000000e+00 -1.000000000000000000e+00
1.080000000000000000e+02 3.840068513371284644e+04 3.207227792630131802e+01 -1.828865552605569988e-01 2.621499814628402980e+00 3.165807902368963589e+00 2.976130211865561648e-02 1.570796326794896558e+00 1.000000000000000000e+00 1.000000000000000000e+00 0.000000000000000000e+00 0.000000000000000000e+00 -1.000000000000000000e+00 -1.000000000000000000e+00
1.120000000000000000e+02 1.223216634781661924e+04 1.326493740060664450e+01 -5.869247818505869685e-02 1.997075314119763245e+00 1.223852644127115114e-02 1.000000000000000021e-02 0.000000000000000000e+00 1.000000000000000000e+00 1.000000000000000000e+00 0.000000000000000000e+00 0.000000000000000000e+00 -1.000000000000000000e+00 -1.000000000000000000e+00
1.130000000000000000e+02 4.792896240782418317e+04 3.340951733626280173e+01 -8.471686629864418061e-02 3.100000000000000089e+00 3.132879934148585122e+00 5.063199277874149556e-02 1.570796326794896558e+00 1.000000000000000000e+00 1.000000000000000000e+00 0.000000000000000000e+00 0.000000000000000000e+00 -1.000000000000000000e+00 -1.000000000000000000e+00
1.180000000000000000e+02 4.514594477169478637e+02 1.575031161460294449e+01 -1.206778300765675854e-01 2.326318661625728978e+00 -2.210334400770504887e-03 2.140056601490503835e-02 0.000000000000000000e+00 1.000000000000000000e+00 1.000000000000000000e+00 0.000000000000000000e+00 0.000000000000000000e+00 -1.000000000000000000e+00 -1.000000000000000000e+00
1.190000000000000000e+02 1.539864342934414344e+04 1.383339652567374856e+01 4.226442003886239640e-02 1.527400797389834031e+00 3.137521170117075098e+00 6.209867444260086522e-02 1.570796326794896558e+00 1.000000000000000000e+00 1.000000000000000000e+00 0.000000000000000000e+00 0.000000000000000000e+00 -1.000000000000000000e+00 -1.000000000000000000e+00
1.220000000000000000e+02 6.263148776488681051e+02 3.198679070492670107e+01 2.244707552283990992e-01 1.328474704293254760e+00 3.128430476031328400e+00 1.668393512758685471e-02 1.570796326794896558e+00 1.000000000000000000e+00 1.000000000000000000e+00 0.000000000000000000e+00 0.000000000000000000e+00 -1.000000000000000000e+00 -1.000000000000000000e+00
1.250000000000000000e+02 2.411766420168093100e+04 1.169379539373893451e+01 -2.111869381767222248e-02 1.569054861610840623e+00 3.121771457636473457e+00 1.000000000000000021e-02 1.570796326794896558e+00 1.000000000000000000e+00 1.000000000000000000e+00 0.000000000000000000e+00 0.000000000000000000e+00 -1.000000000000000000e+00 -1.000000000000000000e+00
1.290000000000000000e+02 1.828735012538730007e+04 1.135075425905989732e+01 -5.268523577954822845e-02 7.876768168995363917e-01 -1.048898642028724473e-02 4.402906788969247753e-02 0.000000000000000000e+00 1.000000000000000000e+00 1.000000000000000000e+00 0.000000000000000000e+00 0.000000000000000000e+00 -1.000000000000000000e+00 -1.000000000000000000e+00
1.300000000000000000e+02 3.695992956514546677e+04 1.531319620318355312e+01 -1.183218944520678245e-01 2.877352296403293597e+00 1.688033613237063801e-02 1.317181824529461975e-02 1.570796326794896558e+00 1.000000000000000000e+00 1.000000000000000000e+00 0.000000000000000000e+00 0.000000000000000000e+00 -1.000000000000000000e+00 -1.000000000000000000e+00
1.340000000000000000e+02 4.783458677421232323e+02 3.523294672838196817e+01 6.097210094346317000e-02 1.358782492517968787e+00 -1.331176899532614949e-02 1.770405547361682957e-02 1.570796326794896558e+00 1.000000000000000000e+00 1.000000000000000000e+00 0.000000000000000000e+00 0.000000000000000000e+00 -1.000000000000000000e+00 -1.000000000000000000e+00
1.360000000000000000e+02 5.342694387343610742e+02 1.672795334744238716e+01 4.139707601866840503e-02 5.491823610463342220e-01 3.131347954443377546e+00 2.107699134682763237e-02 1.570796326794896558e+00 1.000000000000000000e+00 1.000000000000000000e+00 0.000000000000000000e+00 0.000000000000000000e+00 -1.000000000000000000e+00 -1.000000000000000000e+00
1.400000000000000000e+02 6.611997330094035306e+02 1.283829204934441393e+01 3.141857040067816409e-02 1.492586893024547612e+00 3.128871677848395372e+00 1.000000000000000056e-01 0.000000000000000000e+00 1.000000000000000000e+00 1.000000000000000000e+00 0.000000000000000000e+00 0.000000000000000000e+00 -1.000000000000000000e+00 -1.000000000000000000e+00
1.460000000000000000e+02 1.828780777039686654e+04 1.174346618133949249e+01 -1.371484411316255259e-01 2.485979819927448986e+00 3.158212140599518492e+00 1.424334139433352207e-02 0.000000000000000000e+00 1.000000000000000000e+00 1.000000000000000000e+00 0.000000000000000000e+00 0.000000000000000000e+00 -1.000000000000000000e+00 -1.000000000000000000e+00
1.490000000000000000e+02 5.000000000000000000e+04 1.331424715399967873e+01 -1.544809478983339701e-01 2.915850603189392487e+00 3.033127166294178885e-04 5.261252085459695860e-02 1.570796326794896558e+00 1.000000000000000000e+00 1.000000000000000000e+00 0.000000000000000000e+00 0.000000000000000000e+00 -1.000000000000000000e+00 -1.000000000000000000e+00
1.520000000000000000e+02 2.495441974501636651e+04 1.340666890590663307e+01 -5.982878042729233153e-02 2.689361690261321769e+00 1.711031729164847262e-02 9.013940496695820037e-02 0.000000000000000000e+00 1.000000000000000000e+00 1.000000000000000000e+00 0.000000000000000000e+00 0.000000000000000000e+00 -1.000000000000000000e+00 -1.000000000000000000e+00
1.530000000000000000e+02 4.299403544490395143e+04 1.112139537404631007e+01 -1.254246597296916066e-01 3.100000000000000089e+00 -9.073134024431724065e-03 2.613933938707457480e-02 0.000000000000000000e+00 1.000000000000000000e+00 1.000000000000000000e+00 0.000000000000000000e+00 0.000000000000000000e+00 -1.000000000000000000e+00 -1.000000000000000000e+00
1.560000000000000000e+02 5.491644275022576949e+02 1.389064330256835333e+01 -7.673701367377834537e-03 8.758276751280141825e-01 3.154498878197129930e+00 5.108251755127612287e-02 1.570796326794896558e+00 1.000000000000000000e+00 1.000000000000000000e+00 0.000000000000000000e+00 0.000000000000000000e+00 -1.000000000000000000e+00 -1.000000000000000000e+00
1.570000000000000000e+02 4.408104058022263780e+04 3.642010960047173285e+01 -5.133623006837865349e-02 1.434474690115386863e+00 3.135640403509942775e+00 1.850313669884710854e-02 0.000000000000000000e+00 1.000000000000000000e+00 1.000000000000000000e+00 0.000000000000000000e+00 0.000000000000000000e+00 -1.000000000000000000e+00 -1.000000000000000000e+00
1.600000000000000000e+02 1.773632469848587789e+04 1.364247432008345662e+01 -6.435634408644778925e-02 3.100000000000000089e+00 2.255920330122728867e-03 3.791317358216129280e-02 1.570796326794896558e+00 1.000000000000000000e+00 1.000000000000000000e+00 0.000000000000000000e+00 0.000000000000000000e+00 -1.000000000000000000e+00 -1.000000000000000000e+00
1.620000000000000000e+02 2.028146054565176019e+04 2.199722484336012940e+01 9.267611479554746512e-02 1.729593420306058116e+00 1.779422209529238005e-02 1.616171342192776819e-02 0.000000000000000000e+00 1.000000000000000000e+00 1.000000000000000000e+00 0.000000000000000000e+00 0.000000000000000000e+00 -1.000000000000000000e+00 -1.000000000000000000e+00
1.640000000000000000e+02 3.040154356840588298e+04 1.196189382263341017e+01 1.423924982674769357e-02 9.445676434590083437e-01 3.103467319433895977e+00 1.250609265577599417e-02 0.000000000000000000e+00 1.000000000000000000e+00 1.000000000000000000e+00 0.000000000000000000e+00 0.000000000000000000e+00 -1.000000000000000000e+00 -1.000000000000000000e+00
1.650000000000000000e+02 2.879929550746874156e+04 1.255398927168689838e+01 2.098396901537888382e-02 1.998680317154210240e+00 2.647480948805151432e-02 1.224048858270067319e-02 1.570796326794896558e+00 1.000000000000000000e+00 1.000000000000000000e+00 0.000000000000000000e+00 0.000000000000000000e+00 -1.000000000000000000e+00 -1.000000000000000000e+00
1.670000000000000000e+02 4.677159778093235946e+04 1.784794257516113447e+01 2.078908465253924420e-02 1.599248400863751085e+00 3.113623971160521808e+00 2.011844212061206921e-02 1.570796326794896558e+00 1.000000000000000000e+00 1.000000000000000000e+00 0.000000000000000000e+00 0.000000000000000000e+00 -1.000000000000000000e+00 -1.000000000000000000e+00
1.690000000000000000e+02 5.000000000000000000e+04 3.196150873981542873e+01 3.392250201993868286e-02 6.462151685011520152e-01 2.857176732384486550e-02 2.727201059833610566e-02 0.000000000000000000e+00 1.000000000000000000e+00 1.000000000000000000e+00 0.000000000000000000e+00 0.000000000000000000e+00 -1.000000000000000000e+00 -1.000000000000000000e+00
1.720000000000000000e+02 3.672135404771006870e+04 1.138603508642248663e+01 -3.056703704442515629e-02 4.664220233061198706e-01 2.041709761410227808e-02 6.511111050004969591e-02 0.000000000000000000e+00 1.000000000000000000e+00 1.000000000000000000e+00 0.000000000000000000e+00 0.000000000000000000e+00 -1.000000000000000000e+00 -1.000000000000000000e+00
1.760000000000000000e+02 4.151408933044272271e+04 1.086593851057661553e+01 1.994992750957169658e-02 7.659374197750988822e-01 3.126262071417592825e+00 7.497459965957421757e-02 0.000000000000000000e+00 1.000000000000000000e+00 1.000000000000000000e+00 0.000000000000000000e+00 0.000000000000000000e+00 -1.000000000000000000e+00 -1.000000000000000000e+00
1.770000000000000000e+02 1.405867399045575621e+04 1.151203227965571330e+01 -1.301752245448180856e-01 2.152986610378941901e+00 -2.034045999847532149e-02 1.038940247427956251e-02 0.000000000000000000e+00 1.000000000000000000e+00 1.000000000000000000e+00 0.000000000000000000e+00 0.000000000000000000e+00 -1.000000000000000000e+00 -1.000000000000000000e+00
1.800000000000000000e+02 4.024869073675191612e+04 2.712007473835524607e+01 -4.338089918631883590e-02 1.567435745365880040e+00 3.108531086566413748e+00 4.443661742114357605e-02 1.570796326794896558e+00 1.000000000000000000e+00 1.000000000000000000e+00 0.000000000000000000e+00 0.000000000000000000e+00 -1.000000000000000000e+00 -1.000000000000000000e+00
1.810000000000000000e+02 2.995000063158313787e+04 2.320111509705773400e+01 -5.098477299027760062e-02 8.685113737913618959e-01 3.168144419529015376e+00 3.125410347820067880e-02 0.000000000000000000e+00 1.000000000000000000e+00 1.000000000000000000e+00 0.000000000000000000e+00 0.000000000000000000e+00 -1.000000000000000000e+00 -1.000000000000000000e+00
1.820000000000000000e+02 5.000000000000000000e+04 2.392069389434928439e+01 1.594436794491732867e-01 5.782947464247879532e-01 3.141893383244886984e+00 7.949730093473675319e-02 1.570796326794896558e+00 1.000000000000000000e+00 1.000000000000000000e+00 0.000000000000000000e+00 0.000000000000000000e+00 -1.000000000000000000e+00 -1.000000000000000000e+00
1.840000000000000000e+02 3.958510360126195883e+04 3.558784948022674399e+01 -1.654742508181334948e-01 2.960308110397116277e+00 1.801511984401981889e-02 7.504232440255710623e-02 0.000000000000000000e+00 1.000000000000000000e+00 1.000000000000000000e+00 0.000000000000000000e+00 0.000000000000000000e+00 -1.000000000000000000e+00 -1.000000000000000000e+00
1.850000000000000000e+02 5.000000000000000000e+04 1.654533093812150923e+01 -9.860738470182706106e-02 2.310097117360871088e+00 3.112389907454084614e+00 1.532544219611746243e-02 0.000000000000000000e+00 1.000000000000000000e+00 1.000000000000000000e+00 0.000000000000000000e+00 0.000000000000000000e+00 -1.000000000000000000e+00 -1.000000000000000000e+00
1.880000000000000000e+02 3.656158506359349121e+04 3.542008762357436069e+01 -1.105905285535738330e-01 3.100000000000000089e+00 3.120593197482208314e+00 1.850009425289539725e-02 1.570796326794896558e+00 1.000000000000000000e+00 1.000000000000000000e+00 0.000000000000000000e+00 0.000000000000000000e+00 -1.000000000000000000e+00 -1.000000000000000000e+00
1.900000000000000000e+02 1.578757227518985383e+04 1.147295493121863785e+01 -5.649312272068041790e-02 6.784598222685208624e-01 3.135084170877452170e+00 1.000000000000000021e-02 0.000000000000000000e+00 1.000000000000000000e+00 1.000000000000000000e+00 0.000000000000000000e+00 0.000000000000000000e+00 -1.000000000000000000e+00 -1.000000000000000000e+00
1.910000000000000000e+02 2.676688644838158507e+04 2.545647266874216186e+01 1.197223328520414520e-01 8.923927944085856545e-01 3.122113382282645233e+00 1.000000000000000021e-02 0.000000000000000000e+00 1.000000000000000000e+00 1.000000000000000000e+00 0.000000000000000000e+00 0.000000000000000000e+00 -1.000000000000000000e+00 -1.000000000000000000e+00
1.950000000000000000e+02 5.180122902126988720e+02 1.242300616767888144e+01 -1.119358706235507872e-01 3.100000000000000089e+00 -1.235597325061297061e-02 6.381305442568295516e-02 0.000000000000000000e+00 1.000000000000000000e+00 1.000000000000000000e+00 0.000000000000000000e+00 0.000000000000000000e+00 -1.000000000000000000e+00 -1.000000000000000000e+00
3.650000000000000000e+02 6.920045254094391396e+01 1.147533689421657144e+01 -2.668998143283677488e-02 9.581890659588351289e-01 0.000000000000000000e+00 8.612534780222011466e-02 -1.000000000000000000e+00 1.000000000000000000e+00 1.000000000000000000e+00 8.600000000000000000e+01 0.000000000000000000e+00 -1.000000000000000000e+00 -1.000000000000000000e+00
1.100000000000000000e+01 3.317808930622962362e+04 1.633063136748175026e+01 -5.341534457843476191e-02 2.149689653044677851e+00 3.693794480940895686e-02 1.801378332128655835e-02 1.570796326794896558e+00 1.000000000000000000e+00 1.000000000000000000e+00 0.000000000000000000e+00 0.000000000000000000e+00 -1.000000000000000000e+00 -1.000000000000000000e+00
1.400000000000000000e+01 3.322667191476759763e+04 1.118228015055544589e+01 -3.306657448961735496e-02 1.692973140255320530e+00 3.216134966452351140e-02 5.742255769335501137e-02 1.570796326794896558e+00 1.000000000000000000e+00 1.000000000000000000e+00 0.000000000000000000e+00 0.000000000000000000e+00 -1.000000000000000000e+00 -1.000000000000000000e+00
2.400000000000000000e+01 8.314884256319841427e+01 3.924774061014974791e+01 3.793632210229878898e-02 1.366702329921620107e+00 7.368668204802020227e-02 2.487115535880852490e-01 1.570796326794896558e+00 1.000000000000000000e+00 1.000000000000000000e+00 0.000000000000000000e+00 0.000000000000000000e+00 -1.000000000000000000e+00 -1.000000000000000000e+00
3.100000000000000000e+01 2.816716776588603170e+04 1.110296857284764549e+01 1.072702446230151818e-02 1.290578024795258516e+00 0.000000000000000000e+00 5.822104446867006067e-02 1.570796326794896558e+00 1.000000000000000000e+00 1.000000000000000000e+00 0.000000000000000000e+00 0.000000000000000000e+00 -1.000000000000000000e+00 -1.000000000000000000e+00
4.200000000000000000e+01 8.983309935674125882e+03 1.093631728965229755e+01 6.062282231403687272e-02 8.452522969836927524e-01 0.000000000000000000e+00 9.000000000000001055e-02 1.570796326794896558e+00 1.000000000000000000e+00 1.000000000000000000e+00 0.000000000000000000e+00 0.000000000000000000e+00 -1.000000000000000000e+00 -1.000000000000000000e+00
5.000000000000000000e+01 4.014163644412296708e+04 1.078356351399668611e+01 1.357502789862163328e-01 6.761960568471960809e-01 2.907922115268348623e-02 7.548214123747665205e-02 1.570796326794896558e+00 1.000000000000000000e+00 1.000000000000000000e+00 0.000000000000000000e+00 0.000000000000000000e+00 -1.000000000000000000e+00 -1.000000000000000000e+00
5.900000000000000000e+01 2.781925500935408127e+04 1.077193876137862105e+01 -2.176567197635213002e-01 2.622310389598450087e+00 3.646384633266770703e-02 1.550542019949810099e-02 1.570796326794896558e+00 1.000000000000000000e+00 1.000000000000000000e+00 0.000000000000000000e+00 0.000000000000000000e+00 -1.000000000000000000e+00 -1.000000000000000000e+00
8.200000000000000000e+01 5.000000000000000000e+04 1.605903097035624327e+01 4.742824533178405244e-02 1.439088015089673211e+00 0.000000000000000000e+00 8.514354208468657981e-02 1.570796326794896558e+00 1.000000000000000000e+00 1.000000000000000000e+00 0.000000000000000000e+00 0.000000000000000000e+00 -1.000000000000000000e+00 -1.000000000000000000e+00
8.800000000000000000e+01 2.183066313888219884e+04 1.054883435201437969e+01 -8.707125096828093047e-02 2.962056073133685796e+00 1.227268005936214303e-02 1.355047880025892632e-02 1.570796326794896558e+00 1.000000000000000000e+00 1.000000000000000000e+00 0.000000000000000000e+00 0.000000000000000000e+00 -1.000000000000000000e+00 -1.000000000000000000e+00
1.040000000000000000e+02 5.000000000000000000e+04 1.360250792676876230e+01 -1.710140318180178309e-01 2.893498063846323021e+00 7.535392916564908304e-03 9.442395945868513329e-02 1.570796326794896558e+00 1.000000000000000000e+00 1.000000000000000000e+00 0.000000000000000000e+00 0.000000000000000000e+00 -1.000000000000000000e+00 -1.000000000000000000e+00
1.070000000000000000e+02 4.789341204188074335e+04 3.596776340358351121e+01 4.480445382416643058e-03 1.772950694760567103e+00 0.000000000000000000e+00 6.184288177991643237e-02 1.570796326794896558e+00 1.000000000000000000e+00 1.000000000000000000e+00 0.000000000000000000e+00 0.000000000000000000e+00 -1.000000000000000000e+00 -1.000000000000000000e+00
1.110000000000000000e+02 2.103435051957847827e+04 2.270663574657429606e+01 -6.609143214397145139e-02 2.770303800904047264e+00 2.442490087677101282e-02 1.000000000000000021e-02 1.570796326794896558e+00 1.000000000000000000e+00 1.000000000000000000e+00 0.000000000000000000e+00 0.000000000000000000e+00 -1.000000000000000000e+00 -1.000000000000000000e+00
1.200000000000000000e+02 5.000000000000000000e+04 1.825970169184182978e+01 6.524894544434103882e-02 9.104819026888236744e-01 3.621934860387456684e-02 6.304508658832057300e-02 1.570796326794896558e+00 1.000000000000000000e+00 1.000000000000000000e+00 0.000000000000000000e+00 0.000000000000000000e+00 -1.000000000000000000e+00 -1.000000000000000000e+00
1.380000000000000000e+02 4.532523036030305957e+04 2.705298909327744283e+01 -2.797710909403554602e-01 2.647879676604083077e+00 0.000000000000000000e+00 8.358936324911715732e-02 1.570796326794896558e+00 1.000000000000000000e+00 1.000000000000000000e+00 0.000000000000000000e+00 0.000000000000000000e+00 -1.000000000000000000e+00 -1.000000000000000000e+00
1.430000000000000000e+02 5.000000000000000000e+04 1.506647288670767360e+01 -1.084357057131672963e-01 2.658312432082997390e+00 2.232982780812860918e-02 8.314197846498480593e-02 1.570796326794896558e+00 1.000000000000000000e+00 1.000000000000000000e+00 0.000000000000000000e+00 0.000000000000000000e+00 -1.000000000000000000e+00 -1.000000000000000000e+00
1.480000000000000000e+02 1.925663016297133800e+04 1.102749963330568228e+01 -4.138271351172598256e-02 8.928495435926970814e-01 0.000000000000000000e+00 2.498545765596705756e-02 1.570796326794896558e+00 1.000000000000000000e+00 1.000000000000000000e+00 0.000000000000000000e+00 0.000000000000000000e+00 -1.000000000000000000e+00 -1.000000000000000000e+00
1.510000000000000000e+02 9.784901247540046825e+03 1.452136807997103318e+01 -7.062983667700654944e-02 2.092292832004288616e+00 1.334473986369914301e-02 1.000000000000000021e-02 1.570796326794896558e+00 1.000000000000000000e+00 1.000000000000000000e+00 0.000000000000000000e+00 0.000000000000000000e+00 -1.000000000000000000e+00 -1.000000000000000000e+00
1.660000000000000000e+02 6.369989052828178728e+02 1.213584259468515114e+01 -7.829237075642417332e-02 2.559968994162258316e+00 1.855893453543428981e-02 1.000000000000000056e-01 1.570796326794896558e+00 1.000000000000000000e+00 1.000000000000000000e+00 0.000000000000000000e+00 0.000000000000000000e+00 -1.000000000000000000e+00 -1.000000000000000000e+00
1.680000000000000000e+02 3.226522201748921361e+04 1.690853797578506246e+01 -1.258522575473693672e-01 3.100000000000000089e+00 1.348789573138781117e-02 1.744176526635317359e-02 1.570796326794896558e+00 1.000000000000000000e+00 1.000000000000000000e+00 0.000000000000000000e+00 0.000000000000000000e+00 -1.000000000000000000e+00 -1.000000000000000000e+00
1.700000000000000000e+02 2.450342161285739348e+04 1.384001000783703894e+01 -2.155810726794102905e-01 2.257887500090820065e+00 7.974798465866954345e-03 4.922482013425057146e-02 1.570796326794896558e+00 1.000000000000000000e+00 1.000000000000000000e+00 0.000000000000000000e+00 0.000000000000000000e+00 -1.000000000000000000e+00 -1.000000000000000000e+00
1.940000000000000000e+02 1.975633610891907210e+03 1.693185203583880138e+01 -7.126657723332380234e-02 3.036393116418845128e+00 0.000000000000000000e+00 9.000000000000001055e-02 1.570796326794896558e+00 1.000000000000000000e+00 1.000000000000000000e+00 0.000000000000000000e+00 0.000000000000000000e+00 -1.000000000000000000e+00 -1.000000000000000000e+00
1.980000000000000000e+02 2.256533381604438546e+04 1.354659382985827953e+01 -1.318212597400487684e-01 2.607821348847469523e+00 0.000000000000000000e+00 1.563756054070702950e-02 1.570796326794896558e+00 1.000000000000000000e+00 1.000000000000000000e+00 0.000000000000000000e+00 0.000000000000000000e+00 -1.000000000000000000e+00 -1.000000000000000000e+00
4.000000000000000000e+00 1.117998594083247372e+04 1.228275980532981038e+01 1.872853350834204067e-02 1.634856533628347153e+00 0.000000000000000000e+00 1.022586469251335860e-02 0.000000000000000000e+00 1.000000000000000000e+00 1.000000000000000000e+00 0.000000000000000000e+00 0.000000000000000000e+00 -1.000000000000000000e+00 -1.000000000000000000e+00
1.800000000000000000e+01 9.054715177866979730e+02 1.181825019364229590e+01 -1.768189965657768481e-01 2.182863763579867555e+00 0.000000000000000000e+00 9.000000000000001055e-02 0.000000000000000000e+00 1.000000000000000000e+00 1.000000000000000000e+00 0.000000000000000000e+00 0.000000000000000000e+00 -1.000000000000000000e+00 -1.000000000000000000e+00
2.000000000000000000e+01 1.013826994105021072e+03 2.256380159158123178e+01 -2.414962207304748587e-01 3.008529619869579452e+00 0.000000000000000000e+00 9.000000000000001055e-02 0.000000000000000000e+00 1.000000000000000000e+00 1.000000000000000000e+00 0.000000000000000000e+00 0.000000000000000000e+00 -1.000000000000000000e+00 -1.000000000000000000e+00
4.400000000000000000e+01 2.225327447090438454e+03 1.655296959093687548e+01 -2.583313560787005025e-01 3.100000000000000089e+00 0.000000000000000000e+00 9.000000000000001055e-02 0.000000000000000000e+00 1.000000000000000000e+00 1.000000000000000000e+00 0.000000000000000000e+00 0.000000000000000000e+00 -1.000000000000000000e+00 -1.000000000000000000e+00
5.600000000000000000e+01 6.330120720750075634e+03 1.062989845774877828e+01 -4.186444319262343228e-02 8.186949287504982076e-01 0.000000000000000000e+00 1.000000000000000021e-02 0.000000000000000000e+00 1.000000000000000000e+00 1.000000000000000000e+00 0.000000000000000000e+00 0.000000000000000000e+00 -1.000000000000000000e+00 -1.000000000000000000e+00
7.000000000000000000e+01 1.026905441729324593e+03 1.181878153374577778e+01 -3.498282539689128584e-02 8.695419670495193598e-01 0.000000000000000000e+00 9.000000000000001055e-02 0.000000000000000000e+00 1.000000000000000000e+00 1.000000000000000000e+00 0.000000000000000000e+00 0.000000000000000000e+00 -1.000000000000000000e+00 -1.000000000000000000e+00
7.300000000000000000e+01 5.607064090966946424e+03 1.288505100520130675e+01 5.855173258925700300e-03 7.293282636742488556e-01 0.000000000000000000e+00 1.311603043186739155e-02 0.000000000000000000e+00 1.000000000000000000e+00 1.000000000000000000e+00 0.000000000000000000e+00 0.000000000000000000e+00 -1.000000000000000000e+00 -1.000000000000000000e+00
9.600000000000000000e+01 3.840488448012632716e+02 1.518229303625101778e+01 -3.763728656764198099e-02 1.055550070619157621e+00 0.000000000000000000e+00 2.235689750691050859e-01 0.000000000000000000e+00 1.000000000000000000e+00 1.000000000000000000e+00 0.000000000000000000e+00 0.000000000000000000e+00 -1.000000000000000000e+00 -1.000000000000000000e+00
1.000000000000000000e+02 8.624730882271118389e+03 2.456305821375964271e+01 -1.567596420578595828e-01 1.995736451184772386e+00 0.000000000000000000e+00 9.000000000000001055e-02 0.000000000000000000e+00 1.000000000000000000e+00 1.000000000000000000e+00 0.000000000000000000e+00 0.000000000000000000e+00 -1.000000000000000000e+00 -1.000000000000000000e+00
1.210000000000000000e+02 7.507151625690890796e+03 2.366016042069573544e+01 -1.284994853052033592e-02 1.033770606151885207e+00 0.000000000000000000e+00 1.000000000000000021e-02 0.000000000000000000e+00 1.000000000000000000e+00 1.000000000000000000e+00 0.000000000000000000e+00 0.000000000000000000e+00 -1.000000000000000000e+00 -1.000000000000000000e+00
1.230000000000000000e+02 6.752876411893572595e+02 1.274240686921967658e+01 6.582784840005384552e-02 1.608712690771486820e+00 0.000000000000000000e+00 1.000000000000000056e-01 0.000000000000000000e+00 1.000000000000000000e+00 1.000000000000000000e+00 0.000000000000000000e+00 0.000000000000000000e+00 -1.000000000000000000e+00 -1.000000000000000000e+00
1.240000000000000000e+02 1.207506437836418627e+04 1.582441956839213049e+01 1.054931130168958453e-01 9.006140425907025460e-01 0.000000000000000000e+00 5.878842510012909778e-02 0.000000000000000000e+00 1.000000000000000000e+00 1.000000000000000000e+00 0.000000000000000000e+00 0.000000000000000000e+00 -1.000000000000000000e+00 -1.000000000000000000e+00
1.310000000000000000e+02 6.611016948195409896e+03 1.063182291940724156e+01 -7.375808894044479092e-02 2.186596068934522297e+00 0.000000000000000000e+00 9.000000000000001055e-02 0.000000000000000000e+00 1.000000000000000000e+00 1.000000000000000000e+00 0.000000000000000000e+00 0.000000000000000000e+00 -1.000000000000000000e+00 -1.000000000000000000e+00
1.390000000000000000e+02 7.438826776971100116e+02 1.043681483939066723e+01 -8.171161633962779891e-02 2.957100080482873317e+00 0.000000000000000000e+00 9.000000000000001055e-02 0.000000000000000000e+00 1.000000000000000000e+00 1.000000000000000000e+00 0.000000000000000000e+00 0.000000000000000000e+00 -1.000000000000000000e+00 -1.000000000000000000e+00
1.500000000000000000e+02 8.675309921370571828e+03 1.538741109080067559e+01 -3.559235218261037892e-02 9.776016753222600553e-01 0.000000000000000000e+00 1.000000000000000021e-02 0.000000000000000000e+00 1.000000000000000000e+00 1.000000000000000000e+00 0.000000000000000000e+00 0.000000000000000000e+00 -1.000000000000000000e+00 -1.000000000000000000e+00
1.780000000000000000e+02 1.453206654710433895e+03 2.969881179933274851e+01 -7.747022909876838392e-02 2.428599318002905516e+00 0.000000000000000000e+00 9.000000000000001055e-02 0.000000000000000000e+00 1.000000000000000000e+00 1.000000000000000000e+00 0.000000000000000000e+00 0.000000000000000000e+00 -1.000000000000000000e+00 -1.000000000000000000e+00
1.860000000000000000e+02 5.360365116086886701e+03 1.247200524085125117e+01 -1.855227939106548207e-01 2.949050435116058466e+00 0.000000000000000000e+00 1.000000000000000021e-02 0.000000000000000000e+00 1.000000000000000000e+00 1.000000000000000000e+00 0.000000000000000000e+00 0.000000000000000000e+00 -1.000000000000000000e+00 -1.000000000000000000e+00
1.930000000000000000e+02 2.571832349083969802e+03 2.473098952468823342e+01 -6.114713583437391201e-03 1.404865900474204787e+00 0.000000000000000000e+00 9.000000000000001055e-02 0.000000000000000000e+00 1.000000000000000000e+00 1.000000000000000000e+00 0.000000000000000000e+00 0.000000000000000000e+00 -1.000000000000000000e+00 -1.000000000000000000e+00
3.660000000000000000e+02 7.000000000000000000e+02 1.040653085865303495e+01 -6.007606244249124802e-04 1.059442699601193638e+00 0.000000000000000000e+00 3.799432346836369156e-02 -1.000000000000000000e+00 1.000000000000000000e+00 1.000000000000000000e+00 8.600000000000000000e+01 1.000000000000000000e+05 -1.000000000000000000e+00 -1.000000000000000000e+00
3.670000000000000000e+02 7.898105360537299475e+02 1.576093226922135493e+01 1.111699863230841134e-01 1.346007803727378382e+00 0.000000000000000000e+00 9.000000000000001055e-02 -1.000000000000000000e+00 1.000000000000000000e+00 1.000000000000000000e+00 8.600000000000000000e+01 2.000000000000000000e+05 -1.000000000000000000e+00 -1.000000000000000000e+00
3.680000000000000000e+02 8.186508575669572565e+02 3.840318017681015306e+01 -1.242277644170658446e-01 3.100000000000000089e+00 0.000000000000000000e+00 9.000000000000001055e-02 -1.000000000000000000e+00 1.000000000000000000e+00 1.000000000000000000e+00 8.600000000000000000e+01 3.000000000000000000e+05 -1.000000000000000000e+00 -1.000000000000000000e+00
3.690000000000000000e+02 9.367079219439597182e+02 2.346265205576069590e+01 -4.405718879876032584e-02 2.167486979917111700e+00 0.000000000000000000e+00 9.000000000000001055e-02 -1.000000000000000000e+00 1.000000000000000000e+00 1.000000000000000000e+00 8.600000000000000000e+01 4.000000000000000000e+05 -1.000000000000000000e+00 -1.000000000000000000e+00
9.500000000000000000e+01 3.432793290273185994e+04 1.343718332148003292e+01 -2.511572401362272555e-01 1.860401215005574871e+00 3.111216233380132756e+00 3.863516632483392915e-02 1.570796326794896558e+00 1.000000000000000000e+00 1.000000000000000000e+00 0.000000000000000000e+00 0.000000000000000000e+00 -1.000000000000000000e+00 -1.000000000000000000e+00
3.710000000000000000e+02 6.851994947163608458e+02 1.276956794502283721e+01 6.094198958592984827e-02 1.399163365759280575e-01 0.000000000000000000e+00 4.877188305081441716e-02 -1.000000000000000000e+00 1.000000000000000000e+00 1.000000000000000000e+00 8.600000000000000000e+01 5.000000000000000000e+05 -1.000000000000000000e+00 -1.000000000000000000e+00
1.280000000000000000e+02 9.942375823474145363e+03 1.039916282803871184e+01 1.921160476542662643e-01 9.139391779372830760e-01 3.151967402183713851e+00 1.000000000000000021e-02 1.570796326794896558e+00 1.000000000000000000e+00 1.000000000000000000e+00 0.000000000000000000e+00 0.000000000000000000e+00 -1.000000000000000000e+00 -1.000000000000000000e+00
3.700000000000000000e+02 2.758111580108830822e+04 3.781157265790045585e+01 5.486360158268069886e-01 0.000000000000000000e+00 0.000000000000000000e+00 1.209706732210466540e-02 -1.000000000000000000e+00 1.000000000000000000e+00 2.000000000000000000e+00 8.600000000000000000e+01 5.800000000000000000e+05 -1.000000000000000000e+00 -1.000000000000000000e+00
3.720000000000000000e+02 1.679053299495904866e+04 3.081894502383550716e+01 5.740387840277793030e-01 0.000000000000000000e+00 0.000000000000000000e+00 1.000000000000000021e-02 -1.000000000000000000e+00 1.000000000000000000e+00 2.000000000000000000e+00 8.600000000000000000e+01 5.800000000000000000e+05 -1.000000000000000000e+00 -1.000000000000000000e+00
3.760000000000000000e+02 1.361781195343354227e+02 1.302322147781635486e+01 2.167803805269493192e-02 5.915684413495611027e-01 0.000000000000000000e+00 8.943839585968407779e-02 -1.000000000000000000e+00 1.000000000000000000e+00 1.000000000000000000e+00 8.600000000000000000e+01 6.000000000000000000e+05 -1.000000000000000000e+00 -1.000000000000000000e+00
3.740000000000000000e+02 1.293081048257444490e+04 2.057842388361042296e+01 6.490776767941427439e-01 0.000000000000000000e+00 0.000000000000000000e+00 9.000000000000001055e-02 -1.000000000000000000e+00 1.000000000000000000e+00 2.000000000000000000e+00 8.600000000000000000e+01 6.200000000000000000e+05 -1.000000000000000000e+00 -1.000000000000000000e+00
3.750000000000000000e+02 2.171703272439525608e+04 4.122230391993101506e+01 6.607107370332679919e-01 0.000000000000000000e+00 0.000000000000000000e+00 3.126709544904351934e-02 -1.000000000000000000e+00 1.000000000000000000e+00 2.000000000000000000e+00 8.600000000000000000e+01 6.300000000000000000e+05 -1.000000000000000000e+00 -1.000000000000000000e+00
3.730000000000000000e+02 2.393926252170920634e+04 2.674969644944051339e+01 6.752525325345788421e-01 0.000000000000000000e+00 0.000000000000000000e+00 1.000000000000000021e-02 -1.000000000000000000e+00 1.000000000000000000e+00 2.000000000000000000e+00 8.600000000000000000e+01 6.400000000000000000e+05 -1.000000000000000000e+00 -1.000000000000000000e+00
