# id_num orb_a mass spin spin_angle orb_inc orb_ecc orb_arg_periapse orb_ang_mom gen galaxy time_passed gw_freq gw_strain
0.000000000000000000e+00 3.696911556276804913e+04 2.115886166541251256e+01 -1.787669789769511311e-02 1.391223162910765421e+00 -2.801751686549974751e-03 9.418077680770567395e-02 0.000000000000000000e+00 1.000000000000000000e+00 1.000000000000000000e+00 0.000000000000000000e+00 0.000000000000000000e+00 -1.000000000000000000e+00 -1.000000000000000000e+00
1.000000000000000000e+00 4.170794513861065934e+04 3.505305681296368903e+01 -1.161769365219914030e-01 2.829696620736782631e+00 3.118850181655073772e+00 6.593832700834623139e-02 0.000000000000000000e+00 1.000000000000000000e+00 1.000000000000000000e+00 0.000000000000000000e+00 0.000000000000000000e+00 -1.000000000000000000e+00 -1.000000000000000000e+00
6.000000000000000000e+00 1.624389891117113223e+02 1.154884146165373870e+01 -6.319168922763404583e-02 3.041575751427349150e+00 4.100282915933557010e-02 6.819208255228648152e-02 1.570796326794896558e+00 1.000000000000000000e+00 1.000000000000000000e+00 0.000000000000000000e+00 0.000000000000000000e+00 -1.000000000000000000e+00 -1.000000000000000000e+00
7.000000000000000000e+00 5.000000000000000000e+04 1.036608490219197165e+01 6.976355222985264337e-02 5.905290951773007890e-01 3.125488334428505599e+00 2.203214032231130132e-02 1.570796326794896558e+00 1.000000000000000000e+00 1.000000000000000000e+00 0.000000000000000000e+00 0.000000000000000000e+00 -1.000000000000000000e+00 -1.000000000000000000e+00
8.000000000000000000e+00 3.977991962812619022e+04 1.445184523628356210e+01 1.891708759245476143e-03 1.747165697834449194e+00 -1.867852451111911422e-02 6.518951378500688343e-02 0.000000000000000000e+00 1.000000000000000000e+00 1.000000000000000000e+00 0.000000000000000000e+00 0.000000000000000000e+00 -1.000000000000000000e+00 -1.000000000000000000e+00
9.000000000000000000e+00 2.555963625738807605e+04 1.799421617632441084e+01 1.507204827780352363e-01 6.998620492647131819e-01 -2.942771244021852653e-02 1.068173171254465335e-02 0.000000000000000000e+00 1.000000000000000000e+00 1.000000000000000000e+00 0.000000000000000000e+00 0.000000000000000000e+00 -1.000000000000000000e+00 -1.000000000000000000e+00
1.000000000000000000e+01 2.257520531930619472e+04 1.575560142139981679e+01 1.020527132044723451e-01 1.691861999278460704e+00 3.162026196644540654e+00 2.200843926763833280e-02 0.000000000000000000e+00 1.000000000000000000e+00 1.000000000000000000e+00 0.000000000000000000e+00 0.000000000000000000e+00 -1.000000000000000000e+00 -1.000000000000000000e+00
1.100000000000000000e+01 4.251727434020476358e+04 1.095691901303096927e+01 8.483690353852452182e-02 1.544169167460028413e+00 -3.654436325518836681e-02 3.818449939051746234e-02 0.000000000000000000e+00 1.000000000000000000e+00 1.000000000000000000e+00 0.000000000000000000e+00 0.000000000000000000e+00 -1.000000000000000000e+00 -1.000000000000000000e+00
1.200000000000000000e+01 1.856725444463123495e+04 3.111409142620187396e+01 -2.989240258760874139e-02 1.226270680758896114e+00 3.151061079043256719e+00 1.125725433785663802e-02 1.570796326794896558e+00 1.000000000000000000e+00 1.000000000000000000e+00 0.000000000000000000e+00 0.000000000000000000e+00 -1.000000000000000000e+00 -1.000000000000000000e+00
1.300000000000000000e+01 2.292611622117742081e+04 1.319005239997658308e+01 3.559501344177382065e-02 1.084136030207794477e+00 3.300241560219962372e-02 7.269407704920764768e-02 1.570796326794896558e+00 1.000000000000000000e+00 1.000000000000000000e+00 0.000000000000000000e+00 0.000000000000000000e+00 -1.000000000000000000e+00 -1.000000000000000000e+00
1.600000000000000000e+01 4.848294927619686860e+03 1.174545178731034945e+01 2.469921560672660305e-02 1.088713319083447706e+00 3.128471795034178271e+00 9.000000000000001055e-02 0.000000000000000000e+00 1.000000000000000000e+00 1.000000000000000000e+00 0.000000000000000000e+00 0.000000000000000000e+00 -1.000000000000000000e+00 -1.000000000000000000e+00
1.900000000000000000e+01 2.307315469060046598e+04 1.075895174757850548e+01 -4.915501909201654834e-02 2.409270360821676338e+00 -2.493351929521039553e-02 5.236159163338267170e-02 0.000000000000000000e+00 1.000000000000000000e+00 1.000000000000000000e+00 0.000000000000000000e+00 0.000000000000000000e+00 -1.000000000000000000e+00 -1.000000000000000000e+00
2.000000000000000000e+01 3.875254372422642336e+04 1.327033805621249662e+01 -6.188137669725392309e-02 2.965530197168804616e+00 3.824353909239970595e-02 6.112198715126473253e-02 1.570796326794896558e+00 1.000000000000000000e+00 1.000000000000000000e+00 0.000000000000000000e+00 0.000000000000000000e+00 -1.000000000000000000e+00 -1.000000000000000000e+00
2.400000000000000000e+01 5.000000000000000000e+04 1.848438601925774094e+01 -3.644849411942414907e-02 1.518295229359749365e+00 3.177114226388413787e+00 2.802259608937953533e-02 0.000000000000000000e+00 1.000000000000000000e+00 1.000000000000000000e+00 0.000000000000000000e+00 0.000000000000000000e+00 -1.000000000000000000e+00 -1.000000000000000000e+00
2.500000000000000000e+01 1.318134326519309980e+04 1.837022870866890756e+01 1.246712234665822705e-02 0.000000000000000000e+00 -5.888498545079131827e-03 1.000000000000000021e-02 0.000000000000000000e+00 1.000000000000000000e+00 1.000000000000000000e+00 0.000000000000000000e+00 0.000000000000000000e+00 -1.000000000000000000e+00 -1.000000000000000000e+00
2.600000000000000000e+01 3.903615049083810300e+04 3.661942331895451019e+01 -5.721607134316518406e-02 2.039204812207624062e+00 2.154925879421473733e-02 1.332773332395552901e-01 0.000000000000000000e+00 1.000000000000000000e+00 1.000000000000000000e+00 0.000000000000000000e+00 0.000000000000000000e+00 -1.000000000000000000e+00 -1.000000000000000000e+00
2.700000000000000000e+01 2.262464685742265283e+04 1.214026776779072314e+01 -3.296797232018329749e-01 3.087310552455825530e+00 3.134693917221647030e+00 3.172567966246826743e-02 1.570796326794896558e+00 1.000000000000000000e+00 1.000000000000000000e+00 0.000000000000000000e+00 0.000000000000000000e+00 -1.000000000000000000e+00 -1.000000000000000000e+00
3.000000000000000000e+01 2.754848595912090605e+04 1.615888908626756759e+01 7.466589066940437780e-02 5.781535428229702678e-01 3.145338479196368553e+00 1.000000000000000056e-01 1.570796326794896558e+00 1.000000000000000000e+00 1.000000000000000000e+00 0.000000000000000000e+00 0.000000000000000000e+00 -1.000000000000000000e+00 -1.000000000000000000e+00
3.100000000000000000e+01 5.000000000000000000e+04 3.104712004657455893e+01 -1.426151115000681979e-01 2.704115485729797985e+00 4.277733763217184473e-03 2.218909457957997100e-01 0.000000000000000000e+00 1.000000000000000000e+00 1.000000000000000000e+00 0.000000000000000000e+00 0.000000000000000000e+00 -1.000000000000000000e+00 -1.000000000000000000e+00
3.400000000000000000e+01 3.886068070169552084e+04 1.078357218264708095e+01 -1.631932027673803076e-01 3.100000000000000089e+00 1.351599506903089498e-02 1.188308301520839827e-01 0.000000000000000000e+00 1.000000000000000000e+00 1.000000000000000000e+00 0.000000000000000000e+00 0.000000000000000000e+00 -1.000000000000000000e+00 -1.000000000000000000e+00
3.900000000000000000e+01 3.099482851164619569e+04 1.445463759943073434e+01 1.379918131206950282e-02 1.406315546475536582e+00 -1.400859829586961064e-02 3.803335836771001843e-02 0.000000000000000000e+00 1.000000000000000000e+00 1.000000000000000000e+00 0.000000000000000000e+00 0.000000000000000000e+00 -1.000000000000000000e+00 -1.000000000000000000e+00
4.200000000000000000e+01 4.369198327963758857e+02 1.025807281872061871e+01 -2.694261037028345962e-01 2.373374013642946423e+00 3.128948424361677638e+00 3.205629125212135222e-02 0.000000000000000000e+00 1.000000000000000000e+00 1.000000000000000000e+00 0.000000000000000000e+00 0.000000000000000000e+00 -1.000000000000000000e+00 -1.000000000000000000e+00
4.400000000000000000e+01 3.953978764395076723e+04 3.035232497737579394e+01 -1.526311418658573560e-01 1.868879875811811253e+00 3.842230292654664342e-02 1.128643742102303053e-02 1.570796326794896558e+00 1.000000000000000000e+00 1.000000000000000000e+00 0.000000000000000000e+00 0.000000000000000000e+00 -1.000000000000000000e+00 -1.000000000000000000e+00
4.800000000000000000e+01 2.031661678375064366e+04 1.582919912060518008e+01 -7.495483340261269167e-02 2.352502729103091994e+00 1.985944025413852523e-02 6.396135289030735471e-02 0.000000000000000000e+00 1.000000000000000000e+00 1.000000000000000000e+00 0.000000000000000000e+00 0.000000000000000000e+00 -1.000000000000000000e+00 -1.000000000000000000e+00
4.900000000000000000e+01 2.319677542178629301e+04 3.663841133948454143e+01 -4.251592374149229525e-02 3.062146336658805534e+00 3.129242973458103982e+00 2.525620594806304506e-02 0.000000000000000000e+00 1.000000000000000000e+00 1.000000000000000000e+00 0.000000000000000000e+00 0.000000000000000000e+00 -1.000000000000000000e+00 -1.000000000000000000e+00
5.200000000000000000e+01 3.447867851804139354e+04 3.520696359152652377e+01 -1.703539747111050273e-01 1.909878723568218861e+00 -3.167623904193915541e-02 1.000000000000000021e-02 0.000000000000000000e+00 1.000000000000000000e+00 1.000000000000000000e+00 0.000000000000000000e+00 0.000000000000000000e+00 -1.000000000000000000e+00 -1.000000000000000000e+00
5.300000000000000000e+01 3.913852468633001263e+04 1.884278281621847739e+01 1.719198019322766280e-01 2.844125145806562505e-01 3.110066690464877937e+00 1.293646590331292145e-01 1.570796326794896558e+00 1.000000000000000000e+00 1.000000000000000000e+00 0.000000000000000000e+00 0.000000000000000000e+00 -1.000000000000000000e+00 -1.000000000000000000e+00
5.500000000000000000e+01 3.484843700782210362e+04 1.509492024390345932e+01 1.470676450513101474e-01 6.442868428899130029e-01 3.489401810424508366e-03 6.648043816480918300e-02 0.000000000000000000e+00 1.000000000000000000e+00 1.000000000000000000e+00 0.000000000000000000e+00 0.000000000000000000e+00 -1.000000000000000000e+00 -1.000000000000000000e+00
5.600000000000000000e+01 4.895045422931808048e+02 1.009294841844846147e+01 7.886731829289811424e-03 1.570141857915914985e+00 3.151426652960795494e+00 7.268782210110681652e-02 1.570796326794896558e+00 1.000000000000000000e+00 1.000000000000000000e+00 0.000000000000000000e+00 0.000000000000000000e+00 -1.000000000000000000e+00 -1.000000000000000000e+00
5.700000000000000000e+01 2.310299983278620857e+04 1.231551912681691263e+01 -1.258648652259501954e-01 2.074804118363499761e+00 3.399212059262188886e-03 3.834975251059469931e-02 0.000000000000000000e+00 1.000000000000000000e+00 1.000000000000000000e+00 0.000000000000000000e+00 0.000000000000000000e+00 -1.000000000000000000e+00 -1.000000000000000000e+00
5.800000000000000000e+01 1.262689715163787696e+04 1.216136638464510611e+01 -2.543017929551379293e-03 7.638970634940466242e-01 1.710136444620029977e-02 1.099899363665624366e-02 1.570796326794896558e+00 1.000000000000000000e+00 1.000000000000000000e+00 0.000000000000000000e+00 0.000000000000000000e+00 -1.000000000000000000e+00 -1.000000000000000000e+00
6.400000000000000000e+01 3.474073783695844031e+04 2.609179685427371709e+01 1.857800265618030355e-01 1.414713786803231566e+00 3.906166345861765421e-02 9.162935488440854259e-02 0.000000000000000000e+00 1.000000000000000000e+00 1.000000000000000000e+00 0.000000000000000000e+00 0.000000000000000000e+00 -1.000000000000000000e+00 -1.000000000000000000e+00
6.500000000000000000e+01 6.099919737736196339e+02 1.303992704111646894e+01 -1.261563679267918014e-01 1.938704611960742064e+00 -9.024010075397633293e-03 1.000000000000000056e-01 0.000000000000000000e+00 1.000000000000000000e+00 1.000000000000000000e+00 0.000000000000000000e+00 0.000000000000000000e+00 -1.000000000000000000e+00 -1.000000000000000000e+00
6.600000000000000000e+01 4.177467460784191644e+04 1.042147575663358339e+01 -1.618103704241600771e-01 3.100000000000000089e+00 3.152001600649796842e+00 3.961704914302439234e-02 0.000000000000000000e+00 1.000000000000000000e+00 1.000000000000000000e+00 0.000000000000000000e+00 0.000000000000000000e+00 -1.000000000000000000e+00 -1.000000000000000000e+00
6.800000000000000000e+01 4.878825434584025970e+03 1.144920123935372480e+01 8.304276109274273676e-02 1.039643750924476695e+00 3.152177743862550230e+00 8.100000000000001643e-02 1.570796326794896558e+00 1.000000000000000000e+00 1.000000000000000000e+00 0.000000000000000000e+00 0.000000000000000000e+00 -1.000000000000000000e+00 -1.000000000000000000e+00
7.100000000000000000e+01 6.047100772317691053e+02 1.096049222474569262e+01 9.054681571451011698e-04 1.057194618992242763e+00 8.195478984504782349e-03 9.000000000000001055e-02 0.000000000000000000e+00 1.000000000000000000e+00 1.000000000000000000e+00 0.000000000000000000e+00 0.000000000000000000e+00 -1.000000000000000000e+00 -1.000000000000000000e+00
7.200000000000000000e+01 3.901324747322499024e+04 3.223498271298274176e+01 -2.398346635847322383e-01 2.699387097314012607e+00 3.101536076250533736e+00 6.276937668483179023e-02 0.000000000000000000e+00 1.000000000000000000e+00 1.000000000000000000e+00 0.000000000000000000e+00 0.000000000000000000e+00 -1.000000000000000000e+00 -1.000000000000000000e+00
7.300000000000000000e+01 6.150666122822943862e+02 1.449219356181324336e+01 -6.051507482640076235e-02 2.958598472420238323e+00 3.136172516863431348e+00 9.000000000000001055e-02 0.000000000000000000e+00 1.000000000000000000e+00 1.000000000000000000e+00 0.000000000000000000e+00 0.000000000000000000e+00 -1.000000000000000000e+00 -1.000000000000000000e+00
7.400000000000000000e+01 2.933118517709345542e+04 1.490466456863890166e+01 1.898775862879633070e-01 1.661804696046178531e+00 3.130636299702303837e+00 3.742977757234567521e-02 0.000000000000000000e+00 1.000000000000000000e+00 1.000000000000000000e+00 0.000000000000000000e+00 0.000000000000000000e+00 -1.000000000000000000e+00 -1.000000000000000000e+00
7.500000000000000000e+01 2.344892782776560489e+04 1.453704486839124499e+01 4.878847971763623781e-02 1.487842944663410938e+00 3.143559568024102191e+00 8.778567239941292843e-02 1.570796326794896558e+00 1.000000000000000000e+00 1.000000000000000000e+00 0.000000000000000000e+00 0.000000000000000000e+00 -1.000000000000000000e+00 -1.000000000000000000e+00
7.600000000000000000e+01 8.112830982944973584e+03 1.460450555843560494e+01 4.944179215639588065e-02 7.001149793804146704e-01 -1.586240917340880907e-02 2.569840175496907256e-02 0.000000000000000000e+00 1.000000000000000000e+00 1.000000000000000000e+00 0.000000000000000000e+00 0.000000000000000000e+00 -1.000000000000000000e+00 -1.000000000000000000e+00
7.900000000000000000e+01 7.618173792483628404e+02 1.797551124031419079e+01 4.535425628707093204e-02 0.000000000000000000e+00 1.255517098018514143e-03 2.332943154923444729e-02 0.000000000000000000e+00 1.000000000000000000e+00 1.000000000000000000e+00 0.000000000000000000e+00 0.000000000000000000e+00 -1.000000000000000000e+00 -1.000000000000000000e+00
8.000000000000000000e+01 5.000000000000000000e+04 1.216239403243204009e+01 -5.961828334896461870e-03 8.853078070027446955e-01 -7.362385700808102458e-03 1.747414169954282226e-01 1.570796326794896558e+00 1.000000000000000000e+00 1.000000000000000000e+00 0.000000000000000000e+00 0.000000000000000000e+00 -1.000000000000000000e+00 -1.000000000000000000e+00
8.200000000000000000e+01 2.893767320310078867e+04 1.550569218999610754e+01 -2.704519023129727320e-02 7.570783040967612454e-01 -1.146392736541119658e-02 4.476075753571180649e-02 0.000000000000000000e+00 1.000000000000000000e+00 1.000000000000000000e+00 0.000000000000000000e+00 0.000000000000000000e+00 -1.000000000000000000e+00 -1.000000000000000000e+00
8.300000000000000000e+01 2.461066626285305392e+04 1.534471457734175814e+01 -8.955553950373082439e-02 2.212429722352955874e+00 3.129862782986169378e+00 3.182284641877943659e-02 1.570796326794896558e+00 1.000000000000000000e+00 1.000000000000000000e+00 0.000000000000000000e+00 0.000000000000000000e+00 -1.000000000000000000e+00 -1.000000000000000000e+00
8.500000000000000000e+01 2.100774978068317068e+04 1.487055900158813593e+01 7.461380077088804186e-02 3.710915740123621465e-01 1.306562328642304344e-02 5.135948014988716420e-02 0.000000000000000000e+00 1.000000000000000000e+00 1.000000000000000000e+00 0.000000000000000000e+00 0.000000000000000000e+00 -1.000000000000000000e+00 -1.000000000000000000e+00
8.600000000000000000e+01 3.159946486931169784e+04 1.990715633287260289e+01 3.852532862569427868e-03 1.236221956246671638e+00 -3.165072808351004213e-02 4.783394316212482428e-02 1.570796326794896558e+00 1.000000000000000000e+00 1.000000000000000000e+00 0.000000000000000000e+00 0.000000000000000000e+00 -1.000000000000000000e+00 -1.000000000000000000e+00
8.700000000000000000e+01 1.640882062347320243e+04 2.667935544760639033e+01 -1.241007946075200485e-01 1.859417873745024430e+00 3.125859698192716696e+00 4.817554620675321836e-02 1.570796326794896558e+00 1.000000000000000000e+00 1.000000000000000000e+00 0.000000000000000000e+00 0.000000000000000000e+00 -1.000000000000000000e+00 -1.000000000000000000e+00
8.900000000000000000e+01 2.022797940055341314e+04 1.657433253973571752e+01 2.684591780778903397e-02 3.683464605622258636e-01 3.150584476817115842e+00 3.061609545115127895e-02 0.000000000000000000e+00 1.000000000000000000e+00 1.000000000000000000e+00 0.000000000000000000e+00 0.000000000000000000e+00 -1.000000000000000000e+00 -1.000000000000000000e+00
9.100000000000000000e+01 1.549611305379483383e+04 2.511135310103318474e+01 1.976536223383176805e-02 4.610852153562591260e-01 1.296196022902153071e-02 1.767389460316932254e-02 0.000000000000000000e+00 1.000000000000000000e+00 1.000000000000000000e+00 0.000000000000000000e+00 0.000000000000000000e+00 -1.000000000000000000e+00 -1.000000000000000000e+00
9.200000000000000000e+01 4.614747630363831558e+04 2.090374679876421382e+01 -2.865887830854441445e-02 1.659356798264888022e+00 3.701538082921195655e-02 4.059424660818768127e-02 1.570796326794896558e+00 1.000000000000000000e+00 1.000000000000000000e+00 0.000000000000000000e+00 0.000000000000000000e+00 -1.000000000000000000e+00 -1.000000000000000000e+00
9.300000000000000000e+01 2.229581215316823364e+04 2.009023582534585017e+01 2.275566257574730342e-03 3.479166608230424562e-01 -1.241572951943228746e-02 1.000000000000000056e-01 1.570796326794896558e+00 1.000000000000000000e+00 1.000000000000000000e+00 0.000000000000000000e+00 0.000000000000000000e+00 -1.000000000000000000e+00 -1.000000000000000000e+00
9.400000000000000000e+01 1.089764941081251163e+04 2.622538959160569760e+01 -1.134492324029162807e-01 2.248342994048579513e+00 -7.904178120227355400e-03 1.000000000000000056e-01 0.000000000000000000e+00 1.000000000000000000e+00 1.000000000000000000e+00 0.000000000000000000e+00 0.000000000000000000e+00 -1.000000000000000000e+00 -1.000000000000000000e+00
9.800000000000000000e+01 2.238847783247717598e+04 1.168732986084059178e+01 -1.087924523088270035e-01 2.467618090782783824e+00 8.173540583907162177e-03 3.715889583474851071e-02 1.570796326794896558e+00 1.000000000000000000e+00 1.000000000000000000e+00 0.000000000000000000e+00 0.000000000000000000e+00 -1.000000000000000000e+00 -1.000000000000000000e+00
9.900000000000000000e+01 3.485508667500320735e+04 1.714001375264448157e+01 9.797413765251290763e-03 1.545082417117004336e+00 1.446479951431930630e-02 5.847269958185277727e-02 0.000000000000000000e+00 1.000000000000000000e+00 1.000000000000000000e+00 0.000000000000000000e+00 0.000000000000000000e+00 -1.000000000000000000e+00 -1.000000000000000000e+00
1.000000000000000000e+02 5.000000000000000000e+04 1.019806277023922725e+01 -2.010116362042901061e-01 1.884243775500012319e+00 -2.256650038858665566e-02 2.205279951650269687e-01 1.570796326794896558e+00 1.000000000000000000e+00 1.000000000000000000e+00 0.000000000000000000e+00 0.000000000000000000e+00 -1.000000000000000000e+00 -1.000000000000000000e+00
1.020000000000000000e+02 2.230303463578487208e+04 1.315713081314805422e+01 -5.152764534621032816e-02 2.626151503550736344e+00 1.533648330327648697e-02 5.112298073614566368e-02 1.570796326794896558e+00 1.000000000000000000e+00 1.000000000000000000e+00 0.000000000000000000e+00 0.000000000000000000e+00 -1.000000000000000000e+00 -1.000000000000000000e+00
1.040000000000000000e+02 4.211650720169425767e+04 1.114799856166317404e+01 1.134329926464208438e-01 9.931663988557752898e-01 3.118021461787653159e+00 1.133317441667546811e-02 1.570796326794896558e+00 1.000000000000000000e+00 1.000000000000000000e+00 0.000000000000000000e+00 0.000000000000000000e+00 -1.000000000000000000e+00 -1.000000000000000000e+00
1.080000000000000000e+02 2.986698442071576937e+04 2.223629406964764854e+01 4.383804681033322270e-02 1.010369088802080872e+00 3.159742352553774225e+00 8.953286014938437176e-02 1.570796326794896558e+00 1.000000000000000000e+00 1.000000000000000000e+00 0.000000000000000000e+00 0.000000000000000000e+00 -1.000000000000000000e+00 -1.000000000000000000e+00
1.120000000000000000e+02 1.585725992231826967e+04 3.051653960268576071e+01 -6.014004235830686454e-03 7.083459419644100308e-01 3.115543544637449536e+00 1.379970943544061614e-02 0.000000000000000000e+00 1.000000000000000000e+00 1.000000000000000000e+00 0.000000000000000000e+00 0.000000000000000000e+00 -1.000000000000000000e+00 -1.000000000000000000e+00
1.130000000000000000e+02 2.711772801081536454e+04 1.250547756613434736e+01 -5.234706831752991563e-02 2.518636969865105435e+00 3.129742685952185965e+00 4.443473173457204717e-02 0.000000000000000000e+00 1.000000000000000000e+00 1.000000000000000000e+00 0.000000000000000000e+00 0.000000000000000000e+00 -1.000000000000000000e+00 -1.000000000000000000e+00
1.140000000000000000e+02 2.719371339549277036e+04 1.286197857054835936e+01 1.043790969246682909e-01 1.012705896627827507e+00 3.003492966265200112e-02 3.803915355650069191e-02 0.000000000000000000e+00 1.000000000000000000e+00 1.000000000000000000e+00 0.000000000000000000e+00 0.000000000000000000e+00 -1.000000000000000000e+00 -1.000000000000000000e+00
1.150000000000000000e+02 2.638191421021218048e+04 1.235442615566089586e+01 -2.755318546491507536e-01 2.387596628906254903e+00 -1.518513234730635084e-02 7.661341935057527919e-02 0.000000000000000000e+00 1.000000000000000000e+00 1.000000000000000000e+00 0.000000000000000000e+00 0.000000000000000000e+00 -1.000000000000000000e+00 -1.000000000000000000e+00
1.160000000000000000e+02 1.031353709786820218e+04 1.850694900140512900e+01 -1.054732813892410859e-01 2.856063348662264634e+00 1.055011798061724661e-02 3.094541912788834406e-02 0.000000000000000000e+00 1.000000000000000000e+00 1.000000000000000000e+00 0.000000000000000000e+00 0.000000000000000000e+00 -1.000000000000000000e+00 -1.000000000000000000e+00
1.210000000000000000e+02 3.947079419292171951e+04 1.119613695704274292e+01 8.060474083295779413e-02 7.599232111214657692e-01 3.141992114211230813e+00 5.011727524671552580e-02 1.570796326794896558e+00 1.000000000000000000e+00 1.000000000000000000e+00 0.000000000000000000e+00 0.000000000000000000e+00 -1.000000000000000000e+00 -1.000000000000000000e+00
1.220000000000000000e+02 5.000000000000000000e+04 2.655148892003875361e+01 -7.468052747187485518e-02 3.072972554577940052e+00 2.110930461026389385e-02 2.362738037637019117e-01 1.570796326794896558e+00 1.000000000000000000e+00 1.000000000000000000e+00 0.000000000000000000e+00 0.000000000000000000e+00 -1.000000000000000000e+00 -1.000000000000000000e+00
1.230000000000000000e+02 2.515001648902152738e+04 1.591648350850320170e+01 6.574579160041511827e-02 1.099009060794125414e+00 -2.215076067615910638e-02 5.956914987307000697e-02 0.000000000000000000e+00 1.000000000000000000e+00 1.000000000000000000e+00 0.000000000000000000e+00 0.000000000000000000e+00 -1.000000000000000000e+00 -1.000000000000000000e+00
1.240000000000000000e+02 2.038172237487128950e+04 2.385227702943400274e+01 -6.769226363958057158e-02 1.940549803580178700e+00 1.885100103147485315e-02 1.000000000000000056e-01 0.000000000000000000e+00 1.000000000000000000e+00 1.000000000000000000e+00 0.000000000000000000e+00 0.000000000000000000e+00 -1.000000000000000000e+00 -1.000000000000000000e+00
1.290000000000000000e+02 4.315423566748892335e+04 3.580496275636519243e+01 1.091334148177324215e-01 6.786347990476789827e-01 3.992135955789265916e-02 8.650530531770266041e-02 0.000000000000000000e+00 1.000000000000000000e+00 1.000000000000000000e+00 0.000000000000000000e+00 0.000000000000000000e+00 -1.000000000000000000e+00 -1.000000000000000000e+00
1.300000000000000000e+02 5.000000000000000000e+04 1.219964464987028485e+01 -7.010210786135580296e-02 2.405285077537420602e+00 3.115130560794785008e+00 4.391252394470211012e-02 0.000000000000000000e+00 1.000000000000000000e+00 1.000000000000000000e+00 0.000000000000000000e+00 0.000000000000000000e+00 -1.000000000000000000e+00 -1.000000000000000000e+00
1.310000000000000000e+02 3.302715096724232717e+04 2.482233569536249362e+01 7.963688852226763482e-02 1.265046438299620934e+00 3.129599257764795084e+00 8.219163062970274991e-02 1.570796326794896558e+00 1.000000000000000000e+00 1.000000000000000000e+00 0.000000000000000000e+00 0.000000000000000000e+00 -1.000000000000000000e+00 -1.000000000000000000e+00
1.320000000000000000e+02 6.403208937135506176e+02 2.026153996035811033e+01 -4.012193067657352646e-02 2.726835625014343290e+00 3.129293013605641605e+00 9.000000000000001055e-02 1.570796326794896558e+00 1.000000000000000000e+00 1.000000000000000000e+00 0.000000000000000000e+00 0.000000000000000000e+00 -1.000000000000000000e+00 -1.000000000000000000e+00
1.350000000000000000e+02 1.548912026508178496e+04 1.086407595014130933e+01 -1.272030568331564138e-01 3.100000000000000089e+00 3.130909373455522893e+00 1.818365873600964397e-02 1.570796326794896558e+00 1.000000000000000000e+00 1.000000000000000000e+00 0.000000000000000000e+00 0.000000000000000000e+00 -1.000000000000000000e+00 -1.000000000000000000e+00
1.380000000000000000e+02 5.769974961024273625e+02 1.428117356364627710e+01 6.228770701402147614e-02 1.365036728639774655e+00 3.146539497536952723e+00 5.394791989825771517e-02 1.570796326794896558e+00 1.000000000000000000e+00 1.000000000000000000e+00 0.000000000000000000e+00 0.000000000000000000e+00 -1.000000000000000000e+00 -1.000000000000000000e+00
1.400000000000000000e+02 2.692879590273080976e+04 2.348960774984981370e+01 -7.385746741259950621e-02 3.100000000000000089e+00 -2.265361253330299036e-03 8.595686354482423575e-02 1.570796326794896558e+00 1.000000000000000000e+00 1.000000000000000000e+00 0.000000000000000000e+00 0.000000000000000000e+00 -1.000000000000000000e+00 -1.000000000000000000e+00
1.410000000000000000e+02 7.354704758923209056e+02 3.624346686010076013e+01 -9.598372263179848207e-02 2.456570419068055067e+00 3.142053373247954084e+00 9.000000000000001055e-02 1.570796326794896558e+00 1.000000000000000000e+00 1.000000000000000000e+00 0.000000000000000000e+00 0.000000000000000000e+00 -1.000000000000000000e+00 -1.000000000000000000e+00
1.430000000000000000e+02 1.480684185220415748e+04 1.304771122790431725e+01 -3.368419286307670901e-02 8.400051830320590662e-01 3.145892505180696297e+00 1.000000000000000021e-02 1.570796326794896558e+00 1.000000000000000000e+00 1.000000000000000000e+00 0.000000000000000000e+00 0.000000000000000000e+00 -1.000000000000000000e+00 -1.000000000000000000e+00
1.440000000000000000e+02 1.660652969512759591e+04 1.183583993626320741e+01 -7.758068814685245562e-02 1.815353693368888299e+00 3.148560856368069594e+00 7.521618178543471034e-02 0.000000000000000000e+00 1.000000000000000000e+00 1.000000000000000000e+00 0.000000000000000000e+00 0.000000000000000000e+00 -1.000000000000000000e+00 -1.000000000000000000e+00
1.450000000000000000e+02 1.524783532049328642e+04 3.628801784154035914e+01 -1.172490361661708835e-01 3.016956287912028412e+00 3.127536856628670758e+00 4.482805295601931250e-02 1.570796326794896558e+00 1.000000000000000000e+00 1.000000000000000000e+00 0.000000000000000000e+00 0.000000000000000000e+00 -1.000000000000000000e+00 -1.000000000000000000e+00
1.470000000000000000e+02 2.513855313001443210e+04 1.546588410744238828e+01 -1.664532947221860071e-01 3.100000000000000089e+00 -1.609915883370180781e-02 7.892794787925369593e-02 0.000000000000000000e+00 1.000000000000000000e+00 1.000000000000000000e+00 0.000000000000000000e+00 0.000000000000000000e+00 -1.000000000000000000e+00 -1.000000000000000000e+00
1.480000000000000000e+02 4.460438844738795160e+04 1.058399352242427227e+01 -1.927243546290115239e-02 7.999936704151949796e-01 -4.679386219257070795e-02 2.705162819120961876e-02 0.000000000000000000e+00 1.000000000000000000e+00 1.000000000000000000e+00 0.000000000000000000e+00 0.000000000000000000e+00 -1.000000000000000000e+00 -1.000000000000000000e+00
1.490000000000000000e+02 7.317124392010928204e+02 2.187813558509895273e+01 1.023263768524430295e-01 1.216538148826731947e+00 3.139445257662233146e+00 1.066821912213647937e-02 0.000000000000000000e+00 1.000000000000000000e+00 1.000000000000000000e+00 0.000000000000000000e+00 0.000000000000000000e+00 -1.000000000000000000e+00 -1.000000000000000000e+00
1.520000000000000000e+02 2.292482234204301858e+04 1.326900597477821542e+01 -5.666018116797934268e-02 3.100000000000000089e+00 3.150318325287440047e+00 3.897303091528202257e-02 1.570796326794896558e+00 1.000000000000000000e+00 1.000000000000000000e+00 0.000000000000000000e+00 0.000000000000000000e+00 -1.000000000000000000e+00 -1.000000000000000000e+00
1.530000000000000000e+02 1.144597145382330564e+04 1.022954546451447655e+01 -1.297493390254802481e-01 2.943042135193681297e+00 3.125696581866681534e+00 6.573786413716575794e-02 0.000000000000000000e+00 1.000000000000000000e+00 1.000000000000000000e+00 0.000000000000000000e+00 0.000000000000000000e+00 -1.000000000000000000e+00 -1.000000000000000000e+00
1.540000000000000000e+02 3.387767065198262571e+04 3.863299532072793596e+01 -9.375502807807012395e-02 3.041992512825452355e+00 3.114624275329540559e+00 8.707468035669954642e-02 1.570796326794896558e+00 1.000000000000000000e+00 1.000000000000000000e+00 0.000000000000000000e+00 0.000000000000000000e+00 -1.000000000000000000e+00 -1.000000000000000000e+00
1.560000000000000000e+02 7.161620256034875638e+02 1.008583983605929468e+01 -6.127149748005742552e-02 2.209624093560478286e+00 9.101109906669612240e-03 2.195632695036833781e-02 0.000000000000000000e+00 1.000000000000000000e+00 1.000000000000000000e+00 0.000000000000000000e+00 0.000000000000000000e+00 -1.000000000000000000e+00 -1.000000000000000000e+00
1.590000000000000000e+02 4.127199885825211823e+04 1.176285092575853497e+01 -2.382912996254054824e-02 3.213199371722225139e-01 3.177381545221619419e+00 2.557863327423944011e-02 1.570796326794896558e+00 1.000000000000000000e+00 1.000000000000000000e+00 0.000000000000000000e+00 0.000000000000000000e+00 -1.000000000000000000e+00 -1.000000000000000000e+00
1.600000000000000000e+02 1.346587648060952051e+04 1.341905244987284362e+01 -1.105993510395269636e-01 3.100000000000000089e+00 3.131007535942566644e+00 1.000000000000000056e-01 0.000000000000000000e+00 1.000000000000000000e+00 1.000000000000000000e+00 0.000000000000000000e+00 0.000000000000000000e+00 -1.000000000000000000e+00 -1.000000000000000000e+00
1.620000000000000000e+02 2.973745744356844807e+04 2.555358012895818476e+01 5.973667330694093502e-02 4.368202145022246352e-01 -3.120315301726243884e-02 4.671401484562423545e-02 0.000000000000000000e+00 1.000000000000000000e+00 1.000000000000000000e+00 0.000000000000000000e+00 0.000000000000000000e+00 -1.000000000000000000e+00 -1.000000000000000000e+00
1.630000000000000000e+02 8.211420432426560865e+02 1.580819665205567048e+01 -1.871061099971038089e-01 2.825309672525139870e+00 9.919839015288509781e-03 9.000000000000001055e-02 1.570796326794896558e+00 1.000000000000000000e+00 1.000000000000000000e+00 0.000000000000000000e+00 0.000000000000000000e+00 -1.000000000000000000e+00 -1.000000000000000000e+00
1.640000000000000000e+02 1.102508840228463305e+04 1.010239154734760092e+01 4.136977790314474990e-02 1.004381638484281858e+00 3.140313753140483666e+00 6.738711441289083059e-02 0.000000000000000000e+00 1.000000000000000000e+00 1.000000000000000000e+00 0.000000000000000000e+00 0.000000000000000000e+00 -1.000000000000000000e+00 -1.000000000000000000e+00
1.680000000000000000e+02 3.531610629027654795e+04 1.081856935781742912e+01 -4.610818148545135775e-02 2.193525997197073973e+00 3.168716388900518766e+00 4.292687697708521405e-02 1.570796326794896558e+00 1.000000000000000000e+00 1.000000000000000000e+00 0.000000000000000000e+00 0.000000000000000000e+00 -1.000000000000000000e+00 -1.000000000000000000e+00
1.690000000000000000e+02 1.609142652862061914e+04 1.037879734467620096e+01 -1.336002153164383421e-01 3.100000000000000089e+00 -2.113011358181590346e-02 8.130075806631098523e-02 0.000000000000000000e+00 1.000000000000000000e+00 1.000000000000000000e+00 0.000000000000000000e+00 0.000000000000000000e+00 -1.000000000000000000e+00 -1.000000000000000000e+00
1.710000000000000000e+02 4.656393923953024932e+04 1.283119824927485553e+01 -7.921579346708496755e-03 1.420687602503859726e+00 9.373617644208957767e-04 8.694292708083489751e-02 1.570796326794896558e+00 1.000000000000000000e+00 1.000000000000000000e+00 0.000000000000000000e+00 0.000000000000000000e+00 -1.000000000000000000e+00 -1.000000000000000000e+00
1.720000000000000000e+02 1.872643588634883417e+04 1.181015137721103514e+01 -6.313923118458750205e-02 2.580040588995085926e+00 3.172029558996726006e+00 1.000000000000000021e-02 1.570796326794896558e+00 1.000000000000000000e+00 1.000000000000000000e+00 0.000000000000000000e+00 0.000000000000000000e+00 -1.000000000000000000e+00 -1.000000000000000000e+00
1.730000000000000000e+02 3.813031695840347675e+04 1.222380739544384909e+01 -5.616601970088174606e-02 2.684929472311820664e+00 2.480891756012535906e-02 2.576679564423760976e-02 1.570796326794896558e+00 1.000000000000000000e+00 1.000000000000000000e+00 0.000000000000000000e+00 0.000000000000000000e+00 -1.000000000000000000e+00 -1.000000000000000000e+00
1.740000000000000000e+02 1.772546751394163221e+04 1.461777133465268186e+01 -8.334960171340941026e-02 3.100000000000000089e+00 3.136071414652595202e+00 1.390050937589075095e-02 1.570796326794896558e+00 1.000000000000000000e+00 1.000000000000000000e+00 0.000000000000000000e+00 0.000000000000000000e+00 -1.000000000000000000e+00 -1.000000000000000000e+00
1.750000000000000000e+02 2.126979658900565482e+04 2.665090204858788070e+01 -1.880688151169483957e-01 2.768206231023286445e+00 3.133249790122538680e+00 1.000000000000000056e-01 1.570796326794896558e+00 1.000000000000000000e+00 1.000000000000000000e+00 0.000000000000000000e+00 0.000000000000000000e+00 -1.000000000000000000e+00 -1.000000000000000000e+00
1.760000000000000000e+02 2.875913592263372266e+04 1.436021000714736218e+01 6.948342877531883677e-02 4.620814245842084222e-01 -3.390001101898482833e-02 1.000000000000000056e-01 1.570796326794896558e+00 1.000000000000000000e+00 1.000000000000000000e+00 0.000000000000000000e+00 0.000000000000000000e+00 -1.000000000000000000e+00 -1.000000000000000000e+00
1.770000000000000000e+02 1.826508168015327828e+04 1.077224068636148147e+01 1.935877942935033680e-01 1.586036346572392342e+00 3.138151816418896178e+00 6.705074349548253987e-02 0.000000000000000000e+00 1.000000000000000000e+00 1.000000000000000000e+00 0.000000000000000000e+00 0.000000000000000000e+00 -1.000000000000000000e+00 -1.000000000000000000e+00
1.780000000000000000e+02 2.248474181238081655e+04 1.753463206235814553e+01 -3.055324408163359248e-02 3.894084619664431313e-01 -1.950757078632954500e-02 3.948854772183935102e-02 0.000000000000000000e+00 1.000000000000000000e+00 1.000000000000000000e+00 0.000000000000000000e+00 0.000000000000000000e+00 -1.000000000000000000e+00 -1.000000000000000000e+00
1.790000000000000000e+02 1.749799920192114587e+04 1.112163367397282521e+01 -5.219774355412957687e-03 5.562109184601869982e-01 -1.498687057411232822e-02 3.275406095295915754e-02 1.570796326794896558e+00 1.000000000000000000e+00 1.000000000000000000e+00 0.000000000000000000e+00 0.000000000000000000e+00 -1.000000000000000000e+00 -1.000000000000000000e+00
1.800000000000000000e+02 2.835545284196206558e+04 1.110680836777360447e+01 -1.344168984302692160e-01 3.100000000000000089e+00 3.153795718930225256e+00 1.023135864718327515e-02 0.000000000000000000e+00 1.000000000000000000e+00 1.000000000000000000e+00 0.000000000000000000e+00 0.000000000000000000e+00 -1.000000000000000000e+00 -1.000000000000000000e+00
1.830000000000000000e+02 2.689401216230646241e+04 1.797146767577163828e+01 4.657713630500009971e-02 3.230525022881602926e-01 3.144884485843567390e+00 2.997588802510944145e-02 0.000000000000000000e+00 1.000000000000000000e+00 1.000000000000000000e+00 0.000000000000000000e+00 0.000000000000000000e+00 -1.000000000000000000e+00 -1.000000000000000000e+00
1.840000000000000000e+02 2.557010963503313178e+04 1.330630796379077019e+01 -1.273784695439152403e-01 2.685338782588853945e+00 3.131330543831936097e+00 2.700156486286425100e-02 1.570796326794896558e+00 1.000000000000000000e+00 1.000000000000000000e+00 0.000000000000000000e+00 0.000000000000000000e+00 -1.000000000000000000e+00 -1.000000000000000000e+00
1.850000000000000000e+02 5.000000000000000000e+04 3.516280881562088467e+01 -1.841680617402002840e-01 1.955402301373984963e+00 3.125446415205243689e+00 5.262563129976961795e-02 1.570796326794896558e+00 1.000000000000000000e+00 1.000000000000000000e+00 0.000000000000000000e+00 0.000000000000000000e+00 -1.000000000000000000e+00 -1.000000000000000000e+00
1.870000000000000000e+02 1.813835491879600158e+04 1.021060572211513495e+01 -2.395049751588564785e-02 1.384688249140661354e+00 3.167341232597423950e+00 5.412446599955302723e-02 1.570796326794896558e+00 1.000000000000000000e+00 1.000000000000000000e+00 0.000000000000000000e+00 0.000000000000000000e+00 -1.000000000000000000e+00 -1.000000000000000000e+00
1.950000000000000000e+02 3.062463504469022155e+04 1.054159298174132076e+01 -1.275747369519788718e-03 1.536743958635919949e+00 2.812108771108519020e-02 1.610534463406822769e-01 0.000000000000000000e+00 1.000000000000000000e+00 1.000000000000000000e+00 0.000000000000000000e+00 0.000000000000000000e+00 -1.000000000000000000e+00 -1.000000000000000000e+00
1.970000000000000000e+02 1.638252600946344683e+04 1.466167463744490185e+01 -1.300733481941223901e-01 3.100000000000000089e+00 4.306319464366714970e-04 1.486018951773752234e-02 0.000000000000000000e+00 1.000000000000000000e+00 1.000000000000000000e+00 0.000000000000000000e+00 0.000000000000000000e+00 -1.000000000000000000e+00 -1.000000000000000000e+00
1.980000000000000000e+02 2.294709808518455247e+04 1.518976595104754601e+01 8.151098683722257654e-02 5.104253667530979088e-01 3.034743080917750788e-02 1.252192293913517371e-02 1.570796326794896558e+00 1.000000000000000000e+00 1.000000000000000000e+00 0.000000000000000000e+00 0.000000000000000000e+00 -1.000000000000000000e+00 -1.000000000000000000e+00
2.000000000000000000e+02 7.262151615312615831e+03 2.798948307893076404e+01 -1.226122153316801522e-01 2.658848923828501576e+00 3.143385938670990587e+00 1.000000000000000056e-01 0.000000000000000000e+00 1.000000000000000000e+00 1.000000000000000000e+00 0.000000000000000000e+00 0.000000000000000000e+00 -1.000000000000000000e+00 -1.000000000000000000e+00
3.650000000000000000e+02 1.872389868667562780e+02 1.710175204867010734e+01 -1.391693330199154643e-01 2.806033050647612104e+00 0.000000000000000000e+00 9.739669671928843919e-02 -1.000000000000000000e+00 1.000000000000000000e+00 1.000000000000000000e+00 3.100000000000000000e+01 0.000000000000000000e+00 -1.000000000000000000e+00 -1.000000000000000000e+00
5.000000000000000000e+00 4.328388088095686544e+04 1.355013193779091552e+01 -2.046846319965839323e-01 2.898980443338797564e+00 0.000000000000000000e+00 1.512285193041566778e-02 1.570796326794896558e+00 1.000000000000000000e+00 1.000000000000000000e+00 0.000000000000000000e+00 0.000000000000000000e+00 -1.000000000000000000e+00 -1.000000000000000000e+00
3.300000000000000000e+01 3.770160993189136934e+04 2.039875501003182023e+01 -1.303789318565718724e-01 2.115230252689284995e+00 0.000000000000000000e+00 1.350285233891224471e-02 1.570796326794896558e+00 1.000000000000000000e+00 1.000000000000000000e+00 0.000000000000000000e+00 0.000000000000000000e+00 -1.000000000000000000e+00 -1.000000000000000000e+00
3.700000000000000000e+01 2.065739249212289724e+04 1.085698274634591343e+01 1.522640503572902926e-01 8.032206733945984611e-01 2.963717887044970550e-02 1.384911717512569140e-01 1.570796326794896558e+00 1.000000000000000000e+00 1.000000000000000000e+00 0.000000000000000000e+00 0.000000000000000000e+00 -1.000000000000000000e+00 -1.000000000000000000e+00
6.300000000000000000e+01 4.531039714034378267e+04 1.136979775128105352e+01 1.501252719687556220e-02 1.703845875084364803e+00 0.000000000000000000e+00 5.156309686107764245e-02 1.570796326794896558e+00 1.000000000000000000e+00 1.000000000000000000e+00 0.000000000000000000e+00 0.000000000000000000e+00 -1.000000000000000000e+00 -1.000000000000000000e+00
6.900000000000000000e+01 4.718076030780346628e+04 3.288590232314176376e+01 -8.689281386596287016e-02 1.927697864122654092e+00 2.979563877759983798e-02 1.000000000000000056e-01 1.570796326794896558e+00 1.000000000000000000e+00 1.000000000000000000e+00 0.000000000000000000e+00 0.000000000000000000e+00 -1.000000000000000000e+00 -1.000000000000000000e+00
7.800000000000000000e+01 6.074754149224285356e+03 1.152506012180148254e+01 -8.505596128645367959e-02 3.039951096875549208e+00 0.000000000000000000e+00 1.000000000000000056e-01 1.570796326794896558e+00 1.000000000000000000e+00 1.000000000000000000e+00 0.000000000000000000e+00 0.000000000000000000e+00 -1.000000000000000000e+00 -1.000000000000000000e+00
8.100000000000000000e+01 3.947280584382521920e+04 3.762933925066469953e+01 -5.539006703212984162e-02 2.488756016375505808e+00 0.000000000000000000e+00 4.729276004697294949e-02 1.570796326794896558e+00 1.000000000000000000e+00 1.000000000000000000e+00 0.000000000000000000e+00 0.000000000000000000e+00 -1.000000000000000000e+00 -1.000000000000000000e+00
9.000000000000000000e+01 3.120627717032248256e+04 3.814346606738045153e+01 2.349896296133127671e-02 8.597964255912954323e-01 0.000000000000000000e+00 5.597776699387336380e-02 1.570796326794896558e+00 1.000000000000000000e+00 1.000000000000000000e+00 0.000000000000000000e+00 0.000000000000000000e+00 -1.000000000000000000e+00 -1.000000000000000000e+00
9.500000000000000000e+01 1.816629543900568387e+04 1.138948358487277446e+01 -2.232584281074877497e-01 2.969096768383223228e+00 2.353205404041662160e-02 9.000000000000001055e-02 1.570796326794896558e+00 1.000000000000000000e+00 1.000000000000000000e+00 0.000000000000000000e+00 0.000000000000000000e+00 -1.000000000000000000e+00 -1.000000000000000000e+00
1.360000000000000000e+02 2.574383658019498034e+04 1.096148420538396984e+01 -7.001127329596894266e-02 2.290826443642982824e+00 0.000000000000000000e+00 2.635335795339294185e-02 1.570796326794896558e+00 1.000000000000000000e+00 1.000000000000000000e+00 0.000000000000000000e+00 0.000000000000000000e+00 -1.000000000000000000e+00 -1.000000000000000000e+00
1.420000000000000000e+02 4.067086306356110435e+04 1.738359574778704797e+01 -1.175199703995887524e-01 2.331529222338855067e+00 1.045438560352004130e-02 2.041222020752013477e-02 1.570796326794896558e+00 1.000000000000000000e+00 1.000000000000000000e+00 0.000000000000000000e+00 0.000000000000000000e+00 -1.000000000000000000e+00 -1.000000000000000000e+00
1.500000000000000000e+02 3.720007720918583800e+04 1.151507688418045561e+01 -2.540213105015410866e-01 2.045822775663587834e+00 0.000000000000000000e+00 2.581989158487092012e-02 1.570796326794896558e+00 1.000000000000000000e+00 1.000000000000000000e+00 0.000000000000000000e+00 0.000000000000000000e+00 -1.000000000000000000e+00 -1.000000000000000000e+00
1.550000000000000000e+02 4.273880569310675492e+04 3.460734036871578212e+01 -1.064767460441756186e-01 3.100000000000000089e+00 4.683665792102115200e-02 1.401770415291869465e-01 1.570796326794896558e+00 1.000000000000000000e+00 1.000000000000000000e+00 0.000000000000000000e+00 0.000000000000000000e+00 -1.000000000000000000e+00 -1.000000000000000000e+00
1.610000000000000000e+02 1.506729993102851586e+04 1.032135012498986804e+01 -3.539814446810141124e-02 1.580170264137674918e+00 0.000000000000000000e+00 5.073486514147957510e-02 1.570796326794896558e+00 1.000000000000000000e+00 1.000000000000000000e+00 0.000000000000000000e+00 0.000000000000000000e+00 -1.000000000000000000e+00 -1.000000000000000000e+00
1.650000000000000000e+02 1.974544636519567939e+04 1.240369450124701878e+01 -5.724902578744169718e-02 3.100000000000000089e+00 1.422276808540557172e-02 3.087668573217933546e-02 1.570796326794896558e+00 1.000000000000000000e+00 1.000000000000000000e+00 0.000000000000000000e+00 0.000000000000000000e+00 -1.000000000000000000e+00 -1.000000000000000000e+00
1.700000000000000000e+02 4.261469608686499851e+04 1.311276123245883518e+01 1.262975499165047422e-01 9.545169848376799937e-01 0.000000000000000000e+00 5.172780474084381214e-02 1.570796326794896558e+00 1.000000000000000000e+00 1.000000000000000000e+00 0.000000000000000000e+00 0.000000000000000000e+00 -1.000000000000000000e+00 -1.000000000000000000e+00
1.860000000000000000e+02 4.508790869176056731e+04 3.684501639830727271e+01 -1.688937020218314322e-01 2.476913280211669122e+00 1.085505406475075624e-02 5.209644174882647333e-02 1.570796326794896558e+00 1.000000000000000000e+00 1.000000000000000000e+00 0.000000000000000000e+00 0.000000000000000000e+00 -1.000000000000000000e+00 -1.000000000000000000e+00
1.890000000000000000e+02 3.945001879509756691e+04 1.552702502687245101e+01 4.572840054655208375e-02 9.125710455044468983e-01 0.000000000000000000e+00 5.191429728843775793e-02 1.570796326794896558e+00 1.000000000000000000e+00 1.000000000000000000e+00 0.000000000000000000e+00 0.000000000000000000e+00 -1.000000000000000000e+00 -1.000000000000000000e+00
1.920000000000000000e+02 2.800440159602487620e+04 2.490366635212868474e+01 8.130107541703519847e-02 9.439647024288921884e-01 0.000000000000000000e+00 4.909869047569073025e-02 1.570796326794896558e+00 1.000000000000000000e+00 1.000000000000000000e+00 0.000000000000000000e+00 0.000000000000000000e+00 -1.000000000000000000e+00 -1.000000000000000000e+00
2.000000000000000000e+00 7.649620917721231308e+03 1.232449719060051763e+01 -6.470194944842320994e-02 2.290107042590051378e+00 0.000000000000000000e+00 4.287952435536408757e-02 0.000000000000000000e+00 1.000000000000000000e+00 1.000000000000000000e+00 0.000000000000000000e+00 0.000000000000000000e+00 -1.000000000000000000e+00 -1.000000000000000000e+00
3.000000000000000000e+00 1.193496865297609656e+04 1.812932067549793302e+01 -7.014930969990749998e-02 3.100000000000000089e+00 0.000000000000000000e+00 5.375357805895150665e-02 0.000000000000000000e+00 1.000000000000000000e+00 1.000000000000000000e+00 0.000000000000000000e+00 0.000000000000000000e+00 -1.000000000000000000e+00 -1.000000000000000000e+00
1.700000000000000000e+01 4.200365545298554025e+03 1.024301222320621818e+01 -7.575100433469383887e-02 3.100000000000000089e+00 0.000000000000000000e+00 9.000000000000001055e-02 0.000000000000000000e+00 1.000000000000000000e+00 1.000000000000000000e+00 0.000000000000000000e+00 0.000000000000000000e+00 -1.000000000000000000e+00 -1.000000000000000000e+00
2.200000000000000000e+01 7.834688516365661144e+02 1.071363547580197917e+01 -3.428007687831243627e-03 1.076546098747524383e+00 0.000000000000000000e+00 2.407764295389762041e-02 0.000000000000000000e+00 1.000000000000000000e+00 1.000000000000000000e+00 0.000000000000000000e+00 0.000000000000000000e+00 -1.000000000000000000e+00 -1.000000000000000000e+00
2.300000000000000000e+01 3.300251343382924915e+03 1.825324578104020290e+01 1.480018788891118708e-02 6.160877411529962489e-01 0.000000000000000000e+00 9.000000000000001055e-02 0.000000000000000000e+00 1.000000000000000000e+00 1.000000000000000000e+00 0.000000000000000000e+00 0.000000000000000000e+00 -1.000000000000000000e+00 -1.000000000000000000e+00
2.900000000000000000e+01 9.775513002762720134e+03 1.337380507571301536e+01 -8.954216591217070698e-02 2.504758915201357627e+00 0.000000000000000000e+00 1.549504382098444433e-01 0.000000000000000000e+00 1.000000000000000000e+00 1.000000000000000000e+00 0.000000000000000000e+00 0.000000000000000000e+00 -1.000000000000000000e+00 -1.000000000000000000e+00
3.200000000000000000e+01 6.692415295703116499e+03 1.020697679867012297e+01 2.262787462141749861e-01 7.806612075294994124e-01 0.000000000000000000e+00 1.000000000000000056e-01 0.000000000000000000e+00 1.000000000000000000e+00 1.000000000000000000e+00 0.000000000000000000e+00 0.000000000000000000e+00 -1.000000000000000000e+00 -1.000000000000000000e+00
4.500000000000000000e+01 8.782090822236813210e+02 2.679853606910778296e+01 -1.322170197159623362e-01 2.369001707140937718e+00 0.000000000000000000e+00 1.000000000000000056e-01 0.000000000000000000e+00 1.000000000000000000e+00 1.000000000000000000e+00 0.000000000000000000e+00 0.000000000000000000e+00 -1.000000000000000000e+00 -1.000000000000000000e+00
6.000000000000000000e+01 6.088213152872546743e+03 1.158776699389613363e+01 4.402869019858764166e-02 8.687705768113297422e-01 0.000000000000000000e+00 5.412350038414280584e-02 0.000000000000000000e+00 1.000000000000000000e+00 1.000000000000000000e+00 0.000000000000000000e+00 0.000000000000000000e+00 -1.000000000000000000e+00 -1.000000000000000000e+00
6.700000000000000000e+01 3.641745984617031809e+03 1.759936954215882565e+01 -2.518868265621569680e-02 1.003892093525052154e+00 0.000000000000000000e+00 9.000000000000001055e-02 0.000000000000000000e+00 1.000000000000000000e+00 1.000000000000000000e+00 0.000000000000000000e+00 0.000000000000000000e+00 -1.000000000000000000e+00 -1.000000000000000000e+00
7.000000000000000000e+01 9.831536188456308082e+03 1.140407123780612864e+01 -1.252851011525287217e-01 2.771656967484553924e+00 0.000000000000000000e+00 1.974748951804199681e-01 0.000000000000000000e+00 1.000000000000000000e+00 1.000000000000000000e+00 0.000000000000000000e+00 0.000000000000000000e+00 -1.000000000000000000e+00 -1.000000000000000000e+00
1.170000000000000000e+02 7.192440174134658264e+03 2.074153084501227440e+01 -9.073952614612176837e-02 2.366679409422453695e+00 0.000000000000000000e+00 2.706430210545983095e-01 0.000000000000000000e+00 1.000000000000000000e+00 1.000000000000000000e+00 0.000000000000000000e+00 0.000000000000000000e+00 -1.000000000000000000e+00 -1.000000000000000000e+00
1.180000000000000000e+02 9.217887236150492754e+03 1.944213538746328496e+01 -1.400567447022544321e-01 2.464992876650330622e+00 0.000000000000000000e+00 2.356897956418634310e-01 0.000000000000000000e+00 1.000000000000000000e+00 1.000000000000000000e+00 0.000000000000000000e+00 0.000000000000000000e+00 -1.000000000000000000e+00 -1.000000000000000000e+00
1.370000000000000000e+02 1.543474359268012449e+04 1.467921325529705712e+01 -9.524171366175895881e-02 3.074373970060898298e+00 0.000000000000000000e+00 3.808320515154611230e-01 0.000000000000000000e+00 1.000000000000000000e+00 1.000000000000000000e+00 0.000000000000000000e+00 0.000000000000000000e+00 -1.000000000000000000e+00 -1.000000000000000000e+00
1.580000000000000000e+02 4.310530580764625483e+03 2.138172150874787292e+01 -3.337604857211116105e-01 3.100000000000000089e+00 0.000000000000000000e+00 2.762411883566540660e-01 0.000000000000000000e+00 1.000000000000000000e+00 1.000000000000000000e+00 0.000000000000000000e+00 0.000000000000000000e+00 -1.000000000000000000e+00 -1.000000000000000000e+00
3.660000000000000000e+02 7.518882129753296795e+01 3.711735424279120110e+01 8.532436489293380999e-02 1.257817530139234252e+00 0.000000000000000000e+00 9.282549130766849788e-02 -1.000000000000000000e+00 1.000000000000000000e+00 1.000000000000000000e+00 3.100000000000000000e+01 1.000000000000000000e+05 -1.000000000000000000e+00 -1.000000000000000000e+00
3.670000000000000000e+02 9.412844026115642464e+02 1.786703510768348835e+01 1.224415697511450074e-01 7.016101703810123658e-01 0.000000000000000000e+00 9.000000000000001055e-02 -1.000000000000000000e+00 1.000000000000000000e+00 1.000000000000000000e+00 3.100000000000000000e+01 2.000000000000000000e+05 -1.000000000000000000e+00 -1.000000000000000000e+00
3.680000000000000000e+02 5.962079248502344626e+02 1.179662882680099223e+01 -5.173896567084546039e-02 2.609231121894921568e+00 0.000000000000000000e+00 2.078803191105183315e-02 -1.000000000000000000e+00 1.000000000000000000e+00 1.000000000000000000e+00 3.100000000000000000e+01 3.000000000000000000e+05 -1.000000000000000000e+00 -1.000000000000000000e+00
