# id_num orb_a mass spin spin_angle orb_inc orb_ecc orb_arg_periapse orb_ang_mom gen galaxy time_passed star_X star_Y star_Z radius
2.380000000000000000e+02 4.708390930118028450e+01 1.468585197349474583e+03 9.379999999999999449e-01 6.153309583611678013e-01 0.000000000000000000e+00 1.091089162530639589e-01 0.000000000000000000e+00 1.194829590233902592e+18 1.000000000000000000e+00 0.000000000000000000e+00 0.000000000000000000e+00 7.273999999999999355e-01 2.637999999999999790e-01 8.800000000000000530e-03 3.389090602115421120e+02
2.390000000000000000e+02 5.317767649712897082e+01 1.483384849748602619e+03 9.379999999999999449e-01 1.809639369683166965e+00 0.000000000000000000e+00 7.312958822119032531e-02 0.000000000000000000e+00 1.215201706961617408e+18 1.000000000000000000e+00 0.000000000000000000e+00 0.000000000000000000e+00 7.273999999999999355e-01 2.637999999999999790e-01 8.800000000000000530e-03 3.416385998826880837e+02
2.400000000000000000e+02 5.418232616562832504e+01 1.615887820048268168e+03 9.379999999999999449e-01 0.000000000000000000e+00 0.000000000000000000e+00 1.348072183753876718e-01 1.570796326794896558e+00 1.333243026016811264e+18 1.000000000000000000e+00 0.000000000000000000e+00 0.000000000000000000e+00 7.273999999999999355e-01 2.637999999999999790e-01 8.800000000000000530e-03 3.658413811795110178e+02
2.410000000000000000e+02 5.527897233247856690e+01 1.796447770976843003e+03 9.379999999999999449e-01 1.743616532497094918e+00 0.000000000000000000e+00 1.387790094037837652e-01 0.000000000000000000e+00 1.492702732165775872e+18 1.000000000000000000e+00 0.000000000000000000e+00 0.000000000000000000e+00 7.273999999999999355e-01 2.637999999999999790e-01 8.800000000000000530e-03 3.981947577917791250e+02
2.420000000000000000e+02 5.643242732039475840e+01 1.978493265708460967e+03 9.379999999999999449e-01 1.353563529559911549e+00 0.000000000000000000e+00 9.880957520921071491e-02 1.570796326794896558e+00 1.655611226509433344e+18 1.000000000000000000e+00 0.000000000000000000e+00 0.000000000000000000e+00 7.273999999999999355e-01 2.637999999999999790e-01 8.800000000000000530e-03 4.301614854162727397e+02
2.450000000000000000e+02 6.549680063547123154e+01 2.023311009882948838e+03 9.379999999999999449e-01 1.382629443451104168e+00 0.000000000000000000e+00 6.259916267696086223e-02 0.000000000000000000e+00 1.729950378515554304e+18 1.000000000000000000e+00 0.000000000000000000e+00 0.000000000000000000e+00 7.273999999999999355e-01 2.637999999999999790e-01 8.800000000000000530e-03 4.379393584895964864e+02
2.480000000000000000e+02 3.991018596043641509e+01 2.187729558006464231e+03 9.379999999999999449e-01 6.834384885066474569e-01 0.000000000000000000e+00 5.510418842263921091e-01 0.000000000000000000e+00 1.911750746972895744e+18 1.000000000000000000e+00 0.000000000000000000e+00 0.000000000000000000e+00 7.273999999999999355e-01 2.637999999999999790e-01 8.800000000000000530e-03 4.661855089676386115e+02
2.490000000000000000e+02 6.489580012684589860e+01 2.483476438250882893e+03 9.379999999999999449e-01 4.491872846100248284e-01 0.000000000000000000e+00 1.334653168762256828e-02 0.000000000000000000e+00 2.187377854044566016e+18 1.000000000000000000e+00 0.000000000000000000e+00 0.000000000000000000e+00 7.273999999999999355e-01 2.637999999999999790e-01 8.800000000000000530e-03 5.159550853249784268e+02
2.520000000000000000e+02 4.847093340720462606e+01 2.453549632285322787e+03 9.379999999999999449e-01 1.364738878973409619e+00 0.000000000000000000e+00 3.859474029237222048e-01 1.570796326794896558e+00 2.208758398110057216e+18 1.000000000000000000e+00 0.000000000000000000e+00 0.000000000000000000e+00 7.273999999999999355e-01 2.637999999999999790e-01 8.800000000000000530e-03 5.109751033569150991e+02
2.530000000000000000e+02 6.391418922255270019e+01 3.045437996816196573e+03 9.379999999999999449e-01 1.034986364066090347e+00 0.000000000000000000e+00 3.338098161956122578e-02 1.570796326794896558e+00 2.762571705322370048e+18 1.000000000000000000e+00 0.000000000000000000e+00 0.000000000000000000e+00 7.273999999999999355e-01 2.637999999999999790e-01 8.800000000000000530e-03 6.074124252736088465e+02
2.540000000000000000e+02 6.338826905180399507e+01 2.412294871234609673e+03 9.379999999999999449e-01 9.778868903506784394e-01 0.000000000000000000e+00 1.115635654387543280e-01 1.570796326794896558e+00 2.205241711433827584e+18 1.000000000000000000e+00 0.000000000000000000e+00 0.000000000000000000e+00 7.273999999999999355e-01 2.637999999999999790e-01 8.800000000000000530e-03 5.040901099654855102e+02
2.560000000000000000e+02 7.687658926582047059e+01 3.187743215139803397e+03 9.379999999999999449e-01 4.278310442090070276e-01 0.000000000000000000e+00 3.950589285201842882e-02 0.000000000000000000e+00 2.958663453329866240e+18 1.000000000000000000e+00 0.000000000000000000e+00 0.000000000000000000e+00 7.273999999999999355e-01 2.637999999999999790e-01 8.800000000000000530e-03 6.300144725830639345e+02
2.580000000000000000e+02 7.976301301218174444e+01 3.080871481820297959e+03 9.379999999999999449e-01 6.568696980313879497e-01 0.000000000000000000e+00 1.041489481378478875e-02 0.000000000000000000e+00 2.904410003151545344e+18 1.000000000000000000e+00 0.000000000000000000e+00 0.000000000000000000e+00 7.273999999999999355e-01 2.637999999999999790e-01 8.800000000000000530e-03 6.130596427344621588e+02
2.600000000000000000e+02 7.411312682183711331e+01 3.248238400363725304e+03 9.379999999999999449e-01 1.692774324559785049e+00 0.000000000000000000e+00 4.325365373131830754e-02 1.570796326794896558e+00 3.108740456310520832e+18 1.000000000000000000e+00 0.000000000000000000e+00 0.000000000000000000e+00 7.273999999999999355e-01 2.637999999999999790e-01 8.800000000000000530e-03 6.395613035874288244e+02
2.620000000000000000e+02 5.250702694506917112e+01 3.407987825470276221e+03 9.379999999999999449e-01 1.356514529672457892e+00 0.000000000000000000e+00 4.569196340734855144e-01 1.570796326794896558e+00 3.313333652515336192e+18 1.000000000000000000e+00 0.000000000000000000e+00 0.000000000000000000e+00 7.273999999999999355e-01 2.637999999999999790e-01 8.800000000000000530e-03 6.646029884224508351e+02
2.660000000000000000e+02 6.622071308703941384e+01 4.545749037705891169e+03 9.379999999999999449e-01 5.844611209081285175e-01 0.000000000000000000e+00 7.990126845043055148e-02 1.570796326794896558e+00 4.561983546065110528e+18 1.000000000000000000e+00 0.000000000000000000e+00 0.000000000000000000e+00 7.273999999999999355e-01 2.637999999999999790e-01 8.800000000000000530e-03 8.368511676468964424e+02
2.690000000000000000e+02 9.250703610065758653e+01 5.209614051320569160e+03 9.379999999999999449e-01 8.215830116925482152e-01 0.000000000000000000e+00 1.000000000000000056e-01 1.570796326794896558e+00 5.357978265283714048e+18 1.000000000000000000e+00 0.000000000000000000e+00 0.000000000000000000e+00 7.273999999999999355e-01 2.637999999999999790e-01 8.800000000000000530e-03 9.332721416702398756e+02
2.710000000000000000e+02 6.687375405990592014e+01 4.732725672007887624e+03 9.379999999999999449e-01 1.544779823173823896e+00 0.000000000000000000e+00 1.191195291589828148e-01 1.570796326794896558e+00 4.947601633495770112e+18 1.000000000000000000e+00 0.000000000000000000e+00 0.000000000000000000e+00 7.273999999999999355e-01 2.637999999999999790e-01 8.800000000000000530e-03 8.642769436035287072e+02
2.730000000000000000e+02 8.211040258780656131e+01 5.260494628223510517e+03 9.379999999999999449e-01 1.243487667295937182e+00 0.000000000000000000e+00 4.529858633193497436e-02 0.000000000000000000e+00 5.592684731975374848e+18 1.000000000000000000e+00 0.000000000000000000e+00 0.000000000000000000e+00 7.273999999999999355e-01 2.637999999999999790e-01 8.800000000000000530e-03 9.405570157171499659e+02
2.770000000000000000e+02 9.228353131978026624e+01 6.580693401173071834e+03 9.399999999999999467e-01 5.577316052959070403e-01 0.000000000000000000e+00 2.917766202728238473e-02 1.570796326794896558e+00 7.235338732760784896e+18 1.000000000000000000e+00 0.000000000000000000e+00 0.000000000000000000e+00 7.273999999999999355e-01 2.637999999999999790e-01 8.800000000000000530e-03 1.125074257478585196e+03
2.800000000000000000e+02 1.128121830546318733e+02 6.957847848768616132e+03 9.379999999999999449e-01 1.476431862352796998e+00 0.000000000000000000e+00 1.000000000000000056e-01 0.000000000000000000e+00 7.850096152881408000e+18 1.000000000000000000e+00 0.000000000000000000e+00 0.000000000000000000e+00 7.273999999999999355e-01 2.637999999999999790e-01 8.800000000000000530e-03 1.176369630478079216e+03
2.900000000000000000e+02 1.066828600212049167e+02 1.057599269251749865e+04 9.379999999999999449e-01 6.776625500705084626e-01 0.000000000000000000e+00 1.472866738016177096e-02 0.000000000000000000e+00 1.304658453641677824e+19 1.000000000000000000e+00 0.000000000000000000e+00 0.000000000000000000e+00 7.273999999999999355e-01 2.637999999999999790e-01 8.800000000000000530e-03 1.644450388295281755e+03
2.920000000000000000e+02 1.239630868891688209e+02 1.198325208632475733e+04 9.399999999999999467e-01 1.141062951676481418e+00 0.000000000000000000e+00 9.000000000000001055e-02 1.570796326794896558e+00 1.505936080116245709e+19 1.000000000000000000e+00 0.000000000000000000e+00 0.000000000000000000e+00 7.273999999999999355e-01 2.637999999999999790e-01 8.800000000000000530e-03 1.817287412476425743e+03
2.940000000000000000e+02 9.668876635713664314e+01 1.288226215564410086e+04 9.399999999999999467e-01 7.643013313817117460e-01 0.000000000000000000e+00 9.000000000000001055e-02 1.570796326794896558e+00 1.649352448026211942e+19 1.000000000000000000e+00 0.000000000000000000e+00 0.000000000000000000e+00 7.273999999999999355e-01 2.637999999999999790e-01 8.800000000000000530e-03 1.925562273017305870e+03
2.950000000000000000e+02 1.077186695831683352e+02 1.352175463999292697e+04 9.379999999999999449e-01 3.613127186086422804e-01 0.000000000000000000e+00 9.000000000000001055e-02 1.570796326794896558e+00 1.747752615603120333e+19 1.000000000000000000e+00 0.000000000000000000e+00 0.000000000000000000e+00 7.273999999999999355e-01 2.637999999999999790e-01 8.800000000000000530e-03 2.001659964990954677e+03
2.970000000000000000e+02 1.364524786351401815e+02 1.485241460786464813e+04 9.379999999999999449e-01 1.602221846400407212e+00 0.000000000000000000e+00 1.222765942975224604e-02 1.570796326794896558e+00 1.956390359360636518e+19 1.000000000000000000e+00 0.000000000000000000e+00 0.000000000000000000e+00 7.273999999999999355e-01 2.637999999999999790e-01 8.800000000000000530e-03 2.157751928156634676e+03
2.980000000000000000e+02 1.340162050247879222e+02 1.558875022756903672e+04 9.379999999999999449e-01 1.021943904392317304e+00 0.000000000000000000e+00 9.490314236088684754e-03 0.000000000000000000e+00 2.073250515592327578e+19 1.000000000000000000e+00 0.000000000000000000e+00 0.000000000000000000e+00 7.273999999999999355e-01 2.637999999999999790e-01 8.800000000000000530e-03 2.242915441719463161e+03
2.990000000000000000e+02 1.635648156311535502e+02 1.618848461368667813e+04 9.379999999999999449e-01 1.736720380357588578e+00 0.000000000000000000e+00 1.000000000000000056e-01 1.570796326794896558e+00 2.173832739971656090e+19 1.000000000000000000e+00 0.000000000000000000e+00 0.000000000000000000e+00 7.273999999999999355e-01 2.637999999999999790e-01 8.800000000000000530e-03 2.311685875858737745e+03
3.010000000000000000e+02 1.572712331911307331e+02 1.834026541420770809e+04 9.379999999999999449e-01 4.998125749834159137e-01 0.000000000000000000e+00 1.074744604677663543e-02 0.000000000000000000e+00 2.511305743212697600e+19 1.000000000000000000e+00 0.000000000000000000e+00 0.000000000000000000e+00 7.273999999999999355e-01 2.637999999999999790e-01 8.800000000000000530e-03 2.554396762721283267e+03
3.020000000000000000e+02 1.844950140353243171e+02 1.867160271133694550e+04 9.379999999999999449e-01 3.498698313155368389e-01 0.000000000000000000e+00 9.000000000000001055e-02 0.000000000000000000e+00 2.582190897530139034e+19 1.000000000000000000e+00 0.000000000000000000e+00 0.000000000000000000e+00 7.273999999999999355e-01 2.637999999999999790e-01 8.800000000000000530e-03 2.591248958049189696e+03
3.030000000000000000e+02 1.808864434434755140e+02 1.959238538243259245e+04 9.379999999999999449e-01 1.340457158404647631e+00 0.000000000000000000e+00 2.190986433435572478e-02 1.570796326794896558e+00 2.736603483804841165e+19 1.000000000000000000e+00 0.000000000000000000e+00 0.000000000000000000e+00 7.273999999999999355e-01 2.637999999999999790e-01 8.800000000000000530e-03 2.692983632689010847e+03
3.050000000000000000e+02 1.741887649995620677e+02 2.212067122001658936e+04 9.379999999999999449e-01 1.328559080601305897e+00 0.000000000000000000e+00 1.055675633180166995e-02 0.000000000000000000e+00 3.152583246807141581e+19 1.000000000000000000e+00 0.000000000000000000e+00 0.000000000000000000e+00 7.273999999999999355e-01 2.637999999999999790e-01 8.800000000000000530e-03 2.967580459645868359e+03
3.060000000000000000e+02 1.848250895276663357e+02 2.419643484443004490e+04 9.379999999999999449e-01 1.415697235795527309e+00 0.000000000000000000e+00 3.592393019934000953e-02 1.570796326794896558e+00 3.483382177106400461e+19 1.000000000000000000e+00 0.000000000000000000e+00 0.000000000000000000e+00 7.273999999999999355e-01 2.637999999999999790e-01 8.800000000000000530e-03 3.188342488470038006e+03
3.090000000000000000e+02 1.260210688683731632e+02 2.581061796144356049e+04 9.379999999999999449e-01 1.498250533775052240e+00 0.000000000000000000e+00 9.000000000000001055e-02 1.570796326794896558e+00 3.831317649761773158e+19 1.000000000000000000e+00 0.000000000000000000e+00 0.000000000000000000e+00 7.273999999999999355e-01 2.637999999999999790e-01 8.800000000000000530e-03 3.357396119598461610e+03
3.100000000000000000e+02 1.212588458413271582e+02 2.790438056956891887e+04 9.379999999999999449e-01 1.471965849339701871e+00 0.000000000000000000e+00 9.000000000000001055e-02 1.570796326794896558e+00 4.184724283359516262e+19 1.000000000000000000e+00 0.000000000000000000e+00 0.000000000000000000e+00 7.273999999999999355e-01 2.637999999999999790e-01 8.800000000000000530e-03 3.573565701035734037e+03
3.140000000000000000e+02 1.963198027013102376e+02 3.303184853782645223e+04 9.379999999999999449e-01 1.101975262066376526e+00 0.000000000000000000e+00 8.100000000000001643e-02 1.570796326794896558e+00 5.168510497871673754e+19 1.000000000000000000e+00 0.000000000000000000e+00 0.000000000000000000e+00 7.273999999999999355e-01 2.637999999999999790e-01 8.800000000000000530e-03 4.089876225198063366e+03
3.150000000000000000e+02 2.314802886476796857e+02 3.305604289604367659e+04 9.379999999999999449e-01 0.000000000000000000e+00 0.000000000000000000e+00 9.000000000000001055e-02 1.570796326794896558e+00 5.227810193218513306e+19 1.000000000000000000e+00 0.000000000000000000e+00 0.000000000000000000e+00 7.273999999999999355e-01 2.637999999999999790e-01 8.800000000000000530e-03 4.092272571492220322e+03
3.190000000000000000e+02 1.284142990874326813e+02 4.332296600203259004e+04 9.379999999999999449e-01 4.516376777991309988e-01 0.000000000000000000e+00 1.667718169966658087e-02 1.570796326794896558e+00 7.157417185402126336e+19 1.000000000000000000e+00 0.000000000000000000e+00 0.000000000000000000e+00 7.273999999999999355e-01 2.637999999999999790e-01 8.800000000000000530e-03 5.080873795813978177e+03
3.200000000000000000e+02 2.138136662608333438e+02 4.524401280957217386e+04 9.379999999999999449e-01 7.119346549119267564e-01 0.000000000000000000e+00 1.000000000000000056e-01 1.570796326794896558e+00 7.559322275573981184e+19 1.000000000000000000e+00 0.000000000000000000e+00 0.000000000000000000e+00 7.273999999999999355e-01 2.637999999999999790e-01 8.800000000000000530e-03 5.260327159486627352e+03
3.230000000000000000e+02 2.235055170567812297e+02 5.296270155949331820e+04 9.379999999999999449e-01 1.792196886336968831e+00 0.000000000000000000e+00 9.000000000000001055e-02 0.000000000000000000e+00 9.154181088469712896e+19 1.000000000000000000e+00 0.000000000000000000e+00 0.000000000000000000e+00 7.273999999999999355e-01 2.637999999999999790e-01 8.800000000000000530e-03 5.966779183207104325e+03
3.240000000000000000e+02 3.279533305741861682e+02 5.548394498340689461e+04 9.379999999999999449e-01 8.822776255439004345e-01 0.000000000000000000e+00 9.000000000000001055e-02 0.000000000000000000e+00 9.701283996438077440e+19 1.000000000000000000e+00 0.000000000000000000e+00 0.000000000000000000e+00 7.273999999999999355e-01 2.637999999999999790e-01 8.800000000000000530e-03 6.192952200798602462e+03
3.260000000000000000e+02 3.786048707004931089e+02 6.304040739746689360e+04 9.379999999999999449e-01 3.220979351469590579e-01 0.000000000000000000e+00 9.000000000000001055e-02 0.000000000000000000e+00 1.128078831977814589e+20 1.000000000000000000e+00 0.000000000000000000e+00 0.000000000000000000e+00 7.273999999999999355e-01 2.637999999999999790e-01 8.800000000000000530e-03 6.858972647240493643e+03
3.280000000000000000e+02 2.120227501812304638e+02 6.911998220491233224e+04 9.379999999999999449e-01 7.929429343291564125e-01 0.000000000000000000e+00 9.000000000000001055e-02 1.570796326794896558e+00 1.266305678897892065e+20 1.000000000000000000e+00 0.000000000000000000e+00 0.000000000000000000e+00 7.273999999999999355e-01 2.637999999999999790e-01 8.800000000000000530e-03 7.383236095588030366e+03
3.290000000000000000e+02 2.423179919152418620e+02 7.322400123633243493e+04 9.379999999999999449e-01 6.797197684368141424e-01 0.000000000000000000e+00 1.000000000000000056e-01 1.570796326794896558e+00 1.357586075282582241e+20 1.000000000000000000e+00 0.000000000000000000e+00 0.000000000000000000e+00 7.273999999999999355e-01 2.637999999999999790e-01 8.800000000000000530e-03 7.731907102363203194e+03
3.310000000000000000e+02 1.652692730862256667e+02 8.147988970898995467e+04 9.379999999999999449e-01 1.076642079945322017e+00 0.000000000000000000e+00 9.000000000000001055e-02 1.570796326794896558e+00 1.547328219926250127e+20 1.000000000000000000e+00 0.000000000000000000e+00 0.000000000000000000e+00 7.273999999999999355e-01 2.637999999999999790e-01 8.800000000000000530e-03 8.421786123272708210e+03
3.330000000000000000e+02 7.700000000000001137e+02 9.333431291035895993e+04 9.379999999999999449e-01 5.807195126725914758e-01 0.000000000000000000e+00 1.000000000000000056e-01 1.570796326794896558e+00 1.816445352723642122e+20 1.000000000000000000e+00 0.000000000000000000e+00 0.000000000000000000e+00 7.273999999999999355e-01 2.637999999999999790e-01 8.800000000000000530e-03 9.388515548159417449e+03
3.350000000000000000e+02 7.700000000000001137e+02 1.025652681666224962e+05 9.379999999999999449e-01 9.783288449492458794e-01 0.000000000000000000e+00 1.000000000000000056e-01 0.000000000000000000e+00 2.046118183543647764e+20 1.000000000000000000e+00 0.000000000000000000e+00 0.000000000000000000e+00 7.273999999999999355e-01 2.637999999999999790e-01 8.800000000000000530e-03 1.012427930827376622e+04
3.370000000000000000e+02 7.700000000000001137e+02 1.172868303332967625e+05 9.379999999999999449e-01 0.000000000000000000e+00 0.000000000000000000e+00 1.000000000000000056e-01 0.000000000000000000e+00 2.399553631226551992e+20 1.000000000000000000e+00 0.000000000000000000e+00 0.000000000000000000e+00 7.273999999999999355e-01 2.637999999999999790e-01 8.800000000000000530e-03 1.127102107374578736e+04
3.380000000000000000e+02 7.700000000000001137e+02 1.235424497320105147e+05 9.379999999999999449e-01 4.458673911207112761e-01 0.000000000000000000e+00 1.000000000000000056e-01 0.000000000000000000e+00 2.559991323511922033e+20 1.000000000000000000e+00 0.000000000000000000e+00 0.000000000000000000e+00 7.273999999999999355e-01 2.637999999999999790e-01 8.800000000000000530e-03 1.174943083487560943e+04
3.400000000000000000e+02 7.700000000000001137e+02 1.384216437429480720e+05 9.379999999999999449e-01 1.138541144755896184e+00 0.000000000000000000e+00 1.000000000000000056e-01 1.570796326794896558e+00 2.943561896346342195e+20 1.000000000000000000e+00 0.000000000000000000e+00 0.000000000000000000e+00 7.273999999999999355e-01 2.637999999999999790e-01 8.800000000000000530e-03 1.286847442530541775e+04
3.420000000000000000e+02 7.700000000000001137e+02 1.530476550294902117e+05 9.379999999999999449e-01 1.547732278305093523e+00 0.000000000000000000e+00 1.000000000000000056e-01 1.570796326794896558e+00 3.341306600425889464e+20 1.000000000000000000e+00 0.000000000000000000e+00 0.000000000000000000e+00 7.273999999999999355e-01 2.637999999999999790e-01 8.800000000000000530e-03 1.394521472767373234e+04
3.430000000000000000e+02 7.700000000000001137e+02 1.656367108667769644e+05 9.379999999999999449e-01 1.158063019509675495e+00 0.000000000000000000e+00 1.000000000000000056e-01 0.000000000000000000e+00 3.664402208438425354e+20 1.000000000000000000e+00 0.000000000000000000e+00 0.000000000000000000e+00 7.273999999999999355e-01 2.637999999999999790e-01 8.800000000000000530e-03 1.485556385269336351e+04
3.440000000000000000e+02 7.700000000000001137e+02 1.772819586591815751e+05 9.379999999999999449e-01 1.705850277830441630e+00 0.000000000000000000e+00 1.000000000000000056e-01 1.570796326794896558e+00 3.975428572363712102e+20 1.000000000000000000e+00 0.000000000000000000e+00 0.000000000000000000e+00 7.273999999999999355e-01 2.637999999999999790e-01 8.800000000000000530e-03 1.568539627200579707e+04
3.460000000000000000e+02 7.700000000000001137e+02 2.014820143610828673e+05 9.379999999999999449e-01 5.270541567790282267e-01 0.000000000000000000e+00 1.000000000000000056e-01 1.570796326794896558e+00 4.642017400759825203e+20 1.000000000000000000e+00 0.000000000000000000e+00 0.000000000000000000e+00 7.273999999999999355e-01 2.637999999999999790e-01 8.800000000000000530e-03 1.737612328960835293e+04
3.470000000000000000e+02 7.700000000000001137e+02 2.165012905018341844e+05 9.379999999999999449e-01 1.765253759541605350e+00 0.000000000000000000e+00 1.000000000000000056e-01 0.000000000000000000e+00 5.057369328370447811e+20 1.000000000000000000e+00 0.000000000000000000e+00 0.000000000000000000e+00 7.273999999999999355e-01 2.637999999999999790e-01 8.800000000000000530e-03 1.840484878349242717e+04
3.480000000000000000e+02 7.700000000000001137e+02 2.284045631798878312e+05 9.379999999999999449e-01 1.643634235310202918e+00 0.000000000000000000e+00 1.000000000000000056e-01 1.570796326794896558e+00 5.410063521555171901e+20 1.000000000000000000e+00 0.000000000000000000e+00 0.000000000000000000e+00 7.273999999999999355e-01 2.637999999999999790e-01 8.800000000000000530e-03 1.921001407336411285e+04
3.500000000000000000e+02 7.700000000000001137e+02 2.601323307550896134e+05 9.379999999999999449e-01 3.777914367155663089e-01 0.000000000000000000e+00 1.000000000000000056e-01 0.000000000000000000e+00 6.337345287771669135e+20 1.000000000000000000e+00 0.000000000000000000e+00 0.000000000000000000e+00 7.273999999999999355e-01 2.637999999999999790e-01 8.800000000000000530e-03 2.131666832149239781e+04
3.530000000000000000e+02 7.700000000000001137e+02 3.202694644251534482e+05 9.379999999999999449e-01 7.992570789195407865e-01 0.000000000000000000e+00 1.000000000000000056e-01 0.000000000000000000e+00 8.146091351220833485e+20 1.000000000000000000e+00 0.000000000000000000e+00 0.000000000000000000e+00 7.273999999999999355e-01 2.637999999999999790e-01 8.800000000000000530e-03 2.517539474253714070e+04
3.550000000000000000e+02 7.700000000000001137e+02 3.689846468146902625e+05 9.379999999999999449e-01 6.256464926956593064e-01 0.000000000000000000e+00 1.000000000000000056e-01 1.570796326794896558e+00 9.665213697450284155e+20 1.000000000000000000e+00 0.000000000000000000e+00 0.000000000000000000e+00 7.273999999999999355e-01 2.637999999999999790e-01 8.800000000000000530e-03 2.819489611418421555e+04
3.620000000000000000e+02 7.700000000000001137e+02 6.047639821363050723e+05 9.379999999999999449e-01 1.366688259674236905e+00 0.000000000000000000e+00 1.000000000000000056e-01 0.000000000000000000e+00 1.763585930817702724e+21 1.000000000000000000e+00 0.000000000000000000e+00 0.000000000000000000e+00 7.273999999999999355e-01 2.637999999999999790e-01 8.800000000000000530e-03 4.186321677083646500e+04
3.630000000000000000e+02 7.700000000000001137e+02 6.571116908950014040e+05 9.379999999999999449e-01 1.414954780239217724e+00 0.000000000000000000e+00 1.000000000000000056e-01 0.000000000000000000e+00 1.946768196844712886e+21 1.000000000000000000e+00 0.000000000000000000e+00 0.000000000000000000e+00 7.273999999999999355e-01 2.637999999999999790e-01 8.800000000000000530e-03 4.473786114179698052e+04
