# id_num orb_a mass spin spin_angle orb_inc orb_ecc orb_arg_periapse orb_ang_mom gen galaxy time_passed star_X star_Y star_Z radius
2.370000000000000000e+02 4.725642400471172522e+01 1.492575102350666384e+03 8.919999999999999041e-01 2.171252814720601609e+00 0.000000000000000000e+00 8.794797633561449168e-02 1.570796326794896558e+00 1.193439174789729536e+18 1.000000000000000000e+00 0.000000000000000000e+00 0.000000000000000000e+00 7.273999999999999355e-01 2.637999999999999790e-01 8.800000000000000530e-03 3.404371513659899051e+02
2.390000000000000000e+02 4.410204007314090546e+01 1.840831950236490457e+03 8.919999999999999041e-01 1.976724108018469650e+00 0.000000000000000000e+00 1.415300947882363602e-01 0.000000000000000000e+00 1.492485918253063168e+18 1.000000000000000000e+00 0.000000000000000000e+00 0.000000000000000000e+00 7.273999999999999355e-01 2.637999999999999790e-01 8.800000000000000530e-03 4.026236747922390009e+02
2.410000000000000000e+02 3.605111305360864549e+01 1.554232537111693318e+03 8.919999999999999041e-01 1.360728480304455701e+00 0.000000000000000000e+00 3.857151425189545013e-01 0.000000000000000000e+00 1.278109001416188928e+18 1.000000000000000000e+00 0.000000000000000000e+00 0.000000000000000000e+00 7.273999999999999355e-01 2.637999999999999790e-01 8.800000000000000530e-03 3.516420398794803077e+02
2.430000000000000000e+02 4.841878450017814828e+01 1.961091349771245405e+03 8.919999999999999041e-01 2.085697086498034647e+00 0.000000000000000000e+00 3.504132438025274465e-02 0.000000000000000000e+00 1.635236451841388288e+18 1.000000000000000000e+00 0.000000000000000000e+00 0.000000000000000000e+00 7.273999999999999355e-01 2.637999999999999790e-01 8.800000000000000530e-03 4.235320231486008993e+02
2.460000000000000000e+02 3.916272949176115503e+01 2.341609457278393165e+03 8.919999999999999041e-01 1.337588782596248471e+00 0.000000000000000000e+00 5.018854047525292961e-01 0.000000000000000000e+00 1.995866321805660160e+18 1.000000000000000000e+00 0.000000000000000000e+00 0.000000000000000000e+00 7.273999999999999355e-01 2.637999999999999790e-01 8.800000000000000530e-03 4.880896116102006204e+02
2.470000000000000000e+02 4.457182901814172027e+01 1.929412909397607564e+03 8.919999999999999041e-01 7.544132813487773870e-01 0.000000000000000000e+00 2.200090969121050732e-01 0.000000000000000000e+00 1.656526958211540992e+18 1.000000000000000000e+00 0.000000000000000000e+00 0.000000000000000000e+00 7.273999999999999355e-01 2.637999999999999790e-01 8.800000000000000530e-03 4.180499131647076752e+02
2.490000000000000000e+02 3.721210301268607878e+01 2.387291337481246046e+03 8.919999999999999041e-01 1.301620336685334722e+00 0.000000000000000000e+00 4.122455849867039945e-01 1.570796326794896558e+00 2.079877745232099840e+18 1.000000000000000000e+00 0.000000000000000000e+00 0.000000000000000000e+00 7.273999999999999355e-01 2.637999999999999790e-01 8.800000000000000530e-03 4.956924810171809668e+02
2.510000000000000000e+02 5.712335379042932715e+01 2.506116458894899552e+03 8.919999999999999041e-01 9.693088349107991109e-01 0.000000000000000000e+00 2.753089582051274423e-02 1.570796326794896558e+00 2.216348583311418112e+18 1.000000000000000000e+00 0.000000000000000000e+00 0.000000000000000000e+00 7.273999999999999355e-01 2.637999999999999790e-01 8.800000000000000530e-03 5.153342324061956106e+02
2.520000000000000000e+02 5.020397093840881553e+01 2.644985311484593694e+03 8.919999999999999041e-01 1.238004817613524322e+00 0.000000000000000000e+00 9.989922478747648160e-02 0.000000000000000000e+00 2.355758719613904384e+18 1.000000000000000000e+00 0.000000000000000000e+00 0.000000000000000000e+00 7.273999999999999355e-01 2.637999999999999790e-01 8.800000000000000530e-03 5.380549178662081431e+02
2.540000000000000000e+02 6.096594020980515438e+01 2.693440131099134305e+03 8.919999999999999041e-01 1.959128680772000530e+00 0.000000000000000000e+00 2.588939867928457400e-02 1.570796326794896558e+00 2.436374560279387136e+18 1.000000000000000000e+00 0.000000000000000000e+00 0.000000000000000000e+00 7.273999999999999355e-01 2.637999999999999790e-01 8.800000000000000530e-03 5.459260962648712621e+02
2.560000000000000000e+02 6.073088655377837597e+01 3.439131066329993246e+03 8.919999999999999041e-01 1.652157847199813512e+00 0.000000000000000000e+00 3.243649340884839638e-02 1.570796326794896558e+00 3.157841938238262784e+18 1.000000000000000000e+00 0.000000000000000000e+00 0.000000000000000000e+00 7.273999999999999355e-01 2.637999999999999790e-01 8.800000000000000530e-03 6.638148678819139832e+02
2.580000000000000000e+02 7.190470444636602565e+01 3.217881712223965678e+03 8.919999999999999041e-01 2.189194703745088955e+00 0.000000000000000000e+00 1.000000000000000056e-01 1.570796326794896558e+00 3.000335793037795840e+18 1.000000000000000000e+00 0.000000000000000000e+00 0.000000000000000000e+00 7.273999999999999355e-01 2.637999999999999790e-01 8.800000000000000530e-03 6.294250948915212120e+02
2.590000000000000000e+02 6.148907495687335967e+01 3.475889486452706478e+03 8.919999999999999041e-01 1.169210670633764604e+00 0.000000000000000000e+00 1.235700022219929015e-02 1.570796326794896558e+00 3.266629476794134528e+18 1.000000000000000000e+00 0.000000000000000000e+00 0.000000000000000000e+00 7.273999999999999355e-01 2.637999999999999790e-01 8.800000000000000530e-03 6.694848620559433812e+02
2.600000000000000000e+02 4.616254059106998398e+01 3.097027222140662161e+03 8.919999999999999041e-01 1.321739097370252747e+00 0.000000000000000000e+00 2.501580635507357209e-01 0.000000000000000000e+00 2.933130377676913664e+18 1.000000000000000000e+00 0.000000000000000000e+00 0.000000000000000000e+00 7.273999999999999355e-01 2.637999999999999790e-01 8.800000000000000530e-03 6.104414450344165743e+02
2.620000000000000000e+02 4.988666717666868777e+01 3.753409814594974250e+03 8.919999999999999041e-01 8.885758500440615881e-01 0.000000000000000000e+00 8.700259302018752139e-02 1.570796326794896558e+00 3.610750166192918528e+18 1.000000000000000000e+00 0.000000000000000000e+00 0.000000000000000000e+00 7.273999999999999355e-01 2.637999999999999790e-01 8.800000000000000530e-03 7.119160461625140215e+02
2.630000000000000000e+02 6.595093099258444624e+01 3.699757831015674128e+03 8.919999999999999041e-01 9.503168055117470203e-01 0.000000000000000000e+00 6.308304422863132699e-02 1.570796326794896558e+00 3.588513988005040640e+18 1.000000000000000000e+00 0.000000000000000000e+00 0.000000000000000000e+00 7.273999999999999355e-01 2.637999999999999790e-01 8.800000000000000530e-03 7.037633269532834674e+02
2.650000000000000000e+02 7.560921104837616724e+01 4.236704517914044118e+03 8.919999999999999041e-01 1.632814014072732078e+00 0.000000000000000000e+00 1.234752439169414968e-02 1.570796326794896558e+00 4.174821532291368960e+18 1.000000000000000000e+00 0.000000000000000000e+00 0.000000000000000000e+00 7.273999999999999355e-01 2.637999999999999790e-01 8.800000000000000530e-03 7.843511439297600418e+02
2.660000000000000000e+02 6.785432714757669714e+01 4.327961367031673035e+03 8.919999999999999041e-01 1.324093395255402816e+00 0.000000000000000000e+00 1.890688187308225618e-02 1.570796326794896558e+00 4.298275116097458688e+18 1.000000000000000000e+00 0.000000000000000000e+00 0.000000000000000000e+00 7.273999999999999355e-01 2.637999999999999790e-01 8.800000000000000530e-03 7.978379569468501131e+02
2.670000000000000000e+02 7.858811698627829401e+01 3.948545770195456498e+03 8.919999999999999041e-01 9.650550156358130849e-01 0.000000000000000000e+00 4.289682409140734010e-02 1.570796326794896558e+00 3.953612443155607040e+18 1.000000000000000000e+00 0.000000000000000000e+00 0.000000000000000000e+00 7.273999999999999355e-01 2.637999999999999790e-01 8.800000000000000530e-03 7.413746547951506045e+02
2.700000000000000000e+02 7.289081360975549728e+01 4.746900925956910214e+03 8.919999999999999041e-01 1.980881965193453276e+00 0.000000000000000000e+00 1.140904026119444678e-02 1.570796326794896558e+00 4.870895275722768384e+18 1.000000000000000000e+00 0.000000000000000000e+00 0.000000000000000000e+00 7.273999999999999355e-01 2.637999999999999790e-01 8.800000000000000530e-03 8.590454216699486096e+02
2.710000000000000000e+02 9.318675730686624092e+01 4.948628501810399030e+03 8.919999999999999041e-01 1.491804480251341714e+00 0.000000000000000000e+00 4.199636717184311585e-02 1.570796326794896558e+00 5.120780641505472512e+18 1.000000000000000000e+00 0.000000000000000000e+00 0.000000000000000000e+00 7.273999999999999355e-01 2.637999999999999790e-01 8.800000000000000530e-03 8.881286400880429710e+02
2.720000000000000000e+02 8.709066813364717063e+01 5.150873282483755247e+03 8.919999999999999041e-01 1.854291076199030330e+00 0.000000000000000000e+00 1.236328091833609373e-02 0.000000000000000000e+00 5.372571601198328832e+18 1.000000000000000000e+00 0.000000000000000000e+00 0.000000000000000000e+00 7.273999999999999355e-01 2.637999999999999790e-01 8.800000000000000530e-03 9.170493053903089731e+02
2.730000000000000000e+02 8.095059375863860396e+01 5.855202876266271232e+03 8.919999999999999041e-01 1.018794421409358053e+00 0.000000000000000000e+00 1.666452373883831745e-02 1.570796326794896558e+00 6.157676320669454336e+18 1.000000000000000000e+00 0.000000000000000000e+00 0.000000000000000000e+00 7.273999999999999355e-01 2.637999999999999790e-01 8.800000000000000530e-03 1.016065140161891350e+03
2.740000000000000000e+02 1.049766993823439236e+02 5.572246131114989112e+03 8.919999999999999041e-01 2.061439601113922659e+00 0.000000000000000000e+00 3.457155275718332837e-02 1.570796326794896558e+00 5.910108863451333632e+18 1.000000000000000000e+00 0.000000000000000000e+00 0.000000000000000000e+00 7.273999999999999355e-01 2.637999999999999790e-01 8.800000000000000530e-03 9.765898959445437413e+02
2.750000000000000000e+02 8.978865765037724600e+01 6.108890810500301995e+03 8.919999999999999041e-01 1.458718588756698242e+00 0.000000000000000000e+00 1.223850026755528807e-02 0.000000000000000000e+00 6.534627012164232192e+18 1.000000000000000000e+00 0.000000000000000000e+00 0.000000000000000000e+00 7.273999999999999355e-01 2.637999999999999790e-01 8.800000000000000530e-03 1.051133515199409203e+03
2.770000000000000000e+02 9.624648791056837638e+01 6.733180679855172457e+03 8.919999999999999041e-01 6.887051327639608367e-01 0.000000000000000000e+00 9.000000000000001055e-02 0.000000000000000000e+00 7.322738040913370112e+18 1.000000000000000000e+00 0.000000000000000000e+00 0.000000000000000000e+00 7.273999999999999355e-01 2.637999999999999790e-01 8.800000000000000530e-03 1.136224653991170271e+03
2.780000000000000000e+02 1.036445204078122373e+02 6.250143828789524377e+03 8.959999999999999076e-01 1.573225669134834748e+00 0.000000000000000000e+00 1.124951916663606728e-02 0.000000000000000000e+00 6.858918016238595072e+18 1.000000000000000000e+00 0.000000000000000000e+00 0.000000000000000000e+00 7.273999999999999355e-01 2.637999999999999790e-01 8.800000000000000530e-03 1.070532860602164419e+03
2.790000000000000000e+02 1.090115773431653281e+02 6.825373798123413508e+03 8.919999999999999041e-01 1.103912935573091891e+00 0.000000000000000000e+00 2.837315471620378143e-02 1.570796326794896558e+00 7.554547851709057024e+18 1.000000000000000000e+00 0.000000000000000000e+00 0.000000000000000000e+00 7.273999999999999355e-01 2.637999999999999790e-01 8.800000000000000530e-03 1.148653780522580291e+03
2.820000000000000000e+02 1.209122651218971782e+02 8.757552795589090238e+03 8.919999999999999041e-01 7.599779587417808679e-01 0.000000000000000000e+00 1.860294246505721921e-02 0.000000000000000000e+00 9.949975493597065216e+18 1.000000000000000000e+00 0.000000000000000000e+00 0.000000000000000000e+00 7.273999999999999355e-01 2.637999999999999790e-01 8.800000000000000530e-03 1.402149123724369929e+03
2.830000000000000000e+02 1.018372649757916975e+02 8.540308906617583489e+03 8.919999999999999041e-01 7.317720526466189312e-01 0.000000000000000000e+00 2.255226749326674773e-02 0.000000000000000000e+00 9.789155640602990592e+18 1.000000000000000000e+00 0.000000000000000000e+00 0.000000000000000000e+00 7.273999999999999355e-01 2.637999999999999790e-01 8.800000000000000530e-03 1.374253517466156381e+03
2.860000000000000000e+02 1.260562889886412705e+02 9.313422137901712631e+03 8.919999999999999041e-01 2.156550837156454570e+00 0.000000000000000000e+00 1.000000000000000056e-01 0.000000000000000000e+00 1.096059542470015181e+19 1.000000000000000000e+00 0.000000000000000000e+00 0.000000000000000000e+00 7.273999999999999355e-01 2.637999999999999790e-01 8.800000000000000530e-03 1.472907332038792447e+03
2.880000000000000000e+02 1.195670639662861987e+02 1.011182830562674462e+04 8.919999999999999041e-01 1.703409832047540151e+00 0.000000000000000000e+00 9.000000000000001055e-02 1.570796326794896558e+00 1.211912712505828352e+19 1.000000000000000000e+00 0.000000000000000000e+00 0.000000000000000000e+00 7.273999999999999355e-01 2.637999999999999790e-01 8.800000000000000530e-03 1.573083381466001811e+03
2.910000000000000000e+02 1.447870270679354121e+02 1.184488347713951771e+04 8.939999999999999059e-01 7.192457784307239033e-01 0.000000000000000000e+00 1.000000000000000056e-01 0.000000000000000000e+00 1.458967120291661005e+19 1.000000000000000000e+00 0.000000000000000000e+00 0.000000000000000000e+00 7.273999999999999355e-01 2.637999999999999790e-01 8.800000000000000530e-03 1.785305848784234740e+03
2.940000000000000000e+02 1.274104289771999987e+02 1.421539937156716041e+04 8.939999999999999059e-01 9.038491739303242678e-01 0.000000000000000000e+00 9.000000000000001055e-02 0.000000000000000000e+00 1.800576563331900826e+19 1.000000000000000000e+00 0.000000000000000000e+00 0.000000000000000000e+00 7.273999999999999355e-01 2.637999999999999790e-01 8.800000000000000530e-03 2.065833167602693720e+03
2.950000000000000000e+02 1.529588923869777943e+02 1.382162622946798001e+04 8.939999999999999059e-01 1.968479901418770384e+00 0.000000000000000000e+00 1.507473088279450563e-02 0.000000000000000000e+00 1.767359551615669453e+19 1.000000000000000000e+00 0.000000000000000000e+00 0.000000000000000000e+00 7.273999999999999355e-01 2.637999999999999790e-01 8.800000000000000530e-03 2.019925301103235824e+03
2.960000000000000000e+02 1.520033479915254873e+02 1.400986477217086758e+04 8.919999999999999041e-01 1.315464175122439849e+00 0.000000000000000000e+00 1.529982087738590568e-02 1.570796326794896558e+00 1.808735420355527885e+19 1.000000000000000000e+00 0.000000000000000000e+00 0.000000000000000000e+00 7.273999999999999355e-01 2.637999999999999790e-01 8.800000000000000530e-03 2.041903192941201951e+03
2.980000000000000000e+02 1.436709014243229490e+02 1.580655046640924047e+04 8.939999999999999059e-01 1.183703378804257023e+00 0.000000000000000000e+00 9.000000000000001055e-02 1.570796326794896558e+00 2.080056782044114944e+19 1.000000000000000000e+00 0.000000000000000000e+00 0.000000000000000000e+00 7.273999999999999355e-01 2.637999999999999790e-01 8.800000000000000530e-03 2.248835432532112009e+03
2.990000000000000000e+02 1.537719356368588706e+02 1.766746909222470276e+04 8.939999999999999059e-01 1.705789264047950615e+00 0.000000000000000000e+00 1.229883022293142003e-02 0.000000000000000000e+00 2.347506079948302336e+19 1.000000000000000000e+00 0.000000000000000000e+00 0.000000000000000000e+00 7.273999999999999355e-01 2.637999999999999790e-01 8.800000000000000530e-03 2.458258025853154322e+03
3.010000000000000000e+02 1.264951148246919530e+02 1.844067295146239485e+04 8.919999999999999041e-01 9.752945854697073758e-01 0.000000000000000000e+00 2.688529741118638600e-02 0.000000000000000000e+00 2.498899945357143245e+19 1.000000000000000000e+00 0.000000000000000000e+00 0.000000000000000000e+00 7.273999999999999355e-01 2.637999999999999790e-01 8.800000000000000530e-03 2.543954890158764101e+03
3.020000000000000000e+02 1.986395670612087372e+02 1.964103451392566058e+04 8.919999999999999041e-01 8.586145657191700531e-01 0.000000000000000000e+00 2.945039811522422168e-02 0.000000000000000000e+00 2.687918564254110515e+19 1.000000000000000000e+00 0.000000000000000000e+00 0.000000000000000000e+00 7.273999999999999355e-01 2.637999999999999790e-01 8.800000000000000530e-03 2.675589485535684162e+03
3.080000000000000000e+02 5.573613869472734450e+02 2.562307138933818351e+04 8.919999999999999041e-01 1.819472187811794983e+00 0.000000000000000000e+00 9.000000000000001055e-02 1.570796326794896558e+00 3.725018391033342362e+19 1.000000000000000000e+00 0.000000000000000000e+00 0.000000000000000000e+00 7.273999999999999355e-01 2.637999999999999790e-01 8.800000000000000530e-03 3.309732868066145329e+03
3.090000000000000000e+02 1.933029756288219971e+02 2.677111997940864239e+04 8.919999999999999041e-01 1.472543438511344283e+00 0.000000000000000000e+00 2.602623896375065582e-02 1.570796326794896558e+00 3.932560478972869837e+19 1.000000000000000000e+00 0.000000000000000000e+00 0.000000000000000000e+00 7.273999999999999355e-01 2.637999999999999790e-01 8.800000000000000530e-03 3.427845395479202125e+03
3.100000000000000000e+02 2.154059638128127574e+02 2.741766291387040474e+04 8.939999999999999059e-01 1.338154087016869997e+00 0.000000000000000000e+00 9.000000000000001055e-02 1.570796326794896558e+00 4.069725245620465664e+19 1.000000000000000000e+00 0.000000000000000000e+00 0.000000000000000000e+00 7.273999999999999355e-01 2.637999999999999790e-01 8.800000000000000530e-03 3.493915035942030954e+03
3.110000000000000000e+02 3.280331197945743611e+02 2.937426311574850115e+04 8.919999999999999041e-01 9.336158423944923568e-01 0.000000000000000000e+00 9.000000000000001055e-02 1.570796326794896558e+00 4.406159909112798413e+19 1.000000000000000000e+00 0.000000000000000000e+00 0.000000000000000000e+00 7.273999999999999355e-01 2.637999999999999790e-01 8.800000000000000530e-03 3.691999028803485089e+03
3.120000000000000000e+02 1.551552782241219290e+02 2.933411674672002482e+04 8.919999999999999041e-01 1.594302468720600219e+00 0.000000000000000000e+00 9.000000000000001055e-02 0.000000000000000000e+00 4.446341348118387917e+19 1.000000000000000000e+00 0.000000000000000000e+00 0.000000000000000000e+00 7.273999999999999355e-01 2.637999999999999790e-01 8.800000000000000530e-03 3.687961736061270130e+03
3.130000000000000000e+02 1.609955173071582806e+02 3.230956043856590259e+04 8.919999999999999041e-01 1.882896033612477593e+00 0.000000000000000000e+00 2.745742291134112625e-02 0.000000000000000000e+00 4.949417656819694797e+19 1.000000000000000000e+00 0.000000000000000000e+00 0.000000000000000000e+00 7.273999999999999355e-01 2.637999999999999790e-01 8.800000000000000530e-03 3.984307356241900834e+03
3.140000000000000000e+02 1.820311533246353406e+02 3.272803202487703311e+04 8.919999999999999041e-01 1.996237030800974477e+00 0.000000000000000000e+00 9.000000000000001055e-02 1.570796326794896558e+00 5.067556856779568742e+19 1.000000000000000000e+00 0.000000000000000000e+00 0.000000000000000000e+00 7.273999999999999355e-01 2.637999999999999790e-01 8.800000000000000530e-03 4.025537778528279432e+03
3.160000000000000000e+02 3.218535844449014007e+02 3.727364959222260950e+04 8.919999999999999041e-01 1.977902452617462448e+00 0.000000000000000000e+00 9.000000000000001055e-02 0.000000000000000000e+00 5.896806638071987405e+19 1.000000000000000000e+00 0.000000000000000000e+00 0.000000000000000000e+00 7.273999999999999355e-01 2.637999999999999790e-01 8.800000000000000530e-03 4.466933921204871694e+03
3.200000000000000000e+02 2.096048932220539882e+02 4.609716753122364025e+04 8.919999999999999041e-01 1.153864810224156212e+00 0.000000000000000000e+00 9.000000000000001055e-02 1.570796326794896558e+00 7.621526898255999795e+19 1.000000000000000000e+00 0.000000000000000000e+00 0.000000000000000000e+00 7.273999999999999355e-01 2.637999999999999790e-01 8.800000000000000530e-03 5.294529666945647477e+03
3.240000000000000000e+02 1.552213905027738008e+02 5.612388518002898491e+04 8.919999999999999041e-01 1.000013827567312052e+00 0.000000000000000000e+00 1.000000000000000056e-01 0.000000000000000000e+00 9.710106102170910720e+19 1.000000000000000000e+00 0.000000000000000000e+00 0.000000000000000000e+00 7.273999999999999355e-01 2.637999999999999790e-01 8.800000000000000530e-03 6.197352163120462137e+03
3.250000000000000000e+02 3.063622406005749781e+02 6.019085133093946934e+04 8.959999999999999076e-01 1.933717754146963008e+00 0.000000000000000000e+00 9.000000000000001055e-02 0.000000000000000000e+00 1.053366593060456530e+20 1.000000000000000000e+00 0.000000000000000000e+00 0.000000000000000000e+00 7.273999999999999355e-01 2.637999999999999790e-01 8.800000000000000530e-03 6.554089721874063798e+03
3.280000000000000000e+02 3.020408271281780799e+02 7.075809422159362293e+04 8.919999999999999041e-01 1.989460959975296594e+00 0.000000000000000000e+00 9.000000000000001055e-02 1.570796326794896558e+00 1.282679359153783767e+20 1.000000000000000000e+00 0.000000000000000000e+00 0.000000000000000000e+00 7.273999999999999355e-01 2.637999999999999790e-01 8.800000000000000530e-03 7.459485865107833888e+03
3.290000000000000000e+02 2.863946009187826007e+02 7.414084946559203672e+04 8.919999999999999041e-01 1.480833430801866024e+00 0.000000000000000000e+00 9.000000000000001055e-02 1.570796326794896558e+00 1.360094409574634455e+20 1.000000000000000000e+00 0.000000000000000000e+00 0.000000000000000000e+00 7.273999999999999355e-01 2.637999999999999790e-01 8.800000000000000530e-03 7.743441820404187638e+03
3.310000000000000000e+02 1.225472206957205117e+02 8.354297789652830397e+04 8.919999999999999041e-01 1.994740759317201517e+00 0.000000000000000000e+00 9.000000000000001055e-02 1.570796326794896558e+00 1.569954000483003924e+20 1.000000000000000000e+00 0.000000000000000000e+00 0.000000000000000000e+00 7.273999999999999355e-01 2.637999999999999790e-01 8.800000000000000530e-03 8.519536245111572498e+03
3.320000000000000000e+02 1.155728691786894160e+02 8.751285565207862237e+04 8.919999999999999041e-01 8.414111543668278959e-01 0.000000000000000000e+00 1.500946352969992348e-02 0.000000000000000000e+00 1.664830019981622313e+20 1.000000000000000000e+00 0.000000000000000000e+00 0.000000000000000000e+00 7.273999999999999355e-01 2.637999999999999790e-01 8.800000000000000530e-03 8.841897541683934833e+03
3.330000000000000000e+02 7.700000000000001137e+02 9.485448989237712522e+04 8.919999999999999041e-01 6.414699815877873412e-01 0.000000000000000000e+00 1.000000000000000056e-01 1.570796326794896558e+00 1.826762682545849303e+20 1.000000000000000000e+00 0.000000000000000000e+00 0.000000000000000000e+00 7.273999999999999355e-01 2.637999999999999790e-01 8.800000000000000530e-03 9.430491062878376397e+03
3.350000000000000000e+02 7.700000000000001137e+02 1.025926442175934062e+05 8.919999999999999041e-01 1.083909414410127114e+00 0.000000000000000000e+00 1.000000000000000056e-01 0.000000000000000000e+00 2.025210194958859305e+20 1.000000000000000000e+00 0.000000000000000000e+00 0.000000000000000000e+00 7.273999999999999355e-01 2.637999999999999790e-01 8.800000000000000530e-03 1.004109260265592820e+04
3.360000000000000000e+02 7.700000000000001137e+02 1.108415324905056332e+05 8.919999999999999041e-01 8.523388843820973726e-01 0.000000000000000000e+00 1.000000000000000056e-01 0.000000000000000000e+00 2.215890087361436713e+20 1.000000000000000000e+00 0.000000000000000000e+00 0.000000000000000000e+00 7.273999999999999355e-01 2.637999999999999790e-01 8.800000000000000530e-03 1.068193696704611648e+04
3.380000000000000000e+02 7.700000000000001137e+02 1.265331282096751238e+05 8.919999999999999041e-01 1.951830675086086098e+00 0.000000000000000000e+00 1.000000000000000056e-01 1.570796326794896558e+00 2.594545555507955630e+20 1.000000000000000000e+00 0.000000000000000000e+00 0.000000000000000000e+00 7.273999999999999355e-01 2.637999999999999790e-01 8.800000000000000530e-03 1.187548593319614702e+04
3.400000000000000000e+02 7.700000000000001137e+02 1.404793346489088435e+05 8.919999999999999041e-01 2.069482194876544945e+00 0.000000000000000000e+00 1.000000000000000056e-01 0.000000000000000000e+00 2.956245570144503726e+20 1.000000000000000000e+00 0.000000000000000000e+00 0.000000000000000000e+00 7.273999999999999355e-01 2.637999999999999790e-01 8.800000000000000530e-03 1.291153708160778842e+04
3.410000000000000000e+02 7.700000000000001137e+02 1.510297992884439009e+05 8.919999999999999041e-01 1.723680089015641181e+00 0.000000000000000000e+00 1.000000000000000056e-01 1.570796326794896558e+00 3.220064331218033050e+20 1.000000000000000000e+00 0.000000000000000000e+00 0.000000000000000000e+00 7.273999999999999355e-01 2.637999999999999790e-01 8.800000000000000530e-03 1.368163845471730201e+04
3.420000000000000000e+02 7.700000000000001137e+02 1.592919924254299258e+05 8.919999999999999041e-01 1.915891566357548204e+00 0.000000000000000000e+00 1.000000000000000056e-01 0.000000000000000000e+00 3.441108160231007846e+20 1.000000000000000000e+00 0.000000000000000000e+00 0.000000000000000000e+00 7.273999999999999355e-01 2.637999999999999790e-01 8.800000000000000530e-03 1.427720347882854185e+04
3.430000000000000000e+02 7.700000000000001137e+02 1.674885294466012565e+05 8.919999999999999041e-01 1.338697982361654715e+00 0.000000000000000000e+00 1.000000000000000056e-01 1.570796326794896558e+00 3.666963607146311188e+20 1.000000000000000000e+00 0.000000000000000000e+00 0.000000000000000000e+00 7.273999999999999355e-01 2.637999999999999790e-01 8.800000000000000530e-03 1.486195866693029893e+04
3.440000000000000000e+02 7.700000000000001137e+02 1.798622080949376395e+05 8.919999999999999041e-01 9.021716527440308830e-01 0.000000000000000000e+00 1.000000000000000056e-01 1.570796326794896558e+00 3.991142881903265710e+20 1.000000000000000000e+00 0.000000000000000000e+00 0.000000000000000000e+00 7.273999999999999355e-01 2.637999999999999790e-01 8.800000000000000530e-03 1.573402841593612902e+04
3.470000000000000000e+02 7.700000000000001137e+02 2.155464236945699959e+05 8.919999999999999041e-01 1.918397570565802734e+00 0.000000000000000000e+00 1.000000000000000056e-01 0.000000000000000000e+00 4.982611160034528461e+20 1.000000000000000000e+00 0.000000000000000000e+00 0.000000000000000000e+00 7.273999999999999355e-01 2.637999999999999790e-01 8.800000000000000530e-03 1.818530757243096377e+04
3.490000000000000000e+02 7.700000000000001137e+02 2.468541133538933645e+05 8.919999999999999041e-01 7.415407272889520396e-01 0.000000000000000000e+00 1.000000000000000056e-01 0.000000000000000000e+00 5.867666890288425206e+20 1.000000000000000000e+00 0.000000000000000000e+00 0.000000000000000000e+00 7.273999999999999355e-01 2.637999999999999790e-01 8.800000000000000530e-03 2.026937176321603329e+04
3.500000000000000000e+02 7.700000000000001137e+02 2.615840043104515062e+05 8.919999999999999041e-01 1.007406668590998811e+00 0.000000000000000000e+00 1.000000000000000056e-01 1.570796326794896558e+00 6.306360336661392916e+20 1.000000000000000000e+00 0.000000000000000000e+00 0.000000000000000000e+00 7.273999999999999355e-01 2.637999999999999790e-01 8.800000000000000530e-03 2.123131728121351625e+04
3.530000000000000000e+02 7.700000000000001137e+02 3.239449047133930144e+05 8.919999999999999041e-01 6.542479251429592635e-01 0.000000000000000000e+00 1.000000000000000056e-01 0.000000000000000000e+00 8.153788206179230679e+20 1.000000000000000000e+00 0.000000000000000000e+00 0.000000000000000000e+00 7.273999999999999355e-01 2.637999999999999790e-01 8.800000000000000530e-03 2.519213159645621272e+04
3.580000000000000000e+02 7.700000000000001137e+02 4.587829655638637487e+05 8.919999999999999041e-01 1.283896639828301378e+00 0.000000000000000000e+00 1.000000000000000056e-01 1.570796326794896558e+00 1.244158464411707900e+21 1.000000000000000000e+00 0.000000000000000000e+00 0.000000000000000000e+00 7.273999999999999355e-01 2.637999999999999790e-01 8.800000000000000530e-03 3.327927228457920864e+04
3.590000000000000000e+02 7.700000000000001137e+02 4.905272626981463400e+05 8.919999999999999041e-01 1.114328335768181244e+00 0.000000000000000000e+00 1.000000000000000056e-01 1.570796326794896558e+00 1.350703960358152569e+21 1.000000000000000000e+00 0.000000000000000000e+00 0.000000000000000000e+00 7.273999999999999355e-01 2.637999999999999790e-01 8.800000000000000530e-03 3.510900433478494961e+04
3.620000000000000000e+02 7.700000000000001137e+02 6.161777791825204622e+05 8.919999999999999041e-01 1.486734448697338173e+00 0.000000000000000000e+00 1.000000000000000056e-01 0.000000000000000000e+00 1.777961424778784670e+21 1.000000000000000000e+00 0.000000000000000000e+00 0.000000000000000000e+00 7.273999999999999355e-01 2.637999999999999790e-01 8.800000000000000530e-03 4.213595287488629401e+04
3.640000000000000000e+02 7.700000000000001137e+02 3.039080486581021105e+05 8.919999999999999041e-01 1.722698619656746866e+00 0.000000000000000000e+00 1.000000000000000056e-01 1.570796326794896558e+00 9.029812129826976563e+20 1.000000000000000000e+00 0.000000000000000000e+00 0.000000000000000000e+00 7.273999999999999355e-01 2.637999999999999790e-01 8.800000000000000530e-03 2.393766336368222983e+04
