# id_num orb_a mass spin spin_angle orb_inc orb_ecc orb_arg_periapse orb_ang_mom gen galaxy time_passed gw_freq gw_strain
1.000000000000000000e+00 4.109542103346646036e+04 3.021185489277275593e+01 -1.908933820649768784e-02 8.387826068772785693e-01 3.173752628488675676e+00 5.874924295787180978e-02 0.000000000000000000e+00 1.000000000000000000e+00 1.000000000000000000e+00 0.000000000000000000e+00 0.000000000000000000e+00 -1.000000000000000000e+00 -1.000000000000000000e+00
2.000000000000000000e+00 2.322363384155915628e+04 1.158653505368977932e+01 4.497917751178795442e-02 1.567740617476543807e+00 -2.022981678453712739e-02 4.273521156029989193e-02 0.000000000000000000e+00 1.000000000000000000e+00 1.000000000000000000e+00 0.000000000000000000e+00 0.000000000000000000e+00 -1.000000000000000000e+00 -1.000000000000000000e+00
6.000000000000000000e+00 4.546949003244719643e+04 1.052000517850165551e+01 -7.197183621628201744e-02 2.591757427425367855e+00 3.152855708288406777e+00 1.552877462300113476e-01 0.000000000000000000e+00 1.000000000000000000e+00 1.000000000000000000e+00 0.000000000000000000e+00 0.000000000000000000e+00 -1.000000000000000000e+00 -1.000000000000000000e+00
7.000000000000000000e+00 1.458226717033364912e+04 1.515928053820920240e+01 -2.412625453718997282e-02 4.688115467915501267e-01 -1.207475454629634327e-02 6.946664344671359126e-02 0.000000000000000000e+00 1.000000000000000000e+00 1.000000000000000000e+00 0.000000000000000000e+00 0.000000000000000000e+00 -1.000000000000000000e+00 -1.000000000000000000e+00
8.000000000000000000e+00 4.894990276358196570e+04 1.113438038792078366e+01 -1.239262681384256243e-01 2.725979714143420995e+00 3.171498033368731040e+00 3.530433854354598361e-02 1.570796326794896558e+00 1.000000000000000000e+00 1.000000000000000000e+00 0.000000000000000000e+00 0.000000000000000000e+00 -1.000000000000000000e+00 -1.000000000000000000e+00
1.200000000000000000e+01 2.764306860461515316e+04 1.336902066837697589e+01 -8.521712796573081838e-02 2.599623723174247392e+00 3.174631310004696338e+00 3.418738070514113631e-02 0.000000000000000000e+00 1.000000000000000000e+00 1.000000000000000000e+00 0.000000000000000000e+00 0.000000000000000000e+00 -1.000000000000000000e+00 -1.000000000000000000e+00
1.400000000000000000e+01 5.000000000000000000e+04 1.583736462045901661e+01 5.831336143728234334e-02 1.348998125510978641e+00 1.149019896119795291e-02 3.221350827945602957e-02 0.000000000000000000e+00 1.000000000000000000e+00 1.000000000000000000e+00 0.000000000000000000e+00 0.000000000000000000e+00 -1.000000000000000000e+00 -1.000000000000000000e+00
1.500000000000000000e+01 5.000000000000000000e+04 1.189251996562696156e+01 -1.779989702398031282e-01 2.446493411765558790e+00 -3.509496585899030824e-02 2.687139102222123599e-01 0.000000000000000000e+00 1.000000000000000000e+00 1.000000000000000000e+00 0.000000000000000000e+00 0.000000000000000000e+00 -1.000000000000000000e+00 -1.000000000000000000e+00
2.100000000000000000e+01 2.848395536739186355e+04 1.802839236568183168e+01 -2.257554332424837606e-01 3.100000000000000089e+00 3.151382965320105978e+00 3.600949136022445207e-02 0.000000000000000000e+00 1.000000000000000000e+00 1.000000000000000000e+00 0.000000000000000000e+00 0.000000000000000000e+00 -1.000000000000000000e+00 -1.000000000000000000e+00
2.200000000000000000e+01 2.610259947373810064e+04 1.836180127562542808e+01 -1.356433613910239949e-02 9.773382631026749090e-01 3.172194052325424174e+00 1.004735528916806016e-02 0.000000000000000000e+00 1.000000000000000000e+00 1.000000000000000000e+00 0.000000000000000000e+00 0.000000000000000000e+00 -1.000000000000000000e+00 -1.000000000000000000e+00
2.300000000000000000e+01 7.691547906430134390e+03 1.265461311966471669e+01 7.537866851421788639e-02 8.608226261823503922e-01 4.953126024644260127e-03 2.763409250841436862e-02 0.000000000000000000e+00 1.000000000000000000e+00 1.000000000000000000e+00 0.000000000000000000e+00 0.000000000000000000e+00 -1.000000000000000000e+00 -1.000000000000000000e+00
2.800000000000000000e+01 3.165987699406349293e+03 1.062822691902621486e+01 7.133472377922317476e-02 1.339146521496201059e+00 3.146684217891120294e+00 9.000000000000001055e-02 0.000000000000000000e+00 1.000000000000000000e+00 1.000000000000000000e+00 0.000000000000000000e+00 0.000000000000000000e+00 -1.000000000000000000e+00 -1.000000000000000000e+00
2.900000000000000000e+01 4.553858823530776135e+04 3.922254730612927176e+01 -8.027594828375475555e-02 1.958549060940878217e+00 3.106042877740590846e+00 2.876867559884353082e-02 1.570796326794896558e+00 1.000000000000000000e+00 1.000000000000000000e+00 0.000000000000000000e+00 0.000000000000000000e+00 -1.000000000000000000e+00 -1.000000000000000000e+00
3.000000000000000000e+01 4.880054773928120994e+04 1.567649605182033667e+01 -8.747117678706356481e-02 3.011675625722600724e+00 1.740472843470997413e-02 6.661444778594804994e-02 0.000000000000000000e+00 1.000000000000000000e+00 1.000000000000000000e+00 0.000000000000000000e+00 0.000000000000000000e+00 -1.000000000000000000e+00 -1.000000000000000000e+00
3.100000000000000000e+01 4.705165920155197819e+04 1.019761238728166930e+01 -7.345139080715976099e-02 3.028468445786092200e+00 3.143297843941253777e+00 7.945779807661740302e-02 1.570796326794896558e+00 1.000000000000000000e+00 1.000000000000000000e+00 0.000000000000000000e+00 0.000000000000000000e+00 -1.000000000000000000e+00 -1.000000000000000000e+00
3.300000000000000000e+01 2.111360685496859151e+04 1.714426697208619998e+01 4.420031260132115114e-02 1.769535071265646575e+00 1.302544982128032991e-02 1.000000000000000056e-01 1.570796326794896558e+00 1.000000000000000000e+00 1.000000000000000000e+00 0.000000000000000000e+00 0.000000000000000000e+00 -1.000000000000000000e+00 -1.000000000000000000e+00
3.500000000000000000e+01 9.847994551741801843e+03 1.312556612141933776e+01 -7.873035775327438812e-02 2.752380588392334904e+00 9.948523922740919179e-03 3.964819444573674384e-02 1.570796326794896558e+00 1.000000000000000000e+00 1.000000000000000000e+00 0.000000000000000000e+00 0.000000000000000000e+00 -1.000000000000000000e+00 -1.000000000000000000e+00
4.000000000000000000e+01 1.236186450996003441e+04 1.825032536675536221e+01 -1.682107800684601029e-01 2.741313439913036998e+00 -2.656405123778483521e-02 1.342571481882816505e-02 1.570796326794896558e+00 1.000000000000000000e+00 1.000000000000000000e+00 0.000000000000000000e+00 0.000000000000000000e+00 -1.000000000000000000e+00 -1.000000000000000000e+00
4.100000000000000000e+01 2.240509762345599302e+04 3.423125371276763929e+01 -1.557137266620831906e-01 2.080682084514925645e+00 3.152538184248699693e+00 1.313488874440899880e-02 0.000000000000000000e+00 1.000000000000000000e+00 1.000000000000000000e+00 0.000000000000000000e+00 0.000000000000000000e+00 -1.000000000000000000e+00 -1.000000000000000000e+00
4.200000000000000000e+01 1.155164377429840533e+04 1.237698577780196985e+01 -1.069267330583608538e-01 2.078799617253351606e+00 3.164921701077885619e+00 1.000000000000000056e-01 0.000000000000000000e+00 1.000000000000000000e+00 1.000000000000000000e+00 0.000000000000000000e+00 0.000000000000000000e+00 -1.000000000000000000e+00 -1.000000000000000000e+00
4.300000000000000000e+01 4.323831955840003047e+02 1.909306934669908173e+01 -1.436324875844056936e-01 2.002602123031612891e+00 3.151578418001748982e+00 1.632153258550183075e-02 1.570796326794896558e+00 1.000000000000000000e+00 1.000000000000000000e+00 0.000000000000000000e+00 0.000000000000000000e+00 -1.000000000000000000e+00 -1.000000000000000000e+00
4.400000000000000000e+01 1.514950099746438900e+04 3.245277896122022554e+01 -7.147979767884900248e-02 2.009933552797429357e+00 3.161467624312812585e+00 1.000000000000000021e-02 0.000000000000000000e+00 1.000000000000000000e+00 1.000000000000000000e+00 0.000000000000000000e+00 0.000000000000000000e+00 -1.000000000000000000e+00 -1.000000000000000000e+00
4.900000000000000000e+01 3.265363904545642436e+04 3.213194611512089693e+01 -7.028487157936595155e-03 4.392719326320991824e-01 -1.527229619928811583e-03 2.405541789328599633e-02 0.000000000000000000e+00 1.000000000000000000e+00 1.000000000000000000e+00 0.000000000000000000e+00 0.000000000000000000e+00 -1.000000000000000000e+00 -1.000000000000000000e+00
5.000000000000000000e+01 1.666192732539074132e+04 2.043705370388842368e+01 -6.749230412161502657e-02 3.100000000000000089e+00 -5.882301653469240027e-03 5.664157193631534637e-02 1.570796326794896558e+00 1.000000000000000000e+00 1.000000000000000000e+00 0.000000000000000000e+00 0.000000000000000000e+00 -1.000000000000000000e+00 -1.000000000000000000e+00
5.800000000000000000e+01 3.683372643969195633e+04 1.479230581234548758e+01 -1.233574005794827594e-01 3.100000000000000089e+00 -2.909740224252855070e-02 2.290901826227076388e-02 1.570796326794896558e+00 1.000000000000000000e+00 1.000000000000000000e+00 0.000000000000000000e+00 0.000000000000000000e+00 -1.000000000000000000e+00 -1.000000000000000000e+00
5.900000000000000000e+01 1.612731034849234493e+04 1.317081217420063766e+01 1.145943804601793903e-01 1.382232997070865776e+00 2.404451777027363096e-02 1.000000000000000056e-01 1.570796326794896558e+00 1.000000000000000000e+00 1.000000000000000000e+00 0.000000000000000000e+00 0.000000000000000000e+00 -1.000000000000000000e+00 -1.000000000000000000e+00
6.000000000000000000e+01 4.549795063168974139e+02 1.362397168775905953e+01 -1.288094784354167771e-02 1.747959589392174218e+00 3.150696901737488620e+00 1.847983972716681078e-02 0.000000000000000000e+00 1.000000000000000000e+00 1.000000000000000000e+00 0.000000000000000000e+00 0.000000000000000000e+00 -1.000000000000000000e+00 -1.000000000000000000e+00
6.200000000000000000e+01 4.604707648009497234e+02 1.995485982690163951e+01 2.143187834232269592e-03 1.516449766465141291e+00 3.133567394119354255e+00 7.417866413729770625e-02 1.570796326794896558e+00 1.000000000000000000e+00 1.000000000000000000e+00 0.000000000000000000e+00 0.000000000000000000e+00 -1.000000000000000000e+00 -1.000000000000000000e+00
6.300000000000000000e+01 2.545791736281543490e+04 2.679261789512181480e+01 -6.285507502591643203e-02 1.933872515782694812e+00 -5.500688079909739521e-03 8.205351962891357931e-02 1.570796326794896558e+00 1.000000000000000000e+00 1.000000000000000000e+00 0.000000000000000000e+00 0.000000000000000000e+00 -1.000000000000000000e+00 -1.000000000000000000e+00
6.500000000000000000e+01 4.469269196379394998e+04 1.579039104678688510e+01 6.416283500155826880e-02 1.435307183127001451e+00 3.109612737387335013e+00 5.699906916884404928e-02 0.000000000000000000e+00 1.000000000000000000e+00 1.000000000000000000e+00 0.000000000000000000e+00 0.000000000000000000e+00 -1.000000000000000000e+00 -1.000000000000000000e+00
6.600000000000000000e+01 3.047475186711626884e+04 1.320801457274595769e+01 -7.566043622058461759e-03 8.151575341515816531e-01 -9.188983466340705161e-03 1.898798784337821927e-02 0.000000000000000000e+00 1.000000000000000000e+00 1.000000000000000000e+00 0.000000000000000000e+00 0.000000000000000000e+00 -1.000000000000000000e+00 -1.000000000000000000e+00
6.700000000000000000e+01 2.112063380838491139e+04 2.662172713129298884e+01 1.552347548824744849e-01 1.636593647391892503e+00 7.379337253451986531e-03 1.000000000000000021e-02 0.000000000000000000e+00 1.000000000000000000e+00 1.000000000000000000e+00 0.000000000000000000e+00 0.000000000000000000e+00 -1.000000000000000000e+00 -1.000000000000000000e+00
6.800000000000000000e+01 5.000000000000000000e+04 1.052485229734904415e+01 -1.543934870004928794e-01 2.111898536413734373e+00 6.197415605721959091e-03 1.373804541462497926e-02 0.000000000000000000e+00 1.000000000000000000e+00 1.000000000000000000e+00 0.000000000000000000e+00 0.000000000000000000e+00 -1.000000000000000000e+00 -1.000000000000000000e+00
7.300000000000000000e+01 1.580242869916319796e+04 1.085145345961294616e+01 -7.256252935567544804e-02 1.982072515252188527e+00 3.113983203308996028e+00 1.000000000000000021e-02 1.570796326794896558e+00 1.000000000000000000e+00 1.000000000000000000e+00 0.000000000000000000e+00 0.000000000000000000e+00 -1.000000000000000000e+00 -1.000000000000000000e+00
7.400000000000000000e+01 3.601954332786425221e+04 1.200605300370557771e+01 -5.125406059633061395e-02 3.100000000000000089e+00 3.170370080638179822e+00 4.925671521685472121e-02 0.000000000000000000e+00 1.000000000000000000e+00 1.000000000000000000e+00 0.000000000000000000e+00 0.000000000000000000e+00 -1.000000000000000000e+00 -1.000000000000000000e+00
7.500000000000000000e+01 1.879355565017359186e+04 1.145499225767513707e+01 1.626018498577901789e-02 4.126162635151667812e-01 3.161471798346379369e+00 5.792433321631094284e-02 1.570796326794896558e+00 1.000000000000000000e+00 1.000000000000000000e+00 0.000000000000000000e+00 0.000000000000000000e+00 -1.000000000000000000e+00 -1.000000000000000000e+00
7.700000000000000000e+01 2.037460830663223169e+04 1.937572082027443088e+01 -5.472608572868530724e-02 2.235092094087097081e+00 3.174580348185170653e+00 1.136166839745198810e-02 0.000000000000000000e+00 1.000000000000000000e+00 1.000000000000000000e+00 0.000000000000000000e+00 0.000000000000000000e+00 -1.000000000000000000e+00 -1.000000000000000000e+00
7.800000000000000000e+01 9.391345174392465196e+03 1.808749024889122481e+01 -2.313761724128745589e-01 2.320425397861356931e+00 1.632703295081478628e-02 9.000000000000001055e-03 1.570796326794896558e+00 1.000000000000000000e+00 1.000000000000000000e+00 0.000000000000000000e+00 0.000000000000000000e+00 -1.000000000000000000e+00 -1.000000000000000000e+00
8.000000000000000000e+01 1.700934640046436471e+04 1.275212885785341221e+01 -1.160682294959000660e-01 2.239013568495012763e+00 3.107688119978258445e+00 2.254406245597777997e-02 1.570796326794896558e+00 1.000000000000000000e+00 1.000000000000000000e+00 0.000000000000000000e+00 0.000000000000000000e+00 -1.000000000000000000e+00 -1.000000000000000000e+00
8.100000000000000000e+01 4.142600940920846915e+04 1.332434795236430602e+01 -2.695643345309629846e-02 1.378922208499264057e+00 4.273258161242279862e-02 1.749700692689112047e-01 0.000000000000000000e+00 1.000000000000000000e+00 1.000000000000000000e+00 0.000000000000000000e+00 0.000000000000000000e+00 -1.000000000000000000e+00 -1.000000000000000000e+00
8.200000000000000000e+01 4.498696541006091252e+02 2.328172136489365229e+01 -9.668410774784980122e-02 2.028905592582376904e+00 3.148625567401648340e+00 2.216624212678922068e-02 1.570796326794896558e+00 1.000000000000000000e+00 1.000000000000000000e+00 0.000000000000000000e+00 0.000000000000000000e+00 -1.000000000000000000e+00 -1.000000000000000000e+00
8.400000000000000000e+01 2.002804691247984738e+04 1.209593647483742629e+01 -8.538350585527655634e-02 2.640356881550217416e+00 3.142050530998110602e+00 1.906143705175473990e-02 0.000000000000000000e+00 1.000000000000000000e+00 1.000000000000000000e+00 0.000000000000000000e+00 0.000000000000000000e+00 -1.000000000000000000e+00 -1.000000000000000000e+00
8.500000000000000000e+01 1.320399622840036318e+04 1.231172687058887938e+01 -4.376243915163097187e-02 7.965400027215538969e-01 -9.273040747313948326e-03 2.612435282139647860e-02 1.570796326794896558e+00 1.000000000000000000e+00 1.000000000000000000e+00 0.000000000000000000e+00 0.000000000000000000e+00 -1.000000000000000000e+00 -1.000000000000000000e+00
8.600000000000000000e+01 5.751247326355455698e+02 3.739030659545964141e+01 -6.458365833224151420e-02 3.100000000000000089e+00 1.197515011677930015e-02 9.000000000000001055e-02 1.570796326794896558e+00 1.000000000000000000e+00 1.000000000000000000e+00 0.000000000000000000e+00 0.000000000000000000e+00 -1.000000000000000000e+00 -1.000000000000000000e+00
8.700000000000000000e+01 4.807212948168751609e+04 1.257618298643366472e+01 1.617534995186399593e-02 7.426396028441314412e-01 3.182786381937694475e+00 1.998709257180303067e-01 0.000000000000000000e+00 1.000000000000000000e+00 1.000000000000000000e+00 0.000000000000000000e+00 0.000000000000000000e+00 -1.000000000000000000e+00 -1.000000000000000000e+00
9.000000000000000000e+01 5.000000000000000000e+04 2.254392961880958168e+01 1.317857031075394536e-01 1.470118656462343409e+00 3.578134230040710961e-02 6.451491250779525788e-02 1.570796326794896558e+00 1.000000000000000000e+00 1.000000000000000000e+00 0.000000000000000000e+00 0.000000000000000000e+00 -1.000000000000000000e+00 -1.000000000000000000e+00
9.100000000000000000e+01 2.550848874940560927e+04 3.052045017844881158e+01 -2.922927327766428052e-01 2.896300209369938816e+00 3.116904642842976525e+00 2.006427454246914252e-02 1.570796326794896558e+00 1.000000000000000000e+00 1.000000000000000000e+00 0.000000000000000000e+00 0.000000000000000000e+00 -1.000000000000000000e+00 -1.000000000000000000e+00
9.600000000000000000e+01 5.585293096384550608e+02 2.574040673523544243e+01 -1.262051150501082020e-01 2.589284540190642137e+00 9.155019209081625628e-03 9.000000000000001055e-02 1.570796326794896558e+00 1.000000000000000000e+00 1.000000000000000000e+00 0.000000000000000000e+00 0.000000000000000000e+00 -1.000000000000000000e+00 -1.000000000000000000e+00
9.700000000000000000e+01 3.192317543832632873e+04 3.746163037939361828e+01 1.215946123678890434e-01 1.593882793072050941e+00 1.177550979130827409e-02 1.100462211988404056e-02 1.570796326794896558e+00 1.000000000000000000e+00 1.000000000000000000e+00 0.000000000000000000e+00 0.000000000000000000e+00 -1.000000000000000000e+00 -1.000000000000000000e+00
9.800000000000000000e+01 5.000000000000000000e+04 3.146072894542232845e+01 -2.020870023196599807e-01 2.039780187299103709e+00 3.155629301780955132e+00 1.958772777759570233e-02 1.570796326794896558e+00 1.000000000000000000e+00 1.000000000000000000e+00 0.000000000000000000e+00 0.000000000000000000e+00 -1.000000000000000000e+00 -1.000000000000000000e+00
9.900000000000000000e+01 1.983547935321105979e+04 1.430992964879251161e+01 7.207690009751421822e-02 7.310327721703840931e-01 -3.082875959312597267e-02 5.530792934683374101e-02 1.570796326794896558e+00 1.000000000000000000e+00 1.000000000000000000e+00 0.000000000000000000e+00 0.000000000000000000e+00 -1.000000000000000000e+00 -1.000000000000000000e+00
1.000000000000000000e+02 2.505686314357715310e+04 1.229551965480646381e+01 1.139964697308391839e-01 1.582963331228754322e+00 -3.077791147168114361e-02 2.148700909735596146e-02 0.000000000000000000e+00 1.000000000000000000e+00 1.000000000000000000e+00 0.000000000000000000e+00 0.000000000000000000e+00 -1.000000000000000000e+00 -1.000000000000000000e+00
1.010000000000000000e+02 6.268165897105225213e+02 3.695836357610038903e+01 -7.800411424806709404e-02 2.397084063722667580e+00 3.152575961883499200e+00 9.932579894266893583e-03 0.000000000000000000e+00 1.000000000000000000e+00 1.000000000000000000e+00 0.000000000000000000e+00 0.000000000000000000e+00 -1.000000000000000000e+00 -1.000000000000000000e+00
1.040000000000000000e+02 4.721874155382827212e+02 2.316099616298726360e+01 1.946266696073693792e-01 4.724719358996125051e-01 -2.214716097698968527e-03 4.917965872534716537e-02 1.570796326794896558e+00 1.000000000000000000e+00 1.000000000000000000e+00 0.000000000000000000e+00 0.000000000000000000e+00 -1.000000000000000000e+00 -1.000000000000000000e+00
1.050000000000000000e+02 4.243886385655342019e+04 1.383853417579565104e+01 -4.851451071993212287e-03 4.218214049028409240e-01 2.246200245131610429e-02 1.777194385662901610e-01 1.570796326794896558e+00 1.000000000000000000e+00 1.000000000000000000e+00 0.000000000000000000e+00 0.000000000000000000e+00 -1.000000000000000000e+00 -1.000000000000000000e+00
1.100000000000000000e+02 2.776075047767953583e+04 2.037683756094229182e+01 -1.402783570912619349e-01 2.858101755760525275e+00 3.000502707034559749e-02 1.831120881364117076e-02 0.000000000000000000e+00 1.000000000000000000e+00 1.000000000000000000e+00 0.000000000000000000e+00 0.000000000000000000e+00 -1.000000000000000000e+00 -1.000000000000000000e+00
1.110000000000000000e+02 2.183323215449679992e+04 2.953873470365894605e+01 -1.325800933517439772e-01 2.173079968889539693e+00 3.168250090429447940e+00 1.000000000000000021e-02 0.000000000000000000e+00 1.000000000000000000e+00 1.000000000000000000e+00 0.000000000000000000e+00 0.000000000000000000e+00 -1.000000000000000000e+00 -1.000000000000000000e+00
1.120000000000000000e+02 2.072611892239490771e+04 1.174937986998448558e+01 -2.785651517713884362e-02 1.665797803407756295e+00 9.535968507892272211e-03 3.886546659848630347e-02 0.000000000000000000e+00 1.000000000000000000e+00 1.000000000000000000e+00 0.000000000000000000e+00 0.000000000000000000e+00 -1.000000000000000000e+00 -1.000000000000000000e+00
1.130000000000000000e+02 2.705328412044286961e+04 1.085599451717095221e+01 -2.113362288091648333e-02 1.674901102606380254e+00 1.594020852253194565e-02 3.738636181842643763e-02 1.570796326794896558e+00 1.000000000000000000e+00 1.000000000000000000e+00 0.000000000000000000e+00 0.000000000000000000e+00 -1.000000000000000000e+00 -1.000000000000000000e+00
1.140000000000000000e+02 6.479959467036512706e+02 1.163781548508227637e+01 -2.657490626627010202e-02 1.332617596520242031e+00 5.099708508012949955e-03 4.425761543022924127e-02 1.570796326794896558e+00 1.000000000000000000e+00 1.000000000000000000e+00 0.000000000000000000e+00 0.000000000000000000e+00 -1.000000000000000000e+00 -1.000000000000000000e+00
1.150000000000000000e+02 2.689983585869710078e+04 3.303054758767508048e+01 -1.947046276367537243e-01 2.432908868242597222e+00 -9.320525467850820228e-03 8.078721951072774521e-02 1.570796326794896558e+00 1.000000000000000000e+00 1.000000000000000000e+00 0.000000000000000000e+00 0.000000000000000000e+00 -1.000000000000000000e+00 -1.000000000000000000e+00
1.160000000000000000e+02 5.000000000000000000e+04 1.213784448179663755e+01 9.465825156623661196e-02 1.063098510017358667e+00 3.555785360901921738e-02 2.997902938096546829e-02 1.570796326794896558e+00 1.000000000000000000e+00 1.000000000000000000e+00 0.000000000000000000e+00 0.000000000000000000e+00 -1.000000000000000000e+00 -1.000000000000000000e+00
1.170000000000000000e+02 1.884523225832979733e+04 3.721216103629013361e+01 -1.177060464801887030e-01 3.100000000000000089e+00 1.718868797049058136e-02 5.827954096298444686e-02 1.570796326794896558e+00 1.000000000000000000e+00 1.000000000000000000e+00 0.000000000000000000e+00 0.000000000000000000e+00 -1.000000000000000000e+00 -1.000000000000000000e+00
1.220000000000000000e+02 2.451929737701141494e+04 1.689032440328849916e+01 -8.258624330974614902e-02 3.011603742281535823e+00 3.127999536517495294e+00 1.230275631479923505e-02 1.570796326794896558e+00 1.000000000000000000e+00 1.000000000000000000e+00 0.000000000000000000e+00 0.000000000000000000e+00 -1.000000000000000000e+00 -1.000000000000000000e+00
1.230000000000000000e+02 5.586134868197495962e+02 1.805616774106693612e+01 -2.534559910934823246e-01 2.527831877552480844e+00 3.137084024015273531e+00 1.000000000000000056e-01 1.570796326794896558e+00 1.000000000000000000e+00 1.000000000000000000e+00 0.000000000000000000e+00 0.000000000000000000e+00 -1.000000000000000000e+00 -1.000000000000000000e+00
1.270000000000000000e+02 4.813830156822137360e+04 2.470651827681650659e+01 -1.207415280424513765e-01 2.174701988315891121e+00 2.403108416605935840e-02 4.307560866396038107e-02 1.570796326794896558e+00 1.000000000000000000e+00 1.000000000000000000e+00 0.000000000000000000e+00 0.000000000000000000e+00 -1.000000000000000000e+00 -1.000000000000000000e+00
1.310000000000000000e+02 3.024749011831477401e+04 3.877931596417927551e+01 4.287160641675456796e-02 7.195671225301222274e-01 -1.922049942029596323e-02 3.176416140021526280e-02 1.570796326794896558e+00 1.000000000000000000e+00 1.000000000000000000e+00 0.000000000000000000e+00 0.000000000000000000e+00 -1.000000000000000000e+00 -1.000000000000000000e+00
1.320000000000000000e+02 2.419645446265196733e+04 1.211041461572933464e+01 9.177944867641302240e-02 9.553742625962901025e-01 -3.310503949594633538e-02 4.535068921830241739e-02 0.000000000000000000e+00 1.000000000000000000e+00 1.000000000000000000e+00 0.000000000000000000e+00 0.000000000000000000e+00 -1.000000000000000000e+00 -1.000000000000000000e+00
1.330000000000000000e+02 6.077430658719241592e+02 1.267159222936788154e+01 -9.805928633181096310e-03 4.400344133317742878e-01 3.137041456086625324e+00 9.000000000000001055e-02 0.000000000000000000e+00 1.000000000000000000e+00 1.000000000000000000e+00 0.000000000000000000e+00 0.000000000000000000e+00 -1.000000000000000000e+00 -1.000000000000000000e+00
1.350000000000000000e+02 6.756761554151077007e+02 1.269202669319316712e+01 6.634817533273169865e-02 4.331387742261881280e-01 -1.375350557362913818e-02 9.000000000000001055e-02 0.000000000000000000e+00 1.000000000000000000e+00 1.000000000000000000e+00 0.000000000000000000e+00 0.000000000000000000e+00 -1.000000000000000000e+00 -1.000000000000000000e+00
1.400000000000000000e+02 7.596075730586605914e+02 1.429800117161896900e+01 -4.464180557114937054e-02 1.151401230169849965e+00 -9.224347152251795301e-03 1.000000000000000056e-01 1.570796326794896558e+00 1.000000000000000000e+00 1.000000000000000000e+00 0.000000000000000000e+00 0.000000000000000000e+00 -1.000000000000000000e+00 -1.000000000000000000e+00
1.410000000000000000e+02 8.172044930276603054e+02 2.421789682587034775e+01 -2.562882203233289233e-02 1.758821756755738264e+00 9.684057562319678056e-03 9.000000000000001055e-02 1.570796326794896558e+00 1.000000000000000000e+00 1.000000000000000000e+00 0.000000000000000000e+00 0.000000000000000000e+00 -1.000000000000000000e+00 -1.000000000000000000e+00
1.420000000000000000e+02 5.000000000000000000e+04 1.057693401418200629e+01 -1.322924579533980016e-01 3.100000000000000089e+00 -4.986250920035775747e-02 1.791114239614657877e-01 1.570796326794896558e+00 1.000000000000000000e+00 1.000000000000000000e+00 0.000000000000000000e+00 0.000000000000000000e+00 -1.000000000000000000e+00 -1.000000000000000000e+00
1.440000000000000000e+02 1.456188761750409685e+04 1.070876731446698393e+01 7.288088502647467604e-02 7.254648306997891760e-01 3.123173130758408966e+00 2.913713230927326286e-02 0.000000000000000000e+00 1.000000000000000000e+00 1.000000000000000000e+00 0.000000000000000000e+00 0.000000000000000000e+00 -1.000000000000000000e+00 -1.000000000000000000e+00
1.450000000000000000e+02 3.241812797135216533e+04 2.328063171556846100e+01 7.070191981584034169e-02 1.037105260698394593e+00 2.521421924977461718e-02 3.506665742481157588e-02 0.000000000000000000e+00 1.000000000000000000e+00 1.000000000000000000e+00 0.000000000000000000e+00 0.000000000000000000e+00 -1.000000000000000000e+00 -1.000000000000000000e+00
1.480000000000000000e+02 7.235298118258845079e+02 1.702506646654502731e+01 -1.637214045624713343e-01 2.225589870810712245e+00 3.144353763088219900e+00 9.000000000000001055e-02 1.570796326794896558e+00 1.000000000000000000e+00 1.000000000000000000e+00 0.000000000000000000e+00 0.000000000000000000e+00 -1.000000000000000000e+00 -1.000000000000000000e+00
1.490000000000000000e+02 3.736769898709299468e+03 1.402465685574956034e+01 7.236107109935140114e-02 9.134079098251093320e-01 3.132282981749090034e+00 9.000000000000001055e-02 1.570796326794896558e+00 1.000000000000000000e+00 1.000000000000000000e+00 0.000000000000000000e+00 0.000000000000000000e+00 -1.000000000000000000e+00 -1.000000000000000000e+00
1.510000000000000000e+02 2.965479427698397558e+04 2.620535187858918746e+01 4.405205062222608547e-02 1.628967704497142677e+00 3.163093878462180264e+00 7.566446992698573626e-02 0.000000000000000000e+00 1.000000000000000000e+00 1.000000000000000000e+00 0.000000000000000000e+00 0.000000000000000000e+00 -1.000000000000000000e+00 -1.000000000000000000e+00
1.530000000000000000e+02 4.309993014654179569e+04 3.266804901810402839e+01 9.588781877572433165e-02 4.242765498054961726e-01 -7.015825628157445169e-03 7.335117310876494712e-02 1.570796326794896558e+00 1.000000000000000000e+00 1.000000000000000000e+00 0.000000000000000000e+00 0.000000000000000000e+00 -1.000000000000000000e+00 -1.000000000000000000e+00
1.540000000000000000e+02 7.399041783855667518e+02 1.568481142522754013e+01 -1.947282453861518270e-01 2.488010277611968579e+00 1.797622511935858202e-04 9.000000000000001055e-02 0.000000000000000000e+00 1.000000000000000000e+00 1.000000000000000000e+00 0.000000000000000000e+00 0.000000000000000000e+00 -1.000000000000000000e+00 -1.000000000000000000e+00
1.550000000000000000e+02 2.507070572693733629e+04 1.207319531095554588e+01 6.490772237450195825e-02 8.840854652779404077e-01 -2.720132958961961334e-02 9.116874811051564609e-02 1.570796326794896558e+00 1.000000000000000000e+00 1.000000000000000000e+00 0.000000000000000000e+00 0.000000000000000000e+00 -1.000000000000000000e+00 -1.000000000000000000e+00
1.610000000000000000e+02 3.013847572998705800e+04 1.225348489875162805e+01 1.892889341705085438e-02 1.319997470029091069e+00 3.117221492110172854e+00 1.000000000000000021e-02 1.570796326794896558e+00 1.000000000000000000e+00 1.000000000000000000e+00 0.000000000000000000e+00 0.000000000000000000e+00 -1.000000000000000000e+00 -1.000000000000000000e+00
1.620000000000000000e+02 2.146526027008214805e+04 1.196210017393243419e+01 -2.542353595782360087e-01 2.590709393745700861e+00 3.126349470158647836e+00 8.771910843865883545e-02 1.570796326794896558e+00 1.000000000000000000e+00 1.000000000000000000e+00 0.000000000000000000e+00 0.000000000000000000e+00 -1.000000000000000000e+00 -1.000000000000000000e+00
1.640000000000000000e+02 2.252233208423700125e+04 1.405798303118939252e+01 -1.041285931505158552e-02 1.589042911637726929e+00 3.163731359975223256e+00 8.709272603579805427e-02 1.570796326794896558e+00 1.000000000000000000e+00 1.000000000000000000e+00 0.000000000000000000e+00 0.000000000000000000e+00 -1.000000000000000000e+00 -1.000000000000000000e+00
1.650000000000000000e+02 2.980946482820772144e+04 1.025786630721189852e+01 -1.234847228180463025e-01 2.673747109751024809e+00 3.110490823464679977e+00 5.785586955754622868e-02 0.000000000000000000e+00 1.000000000000000000e+00 1.000000000000000000e+00 0.000000000000000000e+00 0.000000000000000000e+00 -1.000000000000000000e+00 -1.000000000000000000e+00
1.680000000000000000e+02 1.475134184279447982e+04 1.365391686296698381e+01 3.859875299761153511e-02 6.845722720796273419e-01 -2.001233236654995779e-02 7.252730536393382776e-02 1.570796326794896558e+00 1.000000000000000000e+00 1.000000000000000000e+00 0.000000000000000000e+00 0.000000000000000000e+00 -1.000000000000000000e+00 -1.000000000000000000e+00
1.730000000000000000e+02 1.252772335242966983e+04 1.639321916409635094e+01 -2.989662644749858239e-02 5.251507520343884350e-01 3.117446497481714651e+00 1.056254897977497095e-02 1.570796326794896558e+00 1.000000000000000000e+00 1.000000000000000000e+00 0.000000000000000000e+00 0.000000000000000000e+00 -1.000000000000000000e+00 -1.000000000000000000e+00
1.750000000000000000e+02 5.000000000000000000e+04 1.174865581418701233e+01 5.631661157968178948e-03 8.788704978838208781e-01 -1.328018335191638415e-02 4.110067642189368237e-02 0.000000000000000000e+00 1.000000000000000000e+00 1.000000000000000000e+00 0.000000000000000000e+00 0.000000000000000000e+00 -1.000000000000000000e+00 -1.000000000000000000e+00
1.790000000000000000e+02 4.198542734612536151e+04 1.957356921481788348e+01 -1.942395735341568563e-01 2.779753288656465759e+00 8.179649234519487805e-03 3.108481068692560759e-02 0.000000000000000000e+00 1.000000000000000000e+00 1.000000000000000000e+00 0.000000000000000000e+00 0.000000000000000000e+00 -1.000000000000000000e+00 -1.000000000000000000e+00
1.820000000000000000e+02 5.000000000000000000e+04 1.053145123714131870e+01 -4.610698917788855211e-02 7.862778934524435881e-01 3.121393070538330594e+00 2.505192004814145168e-01 0.000000000000000000e+00 1.000000000000000000e+00 1.000000000000000000e+00 0.000000000000000000e+00 0.000000000000000000e+00 -1.000000000000000000e+00 -1.000000000000000000e+00
1.840000000000000000e+02 3.095299794859181566e+04 1.087091005577048541e+01 -8.893664050205099536e-03 1.604707266145570577e+00 3.156391330771238124e+00 2.045172805409517860e-02 1.570796326794896558e+00 1.000000000000000000e+00 1.000000000000000000e+00 0.000000000000000000e+00 0.000000000000000000e+00 -1.000000000000000000e+00 -1.000000000000000000e+00
1.850000000000000000e+02 4.214688055229749443e+04 2.689305635218097379e+01 -1.607193092107743748e-01 2.693999300233088423e+00 3.144488890657694213e+00 1.048142338938960402e-02 1.570796326794896558e+00 1.000000000000000000e+00 1.000000000000000000e+00 0.000000000000000000e+00 0.000000000000000000e+00 -1.000000000000000000e+00 -1.000000000000000000e+00
1.860000000000000000e+02 7.107094241784553788e+02 1.282293182494070116e+01 -7.145077115061038153e-02 2.544685201073160208e+00 3.138938745166879318e+00 2.923204410662386815e-02 0.000000000000000000e+00 1.000000000000000000e+00 1.000000000000000000e+00 0.000000000000000000e+00 0.000000000000000000e+00 -1.000000000000000000e+00 -1.000000000000000000e+00
1.880000000000000000e+02 2.007654587354519390e+04 1.734359481832849426e+01 -2.731716947952577031e-03 5.258453982032514906e-01 4.714006138038595063e-03 4.111517174340009739e-02 0.000000000000000000e+00 1.000000000000000000e+00 1.000000000000000000e+00 0.000000000000000000e+00 0.000000000000000000e+00 -1.000000000000000000e+00 -1.000000000000000000e+00
1.890000000000000000e+02 9.148381272767438759e+02 2.589551482500744584e+01 -1.808952607118712308e-01 2.070717302421772654e+00 -1.274546395976465345e-02 9.000000000000001055e-02 0.000000000000000000e+00 1.000000000000000000e+00 1.000000000000000000e+00 0.000000000000000000e+00 0.000000000000000000e+00 -1.000000000000000000e+00 -1.000000000000000000e+00
1.900000000000000000e+02 4.157542139180709637e+04 2.337865720669201863e+01 -1.285517454261846659e-01 3.100000000000000089e+00 2.984541417660876994e-02 3.067085406635653225e-02 1.570796326794896558e+00 1.000000000000000000e+00 1.000000000000000000e+00 0.000000000000000000e+00 0.000000000000000000e+00 -1.000000000000000000e+00 -1.000000000000000000e+00
1.910000000000000000e+02 3.856679325609176158e+04 1.294585171997154127e+01 7.846124373569567101e-03 1.158912713595692701e+00 -2.175338557241368598e-02 1.936963237678930583e-02 1.570796326794896558e+00 1.000000000000000000e+00 1.000000000000000000e+00 0.000000000000000000e+00 0.000000000000000000e+00 -1.000000000000000000e+00 -1.000000000000000000e+00
1.930000000000000000e+02 2.344926724600272792e+04 2.427341604767605077e+01 -1.365506277622591247e-01 2.266429596766945664e+00 1.255386963415174376e-02 2.511372117164578643e-02 0.000000000000000000e+00 1.000000000000000000e+00 1.000000000000000000e+00 0.000000000000000000e+00 0.000000000000000000e+00 -1.000000000000000000e+00 -1.000000000000000000e+00
1.940000000000000000e+02 5.000000000000000000e+04 2.021586580179542025e+01 9.602452423494479972e-03 1.037847224822086911e+00 3.104721592795026908e+00 2.800184970109432375e-02 0.000000000000000000e+00 1.000000000000000000e+00 1.000000000000000000e+00 0.000000000000000000e+00 0.000000000000000000e+00 -1.000000000000000000e+00 -1.000000000000000000e+00
1.950000000000000000e+02 1.331966891017761736e+04 2.156033192025014600e+01 -2.499849495151187928e-02 1.659778212031622457e+00 -2.362414055310290556e-02 1.331471855387960333e-02 1.570796326794896558e+00 1.000000000000000000e+00 1.000000000000000000e+00 0.000000000000000000e+00 0.000000000000000000e+00 -1.000000000000000000e+00 -1.000000000000000000e+00
1.970000000000000000e+02 5.000000000000000000e+04 1.578183978414621436e+01 8.126163913587183818e-02 1.768718998464212655e+00 3.185189249532069944e+00 1.638741733324000638e-01 0.000000000000000000e+00 1.000000000000000000e+00 1.000000000000000000e+00 0.000000000000000000e+00 0.000000000000000000e+00 -1.000000000000000000e+00 -1.000000000000000000e+00
1.980000000000000000e+02 2.783395670693131979e+04 1.093669769071898656e+01 4.050851811550958137e-02 1.588983255532675498e+00 3.150430781487988163e+00 3.061855102779702936e-02 0.000000000000000000e+00 1.000000000000000000e+00 1.000000000000000000e+00 0.000000000000000000e+00 0.000000000000000000e+00 -1.000000000000000000e+00 -1.000000000000000000e+00
1.990000000000000000e+02 4.855538055794334650e+04 1.441016577357262207e+01 -1.518634575498577499e-01 2.054113883563402077e+00 1.832520381769433583e-03 1.133989354642969266e-01 1.570796326794896558e+00 1.000000000000000000e+00 1.000000000000000000e+00 0.000000000000000000e+00 0.000000000000000000e+00 -1.000000000000000000e+00 -1.000000000000000000e+00
3.650000000000000000e+02 2.857201797681203175e+02 1.073501152867393671e+01 6.552743016934373110e-02 7.066852623055358551e-01 0.000000000000000000e+00 7.011093493198861104e-02 -1.000000000000000000e+00 1.000000000000000000e+00 1.000000000000000000e+00 5.400000000000000000e+01 0.000000000000000000e+00 -1.000000000000000000e+00 -1.000000000000000000e+00
1.000000000000000000e+01 2.820072269230150778e+04 2.054892368273133840e+01 -9.331923474344466785e-02 2.554842745417027494e+00 0.000000000000000000e+00 1.516331168581014355e-02 1.570796326794896558e+00 1.000000000000000000e+00 1.000000000000000000e+00 0.000000000000000000e+00 0.000000000000000000e+00 -1.000000000000000000e+00 -1.000000000000000000e+00
1.700000000000000000e+01 3.220252918420167407e+04 1.078107745612551582e+01 3.969563306548757470e-03 8.296794603132964241e-01 0.000000000000000000e+00 5.637384504357128429e-02 1.570796326794896558e+00 1.000000000000000000e+00 1.000000000000000000e+00 0.000000000000000000e+00 0.000000000000000000e+00 -1.000000000000000000e+00 -1.000000000000000000e+00
3.400000000000000000e+01 3.207877408968472082e+04 1.028929627911806932e+01 -1.041339161560361770e-01 2.585255891657626037e+00 2.299834968827591322e-02 9.171537181648591053e-02 1.570796326794896558e+00 1.000000000000000000e+00 1.000000000000000000e+00 0.000000000000000000e+00 0.000000000000000000e+00 -1.000000000000000000e+00 -1.000000000000000000e+00
3.700000000000000000e+01 2.736731122090387362e+04 1.539565948519495819e+01 5.218885213252069666e-02 1.048685087379333414e+00 1.647952136336600093e-02 1.483469833280315515e-02 1.570796326794896558e+00 1.000000000000000000e+00 1.000000000000000000e+00 0.000000000000000000e+00 0.000000000000000000e+00 -1.000000000000000000e+00 -1.000000000000000000e+00
5.200000000000000000e+01 2.207997755428375967e+04 1.939425297318239672e+01 -1.987490498580829143e-02 0.000000000000000000e+00 2.077255422110587876e-02 3.007929432902196887e-02 1.570796326794896558e+00 1.000000000000000000e+00 1.000000000000000000e+00 0.000000000000000000e+00 0.000000000000000000e+00 -1.000000000000000000e+00 -1.000000000000000000e+00
5.400000000000000000e+01 3.010607493145668559e+04 1.463636552319682238e+01 1.276424547292919487e-01 3.356873925796223235e-01 0.000000000000000000e+00 8.634611345116173509e-02 1.570796326794896558e+00 1.000000000000000000e+00 1.000000000000000000e+00 0.000000000000000000e+00 0.000000000000000000e+00 -1.000000000000000000e+00 -1.000000000000000000e+00
5.600000000000000000e+01 4.002761467187115340e+04 1.408659087977617475e+01 3.139471418361855504e-02 1.891153965779457824e+00 0.000000000000000000e+00 1.850988224535781990e-01 1.570796326794896558e+00 1.000000000000000000e+00 1.000000000000000000e+00 0.000000000000000000e+00 0.000000000000000000e+00 -1.000000000000000000e+00 -1.000000000000000000e+00
7.600000000000000000e+01 8.276888219795583836e+02 1.085821321896539082e+01 6.613828306210248545e-03 1.219966736281596908e+00 2.159609467704797902e-03 9.000000000000001055e-02 1.570796326794896558e+00 1.000000000000000000e+00 1.000000000000000000e+00 0.000000000000000000e+00 0.000000000000000000e+00 -1.000000000000000000e+00 -1.000000000000000000e+00
8.300000000000000000e+01 8.377981396456907532e+02 1.282034070270684012e+01 -4.301444115924774048e-02 5.099850521209774445e-01 0.000000000000000000e+00 9.000000000000001055e-02 1.570796326794896558e+00 1.000000000000000000e+00 1.000000000000000000e+00 0.000000000000000000e+00 0.000000000000000000e+00 -1.000000000000000000e+00 -1.000000000000000000e+00
8.900000000000000000e+01 1.848639050354306164e+04 1.939416652951393871e+01 -1.586174520174265731e-02 4.315943103188696894e-01 0.000000000000000000e+00 4.590169761511730950e-02 1.570796326794896558e+00 1.000000000000000000e+00 1.000000000000000000e+00 0.000000000000000000e+00 0.000000000000000000e+00 -1.000000000000000000e+00 -1.000000000000000000e+00
9.300000000000000000e+01 2.604937427881082476e+04 1.034729357606040168e+01 -1.507407709114401140e-01 2.539752328688949845e+00 0.000000000000000000e+00 4.797962175992252082e-02 1.570796326794896558e+00 1.000000000000000000e+00 1.000000000000000000e+00 0.000000000000000000e+00 0.000000000000000000e+00 -1.000000000000000000e+00 -1.000000000000000000e+00
1.080000000000000000e+02 3.483079650698486512e+04 1.481147808195733973e+01 -9.533676284160504111e-02 3.100000000000000089e+00 2.194604575174311650e-02 4.046096560829170324e-02 1.570796326794896558e+00 1.000000000000000000e+00 1.000000000000000000e+00 0.000000000000000000e+00 0.000000000000000000e+00 -1.000000000000000000e+00 -1.000000000000000000e+00
1.190000000000000000e+02 2.866933613634173525e+04 1.213912673575644163e+01 -1.720760599173317903e-02 7.773497978871997116e-01 2.523657304326273280e-03 9.370397749033029799e-02 1.570796326794896558e+00 1.000000000000000000e+00 1.000000000000000000e+00 0.000000000000000000e+00 0.000000000000000000e+00 -1.000000000000000000e+00 -1.000000000000000000e+00
1.200000000000000000e+02 1.649976113446463569e+04 1.287638347815839879e+01 6.552984483364646118e-02 1.563495204285208162e+00 0.000000000000000000e+00 2.359486553200605338e-02 1.570796326794896558e+00 1.000000000000000000e+00 1.000000000000000000e+00 0.000000000000000000e+00 0.000000000000000000e+00 -1.000000000000000000e+00 -1.000000000000000000e+00
1.240000000000000000e+02 4.495122516050282866e+04 2.324267154829145454e+01 -9.159209361822343021e-02 3.100000000000000089e+00 0.000000000000000000e+00 7.603554225860752191e-02 1.570796326794896558e+00 1.000000000000000000e+00 1.000000000000000000e+00 0.000000000000000000e+00 0.000000000000000000e+00 -1.000000000000000000e+00 -1.000000000000000000e+00
1.250000000000000000e+02 3.754250698788033333e+04 1.178430026667930974e+01 8.689312003963595155e-02 1.187676955365517983e+00 2.952940156238054170e-02 2.159827353260540539e-02 1.570796326794896558e+00 1.000000000000000000e+00 1.000000000000000000e+00 0.000000000000000000e+00 0.000000000000000000e+00 -1.000000000000000000e+00 -1.000000000000000000e+00
1.260000000000000000e+02 1.674350543538172133e+04 1.166455460704195524e+01 -6.692067528497259998e-02 2.273166324114834325e+00 7.408581633793059722e-03 1.000000000000000021e-02 1.570796326794896558e+00 1.000000000000000000e+00 1.000000000000000000e+00 0.000000000000000000e+00 0.000000000000000000e+00 -1.000000000000000000e+00 -1.000000000000000000e+00
1.280000000000000000e+02 3.527538677628416917e+04 1.397631107529055505e+01 -4.054948033491329040e-02 1.870387418225471388e+00 0.000000000000000000e+00 2.772104629199822340e-02 1.570796326794896558e+00 1.000000000000000000e+00 1.000000000000000000e+00 0.000000000000000000e+00 0.000000000000000000e+00 -1.000000000000000000e+00 -1.000000000000000000e+00
1.290000000000000000e+02 1.870767302710327567e+04 1.462704258478117048e+01 -1.801147695371620519e-02 1.387100735582464939e+00 0.000000000000000000e+00 7.577703010443098686e-02 1.570796326794896558e+00 1.000000000000000000e+00 1.000000000000000000e+00 0.000000000000000000e+00 0.000000000000000000e+00 -1.000000000000000000e+00 -1.000000000000000000e+00
1.360000000000000000e+02 2.922823131582616770e+04 1.062311082239999394e+01 -1.439414071480245028e-01 2.410270548004864732e+00 2.442102821644016528e-02 1.119235341956543450e-01 1.570796326794896558e+00 1.000000000000000000e+00 1.000000000000000000e+00 0.000000000000000000e+00 0.000000000000000000e+00 -1.000000000000000000e+00 -1.000000000000000000e+00
1.370000000000000000e+02 4.577220286956649215e+04 3.127259862132069657e+01 -8.194332695965006463e-02 1.944191737238607942e+00 0.000000000000000000e+00 1.205279370757541962e-01 1.570796326794896558e+00 1.000000000000000000e+00 1.000000000000000000e+00 0.000000000000000000e+00 0.000000000000000000e+00 -1.000000000000000000e+00 -1.000000000000000000e+00
1.560000000000000000e+02 3.239487549450834558e+04 1.446735823996585246e+01 1.437960996504018540e-01 1.211858654588065631e+00 0.000000000000000000e+00 5.295191498591915458e-02 1.570796326794896558e+00 1.000000000000000000e+00 1.000000000000000000e+00 0.000000000000000000e+00 0.000000000000000000e+00 -1.000000000000000000e+00 -1.000000000000000000e+00
1.710000000000000000e+02 4.760327873394851486e+04 2.920492468021739896e+01 -7.502013051921466169e-02 2.449300993230211443e+00 0.000000000000000000e+00 1.020221704153936038e-01 1.570796326794896558e+00 1.000000000000000000e+00 1.000000000000000000e+00 0.000000000000000000e+00 0.000000000000000000e+00 -1.000000000000000000e+00 -1.000000000000000000e+00
1.720000000000000000e+02 2.312081783516325231e+04 1.555061217203278900e+01 -7.979257110007430265e-03 9.948163926708204485e-01 0.000000000000000000e+00 1.066253070801922304e-02 1.570796326794896558e+00 1.000000000000000000e+00 1.000000000000000000e+00 0.000000000000000000e+00 0.000000000000000000e+00 -1.000000000000000000e+00 -1.000000000000000000e+00
1.770000000000000000e+02 1.955768655731802210e+04 1.073470766197759652e+01 -1.600397584287595321e-01 2.798028425592315571e+00 3.921993626932451793e-02 1.660144804119428538e-02 1.570796326794896558e+00 1.000000000000000000e+00 1.000000000000000000e+00 0.000000000000000000e+00 0.000000000000000000e+00 -1.000000000000000000e+00 -1.000000000000000000e+00
1.800000000000000000e+02 4.797231181830237620e+04 1.492158408912869483e+01 -5.166349285430610339e-02 1.991326043495640352e+00 4.683178943023353497e-02 2.809094025952249205e-02 1.570796326794896558e+00 1.000000000000000000e+00 1.000000000000000000e+00 0.000000000000000000e+00 0.000000000000000000e+00 -1.000000000000000000e+00 -1.000000000000000000e+00
1.830000000000000000e+02 3.297797436595844920e+04 3.691930267309351166e+01 -8.846934836063616303e-02 2.256239153428067468e+00 0.000000000000000000e+00 1.000000000000000021e-02 1.570796326794896558e+00 1.000000000000000000e+00 1.000000000000000000e+00 0.000000000000000000e+00 0.000000000000000000e+00 -1.000000000000000000e+00 -1.000000000000000000e+00
0.000000000000000000e+00 7.871827069937222632e+02 1.450099461188952432e+01 -9.178242621978514870e-02 2.396845042289045491e+00 0.000000000000000000e+00 1.508679132566887425e-02 0.000000000000000000e+00 1.000000000000000000e+00 1.000000000000000000e+00 0.000000000000000000e+00 0.000000000000000000e+00 -1.000000000000000000e+00 -1.000000000000000000e+00
4.000000000000000000e+00 1.485885843879140793e+03 1.103083253733129254e+01 -2.593642934832857128e-01 3.012709427285420460e+00 0.000000000000000000e+00 9.000000000000001055e-02 0.000000000000000000e+00 1.000000000000000000e+00 1.000000000000000000e+00 0.000000000000000000e+00 0.000000000000000000e+00 -1.000000000000000000e+00 -1.000000000000000000e+00
1.300000000000000000e+01 7.224244467809306116e+03 3.065365242540234547e+01 -1.237808497375973149e-01 3.100000000000000089e+00 0.000000000000000000e+00 8.100000000000001643e-02 0.000000000000000000e+00 1.000000000000000000e+00 1.000000000000000000e+00 0.000000000000000000e+00 0.000000000000000000e+00 -1.000000000000000000e+00 -1.000000000000000000e+00
2.400000000000000000e+01 6.212900544383685883e+03 1.148110829982691961e+01 7.619479908615600650e-02 1.763102614128174705e+00 0.000000000000000000e+00 1.000000000000000021e-02 0.000000000000000000e+00 1.000000000000000000e+00 1.000000000000000000e+00 0.000000000000000000e+00 0.000000000000000000e+00 -1.000000000000000000e+00 -1.000000000000000000e+00
2.600000000000000000e+01 8.933856585181503760e+03 1.198592015793880705e+01 5.955559094278167764e-02 1.153399217231084295e+00 0.000000000000000000e+00 5.205548555771297853e-02 0.000000000000000000e+00 1.000000000000000000e+00 1.000000000000000000e+00 0.000000000000000000e+00 0.000000000000000000e+00 -1.000000000000000000e+00 -1.000000000000000000e+00
3.600000000000000000e+01 4.911778747060061505e+03 1.047007971016944694e+01 -4.655267781271985733e-02 2.906002993722826222e+00 0.000000000000000000e+00 9.000000000000001055e-02 0.000000000000000000e+00 1.000000000000000000e+00 1.000000000000000000e+00 0.000000000000000000e+00 0.000000000000000000e+00 -1.000000000000000000e+00 -1.000000000000000000e+00
9.200000000000000000e+01 1.604829372008246764e+03 1.080685306334966000e+01 -2.733670246750669053e-01 3.051572286180193938e+00 0.000000000000000000e+00 9.000000000000001055e-02 0.000000000000000000e+00 1.000000000000000000e+00 1.000000000000000000e+00 0.000000000000000000e+00 0.000000000000000000e+00 -1.000000000000000000e+00 -1.000000000000000000e+00
9.500000000000000000e+01 7.831004703444431470e+03 1.025343124866648736e+01 -2.069308053102855011e-02 5.035125518292562496e-01 0.000000000000000000e+00 3.549981345357086648e-02 0.000000000000000000e+00 1.000000000000000000e+00 1.000000000000000000e+00 0.000000000000000000e+00 0.000000000000000000e+00 -1.000000000000000000e+00 -1.000000000000000000e+00
1.030000000000000000e+02 8.975392457145871958e+03 1.018990486992770172e+01 2.081397999178206948e-02 7.275672158231148989e-01 0.000000000000000000e+00 1.000000000000000056e-01 0.000000000000000000e+00 1.000000000000000000e+00 1.000000000000000000e+00 0.000000000000000000e+00 0.000000000000000000e+00 -1.000000000000000000e+00 -1.000000000000000000e+00
1.090000000000000000e+02 8.440449020698310051e+03 2.591541444764879643e+01 -2.869319873366539195e-02 1.317540250072749108e+00 0.000000000000000000e+00 1.115213921463671307e-02 0.000000000000000000e+00 1.000000000000000000e+00 1.000000000000000000e+00 0.000000000000000000e+00 0.000000000000000000e+00 -1.000000000000000000e+00 -1.000000000000000000e+00
1.180000000000000000e+02 1.246561804409107026e+03 3.713093982854712749e+01 -1.920984074074101877e-01 2.902606152629477076e+00 0.000000000000000000e+00 9.000000000000001055e-02 0.000000000000000000e+00 1.000000000000000000e+00 1.000000000000000000e+00 0.000000000000000000e+00 0.000000000000000000e+00 -1.000000000000000000e+00 -1.000000000000000000e+00
1.670000000000000000e+02 8.501815902802663913e+03 1.846091023117910623e+01 -8.826967161365395498e-02 2.978312480601975842e+00 0.000000000000000000e+00 1.464448703518545780e-01 0.000000000000000000e+00 1.000000000000000000e+00 1.000000000000000000e+00 0.000000000000000000e+00 0.000000000000000000e+00 -1.000000000000000000e+00 -1.000000000000000000e+00
1.740000000000000000e+02 6.943157287124571440e+02 1.224990211652802152e+01 -2.119976074587418546e-01 2.946779885003349087e+00 0.000000000000000000e+00 1.873720662273487825e-01 0.000000000000000000e+00 1.000000000000000000e+00 1.000000000000000000e+00 0.000000000000000000e+00 0.000000000000000000e+00 -1.000000000000000000e+00 -1.000000000000000000e+00
1.810000000000000000e+02 9.673847244912681163e+02 3.745266292222571991e+01 9.004348770712547467e-02 1.768264451762840528e+00 0.000000000000000000e+00 1.000000000000000056e-01 0.000000000000000000e+00 1.000000000000000000e+00 1.000000000000000000e+00 0.000000000000000000e+00 0.000000000000000000e+00 -1.000000000000000000e+00 -1.000000000000000000e+00
1.960000000000000000e+02 5.126427116784771897e+03 1.532020608399090733e+01 1.936196740437991226e-02 1.420817654013657672e+00 0.000000000000000000e+00 1.086412360291183141e-02 0.000000000000000000e+00 1.000000000000000000e+00 1.000000000000000000e+00 0.000000000000000000e+00 0.000000000000000000e+00 -1.000000000000000000e+00 -1.000000000000000000e+00
3.660000000000000000e+02 2.765063061595595855e+02 1.491625352021605799e+01 -2.040639547333686910e-01 3.100000000000000089e+00 0.000000000000000000e+00 8.034741382068431859e-02 -1.000000000000000000e+00 1.000000000000000000e+00 1.000000000000000000e+00 5.400000000000000000e+01 1.000000000000000000e+05 -1.000000000000000000e+00 -1.000000000000000000e+00
3.670000000000000000e+02 9.695495399981023183e+02 1.092359681772682123e+01 1.713087639725523748e-01 1.262741389992892094e+00 0.000000000000000000e+00 9.000000000000001055e-02 -1.000000000000000000e+00 1.000000000000000000e+00 1.000000000000000000e+00 5.400000000000000000e+01 2.000000000000000000e+05 -1.000000000000000000e+00 -1.000000000000000000e+00
3.680000000000000000e+02 5.098629602826460427e+01 3.278677789814032906e+01 2.236203044860272243e-02 9.123726480870819611e-01 0.000000000000000000e+00 8.919821931684683569e-02 -1.000000000000000000e+00 1.000000000000000000e+00 1.000000000000000000e+00 5.400000000000000000e+01 3.000000000000000000e+05 -1.000000000000000000e+00 -1.000000000000000000e+00
1.870000000000000000e+02 4.854731225770397577e+04 3.819939734383378749e+01 -4.030775073895561528e-02 3.100000000000000089e+00 3.096559316921263072e+00 5.010406742855300077e-02 1.570796326794896558e+00 1.000000000000000000e+00 1.000000000000000000e+00 0.000000000000000000e+00 0.000000000000000000e+00 -1.000000000000000000e+00 -1.000000000000000000e+00
3.700000000000000000e+02 6.229736602547459370e+02 1.131668473437694011e+01 -7.609445362812337910e-02 2.499444443753696010e+00 0.000000000000000000e+00 2.176987300187594593e-02 -1.000000000000000000e+00 1.000000000000000000e+00 1.000000000000000000e+00 5.400000000000000000e+01 4.000000000000000000e+05 -1.000000000000000000e+00 -1.000000000000000000e+00
3.690000000000000000e+02 5.000000000000000000e+04 5.370165675741452560e+01 6.430989929049705234e-01 0.000000000000000000e+00 0.000000000000000000e+00 6.358003941448288343e-02 -1.000000000000000000e+00 1.000000000000000000e+00 2.000000000000000000e+00 5.400000000000000000e+01 4.100000000000000000e+05 -1.000000000000000000e+00 -1.000000000000000000e+00
