# id_num orb_a mass spin spin_angle orb_inc orb_ecc orb_arg_periapse orb_ang_mom gen galaxy time_passed gw_freq gw_strain
1.000000000000000000e+00 3.565951119801740424e+04 3.001791570173775270e+01 8.910661793502323152e-03 6.433426068772789552e-01 3.173752628488675676e+00 9.687878946059638730e-02 0.000000000000000000e+00 1.000000000000000000e+00 1.000000000000000000e+00 0.000000000000000000e+00 0.000000000000000000e+00 -1.000000000000000000e+00 -1.000000000000000000e+00
2.000000000000000000e+00 2.351970637585448640e+04 1.151215752065889930e+01 7.297917751178797929e-02 1.372300617476544193e+00 -2.022981678453712739e-02 4.429885489205925148e-02 0.000000000000000000e+00 1.000000000000000000e+00 1.000000000000000000e+00 0.000000000000000000e+00 0.000000000000000000e+00 -1.000000000000000000e+00 -1.000000000000000000e+00
6.000000000000000000e+00 5.000000000000000000e+04 1.045247402885050647e+01 -4.397183621628199951e-02 2.396317427425368241e+00 3.152855708288406777e+00 2.093914777783774661e-01 0.000000000000000000e+00 1.000000000000000000e+00 1.000000000000000000e+00 0.000000000000000000e+00 0.000000000000000000e+00 -1.000000000000000000e+00 -1.000000000000000000e+00
7.000000000000000000e+00 9.160573333064920007e+03 1.506196845278156360e+01 -6.126254537189958563e-03 3.431715467915503748e-01 -1.207475454629634327e-02 4.540748235972002361e-02 0.000000000000000000e+00 1.000000000000000000e+00 1.000000000000000000e+00 0.000000000000000000e+00 0.000000000000000000e+00 -1.000000000000000000e+00 -1.000000000000000000e+00
8.000000000000000000e+00 4.710425924574890087e+04 1.106290537479188174e+01 -9.592626813842559941e-02 2.530539714143421381e+00 3.171498033368731040e+00 5.785374785708086165e-02 1.570796326794896558e+00 1.000000000000000000e+00 1.000000000000000000e+00 0.000000000000000000e+00 0.000000000000000000e+00 -1.000000000000000000e+00 -1.000000000000000000e+00
1.100000000000000000e+01 2.557820973803913148e+04 1.540111449288581902e+01 -2.688131662938815503e-02 2.021534943077518687e+00 3.127600143144028788e+00 1.954264577219131660e-01 1.570796326794896558e+00 1.000000000000000000e+00 1.000000000000000000e+00 0.000000000000000000e+00 0.000000000000000000e+00 -1.000000000000000000e+00 -1.000000000000000000e+00
1.200000000000000000e+01 2.750977174456777720e+04 1.328320081181545653e+01 -5.721712796573080045e-02 2.404183723174247778e+00 3.174631310004696338e+00 7.699013264069808071e-02 0.000000000000000000e+00 1.000000000000000000e+00 1.000000000000000000e+00 0.000000000000000000e+00 0.000000000000000000e+00 -1.000000000000000000e+00 -1.000000000000000000e+00
1.400000000000000000e+01 5.000000000000000000e+04 1.573569970469930901e+01 8.631336143728236820e-02 1.153558125510979027e+00 1.149019896119795291e-02 5.998424329245174297e-02 0.000000000000000000e+00 1.000000000000000000e+00 1.000000000000000000e+00 0.000000000000000000e+00 0.000000000000000000e+00 -1.000000000000000000e+00 -1.000000000000000000e+00
1.500000000000000000e+01 4.945682689868938905e+04 1.181617822131211071e+01 -1.499989702398031033e-01 2.251053411765559176e+00 -3.509496585899030824e-02 2.862500600543154139e-01 0.000000000000000000e+00 1.000000000000000000e+00 1.000000000000000000e+00 0.000000000000000000e+00 0.000000000000000000e+00 -1.000000000000000000e+00 -1.000000000000000000e+00
2.100000000000000000e+01 2.313583267619642356e+04 1.791266256877027629e+01 -1.997554332424837376e-01 3.072716551279152331e+00 3.151382965320105978e+00 4.165342609403736851e-02 0.000000000000000000e+00 1.000000000000000000e+00 1.000000000000000000e+00 0.000000000000000000e+00 0.000000000000000000e+00 -1.000000000000000000e+00 -1.000000000000000000e+00
2.200000000000000000e+01 2.358594767217148183e+04 1.824393122434988612e+01 1.443566386089761150e-02 7.818982631026752950e-01 3.172194052325424174e+00 3.357463309546594721e-02 0.000000000000000000e+00 1.000000000000000000e+00 1.000000000000000000e+00 0.000000000000000000e+00 0.000000000000000000e+00 -1.000000000000000000e+00 -1.000000000000000000e+00
2.300000000000000000e+01 1.071991477513991777e+04 1.257337926494115976e+01 9.937866851421790770e-02 6.933026261823507230e-01 4.953126024644260127e-03 9.000000000000001055e-02 0.000000000000000000e+00 1.000000000000000000e+00 1.000000000000000000e+00 0.000000000000000000e+00 0.000000000000000000e+00 -1.000000000000000000e+00 -1.000000000000000000e+00
2.700000000000000000e+01 1.863860230714903082e+04 1.069929019654367686e+01 2.761997103483036509e-01 1.316911965940485540e+00 -2.469296521969158165e-02 1.208392734141451041e-01 0.000000000000000000e+00 1.000000000000000000e+00 1.000000000000000000e+00 0.000000000000000000e+00 0.000000000000000000e+00 -1.000000000000000000e+00 -1.000000000000000000e+00
2.800000000000000000e+01 5.695728243668156210e+03 1.056000106072893274e+01 9.933472377922319962e-02 1.143706521496201445e+00 3.146684217891120294e+00 1.000000000000000056e-01 0.000000000000000000e+00 1.000000000000000000e+00 1.000000000000000000e+00 0.000000000000000000e+00 0.000000000000000000e+00 -1.000000000000000000e+00 -1.000000000000000000e+00
2.900000000000000000e+01 3.828467400764160993e+04 3.897076570841270637e+01 -5.627594828375473424e-02 1.791029060940878548e+00 3.106042877740590846e+00 3.074902430396167854e-02 1.570796326794896558e+00 1.000000000000000000e+00 1.000000000000000000e+00 0.000000000000000000e+00 0.000000000000000000e+00 -1.000000000000000000e+00 -1.000000000000000000e+00
3.000000000000000000e+01 4.637033283738007594e+04 1.557586380089288092e+01 -5.947117678706353994e-02 2.816235625722601110e+00 1.740472843470997413e-02 1.283431266191703557e-01 0.000000000000000000e+00 1.000000000000000000e+00 1.000000000000000000e+00 0.000000000000000000e+00 0.000000000000000000e+00 -1.000000000000000000e+00 -1.000000000000000000e+00
3.100000000000000000e+01 4.570884018695522536e+04 1.013215077613938142e+01 -4.545139080715973612e-02 2.833028445786092586e+00 3.143297843941253777e+00 1.247158999411633329e-01 1.570796326794896558e+00 1.000000000000000000e+00 1.000000000000000000e+00 0.000000000000000000e+00 0.000000000000000000e+00 -1.000000000000000000e+00 -1.000000000000000000e+00
3.300000000000000000e+01 1.228191408503835191e+04 1.703421264807148461e+01 7.020031260132117423e-02 1.588055071265646934e+00 1.302544982128032991e-02 2.211865278939385143e-02 1.570796326794896558e+00 1.000000000000000000e+00 1.000000000000000000e+00 0.000000000000000000e+00 0.000000000000000000e+00 -1.000000000000000000e+00 -1.000000000000000000e+00
3.500000000000000000e+01 8.007606292130292786e+03 1.304130907449192556e+01 -6.073035775327437907e-02 2.626740588392335152e+00 9.948523922740919179e-03 1.000000000000000056e-01 1.570796326794896558e+00 1.000000000000000000e+00 1.000000000000000000e+00 0.000000000000000000e+00 0.000000000000000000e+00 -1.000000000000000000e+00 -1.000000000000000000e+00
4.000000000000000000e+01 9.994519408665955780e+03 1.813317091363369471e+01 -1.462107800684600833e-01 2.587753439913037301e+00 -2.656405123778483521e-02 4.361733548522523513e-02 1.570796326794896558e+00 1.000000000000000000e+00 1.000000000000000000e+00 0.000000000000000000e+00 0.000000000000000000e+00 -1.000000000000000000e+00 -1.000000000000000000e+00
4.100000000000000000e+01 2.092126430915266974e+04 3.401151276416549507e+01 -1.337137266620831710e-01 1.927122084514925726e+00 3.152538184248699693e+00 6.741308565183877499e-02 0.000000000000000000e+00 1.000000000000000000e+00 1.000000000000000000e+00 0.000000000000000000e+00 0.000000000000000000e+00 -1.000000000000000000e+00 -1.000000000000000000e+00
4.200000000000000000e+01 1.438875913383394254e+04 1.229753409839605105e+01 -8.092673305836083075e-02 1.897319617253351742e+00 3.164921701077885619e+00 4.417738117269381926e-02 0.000000000000000000e+00 1.000000000000000000e+00 1.000000000000000000e+00 0.000000000000000000e+00 0.000000000000000000e+00 -1.000000000000000000e+00 -1.000000000000000000e+00
4.300000000000000000e+01 6.071521834302409388e+02 1.897050506070551634e+01 -1.156324875844056826e-01 1.807162123031613055e+00 3.151578418001748982e+00 2.072504956585840413e-02 1.570796326794896558e+00 1.000000000000000000e+00 1.000000000000000000e+00 0.000000000000000000e+00 0.000000000000000000e+00 -1.000000000000000000e+00 -1.000000000000000000e+00
4.400000000000000000e+01 1.187059539278577540e+04 3.224445458918430774e+01 -5.147979767884898472e-02 1.870333552797429633e+00 3.161467624312812585e+00 1.000000000000000056e-01 0.000000000000000000e+00 1.000000000000000000e+00 1.000000000000000000e+00 0.000000000000000000e+00 0.000000000000000000e+00 -1.000000000000000000e+00 -1.000000000000000000e+00
4.900000000000000000e+01 2.597659296952493241e+04 3.192568126782622784e+01 1.897151284206341493e-02 2.577919326320995408e-01 -1.527229619928811583e-03 7.989005199347745667e-02 0.000000000000000000e+00 1.000000000000000000e+00 1.000000000000000000e+00 0.000000000000000000e+00 0.000000000000000000e+00 -1.000000000000000000e+00 -1.000000000000000000e+00
5.000000000000000000e+01 1.764243237373435113e+04 2.030586196883811922e+01 -4.349230412161501219e-02 3.004139250995459864e+00 -5.882301653469240027e-03 1.000000000000000056e-01 1.570796326794896558e+00 1.000000000000000000e+00 1.000000000000000000e+00 0.000000000000000000e+00 0.000000000000000000e+00 -1.000000000000000000e+00 -1.000000000000000000e+00
5.800000000000000000e+01 3.603392071386297903e+04 1.469734945058052666e+01 -9.535740057948273452e-02 2.931120429872621891e+00 -2.909740224252855070e-02 1.000000000000000056e-01 1.570796326794896558e+00 1.000000000000000000e+00 1.000000000000000000e+00 0.000000000000000000e+00 0.000000000000000000e+00 -1.000000000000000000e+00 -1.000000000000000000e+00
5.900000000000000000e+01 1.295550256539175825e+04 1.308626467894077194e+01 1.365943804601794098e-01 1.228672997070866080e+00 2.404451777027363096e-02 1.074768409673336478e-02 1.570796326794896558e+00 1.000000000000000000e+00 1.000000000000000000e+00 0.000000000000000000e+00 0.000000000000000000e+00 -1.000000000000000000e+00 -1.000000000000000000e+00
6.000000000000000000e+01 5.659589823262415393e+02 1.353651522217012548e+01 1.511905215645833328e-02 1.552519589392174604e+00 3.150696901737488620e+00 2.749439034823014313e-02 0.000000000000000000e+00 1.000000000000000000e+00 1.000000000000000000e+00 0.000000000000000000e+00 0.000000000000000000e+00 -1.000000000000000000e+00 -1.000000000000000000e+00
6.200000000000000000e+01 5.832377457128334299e+02 1.982676344269149027e+01 3.014318783423228926e-02 1.321009766465141677e+00 3.133567394119354255e+00 2.416412269391673626e-02 1.570796326794896558e+00 1.000000000000000000e+00 1.000000000000000000e+00 0.000000000000000000e+00 0.000000000000000000e+00 -1.000000000000000000e+00 -1.000000000000000000e+00
6.300000000000000000e+01 1.929779742153072948e+04 2.662062783828049106e+01 -3.485507502591641410e-02 1.738432515782695198e+00 -5.500688079909739521e-03 6.925158364614138196e-02 1.570796326794896558e+00 1.000000000000000000e+00 1.000000000000000000e+00 0.000000000000000000e+00 0.000000000000000000e+00 -1.000000000000000000e+00 -1.000000000000000000e+00
6.500000000000000000e+01 4.316680495487939334e+04 1.568902766884769484e+01 9.216283500155829367e-02 1.239867183127001837e+00 3.109612737387335013e+00 1.308138784228431439e-01 0.000000000000000000e+00 1.000000000000000000e+00 1.000000000000000000e+00 0.000000000000000000e+00 0.000000000000000000e+00 -1.000000000000000000e+00 -1.000000000000000000e+00
6.600000000000000000e+01 3.028009868492686292e+04 1.312322826384475327e+01 2.043395637794154923e-02 6.197175341515820390e-01 -9.188983466340705161e-03 2.041928445876380407e-02 0.000000000000000000e+00 1.000000000000000000e+00 1.000000000000000000e+00 0.000000000000000000e+00 0.000000000000000000e+00 -1.000000000000000000e+00 -1.000000000000000000e+00
6.700000000000000000e+01 1.477000993565606404e+04 2.645083407483809523e+01 1.752347548824745027e-01 1.496993647391892779e+00 7.379337253451986531e-03 1.000000000000000056e-01 0.000000000000000000e+00 1.000000000000000000e+00 1.000000000000000000e+00 0.000000000000000000e+00 0.000000000000000000e+00 -1.000000000000000000e+00 -1.000000000000000000e+00
6.800000000000000000e+01 5.000000000000000000e+04 1.045729003255082823e+01 -1.263934870004928546e-01 1.916458536413734759e+00 6.197415605721959091e-03 2.076610919325281093e-02 0.000000000000000000e+00 1.000000000000000000e+00 1.000000000000000000e+00 0.000000000000000000e+00 0.000000000000000000e+00 -1.000000000000000000e+00 -1.000000000000000000e+00
7.300000000000000000e+01 1.221520212966288454e+04 1.078179464147745747e+01 -5.456252935567543899e-02 1.856432515252188775e+00 3.113983203308996028e+00 7.012435498786570576e-02 1.570796326794896558e+00 1.000000000000000000e+00 1.000000000000000000e+00 0.000000000000000000e+00 0.000000000000000000e+00 -1.000000000000000000e+00 -1.000000000000000000e+00
7.400000000000000000e+01 3.219894416275342155e+04 1.192898245589161021e+01 -2.925406059633059441e-02 3.017033268508236166e+00 3.170370080638179822e+00 1.687278806608394008e-02 0.000000000000000000e+00 1.000000000000000000e+00 1.000000000000000000e+00 0.000000000000000000e+00 0.000000000000000000e+00 -1.000000000000000000e+00 -1.000000000000000000e+00
7.500000000000000000e+01 2.874280623974059199e+04 1.138145913832014600e+01 3.626018498577903565e-02 2.730162635151670569e-01 3.161471798346379369e+00 1.693339990650371274e-01 1.570796326794896558e+00 1.000000000000000000e+00 1.000000000000000000e+00 0.000000000000000000e+00 0.000000000000000000e+00 -1.000000000000000000e+00 -1.000000000000000000e+00
7.700000000000000000e+01 2.564768902944611909e+04 1.925134210751610908e+01 -2.872608572868528762e-02 2.053612094087097439e+00 3.174580348185170653e+00 4.042662863644681803e-02 0.000000000000000000e+00 1.000000000000000000e+00 1.000000000000000000e+00 0.000000000000000000e+00 0.000000000000000000e+00 -1.000000000000000000e+00 -1.000000000000000000e+00
7.800000000000000000e+01 1.190499356192890446e+04 1.797138108448627847e+01 -2.113761724128745412e-01 2.180825397861357207e+00 1.632703295081478628e-02 5.390359704793611789e-02 1.570796326794896558e+00 1.000000000000000000e+00 1.000000000000000000e+00 0.000000000000000000e+00 0.000000000000000000e+00 -1.000000000000000000e+00 -1.000000000000000000e+00
8.000000000000000000e+01 2.164775132240899984e+04 1.267026901960634433e+01 -9.806822949590005001e-02 2.113373568495013011e+00 3.107688119978258445e+00 1.770883773135167871e-02 1.570796326794896558e+00 1.000000000000000000e+00 1.000000000000000000e+00 0.000000000000000000e+00 0.000000000000000000e+00 -1.000000000000000000e+00 -1.000000000000000000e+00
8.100000000000000000e+01 4.046826993639408465e+04 1.323881486371013594e+01 1.043566546903718605e-03 1.183482208499264443e+00 4.273258161242279862e-02 2.249861528435976032e-01 0.000000000000000000e+00 1.000000000000000000e+00 1.000000000000000000e+00 0.000000000000000000e+00 0.000000000000000000e+00 -1.000000000000000000e+00 -1.000000000000000000e+00
8.200000000000000000e+01 6.953880691083452348e+02 2.313226883298407444e+01 -6.868410774784977635e-02 1.833465592582377290e+00 3.148625567401648340e+00 1.000000000000000056e-01 1.570796326794896558e+00 1.000000000000000000e+00 1.000000000000000000e+00 0.000000000000000000e+00 0.000000000000000000e+00 -1.000000000000000000e+00 -1.000000000000000000e+00
8.400000000000000000e+01 1.672355162503127940e+04 1.201828893737020820e+01 -5.938350585527653325e-02 2.458876881550217774e+00 3.142050530998110602e+00 2.349143494593756640e-02 0.000000000000000000e+00 1.000000000000000000e+00 1.000000000000000000e+00 0.000000000000000000e+00 0.000000000000000000e+00 -1.000000000000000000e+00 -1.000000000000000000e+00
8.500000000000000000e+01 2.574317814076763534e+04 1.223269410818483571e+01 -1.576243915163095047e-02 6.011000027215542829e-01 -9.273040747313948326e-03 1.836693904073425365e-01 1.570796326794896558e+00 1.000000000000000000e+00 1.000000000000000000e+00 0.000000000000000000e+00 0.000000000000000000e+00 -1.000000000000000000e+00 -1.000000000000000000e+00
8.600000000000000000e+01 7.455579537846610947e+02 3.715028671454168574e+01 -3.858365833224149111e-02 3.100000000000000089e+00 1.197515011677930015e-02 9.000000000000001055e-02 1.570796326794896558e+00 1.000000000000000000e+00 1.000000000000000000e+00 0.000000000000000000e+00 0.000000000000000000e+00 -1.000000000000000000e+00 -1.000000000000000000e+00
8.700000000000000000e+01 4.623326717483518587e+04 1.249545259886382986e+01 4.417534995186402080e-02 5.471996028441318272e-01 3.182786381937694475e+00 2.329237285741960484e-01 0.000000000000000000e+00 1.000000000000000000e+00 1.000000000000000000e+00 0.000000000000000000e+00 0.000000000000000000e+00 -1.000000000000000000e+00 -1.000000000000000000e+00
9.000000000000000000e+01 5.000000000000000000e+04 2.239921319909489128e+01 1.597857031075394785e-01 1.274678656462343795e+00 3.578134230040710961e-02 1.423606584566541045e-01 1.570796326794896558e+00 1.000000000000000000e+00 1.000000000000000000e+00 0.000000000000000000e+00 0.000000000000000000e+00 -1.000000000000000000e+00 -1.000000000000000000e+00
9.100000000000000000e+01 2.794059235771905151e+04 3.032453001933774317e+01 -2.762927327766427910e-01 2.784620209369939037e+00 3.116904642842976525e+00 3.249475989493035011e-02 1.570796326794896558e+00 1.000000000000000000e+00 1.000000000000000000e+00 0.000000000000000000e+00 0.000000000000000000e+00 -1.000000000000000000e+00 -1.000000000000000000e+00
9.600000000000000000e+01 7.591593166882720425e+02 2.557517114553526483e+01 -9.820511505010819098e-02 2.393844540190642523e+00 9.155019209081625628e-03 1.000000000000000056e-01 1.570796326794896558e+00 1.000000000000000000e+00 1.000000000000000000e+00 0.000000000000000000e+00 0.000000000000000000e+00 -1.000000000000000000e+00 -1.000000000000000000e+00
9.700000000000000000e+01 2.298217285233703660e+04 3.722115264916428856e+01 1.495946123678890682e-01 1.398442793072051327e+00 1.177550979130827409e-02 1.380556789151514765e-02 1.570796326794896558e+00 1.000000000000000000e+00 1.000000000000000000e+00 0.000000000000000000e+00 0.000000000000000000e+00 -1.000000000000000000e+00 -1.000000000000000000e+00
9.800000000000000000e+01 5.000000000000000000e+04 3.125877284763548758e+01 -1.740870023196599559e-01 1.844340187299103873e+00 3.155629301780955132e+00 6.734944955722393933e-02 1.570796326794896558e+00 1.000000000000000000e+00 1.000000000000000000e+00 0.000000000000000000e+00 0.000000000000000000e+00 -1.000000000000000000e+00 -1.000000000000000000e+00
9.900000000000000000e+01 2.721195773782245305e+04 1.421806980802124976e+01 9.807690009751424132e-02 5.495527721703844515e-01 -3.082875959312597267e-02 2.191022219545991634e-01 1.570796326794896558e+00 1.000000000000000000e+00 1.000000000000000000e+00 0.000000000000000000e+00 0.000000000000000000e+00 -1.000000000000000000e+00 -1.000000000000000000e+00
1.000000000000000000e+02 2.775890623901137224e+04 1.221659093150656616e+01 1.399964697308392070e-01 1.401483331228754681e+00 -3.077791147168114361e-02 5.363731906212323985e-02 0.000000000000000000e+00 1.000000000000000000e+00 1.000000000000000000e+00 0.000000000000000000e+00 0.000000000000000000e+00 -1.000000000000000000e+00 -1.000000000000000000e+00
1.010000000000000000e+02 7.126917320658586732e+02 3.672111647030811810e+01 -5.000411424806707611e-02 2.201644063722667966e+00 3.152575961883499200e+00 9.000000000000001055e-02 0.000000000000000000e+00 1.000000000000000000e+00 1.000000000000000000e+00 0.000000000000000000e+00 0.000000000000000000e+00 -1.000000000000000000e+00 -1.000000000000000000e+00
1.040000000000000000e+02 1.006820435247529645e+03 2.301231860328904233e+01 2.206266696073694022e-01 2.909919358996128635e-01 -2.214716097698968527e-03 9.000000000000001055e-02 1.570796326794896558e+00 1.000000000000000000e+00 1.000000000000000000e+00 0.000000000000000000e+00 0.000000000000000000e+00 -1.000000000000000000e+00 -1.000000000000000000e+00
1.050000000000000000e+02 4.135777877893108962e+04 1.374970036758726621e+01 2.314854892800680131e-02 2.263814049028413100e-01 2.246200245131610429e-02 2.268202651688979166e-01 1.570796326794896558e+00 1.000000000000000000e+00 1.000000000000000000e+00 0.000000000000000000e+00 0.000000000000000000e+00 -1.000000000000000000e+00 -1.000000000000000000e+00
1.100000000000000000e+02 2.740951982808793400e+04 2.024603237183864479e+01 -1.122783570912619239e-01 2.662661755760525661e+00 3.000502707034559749e-02 1.349141254338885598e-01 0.000000000000000000e+00 1.000000000000000000e+00 1.000000000000000000e+00 0.000000000000000000e+00 0.000000000000000000e+00 -1.000000000000000000e+00 -1.000000000000000000e+00
1.110000000000000000e+02 1.649190217219083570e+04 2.934911647819885872e+01 -1.225800933517439684e-01 2.103279968889539830e+00 3.168250090429447940e+00 1.000000000000000021e-02 0.000000000000000000e+00 1.000000000000000000e+00 1.000000000000000000e+00 0.000000000000000000e+00 0.000000000000000000e+00 -1.000000000000000000e+00 -1.000000000000000000e+00
1.120000000000000000e+02 2.309363909797013184e+04 1.167395698597967346e+01 1.434848228611743104e-04 1.470357803407756681e+00 9.535968507892272211e-03 1.651728297169031967e-01 0.000000000000000000e+00 1.000000000000000000e+00 1.000000000000000000e+00 0.000000000000000000e+00 0.000000000000000000e+00 -1.000000000000000000e+00 -1.000000000000000000e+00
1.130000000000000000e+02 2.434541027291556748e+04 1.078630654858998028e+01 8.663771190835284006e-04 1.521341102606380558e+00 1.594020852253194565e-02 5.931432100220536408e-02 1.570796326794896558e+00 1.000000000000000000e+00 1.000000000000000000e+00 0.000000000000000000e+00 0.000000000000000000e+00 -1.000000000000000000e+00 -1.000000000000000000e+00
1.140000000000000000e+02 6.802484574678099989e+02 1.156310876718620051e+01 1.425093733729915040e-03 1.137177596520242417e+00 5.099708508012949955e-03 2.283520578557420022e-02 1.570796326794896558e+00 1.000000000000000000e+00 1.000000000000000000e+00 0.000000000000000000e+00 0.000000000000000000e+00 -1.000000000000000000e+00 -1.000000000000000000e+00
1.150000000000000000e+02 2.020227149221696163e+04 3.281851434107925769e+01 -1.687046276367537012e-01 2.251428868242597581e+00 -9.320525467850820228e-03 1.000000000000000056e-01 1.570796326794896558e+00 1.000000000000000000e+00 1.000000000000000000e+00 0.000000000000000000e+00 0.000000000000000000e+00 -1.000000000000000000e+00 -1.000000000000000000e+00
1.160000000000000000e+02 4.840611051042242616e+04 1.205992792394002322e+01 1.226582515662366368e-01 8.676585100173589415e-01 3.555785360901921738e-02 4.903881239893632948e-02 1.570796326794896558e+00 1.000000000000000000e+00 1.000000000000000000e+00 0.000000000000000000e+00 0.000000000000000000e+00 -1.000000000000000000e+00 -1.000000000000000000e+00
1.170000000000000000e+02 8.963831837229845405e+03 3.697328472652178988e+01 -9.370604648018868166e-02 3.100000000000000089e+00 1.718868797049058136e-02 1.000000000000000056e-01 1.570796326794896558e+00 1.000000000000000000e+00 1.000000000000000000e+00 0.000000000000000000e+00 0.000000000000000000e+00 -1.000000000000000000e+00 -1.000000000000000000e+00
1.220000000000000000e+02 2.007448772311949142e+04 1.678190021474666338e+01 -5.458624330974612415e-02 2.816163742281536209e+00 3.127999536517495294e+00 1.000000000000000056e-01 1.570796326794896558e+00 1.000000000000000000e+00 1.000000000000000000e+00 0.000000000000000000e+00 0.000000000000000000e+00 -1.000000000000000000e+00 -1.000000000000000000e+00
1.230000000000000000e+02 3.374338726507426600e+03 1.794025964547587293e+01 -2.254559910934822997e-01 2.332391877552481230e+00 3.137084024015273531e+00 9.000000000000001055e-02 1.570796326794896558e+00 1.000000000000000000e+00 1.000000000000000000e+00 0.000000000000000000e+00 0.000000000000000000e+00 -1.000000000000000000e+00 -1.000000000000000000e+00
1.270000000000000000e+02 4.486124993374534824e+04 2.454791953519989534e+01 -9.274152804245135162e-02 1.979261988315891285e+00 2.403108416605935840e-02 1.332233404234163809e-01 1.570796326794896558e+00 1.000000000000000000e+00 1.000000000000000000e+00 0.000000000000000000e+00 0.000000000000000000e+00 -1.000000000000000000e+00 -1.000000000000000000e+00
1.310000000000000000e+02 2.214942404181171514e+04 3.853037960480391888e+01 6.687160641675458927e-02 5.520471225301225582e-01 -1.922049942029596323e-02 1.922897781341970092e-02 1.570796326794896558e+00 1.000000000000000000e+00 1.000000000000000000e+00 0.000000000000000000e+00 0.000000000000000000e+00 -1.000000000000000000e+00 -1.000000000000000000e+00
1.320000000000000000e+02 1.988894764429418137e+04 1.203267413862162805e+01 1.137794486764130419e-01 8.018142625962904058e-01 -3.310503949594633538e-02 4.674784782561985930e-02 0.000000000000000000e+00 1.000000000000000000e+00 1.000000000000000000e+00 0.000000000000000000e+00 0.000000000000000000e+00 -1.000000000000000000e+00 -1.000000000000000000e+00
1.330000000000000000e+02 1.050131818418402872e+03 1.259024938051562614e+01 1.819407136681891468e-02 2.445944133317746738e-01 3.137041456086625324e+00 9.000000000000001055e-02 0.000000000000000000e+00 1.000000000000000000e+00 1.000000000000000000e+00 0.000000000000000000e+00 0.000000000000000000e+00 -1.000000000000000000e+00 -1.000000000000000000e+00
1.350000000000000000e+02 2.255520598725840500e+03 1.261055266923109031e+01 9.234817533273172174e-02 2.516587742261884864e-01 -1.375350557362913818e-02 9.000000000000001055e-02 0.000000000000000000e+00 1.000000000000000000e+00 1.000000000000000000e+00 0.000000000000000000e+00 0.000000000000000000e+00 -1.000000000000000000e+00 -1.000000000000000000e+00
1.380000000000000000e+02 5.000000000000000000e+04 1.882269991644406559e+01 1.223757503816030601e-01 8.711404216195507422e-01 -2.430112135775882795e-02 1.695033338530219438e-02 1.570796326794896558e+00 1.000000000000000000e+00 1.000000000000000000e+00 0.000000000000000000e+00 0.000000000000000000e+00 -1.000000000000000000e+00 -1.000000000000000000e+00
1.400000000000000000e+02 2.953799702189008258e+03 1.420621790341239787e+01 -1.664180557114934914e-02 9.559612301698503511e-01 -9.224347152251795301e-03 9.000000000000001055e-02 1.570796326794896558e+00 1.000000000000000000e+00 1.000000000000000000e+00 0.000000000000000000e+00 0.000000000000000000e+00 -1.000000000000000000e+00 -1.000000000000000000e+00
1.410000000000000000e+02 8.099323494254862226e+02 2.406243469566853221e+01 2.371177967667123868e-03 1.563381756755738650e+00 9.684057562319678056e-03 8.100000000000001643e-02 1.570796326794896558e+00 1.000000000000000000e+00 1.000000000000000000e+00 0.000000000000000000e+00 0.000000000000000000e+00 -1.000000000000000000e+00 -1.000000000000000000e+00
1.420000000000000000e+02 4.881420580466197862e+04 1.050903742082084236e+01 -1.042924579533979906e-01 3.100000000000000089e+00 -4.986250920035775747e-02 2.095468547660127856e-01 1.570796326794896558e+00 1.000000000000000000e+00 1.000000000000000000e+00 0.000000000000000000e+00 0.000000000000000000e+00 -1.000000000000000000e+00 -1.000000000000000000e+00
1.440000000000000000e+02 1.538700393381833783e+04 1.064002444259364388e+01 8.888088502647469025e-02 6.137848306997893966e-01 3.123173130758408966e+00 3.345060205852005975e-02 0.000000000000000000e+00 1.000000000000000000e+00 1.000000000000000000e+00 0.000000000000000000e+00 0.000000000000000000e+00 -1.000000000000000000e+00 -1.000000000000000000e+00
1.450000000000000000e+02 2.605155750631395858e+04 2.313118617845311320e+01 9.870191981584036656e-02 8.416652606983948681e-01 2.521421924977461718e-02 2.206683335974487375e-02 0.000000000000000000e+00 1.000000000000000000e+00 1.000000000000000000e+00 0.000000000000000000e+00 0.000000000000000000e+00 -1.000000000000000000e+00 -1.000000000000000000e+00
1.480000000000000000e+02 9.149993157535085402e+02 1.691577732724664074e+01 -1.357214045624713095e-01 2.030149870810712631e+00 3.144353763088219900e+00 1.000000000000000056e-01 1.570796326794896558e+00 1.000000000000000000e+00 1.000000000000000000e+00 0.000000000000000000e+00 0.000000000000000000e+00 -1.000000000000000000e+00 -1.000000000000000000e+00
1.490000000000000000e+02 5.473997592914244706e+03 1.393462826879913230e+01 9.436107109935142068e-02 7.598479098251096353e-01 3.132282981749090034e+00 9.000000000000001055e-02 1.570796326794896558e+00 1.000000000000000000e+00 1.000000000000000000e+00 0.000000000000000000e+00 0.000000000000000000e+00 -1.000000000000000000e+00 -1.000000000000000000e+00
1.510000000000000000e+02 2.391655742154138352e+04 2.603713166297650972e+01 6.805205062222610679e-02 1.461447704497143008e+00 3.163093878462180264e+00 1.709356057028779130e-01 0.000000000000000000e+00 1.000000000000000000e+00 1.000000000000000000e+00 0.000000000000000000e+00 0.000000000000000000e+00 -1.000000000000000000e+00 -1.000000000000000000e+00
1.530000000000000000e+02 4.056722867259675695e+04 3.245834276134656449e+01 1.238878187757243565e-01 2.288365498054965586e-01 -7.015825628157445169e-03 2.242307730833627277e-01 1.570796326794896558e+00 1.000000000000000000e+00 1.000000000000000000e+00 0.000000000000000000e+00 0.000000000000000000e+00 -1.000000000000000000e+00 -1.000000000000000000e+00
1.540000000000000000e+02 9.439977856625366712e+02 1.558412579536000919e+01 -1.667282453861518021e-01 2.292570277611968965e+00 1.797622511935858202e-04 1.000000000000000056e-01 0.000000000000000000e+00 1.000000000000000000e+00 1.000000000000000000e+00 0.000000000000000000e+00 0.000000000000000000e+00 -1.000000000000000000e+00 -1.000000000000000000e+00
1.550000000000000000e+02 2.280757280552412703e+04 1.199569375601544863e+01 9.090772237450198134e-02 7.026054652779407661e-01 -2.720132958961961334e-02 5.651621411116640459e-02 1.570796326794896558e+00 1.000000000000000000e+00 1.000000000000000000e+00 0.000000000000000000e+00 0.000000000000000000e+00 -1.000000000000000000e+00 -1.000000000000000000e+00
1.610000000000000000e+02 2.968819658927382261e+04 1.217482600948257065e+01 4.692889341705087924e-02 1.124557470029091455e+00 3.117221492110172854e+00 8.814530646859645990e-02 1.570796326794896558e+00 1.000000000000000000e+00 1.000000000000000000e+00 0.000000000000000000e+00 0.000000000000000000e+00 -1.000000000000000000e+00 -1.000000000000000000e+00
1.620000000000000000e+02 2.665944670290911381e+04 1.188531177285458007e+01 -2.322353595782359892e-01 2.437149393745701165e+00 3.126349470158647836e+00 2.351907189252256114e-01 1.570796326794896558e+00 1.000000000000000000e+00 1.000000000000000000e+00 0.000000000000000000e+00 0.000000000000000000e+00 -1.000000000000000000e+00 -1.000000000000000000e+00
1.640000000000000000e+02 2.080789885878907808e+04 1.396774051326624111e+01 1.358714068494842192e-02 1.421522911637727260e+00 3.163731359975223256e+00 5.501122668007851768e-02 1.570796326794896558e+00 1.000000000000000000e+00 1.000000000000000000e+00 0.000000000000000000e+00 0.000000000000000000e+00 -1.000000000000000000e+00 -1.000000000000000000e+00
1.650000000000000000e+02 3.268129113164316732e+04 1.019201790762085480e+01 -9.548472281804627759e-02 2.478307109751025195e+00 3.110490823464679977e+00 1.738653901994529349e-01 0.000000000000000000e+00 1.000000000000000000e+00 1.000000000000000000e+00 0.000000000000000000e+00 0.000000000000000000e+00 -1.000000000000000000e+00 -1.000000000000000000e+00
1.680000000000000000e+02 1.597436288213648186e+04 1.356626817008594621e+01 6.259875299761155643e-02 5.170522720796276728e-01 -2.001233236654995779e-02 1.222564391928139191e-02 1.570796326794896558e+00 1.000000000000000000e+00 1.000000000000000000e+00 0.000000000000000000e+00 0.000000000000000000e+00 -1.000000000000000000e+00 -1.000000000000000000e+00
1.730000000000000000e+02 8.119283782473780775e+03 1.628798604701604091e+01 -9.896626447498564627e-03 3.855507520343887107e-01 3.117446497481714651e+00 1.000000000000000056e-01 1.570796326794896558e+00 1.000000000000000000e+00 1.000000000000000000e+00 0.000000000000000000e+00 0.000000000000000000e+00 -1.000000000000000000e+00 -1.000000000000000000e+00
1.750000000000000000e+02 5.000000000000000000e+04 1.167323757811911378e+01 3.363166115796820121e-02 6.834304978838212641e-01 -1.328018335191638415e-02 6.518427634373076540e-02 0.000000000000000000e+00 1.000000000000000000e+00 1.000000000000000000e+00 0.000000000000000000e+00 0.000000000000000000e+00 -1.000000000000000000e+00 -1.000000000000000000e+00
1.790000000000000000e+02 4.054148093773534492e+04 1.944792045234822808e+01 -1.662395735341568315e-01 2.584313288656466145e+00 8.179649234519487805e-03 1.160304768158653133e-01 0.000000000000000000e+00 1.000000000000000000e+00 1.000000000000000000e+00 0.000000000000000000e+00 0.000000000000000000e+00 -1.000000000000000000e+00 -1.000000000000000000e+00
1.820000000000000000e+02 4.935560683979675377e+04 1.046384661171845565e+01 -1.810698917788852724e-02 5.908378934524439741e-01 3.121393070538330594e+00 2.684231910393833354e-01 0.000000000000000000e+00 1.000000000000000000e+00 1.000000000000000000e+00 0.000000000000000000e+00 0.000000000000000000e+00 -1.000000000000000000e+00 -1.000000000000000000e+00
1.840000000000000000e+02 2.775946909894584678e+04 1.080112633975857328e+01 1.910633594979491146e-02 1.409267266145570963e+00 3.156391330771238124e+00 1.253468023966749362e-02 1.570796326794896558e+00 1.000000000000000000e+00 1.000000000000000000e+00 0.000000000000000000e+00 0.000000000000000000e+00 -1.000000000000000000e+00 -1.000000000000000000e+00
1.850000000000000000e+02 4.018027600646081555e+04 2.672042154998455388e+01 -1.327193092107743499e-01 2.498559300233088809e+00 3.144488890657694213e+00 6.972281929509380194e-02 1.570796326794896558e+00 1.000000000000000000e+00 1.000000000000000000e+00 0.000000000000000000e+00 0.000000000000000000e+00 -1.000000000000000000e+00 -1.000000000000000000e+00
1.860000000000000000e+02 8.114466100608401575e+02 1.274061748066583277e+01 -4.345077115061036360e-02 2.349245201073160594e+00 3.138938745166879318e+00 1.556570965179521031e-02 0.000000000000000000e+00 1.000000000000000000e+00 1.000000000000000000e+00 0.000000000000000000e+00 0.000000000000000000e+00 -1.000000000000000000e+00 -1.000000000000000000e+00
1.880000000000000000e+02 1.572556710420277886e+04 1.723226094754685533e+01 2.526828305204743830e-02 3.304053982032518766e-01 4.714006138038595063e-03 1.737498324665451635e-02 0.000000000000000000e+00 1.000000000000000000e+00 1.000000000000000000e+00 0.000000000000000000e+00 0.000000000000000000e+00 -1.000000000000000000e+00 -1.000000000000000000e+00
1.890000000000000000e+02 6.266169322416289106e+03 2.572928354876104251e+01 -1.528952607118712059e-01 1.875277302421772818e+00 -1.274546395976465345e-02 9.000000000000001055e-02 0.000000000000000000e+00 1.000000000000000000e+00 1.000000000000000000e+00 0.000000000000000000e+00 0.000000000000000000e+00 -1.000000000000000000e+00 -1.000000000000000000e+00
1.900000000000000000e+02 3.634020889846045611e+04 2.322858241379226030e+01 -1.025517454261846567e-01 3.100000000000000089e+00 2.984541417660876994e-02 1.798717069625329484e-02 1.570796326794896558e+00 1.000000000000000000e+00 1.000000000000000000e+00 0.000000000000000000e+00 0.000000000000000000e+00 -1.000000000000000000e+00 -1.000000000000000000e+00
1.910000000000000000e+02 3.779042447982487647e+04 1.286274831507498106e+01 3.584612437356959197e-02 9.634727135956929756e-01 -2.175338557241368598e-02 6.071140258502889103e-02 1.570796326794896558e+00 1.000000000000000000e+00 1.000000000000000000e+00 0.000000000000000000e+00 0.000000000000000000e+00 -1.000000000000000000e+00 -1.000000000000000000e+00
1.930000000000000000e+02 2.137382869550987380e+04 2.411759752250934241e+01 -1.125506277622591172e-01 2.098909596766945995e+00 1.255386963415174376e-02 7.659034968311823066e-02 0.000000000000000000e+00 1.000000000000000000e+00 1.000000000000000000e+00 0.000000000000000000e+00 0.000000000000000000e+00 -1.000000000000000000e+00 -1.000000000000000000e+00
1.940000000000000000e+02 5.000000000000000000e+04 2.008609393993563685e+01 3.760245242349450484e-02 8.424072248220871861e-01 3.104721592795026908e+00 6.192009433382769656e-02 0.000000000000000000e+00 1.000000000000000000e+00 1.000000000000000000e+00 0.000000000000000000e+00 0.000000000000000000e+00 -1.000000000000000000e+00 -1.000000000000000000e+00
1.950000000000000000e+02 1.453017089216812747e+04 2.142192951675986023e+01 -6.998494951511864161e-03 1.534138212031622706e+00 -2.362414055310290556e-02 1.000000000000000056e-01 1.570796326794896558e+00 1.000000000000000000e+00 1.000000000000000000e+00 0.000000000000000000e+00 0.000000000000000000e+00 -1.000000000000000000e+00 -1.000000000000000000e+00
1.970000000000000000e+02 4.960513256506988546e+04 1.568053129939265489e+01 1.092616391358718630e-01 1.573278998464213041e+00 3.185189249532069944e+00 2.107440311631194607e-01 0.000000000000000000e+00 1.000000000000000000e+00 1.000000000000000000e+00 0.000000000000000000e+00 0.000000000000000000e+00 -1.000000000000000000e+00 -1.000000000000000000e+00
1.980000000000000000e+02 2.502333764769674599e+04 1.086649166363920749e+01 6.850851811550960624e-02 1.393543255532675884e+00 3.150430781487988163e+00 5.365561575802271777e-02 0.000000000000000000e+00 1.000000000000000000e+00 1.000000000000000000e+00 0.000000000000000000e+00 0.000000000000000000e+00 -1.000000000000000000e+00 -1.000000000000000000e+00
1.990000000000000000e+02 4.635926896122498147e+04 1.431766248627940818e+01 -1.238634575498577250e-01 1.858673883563402462e+00 1.832520381769433583e-03 1.726458938545756272e-01 1.570796326794896558e+00 1.000000000000000000e+00 1.000000000000000000e+00 0.000000000000000000e+00 0.000000000000000000e+00 -1.000000000000000000e+00 -1.000000000000000000e+00
3.650000000000000000e+02 2.853077636670292350e+02 1.066610018711574170e+01 9.352743016934375597e-02 5.112452623055362411e-01 0.000000000000000000e+00 8.142461991645752462e-02 -1.000000000000000000e+00 1.000000000000000000e+00 1.000000000000000000e+00 5.400000000000000000e+01 0.000000000000000000e+00 -1.000000000000000000e+00 -1.000000000000000000e+00
1.000000000000000000e+01 2.534202815901439317e+04 2.041701381987077113e+01 -6.531923474344464298e-02 2.359402745417027880e+00 0.000000000000000000e+00 2.363728036554100034e-02 1.570796326794896558e+00 1.000000000000000000e+00 1.000000000000000000e+00 0.000000000000000000e+00 0.000000000000000000e+00 -1.000000000000000000e+00 -1.000000000000000000e+00
1.700000000000000000e+01 3.206468554375247913e+04 1.071187040320713102e+01 3.196956330654877887e-02 6.342394603132968101e-01 0.000000000000000000e+00 2.916806885576537361e-02 1.570796326794896558e+00 1.000000000000000000e+00 1.000000000000000000e+00 0.000000000000000000e+00 0.000000000000000000e+00 -1.000000000000000000e+00 -1.000000000000000000e+00
3.400000000000000000e+01 2.880602855974135673e+04 1.022324612086813467e+01 -7.813391615603615392e-02 2.403775891657626396e+00 2.299834968827591322e-02 6.116420010167056276e-02 1.570796326794896558e+00 1.000000000000000000e+00 1.000000000000000000e+00 0.000000000000000000e+00 0.000000000000000000e+00 -1.000000000000000000e+00 -1.000000000000000000e+00
3.700000000000000000e+01 2.717437786836946907e+04 1.529683001058618963e+01 8.018885213252072153e-02 8.532450873793336887e-01 1.647952136336600093e-02 5.576076553153637427e-02 1.570796326794896558e+00 1.000000000000000000e+00 1.000000000000000000e+00 0.000000000000000000e+00 0.000000000000000000e+00 -1.000000000000000000e+00 -1.000000000000000000e+00
4.600000000000000000e+01 4.656621687391320302e+04 3.696687151498674950e+01 -2.140805550587646933e-01 2.281088716498178126e+00 0.000000000000000000e+00 2.704860852016412187e-02 1.570796326794896558e+00 1.000000000000000000e+00 1.000000000000000000e+00 0.000000000000000000e+00 0.000000000000000000e+00 -1.000000000000000000e+00 -1.000000000000000000e+00
5.200000000000000000e+01 3.289622697074396274e+04 1.926975529683327437e+01 8.125095014191719561e-03 0.000000000000000000e+00 2.077255422110587876e-02 2.544058830578730945e-01 1.570796326794896558e+00 1.000000000000000000e+00 1.000000000000000000e+00 0.000000000000000000e+00 0.000000000000000000e+00 -1.000000000000000000e+00 -1.000000000000000000e+00
5.400000000000000000e+01 2.693499483573926045e+04 1.454241019012190961e+01 1.536424547292919718e-01 1.542073925796226819e-01 0.000000000000000000e+00 1.474211362458476282e-01 1.570796326794896558e+00 1.000000000000000000e+00 1.000000000000000000e+00 0.000000000000000000e+00 0.000000000000000000e+00 -1.000000000000000000e+00 -1.000000000000000000e+00
5.600000000000000000e+01 3.910973400939321436e+04 1.399616471927193295e+01 5.939471418361857991e-02 1.695713965779458210e+00 0.000000000000000000e+00 2.358317206351942807e-01 1.570796326794896558e+00 1.000000000000000000e+00 1.000000000000000000e+00 0.000000000000000000e+00 0.000000000000000000e+00 -1.000000000000000000e+00 -1.000000000000000000e+00
7.600000000000000000e+01 1.851526548049444955e+03 1.078851100785502837e+01 3.461382830621027168e-02 1.024526736281597294e+00 2.159609467704797902e-03 9.000000000000001055e-02 1.570796326794896558e+00 1.000000000000000000e+00 1.000000000000000000e+00 0.000000000000000000e+00 0.000000000000000000e+00 -1.000000000000000000e+00 -1.000000000000000000e+00
8.300000000000000000e+01 1.004723901913245641e+03 1.273804299164273068e+01 -1.501444115924771908e-02 3.145450521209777750e-01 0.000000000000000000e+00 1.000000000000000056e-01 1.570796326794896558e+00 1.000000000000000000e+00 1.000000000000000000e+00 0.000000000000000000e+00 0.000000000000000000e+00 -1.000000000000000000e+00 -1.000000000000000000e+00
8.900000000000000000e+01 1.591342061853557425e+04 1.926966940807331596e+01 8.138254798257350126e-03 2.640743103188700203e-01 0.000000000000000000e+00 1.000000000000000056e-01 1.570796326794896558e+00 1.000000000000000000e+00 1.000000000000000000e+00 0.000000000000000000e+00 0.000000000000000000e+00 -1.000000000000000000e+00 -1.000000000000000000e+00
9.300000000000000000e+01 2.135273117163518691e+04 1.028087111531890763e+01 -1.227407709114400891e-01 2.344312328688950231e+00 0.000000000000000000e+00 1.266547515882339089e-02 1.570796326794896558e+00 1.000000000000000000e+00 1.000000000000000000e+00 0.000000000000000000e+00 0.000000000000000000e+00 -1.000000000000000000e+00 -1.000000000000000000e+00
1.080000000000000000e+02 3.103797635860626542e+04 1.471639864749551130e+01 -6.933676284160501802e-02 3.100000000000000089e+00 2.194604575174311650e-02 2.702999047410484593e-02 1.570796326794896558e+00 1.000000000000000000e+00 1.000000000000000000e+00 0.000000000000000000e+00 0.000000000000000000e+00 -1.000000000000000000e+00 -1.000000000000000000e+00
1.190000000000000000e+02 2.826807397458168998e+04 1.206120194671718160e+01 1.079239400826683196e-02 5.819097978872000976e-01 2.523657304326273280e-03 2.120002147850605922e-01 1.570796326794896558e+00 1.000000000000000000e+00 1.000000000000000000e+00 0.000000000000000000e+00 0.000000000000000000e+00 -1.000000000000000000e+00 -1.000000000000000000e+00
1.200000000000000000e+02 1.422840185650325475e+04 1.279372601127747977e+01 9.352984483364648605e-02 1.368055204285208548e+00 0.000000000000000000e+00 4.601007689585277782e-02 1.570796326794896558e+00 1.000000000000000000e+00 1.000000000000000000e+00 0.000000000000000000e+00 0.000000000000000000e+00 -1.000000000000000000e+00 -1.000000000000000000e+00
1.240000000000000000e+02 3.918074693998255680e+04 2.309346968916806020e+01 -7.559209361822341600e-02 3.100000000000000089e+00 0.000000000000000000e+00 2.713611488205929997e-02 1.570796326794896558e+00 1.000000000000000000e+00 1.000000000000000000e+00 0.000000000000000000e+00 0.000000000000000000e+00 -1.000000000000000000e+00 -1.000000000000000000e+00
1.250000000000000000e+02 4.087223788640013663e+04 1.170865321790508418e+01 1.148931200396359764e-01 9.922369553655182584e-01 2.952940156238054170e-02 5.815192438052896318e-02 1.570796326794896558e+00 1.000000000000000000e+00 1.000000000000000000e+00 0.000000000000000000e+00 0.000000000000000000e+00 -1.000000000000000000e+00 -1.000000000000000000e+00
1.260000000000000000e+02 1.426438590122918504e+04 1.158967624249590855e+01 -4.292067528497257867e-02 2.105646324114834655e+00 7.408581633793059722e-03 1.000000000000000021e-02 1.570796326794896558e+00 1.000000000000000000e+00 1.000000000000000000e+00 0.000000000000000000e+00 0.000000000000000000e+00 -1.000000000000000000e+00 -1.000000000000000000e+00
1.280000000000000000e+02 3.838379659685346996e+04 1.388659283477815976e+01 -1.254948033491326900e-02 1.674947418225471774e+00 0.000000000000000000e+00 1.187360587368096049e-01 1.570796326794896558e+00 1.000000000000000000e+00 1.000000000000000000e+00 0.000000000000000000e+00 0.000000000000000000e+00 -1.000000000000000000e+00 -1.000000000000000000e+00
1.290000000000000000e+02 2.132005828339533036e+04 1.453314709851608733e+01 7.988523046283804024e-03 1.205620735582465297e+00 0.000000000000000000e+00 8.507704190107936992e-02 1.570796326794896558e+00 1.000000000000000000e+00 1.000000000000000000e+00 0.000000000000000000e+00 0.000000000000000000e+00 -1.000000000000000000e+00 -1.000000000000000000e+00
1.360000000000000000e+02 3.202585326929810253e+04 1.055491780590088347e+01 -1.159414071480244918e-01 2.214830548004865118e+00 2.442102821644016528e-02 2.059985342238421224e-01 1.570796326794896558e+00 1.000000000000000000e+00 1.000000000000000000e+00 0.000000000000000000e+00 0.000000000000000000e+00 -1.000000000000000000e+00 -1.000000000000000000e+00
1.370000000000000000e+02 5.000000000000000000e+04 3.107185018996131731e+01 -5.394332695965004670e-02 1.748751737238608328e+00 0.000000000000000000e+00 2.334591987837377203e-01 1.570796326794896558e+00 1.000000000000000000e+00 1.000000000000000000e+00 0.000000000000000000e+00 0.000000000000000000e+00 -1.000000000000000000e+00 -1.000000000000000000e+00
1.560000000000000000e+02 3.211628734844273640e+04 1.437448781663597330e+01 1.717960996504018789e-01 1.016418654588066017e+00 0.000000000000000000e+00 5.231678166418229220e-02 1.570796326794896558e+00 1.000000000000000000e+00 1.000000000000000000e+00 0.000000000000000000e+00 0.000000000000000000e+00 -1.000000000000000000e+00 -1.000000000000000000e+00
1.710000000000000000e+02 4.406263174951521796e+04 2.901744928399223511e+01 -4.702013051921463682e-02 2.253860993230211829e+00 0.000000000000000000e+00 2.153318623536361887e-01 1.570796326794896558e+00 1.000000000000000000e+00 1.000000000000000000e+00 0.000000000000000000e+00 0.000000000000000000e+00 -1.000000000000000000e+00 -1.000000000000000000e+00
1.720000000000000000e+02 2.102158069007461017e+04 1.545078800845703526e+01 1.602074288999257717e-02 8.272963926708207794e-01 0.000000000000000000e+00 2.778003418322181131e-02 1.570796326794896558e+00 1.000000000000000000e+00 1.000000000000000000e+00 0.000000000000000000e+00 0.000000000000000000e+00 -1.000000000000000000e+00 -1.000000000000000000e+00
1.770000000000000000e+02 2.001722932024000693e+04 1.066579827103320888e+01 -1.320397584287595072e-01 2.602588425592315957e+00 3.921993626932451793e-02 1.564840925656623694e-01 1.570796326794896558e+00 1.000000000000000000e+00 1.000000000000000000e+00 0.000000000000000000e+00 0.000000000000000000e+00 -1.000000000000000000e+00 -1.000000000000000000e+00
1.800000000000000000e+02 4.586361523524876975e+04 1.482579785033345843e+01 -2.366349285430607852e-02 1.795886043495640738e+00 4.683178943023353497e-02 5.716511592776579026e-02 1.570796326794896558e+00 1.000000000000000000e+00 1.000000000000000000e+00 0.000000000000000000e+00 0.000000000000000000e+00 -1.000000000000000000e+00 -1.000000000000000000e+00
1.830000000000000000e+02 3.200681028667110513e+04 3.668230631125449293e+01 -6.046934836063613816e-02 2.060799153428067854e+00 0.000000000000000000e+00 1.442174485423661570e-02 1.570796326794896558e+00 1.000000000000000000e+00 1.000000000000000000e+00 0.000000000000000000e+00 0.000000000000000000e+00 -1.000000000000000000e+00 -1.000000000000000000e+00
0.000000000000000000e+00 3.979217698672729966e+03 1.440790826634026445e+01 -6.378242621978512383e-02 2.201405042289045877e+00 0.000000000000000000e+00 9.000000000000001055e-02 0.000000000000000000e+00 1.000000000000000000e+00 1.000000000000000000e+00 0.000000000000000000e+00 0.000000000000000000e+00 -1.000000000000000000e+00 -1.000000000000000000e+00
4.000000000000000000e+00 5.704076432522158029e+03 1.096002222971114470e+01 -2.313642934832856879e-01 2.817269427285420846e+00 0.000000000000000000e+00 2.594574051971186845e-01 0.000000000000000000e+00 1.000000000000000000e+00 1.000000000000000000e+00 0.000000000000000000e+00 0.000000000000000000e+00 -1.000000000000000000e+00 -1.000000000000000000e+00
1.300000000000000000e+01 6.310916784601401559e+03 3.045687720008928423e+01 -9.578084973759729004e-02 3.100000000000000089e+00 0.000000000000000000e+00 2.009304961474915885e-01 0.000000000000000000e+00 1.000000000000000000e+00 1.000000000000000000e+00 0.000000000000000000e+00 0.000000000000000000e+00 -1.000000000000000000e+00 -1.000000000000000000e+00
2.400000000000000000e+01 1.070972537751278469e+04 1.140740753356293169e+01 1.001947990861560278e-01 1.595582614128175036e+00 0.000000000000000000e+00 3.803448177861959989e-01 0.000000000000000000e+00 1.000000000000000000e+00 1.000000000000000000e+00 0.000000000000000000e+00 0.000000000000000000e+00 -1.000000000000000000e+00 -1.000000000000000000e+00
2.600000000000000000e+01 1.932201910463861350e+04 1.190897884905555593e+01 8.355559094278169896e-02 9.858792172310845148e-01 0.000000000000000000e+00 4.256506786138750109e-01 0.000000000000000000e+00 1.000000000000000000e+00 1.000000000000000000e+00 0.000000000000000000e+00 0.000000000000000000e+00 -1.000000000000000000e+00 -1.000000000000000000e+00
3.600000000000000000e+01 1.014028827004171944e+04 1.040286904745876662e+01 -2.255267781271983948e-02 2.738482993722826553e+00 0.000000000000000000e+00 4.254663196649131063e-01 0.000000000000000000e+00 1.000000000000000000e+00 1.000000000000000000e+00 0.000000000000000000e+00 0.000000000000000000e+00 -1.000000000000000000e+00 -1.000000000000000000e+00
9.200000000000000000e+01 6.223750136467248922e+03 1.073748054887880343e+01 -2.453670246750668804e-01 2.856132286180194324e+00 0.000000000000000000e+00 6.449344758771519137e-01 0.000000000000000000e+00 1.000000000000000000e+00 1.000000000000000000e+00 0.000000000000000000e+00 0.000000000000000000e+00 -1.000000000000000000e+00 -1.000000000000000000e+00
9.500000000000000000e+01 2.236444611841816368e+04 1.018761131908065920e+01 5.306919468971461711e-03 3.220325518292566080e-01 0.000000000000000000e+00 6.542512748617251850e-01 0.000000000000000000e+00 1.000000000000000000e+00 1.000000000000000000e+00 0.000000000000000000e+00 0.000000000000000000e+00 -1.000000000000000000e+00 -1.000000000000000000e+00
1.030000000000000000e+02 3.337049008016192965e+04 1.012449273571047392e+01 4.481397999178209079e-02 5.600472158231152298e-01 0.000000000000000000e+00 7.279221742723137600e-01 0.000000000000000000e+00 1.000000000000000000e+00 1.000000000000000000e+00 0.000000000000000000e+00 0.000000000000000000e+00 -1.000000000000000000e+00 -1.000000000000000000e+00
1.090000000000000000e+02 1.450940060228913171e+04 2.574905542960267013e+01 -8.693198733665374184e-03 1.177940250072749384e+00 0.000000000000000000e+00 4.274132870829038811e-01 0.000000000000000000e+00 1.000000000000000000e+00 1.000000000000000000e+00 0.000000000000000000e+00 0.000000000000000000e+00 -1.000000000000000000e+00 -1.000000000000000000e+00
1.180000000000000000e+02 1.145666285722289831e+04 3.689258490269843804e+01 -1.640984074074101629e-01 2.707166152629477462e+00 0.000000000000000000e+00 5.591200399878482052e-01 0.000000000000000000e+00 1.000000000000000000e+00 1.000000000000000000e+00 0.000000000000000000e+00 0.000000000000000000e+00 -1.000000000000000000e+00 -1.000000000000000000e+00
1.670000000000000000e+02 3.782693294355942635e+04 1.834240396902764303e+01 -6.026967161365393705e-02 2.782872480601976228e+00 0.000000000000000000e+00 9.983596977824904517e-01 0.000000000000000000e+00 1.000000000000000000e+00 1.000000000000000000e+00 0.000000000000000000e+00 0.000000000000000000e+00 -1.000000000000000000e+00 -1.000000000000000000e+00
1.740000000000000000e+02 3.512798953243506730e+03 1.217126622624027199e+01 -1.839976074587418298e-01 2.751339885003349472e+00 0.000000000000000000e+00 9.719801396287729434e-01 0.000000000000000000e+00 1.000000000000000000e+00 1.000000000000000000e+00 0.000000000000000000e+00 0.000000000000000000e+00 -1.000000000000000000e+00 -1.000000000000000000e+00
1.810000000000000000e+02 6.234666341054497934e+03 3.721224275686275007e+01 1.180434877071254995e-01 1.572824451762840914e+00 0.000000000000000000e+00 7.830621056127092805e-01 0.000000000000000000e+00 1.000000000000000000e+00 1.000000000000000000e+00 0.000000000000000000e+00 0.000000000000000000e+00 -1.000000000000000000e+00 -1.000000000000000000e+00
1.960000000000000000e+02 2.379564877655422606e+04 1.522186096797720367e+01 4.736196740437993713e-02 1.225377654013658058e+00 0.000000000000000000e+00 8.977563900319865953e-01 0.000000000000000000e+00 1.000000000000000000e+00 1.000000000000000000e+00 0.000000000000000000e+00 0.000000000000000000e+00 -1.000000000000000000e+00 -1.000000000000000000e+00
3.660000000000000000e+02 2.760297677268976031e+02 1.482050149998257815e+01 -1.760639547333686661e-01 3.100000000000000089e+00 0.000000000000000000e+00 9.486223545923874734e-02 -1.000000000000000000e+00 1.000000000000000000e+00 1.000000000000000000e+00 5.400000000000000000e+01 1.000000000000000000e+05 -1.000000000000000000e+00 -1.000000000000000000e+00
3.670000000000000000e+02 8.657256981048237776e+02 1.085347488918116987e+01 1.983087639725523987e-01 1.074281389992892466e+00 0.000000000000000000e+00 0.000000000000000000e+00 -1.000000000000000000e+00 1.000000000000000000e+00 1.000000000000000000e+00 5.400000000000000000e+01 2.000000000000000000e+05 -1.000000000000000000e+00 -1.000000000000000000e+00
