# id_num orb_a mass spin spin_angle orb_inc orb_ecc orb_arg_periapse orb_ang_mom gen galaxy time_passed gw_freq gw_strain
1.000000000000000000e+00 4.216753444171124283e+04 3.030232352210308733e+01 -3.208933820649769592e-02 9.295226068772783901e-01 3.173752628488675676e+00 2.255336397006531268e-02 0.000000000000000000e+00 1.000000000000000000e+00 1.000000000000000000e+00 0.000000000000000000e+00 0.000000000000000000e+00 -1.000000000000000000e+00 -1.000000000000000000e+00
2.000000000000000000e+00 2.565462185521278298e+04 1.162123063754967411e+01 3.197917751178794288e-02 1.658480617476543628e+00 -2.022981678453712739e-02 6.852828904438315605e-02 0.000000000000000000e+00 1.000000000000000000e+00 1.000000000000000000e+00 0.000000000000000000e+00 0.000000000000000000e+00 -1.000000000000000000e+00 -1.000000000000000000e+00
6.000000000000000000e+00 4.606538928892508557e+04 1.055150706583776632e+01 -8.497183621628202899e-02 2.682497427425367675e+00 3.152855708288406777e+00 1.328960883220647871e-01 0.000000000000000000e+00 1.000000000000000000e+00 1.000000000000000000e+00 0.000000000000000000e+00 0.000000000000000000e+00 -1.000000000000000000e+00 -1.000000000000000000e+00
8.000000000000000000e+00 5.000000000000000000e+04 1.116772200616014032e+01 -1.369262681384256219e-01 2.816719714143420816e+00 3.171498033368731040e+00 2.861579810285524994e-02 1.570796326794896558e+00 1.000000000000000000e+00 1.000000000000000000e+00 0.000000000000000000e+00 0.000000000000000000e+00 -1.000000000000000000e+00 -1.000000000000000000e+00
1.200000000000000000e+01 2.783687202299037381e+04 1.340905385997178279e+01 -9.621712796573082815e-02 2.676403723174247240e+00 3.174631310004696338e+00 1.000000000000000021e-02 0.000000000000000000e+00 1.000000000000000000e+00 1.000000000000000000e+00 0.000000000000000000e+00 0.000000000000000000e+00 -1.000000000000000000e+00 -1.000000000000000000e+00
1.400000000000000000e+01 5.000000000000000000e+04 1.588478920509649761e+01 4.531336143728233179e-02 1.439738125510978461e+00 1.149019896119795291e-02 2.410399289188461594e-02 0.000000000000000000e+00 1.000000000000000000e+00 1.000000000000000000e+00 0.000000000000000000e+00 0.000000000000000000e+00 -1.000000000000000000e+00 -1.000000000000000000e+00
1.500000000000000000e+01 5.000000000000000000e+04 1.192813181350563312e+01 -1.909989702398031397e-01 2.537233411765558611e+00 -3.509496585899030824e-02 2.596497892675858066e-01 0.000000000000000000e+00 1.000000000000000000e+00 1.000000000000000000e+00 0.000000000000000000e+00 0.000000000000000000e+00 -1.000000000000000000e+00 -1.000000000000000000e+00
2.100000000000000000e+01 2.560580447681468286e+04 1.808237792704975533e+01 -2.387554332424837722e-01 3.100000000000000089e+00 3.151382965320105978e+00 3.737280406408028527e-02 0.000000000000000000e+00 1.000000000000000000e+00 1.000000000000000000e+00 0.000000000000000000e+00 0.000000000000000000e+00 -1.000000000000000000e+00 -1.000000000000000000e+00
2.200000000000000000e+01 2.606695642660608428e+04 1.841678522147508090e+01 -2.056433613910240571e-02 1.026198263102674924e+00 3.172194052325424174e+00 1.920433749902827197e-02 0.000000000000000000e+00 1.000000000000000000e+00 1.000000000000000000e+00 0.000000000000000000e+00 0.000000000000000000e+00 -1.000000000000000000e+00 -1.000000000000000000e+00
2.300000000000000000e+01 6.869509412007711035e+03 1.269250703606624064e+01 7.237866851421788372e-02 8.817626261823503508e-01 4.953126024644260127e-03 2.202372434183891281e-02 0.000000000000000000e+00 1.000000000000000000e+00 1.000000000000000000e+00 0.000000000000000000e+00 0.000000000000000000e+00 -1.000000000000000000e+00 -1.000000000000000000e+00
2.800000000000000000e+01 1.423115310872310374e+03 1.066005287360559173e+01 5.833472377922316321e-02 1.429886521496200880e+00 3.146684217891120294e+00 9.000000000000001055e-02 0.000000000000000000e+00 1.000000000000000000e+00 1.000000000000000000e+00 0.000000000000000000e+00 0.000000000000000000e+00 -1.000000000000000000e+00 -1.000000000000000000e+00
2.900000000000000000e+01 4.805862057463729434e+04 3.933999822419516335e+01 -9.327594828375476710e-02 2.049289060940878038e+00 3.106042877740590846e+00 1.197947388843126348e-02 1.570796326794896558e+00 1.000000000000000000e+00 1.000000000000000000e+00 0.000000000000000000e+00 0.000000000000000000e+00 -1.000000000000000000e+00 -1.000000000000000000e+00
3.000000000000000000e+01 5.000000000000000000e+04 1.572343891962981566e+01 -1.004711767870635764e-01 3.100000000000000089e+00 1.740472843470997413e-02 4.958968624333942588e-02 0.000000000000000000e+00 1.000000000000000000e+00 1.000000000000000000e+00 0.000000000000000000e+00 0.000000000000000000e+00 -1.000000000000000000e+00 -1.000000000000000000e+00
3.100000000000000000e+01 4.777508100966111670e+04 1.022814887762275227e+01 -8.645139080715977253e-02 3.100000000000000089e+00 3.143297843941253777e+00 6.384426041442874122e-02 1.570796326794896558e+00 1.000000000000000000e+00 1.000000000000000000e+00 0.000000000000000000e+00 0.000000000000000000e+00 -1.000000000000000000e+00 -1.000000000000000000e+00
3.300000000000000000e+01 1.884566786536673681e+04 1.719560504250069499e+01 3.120031260132113959e-02 1.860275071265646396e+00 1.302544982128032991e-02 1.250123390967637291e-02 1.570796326794896558e+00 1.000000000000000000e+00 1.000000000000000000e+00 0.000000000000000000e+00 0.000000000000000000e+00 -1.000000000000000000e+00 -1.000000000000000000e+00
3.500000000000000000e+01 1.038726350379315227e+04 1.316487029457930724e+01 -7.773035775327438723e-02 2.745400588392334917e+00 9.948523922740919179e-03 1.000000000000000021e-02 1.570796326794896558e+00 1.000000000000000000e+00 1.000000000000000000e+00 0.000000000000000000e+00 0.000000000000000000e+00 -1.000000000000000000e+00 -1.000000000000000000e+00
4.000000000000000000e+01 1.177145356692103633e+04 1.830497550083759251e+01 -1.652107800684601002e-01 2.720373439913037039e+00 -2.656405123778483521e-02 1.000000000000000021e-02 1.570796326794896558e+00 1.000000000000000000e+00 1.000000000000000000e+00 0.000000000000000000e+00 0.000000000000000000e+00 -1.000000000000000000e+00 -1.000000000000000000e+00
4.100000000000000000e+01 2.208868705140209568e+04 3.433375832940387085e+01 -1.607137266620831950e-01 2.115582084514925576e+00 3.152538184248699693e+00 1.293074318664946820e-02 0.000000000000000000e+00 1.000000000000000000e+00 1.000000000000000000e+00 0.000000000000000000e+00 0.000000000000000000e+00 -1.000000000000000000e+00 -1.000000000000000000e+00
4.200000000000000000e+01 1.118164722134698422e+04 1.241404834620542807e+01 -1.059267330583608530e-01 2.071819617253351620e+00 3.164921701077885619e+00 1.000000000000000021e-02 0.000000000000000000e+00 1.000000000000000000e+00 1.000000000000000000e+00 0.000000000000000000e+00 0.000000000000000000e+00 -1.000000000000000000e+00 -1.000000000000000000e+00
4.300000000000000000e+01 4.313671557448120097e+02 1.915024305614642941e+01 -1.566324875844057052e-01 2.093342123031612712e+00 3.151578418001748982e+00 2.468978712479742363e-02 1.570796326794896558e+00 1.000000000000000000e+00 1.000000000000000000e+00 0.000000000000000000e+00 0.000000000000000000e+00 -1.000000000000000000e+00 -1.000000000000000000e+00
4.400000000000000000e+01 1.451812543238831677e+04 3.254995798054896028e+01 -6.847979767884899982e-02 1.988993552797429398e+00 3.161467624312812585e+00 1.000000000000000021e-02 0.000000000000000000e+00 1.000000000000000000e+00 1.000000000000000000e+00 0.000000000000000000e+00 0.000000000000000000e+00 -1.000000000000000000e+00 -1.000000000000000000e+00
4.900000000000000000e+01 3.666902994418314483e+04 3.222816440867049437e+01 -1.202848715793659873e-02 4.741719326320991135e-01 -1.527229619928811583e-03 7.354501914450491118e-02 0.000000000000000000e+00 1.000000000000000000e+00 1.000000000000000000e+00 0.000000000000000000e+00 0.000000000000000000e+00 -1.000000000000000000e+00 -1.000000000000000000e+00
5.000000000000000000e+01 1.262111229461379844e+04 2.049825194023317820e+01 -8.049230412161503811e-02 3.100000000000000089e+00 -5.882301653469240027e-03 9.000000000000001055e-02 1.570796326794896558e+00 1.000000000000000000e+00 1.000000000000000000e+00 0.000000000000000000e+00 0.000000000000000000e+00 -1.000000000000000000e+00 -1.000000000000000000e+00
5.800000000000000000e+01 3.722013193593144388e+04 1.483660099502220575e+01 -1.363574005794827571e-01 3.100000000000000089e+00 -2.909740224252855070e-02 1.175377886574616171e-02 1.570796326794896558e+00 1.000000000000000000e+00 1.000000000000000000e+00 0.000000000000000000e+00 0.000000000000000000e+00 -1.000000000000000000e+00 -1.000000000000000000e+00
6.000000000000000000e+01 4.074521140335249925e+02 1.366476832368231698e+01 -2.588094784354168926e-02 1.838699589392174039e+00 3.150696901737488620e+00 4.324304823648177781e-02 0.000000000000000000e+00 1.000000000000000000e+00 1.000000000000000000e+00 0.000000000000000000e+00 0.000000000000000000e+00 -1.000000000000000000e+00 -1.000000000000000000e+00
6.200000000000000000e+01 4.145454498993823336e+02 2.001461414597360644e+01 -1.085681216576773328e-02 1.607189766465141112e+00 3.133567394119354255e+00 3.780768422122986888e-02 1.570796326794896558e+00 1.000000000000000000e+00 1.000000000000000000e+00 0.000000000000000000e+00 0.000000000000000000e+00 -1.000000000000000000e+00 -1.000000000000000000e+00
6.300000000000000000e+01 2.057150835724065109e+04 2.687284770642422060e+01 -6.785507502591643647e-02 1.968772515782694743e+00 -5.500688079909739521e-03 2.553488136086413257e-02 1.570796326794896558e+00 1.000000000000000000e+00 1.000000000000000000e+00 0.000000000000000000e+00 0.000000000000000000e+00 -1.000000000000000000e+00 -1.000000000000000000e+00
6.500000000000000000e+01 4.551279814496196923e+04 1.583767497025543314e+01 5.116283500155825725e-02 1.526047183127001272e+00 3.109612737387335013e+00 3.845431377220587948e-02 0.000000000000000000e+00 1.000000000000000000e+00 1.000000000000000000e+00 0.000000000000000000e+00 0.000000000000000000e+00 -1.000000000000000000e+00 -1.000000000000000000e+00
6.600000000000000000e+01 3.378294503421633999e+04 1.324756563569169110e+01 -1.056604362205846442e-02 8.360975341515816117e-01 -9.188983466340705161e-03 1.000000000000000056e-01 0.000000000000000000e+00 1.000000000000000000e+00 1.000000000000000000e+00 0.000000000000000000e+00 0.000000000000000000e+00 -1.000000000000000000e+00 -1.000000000000000000e+00
6.700000000000000000e+01 2.578710789467886207e+04 2.670144521455938147e+01 1.502347548824744805e-01 1.671493647391892434e+00 7.379337253451986531e-03 6.594832808226827603e-02 0.000000000000000000e+00 1.000000000000000000e+00 1.000000000000000000e+00 0.000000000000000000e+00 0.000000000000000000e+00 -1.000000000000000000e+00 -1.000000000000000000e+00
6.800000000000000000e+01 5.000000000000000000e+04 1.055636869925898225e+01 -1.673934870004928910e-01 2.202638536413734194e+00 6.197415605721959091e-03 1.132985808225728599e-02 0.000000000000000000e+00 1.000000000000000000e+00 1.000000000000000000e+00 0.000000000000000000e+00 0.000000000000000000e+00 -1.000000000000000000e+00 -1.000000000000000000e+00
7.300000000000000000e+01 1.396225878534483309e+04 1.088394786037772377e+01 -6.956252935567544537e-02 1.961132515252188568e+00 3.113983203308996028e+00 1.000000000000000021e-02 1.570796326794896558e+00 1.000000000000000000e+00 1.000000000000000000e+00 0.000000000000000000e+00 0.000000000000000000e+00 -1.000000000000000000e+00 -1.000000000000000000e+00
7.400000000000000000e+01 3.631774902373865916e+04 1.204200482337264511e+01 -6.425406059633062550e-02 3.100000000000000089e+00 3.170370080638179822e+00 2.754185962836702695e-02 0.000000000000000000e+00 1.000000000000000000e+00 1.000000000000000000e+00 0.000000000000000000e+00 0.000000000000000000e+00 -1.000000000000000000e+00 -1.000000000000000000e+00
7.500000000000000000e+01 1.349726164812014031e+04 1.148929393998558979e+01 9.260184985779011668e-03 4.614762635151666847e-01 3.161471798346379369e+00 1.000000000000000021e-02 1.570796326794896558e+00 1.000000000000000000e+00 1.000000000000000000e+00 0.000000000000000000e+00 0.000000000000000000e+00 -1.000000000000000000e+00 -1.000000000000000000e+00
7.700000000000000000e+01 2.250657205330621946e+04 1.943374092235418615e+01 -6.172608572868531346e-02 2.283952094087096985e+00 3.174580348185170653e+00 1.000000000000000021e-02 0.000000000000000000e+00 1.000000000000000000e+00 1.000000000000000000e+00 0.000000000000000000e+00 0.000000000000000000e+00 -1.000000000000000000e+00 -1.000000000000000000e+00
7.800000000000000000e+01 9.481214714770869250e+03 1.814165277736392667e+01 -2.303761724128745580e-01 2.313445397861356945e+00 1.632703295081478628e-02 9.000000000000001055e-02 1.570796326794896558e+00 1.000000000000000000e+00 1.000000000000000000e+00 0.000000000000000000e+00 0.000000000000000000e+00 -1.000000000000000000e+00 -1.000000000000000000e+00
8.000000000000000000e+01 1.846726014496498101e+04 1.279031478264711552e+01 -1.250682294959000740e-01 2.301833568495012639e+00 3.107688119978258445e+00 4.449072765056760748e-02 1.570796326794896558e+00 1.000000000000000000e+00 1.000000000000000000e+00 0.000000000000000000e+00 0.000000000000000000e+00 -1.000000000000000000e+00 -1.000000000000000000e+00
8.100000000000000000e+01 4.190112744350425055e+04 1.336424737264979079e+01 -3.995643345309631000e-02 1.469662208499263878e+00 4.273258161242279862e-02 1.433062629086242212e-01 0.000000000000000000e+00 1.000000000000000000e+00 1.000000000000000000e+00 0.000000000000000000e+00 0.000000000000000000e+00 -1.000000000000000000e+00 -1.000000000000000000e+00
8.200000000000000000e+01 4.045731828146813882e+02 2.335143788603437542e+01 -1.096841077478498128e-01 2.119645592582376725e+00 3.148625567401648340e+00 2.415731029415912542e-02 1.570796326794896558e+00 1.000000000000000000e+00 1.000000000000000000e+00 0.000000000000000000e+00 0.000000000000000000e+00 -1.000000000000000000e+00 -1.000000000000000000e+00
8.400000000000000000e+01 1.764173923046916025e+04 1.213215744826752918e+01 -9.838350585527656789e-02 2.731096881550217237e+00 3.142050530998110602e+00 3.857508360920799961e-02 0.000000000000000000e+00 1.000000000000000000e+00 1.000000000000000000e+00 0.000000000000000000e+00 0.000000000000000000e+00 -1.000000000000000000e+00 -1.000000000000000000e+00
8.500000000000000000e+01 1.026283379740561213e+04 1.234859402285823471e+01 -4.676243915163097453e-02 8.174800027215538556e-01 -9.273040747313948326e-03 1.000000000000000021e-02 1.570796326794896558e+00 1.000000000000000000e+00 1.000000000000000000e+00 0.000000000000000000e+00 0.000000000000000000e+00 -1.000000000000000000e+00 -1.000000000000000000e+00
8.600000000000000000e+01 4.627576471868586623e+02 3.750227091542401325e+01 -7.758365833224152575e-02 3.100000000000000089e+00 1.197515011677930015e-02 9.000000000000001055e-02 1.570796326794896558e+00 1.000000000000000000e+00 1.000000000000000000e+00 0.000000000000000000e+00 0.000000000000000000e+00 -1.000000000000000000e+00 -1.000000000000000000e+00
8.700000000000000000e+01 4.913130934145068750e+04 1.261384204580052959e+01 3.175349951863988725e-03 8.333796028441312620e-01 3.182786381937694475e+00 1.818569279355078949e-01 0.000000000000000000e+00 1.000000000000000000e+00 1.000000000000000000e+00 0.000000000000000000e+00 0.000000000000000000e+00 -1.000000000000000000e+00 -1.000000000000000000e+00
9.000000000000000000e+01 5.000000000000000000e+04 2.261143684137408982e+01 1.187857031075394421e-01 1.560858656462343230e+00 3.578134230040710961e-02 4.269491043574274308e-02 1.570796326794896558e+00 1.000000000000000000e+00 1.000000000000000000e+00 0.000000000000000000e+00 0.000000000000000000e+00 -1.000000000000000000e+00 -1.000000000000000000e+00
9.100000000000000000e+01 2.273729555729451022e+04 3.061184288849554136e+01 -3.052927327766428167e-01 2.987040209369938637e+00 3.116904642842976525e+00 1.612661026620946028e-02 1.570796326794896558e+00 1.000000000000000000e+00 1.000000000000000000e+00 0.000000000000000000e+00 0.000000000000000000e+00 -1.000000000000000000e+00 -1.000000000000000000e+00
9.600000000000000000e+01 4.504978146838655562e+02 2.581748572704203681e+01 -1.392051150501082135e-01 2.680024540190641957e+00 9.155019209081625628e-03 2.272374996343546824e-02 1.570796326794896558e+00 1.000000000000000000e+00 1.000000000000000000e+00 0.000000000000000000e+00 0.000000000000000000e+00 -1.000000000000000000e+00 -1.000000000000000000e+00
9.700000000000000000e+01 3.600678387277950969e+04 3.757380827661085476e+01 1.085946123678890318e-01 1.684622793072050762e+00 1.177550979130827409e-02 1.781938842288021546e-02 1.570796326794896558e+00 1.000000000000000000e+00 1.000000000000000000e+00 0.000000000000000000e+00 0.000000000000000000e+00 -1.000000000000000000e+00 -1.000000000000000000e+00
9.800000000000000000e+01 5.000000000000000000e+04 3.155493729626761734e+01 -2.150870023196599923e-01 2.130520187299103529e+00 3.155629301780955132e+00 1.101001372387206377e-02 1.570796326794896558e+00 1.000000000000000000e+00 1.000000000000000000e+00 0.000000000000000000e+00 0.000000000000000000e+00 -1.000000000000000000e+00 -1.000000000000000000e+00
9.900000000000000000e+01 1.762835287641985269e+04 1.435278036834397497e+01 7.107690009751421734e-02 7.380127721703840793e-01 -3.082875959312597267e-02 5.607038444704464525e-02 1.570796326794896558e+00 1.000000000000000000e+00 1.000000000000000000e+00 0.000000000000000000e+00 0.000000000000000000e+00 -1.000000000000000000e+00 -1.000000000000000000e+00
1.000000000000000000e+02 2.772488388205313458e+04 1.233233827498130353e+01 1.009964697308391723e-01 1.673703331228754143e+00 -3.077791147168114361e-02 5.236935127735496687e-02 0.000000000000000000e+00 1.000000000000000000e+00 1.000000000000000000e+00 0.000000000000000000e+00 0.000000000000000000e+00 -1.000000000000000000e+00 -1.000000000000000000e+00
1.010000000000000000e+02 5.174860754063145123e+02 3.706903445370418382e+01 -8.700411424806710203e-02 2.459904063722667455e+00 3.152575961883499200e+00 1.026894599423637360e-02 0.000000000000000000e+00 1.000000000000000000e+00 1.000000000000000000e+00 0.000000000000000000e+00 0.000000000000000000e+00 -1.000000000000000000e+00 -1.000000000000000000e+00
1.040000000000000000e+02 5.203019546269491684e+02 2.323035117558834273e+01 1.816266696073693676e-01 5.632119358996123815e-01 -2.214716097698968527e-03 9.000000000000001055e-02 1.570796326794896558e+00 1.000000000000000000e+00 1.000000000000000000e+00 0.000000000000000000e+00 0.000000000000000000e+00 -1.000000000000000000e+00 -1.000000000000000000e+00
1.050000000000000000e+02 4.298520255603596888e+04 1.387997331361981246e+01 -1.785145107199322123e-02 5.125614049028407448e-01 2.246200245131610429e-02 1.470420556315514549e-01 1.570796326794896558e+00 1.000000000000000000e+00 1.000000000000000000e+00 0.000000000000000000e+00 0.000000000000000000e+00 -1.000000000000000000e+00 -1.000000000000000000e+00
1.100000000000000000e+02 2.780397931957050969e+04 2.043785548158199106e+01 -1.532783570912619464e-01 2.948841755760525096e+00 3.000502707034559749e-02 3.124475327298709831e-02 0.000000000000000000e+00 1.000000000000000000e+00 1.000000000000000000e+00 0.000000000000000000e+00 0.000000000000000000e+00 -1.000000000000000000e+00 -1.000000000000000000e+00
1.110000000000000000e+02 2.669233111148039461e+04 2.962718769174183109e+01 -1.375800933517439817e-01 2.207979968889539624e+00 3.168250090429447940e+00 6.551820377375439097e-02 0.000000000000000000e+00 1.000000000000000000e+00 1.000000000000000000e+00 0.000000000000000000e+00 0.000000000000000000e+00 -1.000000000000000000e+00 -1.000000000000000000e+00
1.120000000000000000e+02 1.641498436273698462e+04 1.178456308849561118e+01 -3.685651517713885161e-02 1.728617803407756170e+00 9.535968507892272211e-03 9.000000000000001055e-02 0.000000000000000000e+00 1.000000000000000000e+00 1.000000000000000000e+00 0.000000000000000000e+00 0.000000000000000000e+00 -1.000000000000000000e+00 -1.000000000000000000e+00
1.130000000000000000e+02 2.448165172840903688e+04 1.088850251601683006e+01 -3.413362288091649488e-02 1.765641102606380075e+00 1.594020852253194565e-02 9.654749844261206748e-03 1.570796326794896558e+00 1.000000000000000000e+00 1.000000000000000000e+00 0.000000000000000000e+00 0.000000000000000000e+00 -1.000000000000000000e+00 -1.000000000000000000e+00
1.140000000000000000e+02 5.754161535256059778e+02 1.167266462688676043e+01 -3.957490626627011010e-02 1.423357596520241852e+00 5.099708508012949955e-03 2.574131255328019480e-02 1.570796326794896558e+00 1.000000000000000000e+00 1.000000000000000000e+00 0.000000000000000000e+00 0.000000000000000000e+00 -1.000000000000000000e+00 -1.000000000000000000e+00
1.150000000000000000e+02 3.008622249901082978e+04 3.312945672042753387e+01 -1.977046276367537270e-01 2.453848868242597181e+00 -9.320525467850820228e-03 1.000000000000000056e-01 1.570796326794896558e+00 1.000000000000000000e+00 1.000000000000000000e+00 0.000000000000000000e+00 0.000000000000000000e+00 -1.000000000000000000e+00 -1.000000000000000000e+00
1.160000000000000000e+02 5.000000000000000000e+04 1.217419094768528254e+01 8.165825156623660042e-02 1.153838510017358487e+00 3.555785360901921738e-02 2.400432653777480677e-02 1.570796326794896558e+00 1.000000000000000000e+00 1.000000000000000000e+00 0.000000000000000000e+00 0.000000000000000000e+00 -1.000000000000000000e+00 -1.000000000000000000e+00
1.170000000000000000e+02 1.823238701329841933e+04 3.732359190391877490e+01 -1.247060464801887092e-01 3.100000000000000089e+00 1.718868797049058136e-02 1.516463715157256517e-02 1.570796326794896558e+00 1.000000000000000000e+00 1.000000000000000000e+00 0.000000000000000000e+00 0.000000000000000000e+00 -1.000000000000000000e+00 -1.000000000000000000e+00
1.230000000000000000e+02 4.974233096984701206e+02 1.811023647508840995e+01 -2.664559910934823361e-01 2.618571877552480665e+00 3.137084024015273531e+00 9.000000000000001055e-02 1.570796326794896558e+00 1.000000000000000000e+00 1.000000000000000000e+00 0.000000000000000000e+00 0.000000000000000000e+00 -1.000000000000000000e+00 -1.000000000000000000e+00
1.270000000000000000e+02 5.000000000000000000e+04 2.478050131598974914e+01 -1.337415280424513742e-01 2.265441988315890942e+00 2.403108416605935840e-02 2.682066587407967370e-02 1.570796326794896558e+00 1.000000000000000000e+00 1.000000000000000000e+00 0.000000000000000000e+00 0.000000000000000000e+00 -1.000000000000000000e+00 -1.000000000000000000e+00
1.310000000000000000e+02 3.065076914833816772e+04 3.889543963729033038e+01 2.987160641675455641e-02 8.103071225301220482e-01 -1.922049942029596323e-02 1.753687506212879901e-02 1.570796326794896558e+00 1.000000000000000000e+00 1.000000000000000000e+00 0.000000000000000000e+00 0.000000000000000000e+00 -1.000000000000000000e+00 -1.000000000000000000e+00
1.320000000000000000e+02 2.431002457264603436e+04 1.214667894358326805e+01 8.277944867641301441e-02 1.018194262596290089e+00 -3.310503949594633538e-02 1.000000000000000021e-02 0.000000000000000000e+00 1.000000000000000000e+00 1.000000000000000000e+00 0.000000000000000000e+00 0.000000000000000000e+00 -1.000000000000000000e+00 -1.000000000000000000e+00
1.330000000000000000e+02 5.453150905325132953e+02 1.270953698928058806e+01 -2.280592863318110786e-02 5.307744133317741086e-01 3.137041456086625324e+00 2.624267453946110829e-02 0.000000000000000000e+00 1.000000000000000000e+00 1.000000000000000000e+00 0.000000000000000000e+00 0.000000000000000000e+00 -1.000000000000000000e+00 -1.000000000000000000e+00
1.350000000000000000e+02 3.583319712987226922e+02 1.273003264358689002e+01 5.334817533273168710e-02 5.238787742261880043e-01 -1.375350557362913818e-02 2.386032760164640693e-02 0.000000000000000000e+00 1.000000000000000000e+00 1.000000000000000000e+00 0.000000000000000000e+00 0.000000000000000000e+00 -1.000000000000000000e+00 -1.000000000000000000e+00
1.400000000000000000e+02 5.187915150458354674e+02 1.434081617164961031e+01 -5.764180557114938208e-02 1.242141230169849786e+00 -9.224347152251795301e-03 6.034907396221021042e-02 1.570796326794896558e+00 1.000000000000000000e+00 1.000000000000000000e+00 0.000000000000000000e+00 0.000000000000000000e+00 -1.000000000000000000e+00 -1.000000000000000000e+00
1.410000000000000000e+02 6.761623310031037590e+02 2.429041670056442825e+01 -3.862882203233290040e-02 1.849561756755738084e+00 9.684057562319678056e-03 1.000000000000000056e-01 1.570796326794896558e+00 1.000000000000000000e+00 1.000000000000000000e+00 0.000000000000000000e+00 0.000000000000000000e+00 -1.000000000000000000e+00 -1.000000000000000000e+00
1.420000000000000000e+02 5.000000000000000000e+04 1.060860637346535640e+01 -1.452924579533980132e-01 3.100000000000000089e+00 -4.986250920035775747e-02 1.626137550711311275e-01 1.570796326794896558e+00 1.000000000000000000e+00 1.000000000000000000e+00 0.000000000000000000e+00 0.000000000000000000e+00 -1.000000000000000000e+00 -1.000000000000000000e+00
1.450000000000000000e+02 2.926626291517505524e+04 2.335034497378206098e+01 5.770191981584033014e-02 1.127845260698394414e+00 2.521421924977461718e-02 4.069391265030881943e-02 0.000000000000000000e+00 1.000000000000000000e+00 1.000000000000000000e+00 0.000000000000000000e+00 0.000000000000000000e+00 -1.000000000000000000e+00 -1.000000000000000000e+00
1.480000000000000000e+02 6.583842660576693788e+02 1.707604759408429018e+01 -1.767214045624713459e-01 2.316329870810712066e+00 3.144353763088219900e+00 2.687998799246773401e-02 1.570796326794896558e+00 1.000000000000000000e+00 1.000000000000000000e+00 0.000000000000000000e+00 0.000000000000000000e+00 -1.000000000000000000e+00 -1.000000000000000000e+00
1.490000000000000000e+02 1.666493277914089049e+03 1.406665333319429401e+01 5.936107109935138959e-02 1.004147909825109153e+00 3.132282981749090034e+00 9.000000000000001055e-02 1.570796326794896558e+00 1.000000000000000000e+00 1.000000000000000000e+00 0.000000000000000000e+00 0.000000000000000000e+00 -1.000000000000000000e+00 -1.000000000000000000e+00
1.510000000000000000e+02 3.010264301536999483e+04 2.628382313677538917e+01 3.305205062222607570e-02 1.705747704497142525e+00 3.163093878462180264e+00 1.000000000000000021e-02 0.000000000000000000e+00 1.000000000000000000e+00 1.000000000000000000e+00 0.000000000000000000e+00 0.000000000000000000e+00 -1.000000000000000000e+00 -1.000000000000000000e+00
1.530000000000000000e+02 4.455021840611578227e+04 3.276587265813054728e+01 8.288781877572432011e-02 5.150165498054960489e-01 -7.015825628157445169e-03 3.020419061148059067e-02 1.570796326794896558e+00 1.000000000000000000e+00 1.000000000000000000e+00 0.000000000000000000e+00 0.000000000000000000e+00 -1.000000000000000000e+00 -1.000000000000000000e+00
1.540000000000000000e+02 5.536364522750279775e+02 1.573177919321071094e+01 -2.077282453861518385e-01 2.578750277611968400e+00 1.797622511935858202e-04 3.884498883174235945e-02 0.000000000000000000e+00 1.000000000000000000e+00 1.000000000000000000e+00 0.000000000000000000e+00 0.000000000000000000e+00 -1.000000000000000000e+00 -1.000000000000000000e+00
1.550000000000000000e+02 2.520096652032479324e+04 1.210934818655011291e+01 5.190772237450194670e-02 9.748254652779402285e-01 -2.720132958961961334e-02 1.685648232173220240e-02 1.570796326794896558e+00 1.000000000000000000e+00 1.000000000000000000e+00 0.000000000000000000e+00 0.000000000000000000e+00 -1.000000000000000000e+00 -1.000000000000000000e+00
1.610000000000000000e+02 3.340931549883823027e+04 1.229017764692099668e+01 7.928893417050844605e-03 1.396777470029090917e+00 3.117221492110172854e+00 5.168786660815818251e-02 1.570796326794896558e+00 1.000000000000000000e+00 1.000000000000000000e+00 0.000000000000000000e+00 0.000000000000000000e+00 -1.000000000000000000e+00 -1.000000000000000000e+00
1.640000000000000000e+02 2.007599397700272675e+04 1.410007930301694223e+01 -2.141285931505159529e-02 1.665822911637726778e+00 3.163731359975223256e+00 2.644645205787552952e-02 1.570796326794896558e+00 1.000000000000000000e+00 1.000000000000000000e+00 0.000000000000000000e+00 0.000000000000000000e+00 -1.000000000000000000e+00 -1.000000000000000000e+00
1.650000000000000000e+02 2.696728410554131915e+04 1.028858322638025236e+01 -1.364847228180463001e-01 2.764487109751024629e+00 3.110490823464679977e+00 1.592389328877757276e-02 0.000000000000000000e+00 1.000000000000000000e+00 1.000000000000000000e+00 0.000000000000000000e+00 0.000000000000000000e+00 -1.000000000000000000e+00 -1.000000000000000000e+00
1.680000000000000000e+02 1.430105816835933001e+04 1.369480316895405636e+01 2.959875299761152712e-02 7.473922720796272179e-01 -2.001233236654995779e-02 1.000000000000000021e-02 1.570796326794896558e+00 1.000000000000000000e+00 1.000000000000000000e+00 0.000000000000000000e+00 0.000000000000000000e+00 -1.000000000000000000e+00 -1.000000000000000000e+00
1.730000000000000000e+02 1.306824760035373765e+04 1.644230824099517818e+01 -3.289662644749858506e-02 5.460907520343883936e-01 3.117446497481714651e+00 9.000000000000001055e-02 1.570796326794896558e+00 1.000000000000000000e+00 1.000000000000000000e+00 0.000000000000000000e+00 0.000000000000000000e+00 -1.000000000000000000e+00 -1.000000000000000000e+00
1.750000000000000000e+02 5.000000000000000000e+04 1.178383686453151036e+01 -7.368338842031821323e-03 9.696104978838206989e-01 -1.328018335191638415e-02 3.314484628882695405e-02 0.000000000000000000e+00 1.000000000000000000e+00 1.000000000000000000e+00 0.000000000000000000e+00 0.000000000000000000e+00 -1.000000000000000000e+00 -1.000000000000000000e+00
1.790000000000000000e+02 4.273037003667312820e+04 1.963218176887163935e+01 -2.072395735341568679e-01 2.870493288656465580e+00 8.179649234519487805e-03 1.724621236583874506e-02 0.000000000000000000e+00 1.000000000000000000e+00 1.000000000000000000e+00 0.000000000000000000e+00 0.000000000000000000e+00 -1.000000000000000000e+00 -1.000000000000000000e+00
1.820000000000000000e+02 5.000000000000000000e+04 1.056298739940824483e+01 -5.910698917788856366e-02 8.770178934524434089e-01 3.121393070538330594e+00 2.412217169203463296e-01 0.000000000000000000e+00 1.000000000000000000e+00 1.000000000000000000e+00 0.000000000000000000e+00 0.000000000000000000e+00 -1.000000000000000000e+00 -1.000000000000000000e+00
1.840000000000000000e+02 3.115400251628354818e+04 1.090346271881647766e+01 -1.989366405020510931e-02 1.681487266145570425e+00 3.156391330771238124e+00 1.000000000000000021e-02 1.570796326794896558e+00 1.000000000000000000e+00 1.000000000000000000e+00 0.000000000000000000e+00 0.000000000000000000e+00 -1.000000000000000000e+00 -1.000000000000000000e+00
1.850000000000000000e+02 4.806070234783751221e+04 2.697358692388271706e+01 -1.697193092107743828e-01 2.756819300233088299e+00 3.144488890657694213e+00 6.405267074498179058e-02 1.570796326794896558e+00 1.000000000000000000e+00 1.000000000000000000e+00 0.000000000000000000e+00 0.000000000000000000e+00 -1.000000000000000000e+00 -1.000000000000000000e+00
1.860000000000000000e+02 6.622888834810335084e+02 1.286132976741447287e+01 -8.445077115061039308e-02 2.635425201073160029e+00 3.138938745166879318e+00 9.000000000000001055e-02 0.000000000000000000e+00 1.000000000000000000e+00 1.000000000000000000e+00 0.000000000000000000e+00 0.000000000000000000e+00 -1.000000000000000000e+00 -1.000000000000000000e+00
1.880000000000000000e+02 2.215695871073887247e+04 1.739552977089740082e+01 -1.573171694795258424e-02 6.165853982032513114e-01 4.714006138038595063e-03 1.000000000000000021e-02 0.000000000000000000e+00 1.000000000000000000e+00 1.000000000000000000e+00 0.000000000000000000e+00 0.000000000000000000e+00 -1.000000000000000000e+00 -1.000000000000000000e+00
1.890000000000000000e+02 7.407535294254537348e+02 2.597305828403491645e+01 -1.938952607118712423e-01 2.161457302421772475e+00 -1.274546395976465345e-02 1.470076173728412754e-02 0.000000000000000000e+00 1.000000000000000000e+00 1.000000000000000000e+00 0.000000000000000000e+00 0.000000000000000000e+00 -1.000000000000000000e+00 -1.000000000000000000e+00
1.900000000000000000e+02 4.243485215004952624e+04 2.344866399973997417e+01 -1.415517454261846775e-01 3.100000000000000089e+00 2.984541417660876994e-02 1.490778482268037726e-02 1.570796326794896558e+00 1.000000000000000000e+00 1.000000000000000000e+00 0.000000000000000000e+00 0.000000000000000000e+00 -1.000000000000000000e+00 -1.000000000000000000e+00
1.910000000000000000e+02 3.894161226163749234e+04 1.298461774293757109e+01 -5.153875626430433170e-03 1.249652713595692521e+00 -2.175338557241368598e-02 1.163962311792882467e-02 1.570796326794896558e+00 1.000000000000000000e+00 1.000000000000000000e+00 0.000000000000000000e+00 0.000000000000000000e+00 -1.000000000000000000e+00 -1.000000000000000000e+00
1.930000000000000000e+02 2.867486130288196728e+04 2.434610217326456905e+01 -1.495506277622591362e-01 2.357169596766945485e+00 1.255386963415174376e-02 1.000000000000000056e-01 0.000000000000000000e+00 1.000000000000000000e+00 1.000000000000000000e+00 0.000000000000000000e+00 0.000000000000000000e+00 -1.000000000000000000e+00 -1.000000000000000000e+00
1.940000000000000000e+02 5.000000000000000000e+04 2.027640169660577030e+01 -3.397547576505521166e-03 1.128587224822086732e+00 3.104721592795026908e+00 1.933824212836010928e-02 0.000000000000000000e+00 1.000000000000000000e+00 1.000000000000000000e+00 0.000000000000000000e+00 0.000000000000000000e+00 -1.000000000000000000e+00 -1.000000000000000000e+00
1.970000000000000000e+02 5.000000000000000000e+04 1.582909810107676662e+01 6.826163913587182663e-02 1.859458998464212476e+00 3.185189249532069944e+00 1.369718413871101881e-01 0.000000000000000000e+00 1.000000000000000000e+00 1.000000000000000000e+00 0.000000000000000000e+00 0.000000000000000000e+00 -1.000000000000000000e+00 -1.000000000000000000e+00
1.980000000000000000e+02 2.799498959299995477e+04 1.096944735316080433e+01 2.750851811550956982e-02 1.679723255532675319e+00 3.150430781487988163e+00 1.000000000000000021e-02 0.000000000000000000e+00 1.000000000000000000e+00 1.000000000000000000e+00 0.000000000000000000e+00 0.000000000000000000e+00 -1.000000000000000000e+00 -1.000000000000000000e+00
1.990000000000000000e+02 4.988552837412420922e+04 1.445331664764456470e+01 -1.648634575498577615e-01 2.144853883563401897e+00 1.832520381769433583e-03 8.760224179718978377e-02 1.570796326794896558e+00 1.000000000000000000e+00 1.000000000000000000e+00 0.000000000000000000e+00 0.000000000000000000e+00 -1.000000000000000000e+00 -1.000000000000000000e+00
3.650000000000000000e+02 2.859137179363169139e+02 1.076715724704479804e+01 5.252743016934371956e-02 7.974252623055356759e-01 0.000000000000000000e+00 6.535164116639621823e-02 -1.000000000000000000e+00 1.000000000000000000e+00 1.000000000000000000e+00 5.400000000000000000e+01 0.000000000000000000e+00 -1.000000000000000000e+00 -1.000000000000000000e+00
1.000000000000000000e+01 3.138657868844487894e+04 2.061045691087599607e+01 -1.003192347434446741e-01 2.603702745417027398e+00 0.000000000000000000e+00 4.588002727433609235e-02 1.570796326794896558e+00 1.000000000000000000e+00 1.000000000000000000e+00 0.000000000000000000e+00 0.000000000000000000e+00 -1.000000000000000000e+00 -1.000000000000000000e+00
1.700000000000000000e+01 3.241784823510815477e+04 1.081336111774184161e+01 -9.030436693451243668e-03 9.204194603132962449e-01 0.000000000000000000e+00 2.708873949141473933e-02 1.570796326794896558e+00 1.000000000000000000e+00 1.000000000000000000e+00 0.000000000000000000e+00 0.000000000000000000e+00 -1.000000000000000000e+00 -1.000000000000000000e+00
3.400000000000000000e+01 3.228270682456476061e+04 1.032010731453609154e+01 -1.171339161560361886e-01 2.675995891657625858e+00 2.299834968827591322e-02 4.603836590113639243e-02 1.570796326794896558e+00 1.000000000000000000e+00 1.000000000000000000e+00 0.000000000000000000e+00 0.000000000000000000e+00 -1.000000000000000000e+00 -1.000000000000000000e+00
3.700000000000000000e+01 2.730685926720741918e+04 1.544176139506462597e+01 4.118885213252068689e-02 1.125465087379333262e+00 1.647952136336600093e-02 2.818746600862687482e-02 1.570796326794896558e+00 1.000000000000000000e+00 1.000000000000000000e+00 0.000000000000000000e+00 0.000000000000000000e+00 -1.000000000000000000e+00 -1.000000000000000000e+00
5.400000000000000000e+01 3.036250163478482500e+04 1.468019374665284360e+01 1.146424547292919371e-01 4.264273925796221443e-01 0.000000000000000000e+00 2.604038673338519502e-02 1.570796326794896558e+00 1.000000000000000000e+00 1.000000000000000000e+00 0.000000000000000000e+00 0.000000000000000000e+00 -1.000000000000000000e+00 -1.000000000000000000e+00
5.600000000000000000e+01 4.047537952317953750e+04 1.412877281707706345e+01 1.839471418361854349e-02 1.981893965779457645e+00 0.000000000000000000e+00 1.518060624568867423e-01 1.570796326794896558e+00 1.000000000000000000e+00 1.000000000000000000e+00 0.000000000000000000e+00 0.000000000000000000e+00 -1.000000000000000000e+00 -1.000000000000000000e+00
7.600000000000000000e+01 6.775545114113610907e+02 1.089072786165723095e+01 -6.386171693789751726e-03 1.310706736281596729e+00 2.159609467704797902e-03 3.853350163383275490e-02 1.570796326794896558e+00 1.000000000000000000e+00 1.000000000000000000e+00 0.000000000000000000e+00 0.000000000000000000e+00 -1.000000000000000000e+00 -1.000000000000000000e+00
8.300000000000000000e+01 7.156716077661063764e+02 1.285873088613113424e+01 -5.601444115924775202e-02 6.007250521209772653e-01 0.000000000000000000e+00 1.713766979739279883e-02 1.570796326794896558e+00 1.000000000000000000e+00 1.000000000000000000e+00 0.000000000000000000e+00 0.000000000000000000e+00 -1.000000000000000000e+00 -1.000000000000000000e+00
8.900000000000000000e+01 2.008917603187080385e+04 1.945224186679979894e+01 -2.286174520174266353e-02 4.804543103188695929e-01 0.000000000000000000e+00 5.610824352893876293e-02 1.570796326794896558e+00 1.000000000000000000e+00 1.000000000000000000e+00 0.000000000000000000e+00 0.000000000000000000e+00 -1.000000000000000000e+00 -1.000000000000000000e+00
9.300000000000000000e+01 2.355857732287629187e+04 1.037827828290568100e+01 -1.637407709114401255e-01 2.630492328688949666e+00 0.000000000000000000e+00 1.136782149232526060e-02 1.570796326794896558e+00 1.000000000000000000e+00 1.000000000000000000e+00 0.000000000000000000e+00 0.000000000000000000e+00 -1.000000000000000000e+00 -1.000000000000000000e+00
1.080000000000000000e+02 3.517467688206887397e+04 1.485583067550668446e+01 -1.083367628416050527e-01 3.100000000000000089e+00 2.194604575174311650e-02 1.833932973004441178e-02 1.570796326794896558e+00 1.000000000000000000e+00 1.000000000000000000e+00 0.000000000000000000e+00 0.000000000000000000e+00 -1.000000000000000000e+00 -1.000000000000000000e+00
1.190000000000000000e+02 2.886092351818106181e+04 1.217547704132188180e+01 -3.020760599173319058e-02 8.680897978871995324e-01 2.523657304326273280e-03 3.058033716448118819e-02 1.570796326794896558e+00 1.000000000000000000e+00 1.000000000000000000e+00 0.000000000000000000e+00 0.000000000000000000e+00 -1.000000000000000000e+00 -1.000000000000000000e+00
1.200000000000000000e+02 1.787157142636266872e+04 1.291494148024516342e+01 6.252984483364645851e-02 1.584435204285208121e+00 0.000000000000000000e+00 8.113196888329034240e-02 1.570796326794896558e+00 1.000000000000000000e+00 1.000000000000000000e+00 0.000000000000000000e+00 0.000000000000000000e+00 -1.000000000000000000e+00 -1.000000000000000000e+00
1.240000000000000000e+02 4.130758464054700744e+04 2.331227113575179999e+01 -1.045920936182234418e-01 3.100000000000000089e+00 0.000000000000000000e+00 3.308939655389813578e-02 1.570796326794896558e+00 1.000000000000000000e+00 1.000000000000000000e+00 0.000000000000000000e+00 0.000000000000000000e+00 -1.000000000000000000e+00 -1.000000000000000000e+00
1.250000000000000000e+02 3.786300588896297995e+04 1.181958805342816277e+01 7.389312003963594000e-02 1.278416955365517804e+00 2.952940156238054170e-02 1.305281302532532682e-02 1.570796326794896558e+00 1.000000000000000000e+00 1.000000000000000000e+00 0.000000000000000000e+00 0.000000000000000000e+00 -1.000000000000000000e+00 -1.000000000000000000e+00
1.260000000000000000e+02 1.836080321219394318e+04 1.169948381846552543e+01 -6.592067528497259910e-02 2.266186324114834338e+00 7.408581633793059722e-03 1.834715823239133764e-02 1.570796326794896558e+00 1.000000000000000000e+00 1.000000000000000000e+00 0.000000000000000000e+00 0.000000000000000000e+00 -1.000000000000000000e+00 -1.000000000000000000e+00
1.280000000000000000e+02 3.560814108826012671e+04 1.401816278252811365e+01 -5.354948033491330195e-02 1.961127418225471208e+00 0.000000000000000000e+00 1.350349537143329809e-02 1.570796326794896558e+00 1.000000000000000000e+00 1.000000000000000000e+00 0.000000000000000000e+00 0.000000000000000000e+00 -1.000000000000000000e+00 -1.000000000000000000e+00
1.290000000000000000e+02 2.058269108680604768e+04 1.467084289093576110e+01 -3.101147695371621674e-02 1.477840735582464760e+00 0.000000000000000000e+00 1.517851943893838880e-02 1.570796326794896558e+00 1.000000000000000000e+00 1.000000000000000000e+00 0.000000000000000000e+00 0.000000000000000000e+00 -1.000000000000000000e+00 -1.000000000000000000e+00
1.360000000000000000e+02 2.940285054872709952e+04 1.065492145695843718e+01 -1.569414071480245143e-01 2.501010548004864553e+00 2.442102821644016528e-02 4.760207900923926067e-02 1.570796326794896558e+00 1.000000000000000000e+00 1.000000000000000000e+00 0.000000000000000000e+00 0.000000000000000000e+00 -1.000000000000000000e+00 -1.000000000000000000e+00
1.370000000000000000e+02 4.778350093798187299e+04 3.136624362070618943e+01 -9.494332695965007618e-02 2.034931737238607763e+00 0.000000000000000000e+00 6.259263268613901587e-02 1.570796326794896558e+00 1.000000000000000000e+00 1.000000000000000000e+00 0.000000000000000000e+00 0.000000000000000000e+00 -1.000000000000000000e+00 -1.000000000000000000e+00
1.560000000000000000e+02 2.941285394610351796e+04 1.451068037542048828e+01 1.307960996504018425e-01 1.302598654588065452e+00 0.000000000000000000e+00 1.676834617955902385e-02 1.570796326794896558e+00 1.000000000000000000e+00 1.000000000000000000e+00 0.000000000000000000e+00 0.000000000000000000e+00 -1.000000000000000000e+00 -1.000000000000000000e+00
1.710000000000000000e+02 5.000000000000000000e+04 2.929237808269440890e+01 -8.802013051921467324e-02 2.540040993230211264e+00 0.000000000000000000e+00 5.750351049163512918e-02 1.570796326794896558e+00 1.000000000000000000e+00 1.000000000000000000e+00 0.000000000000000000e+00 0.000000000000000000e+00 -1.000000000000000000e+00 -1.000000000000000000e+00
1.720000000000000000e+02 2.559845594289036671e+04 1.559717808377321191e+01 -1.697925711000743826e-02 1.057636392670820324e+00 0.000000000000000000e+00 2.153784008207696582e-02 1.570796326794896558e+00 1.000000000000000000e+00 1.000000000000000000e+00 0.000000000000000000e+00 0.000000000000000000e+00 -1.000000000000000000e+00 -1.000000000000000000e+00
1.800000000000000000e+02 4.922681046507122664e+04 1.496626639230974298e+01 -6.466349285430611493e-02 2.082066043495640173e+00 4.683178943023353497e-02 2.086948826249659938e-02 1.570796326794896558e+00 1.000000000000000000e+00 1.000000000000000000e+00 0.000000000000000000e+00 0.000000000000000000e+00 -1.000000000000000000e+00 -1.000000000000000000e+00
1.830000000000000000e+02 3.716374676118690695e+04 3.702985658381896883e+01 -8.346934836063615859e-02 2.221339153428067537e+00 0.000000000000000000e+00 6.136256917211533463e-02 1.570796326794896558e+00 1.000000000000000000e+00 1.000000000000000000e+00 0.000000000000000000e+00 0.000000000000000000e+00 -1.000000000000000000e+00 -1.000000000000000000e+00
0.000000000000000000e+00 7.931758779029237303e+02 1.454441747060244161e+01 -1.027824262197851585e-01 2.473625042289045339e+00 0.000000000000000000e+00 1.000000000000000056e-01 0.000000000000000000e+00 1.000000000000000000e+00 1.000000000000000000e+00 0.000000000000000000e+00 0.000000000000000000e+00 -1.000000000000000000e+00 -1.000000000000000000e+00
4.000000000000000000e+00 8.957539824688797125e+02 1.106386408417165335e+01 -2.723642934832857243e-01 3.100000000000000089e+00 0.000000000000000000e+00 9.000000000000001055e-02 0.000000000000000000e+00 1.000000000000000000e+00 1.000000000000000000e+00 0.000000000000000000e+00 0.000000000000000000e+00 -1.000000000000000000e+00 -1.000000000000000000e+00
1.300000000000000000e+01 5.058760585890682705e+03 3.074544400618204065e+01 -1.307808497375973211e-01 3.100000000000000089e+00 0.000000000000000000e+00 9.000000000000001055e-02 0.000000000000000000e+00 1.000000000000000000e+00 1.000000000000000000e+00 0.000000000000000000e+00 0.000000000000000000e+00 -1.000000000000000000e+00 -1.000000000000000000e+00
2.400000000000000000e+01 5.341644450297371804e+03 1.151548818595986035e+01 7.319479908615600383e-02 1.784042614128174664e+00 0.000000000000000000e+00 1.000000000000000021e-02 0.000000000000000000e+00 1.000000000000000000e+00 1.000000000000000000e+00 0.000000000000000000e+00 0.000000000000000000e+00 -1.000000000000000000e+00 -1.000000000000000000e+00
2.600000000000000000e+01 7.176465434287355492e+03 1.202181169031244146e+01 4.855559094278166787e-02 1.230179217231084143e+00 0.000000000000000000e+00 2.583863709578521073e-02 0.000000000000000000e+00 1.000000000000000000e+00 1.000000000000000000e+00 0.000000000000000000e+00 0.000000000000000000e+00 -1.000000000000000000e+00 -1.000000000000000000e+00
3.600000000000000000e+01 3.158988731265496881e+03 1.050143209696331326e+01 -5.955267781271986888e-02 2.996742993722826043e+00 0.000000000000000000e+00 9.000000000000001055e-02 0.000000000000000000e+00 1.000000000000000000e+00 1.000000000000000000e+00 0.000000000000000000e+00 0.000000000000000000e+00 -1.000000000000000000e+00 -1.000000000000000000e+00
9.200000000000000000e+01 9.201293753945433309e+02 1.083921390936475859e+01 -2.863670246750669168e-01 3.100000000000000089e+00 0.000000000000000000e+00 1.039408636535395919e-02 0.000000000000000000e+00 1.000000000000000000e+00 1.000000000000000000e+00 0.000000000000000000e+00 0.000000000000000000e+00 -1.000000000000000000e+00 -1.000000000000000000e+00
9.500000000000000000e+01 6.314106424977623647e+03 1.028413488716508262e+01 -2.969308053102855810e-02 5.663325518292561256e-01 0.000000000000000000e+00 1.000000000000000021e-02 0.000000000000000000e+00 1.000000000000000000e+00 1.000000000000000000e+00 0.000000000000000000e+00 0.000000000000000000e+00 -1.000000000000000000e+00 -1.000000000000000000e+00
1.030000000000000000e+02 9.211085054125125680e+03 1.022041828030454091e+01 1.381397999178206326e-02 7.764272158231148024e-01 0.000000000000000000e+00 1.141017011724057909e-02 0.000000000000000000e+00 1.000000000000000000e+00 1.000000000000000000e+00 0.000000000000000000e+00 0.000000000000000000e+00 -1.000000000000000000e+00 -1.000000000000000000e+00
1.090000000000000000e+02 6.097641954229213297e+03 2.599301749558899743e+01 -2.769319873366539106e-02 1.310560250072749122e+00 0.000000000000000000e+00 9.000000000000001055e-02 0.000000000000000000e+00 1.000000000000000000e+00 1.000000000000000000e+00 0.000000000000000000e+00 0.000000000000000000e+00 -1.000000000000000000e+00 -1.000000000000000000e+00
1.180000000000000000e+02 7.857988923972867497e+02 3.724212748133964368e+01 -2.050984074074101993e-01 2.993346152629476897e+00 0.000000000000000000e+00 9.000000000000001055e-02 0.000000000000000000e+00 1.000000000000000000e+00 1.000000000000000000e+00 0.000000000000000000e+00 0.000000000000000000e+00 -1.000000000000000000e+00 -1.000000000000000000e+00
1.670000000000000000e+02 7.428015044696346195e+03 1.851619095626972822e+01 -9.926967161365396475e-02 3.055092480601975691e+00 0.000000000000000000e+00 1.453311842426828308e-02 0.000000000000000000e+00 1.000000000000000000e+00 1.000000000000000000e+00 0.000000000000000000e+00 0.000000000000000000e+00 -1.000000000000000000e+00 -1.000000000000000000e+00
1.740000000000000000e+02 8.083857444918041892e+02 1.228658413614735068e+01 -2.249976074587418662e-01 3.037519885003348907e+00 0.000000000000000000e+00 3.013304233926083001e-02 0.000000000000000000e+00 1.000000000000000000e+00 1.000000000000000000e+00 0.000000000000000000e+00 0.000000000000000000e+00 -1.000000000000000000e+00 -1.000000000000000000e+00
1.810000000000000000e+02 8.427743448964197341e+02 3.756481396662104544e+01 7.704348770712546313e-02 1.859004451762840349e+00 0.000000000000000000e+00 9.000000000000001055e-02 0.000000000000000000e+00 1.000000000000000000e+00 1.000000000000000000e+00 0.000000000000000000e+00 0.000000000000000000e+00 -1.000000000000000000e+00 -1.000000000000000000e+00
1.960000000000000000e+02 4.025050369966852031e+03 1.536608205057408938e+01 6.361967404379902449e-03 1.511557654013657492e+00 0.000000000000000000e+00 9.000000000000001055e-02 0.000000000000000000e+00 1.000000000000000000e+00 1.000000000000000000e+00 0.000000000000000000e+00 0.000000000000000000e+00 -1.000000000000000000e+00 -1.000000000000000000e+00
3.660000000000000000e+02 2.767301745177223324e+02 1.496091986114438477e+01 -2.170639547333687025e-01 3.100000000000000089e+00 0.000000000000000000e+00 7.430857928436565563e-02 -1.000000000000000000e+00 1.000000000000000000e+00 1.000000000000000000e+00 5.400000000000000000e+01 1.000000000000000000e+05 -1.000000000000000000e+00 -1.000000000000000000e+00
3.670000000000000000e+02 8.520929172826155309e+02 1.095630724993842620e+01 1.583087639725523632e-01 1.353481389992891915e+00 0.000000000000000000e+00 1.560169361950569482e-02 -1.000000000000000000e+00 1.000000000000000000e+00 1.000000000000000000e+00 5.400000000000000000e+01 2.000000000000000000e+05 -1.000000000000000000e+00 -1.000000000000000000e+00
3.680000000000000000e+02 5.099596073304380894e+01 3.288495706877153424e+01 9.362030448602710886e-03 1.003112648087081782e+00 0.000000000000000000e+00 8.858723252805555948e-02 -1.000000000000000000e+00 1.000000000000000000e+00 1.000000000000000000e+00 5.400000000000000000e+01 3.000000000000000000e+05 -1.000000000000000000e+00 -1.000000000000000000e+00
1.870000000000000000e+02 5.000000000000000000e+04 3.831378446541922500e+01 -5.330775073895562682e-02 3.100000000000000089e+00 3.096559316921263072e+00 2.461492134524101774e-02 1.570796326794896558e+00 1.000000000000000000e+00 1.000000000000000000e+00 0.000000000000000000e+00 0.000000000000000000e+00 -1.000000000000000000e+00 -1.000000000000000000e+00
3.700000000000000000e+02 8.396113803154501056e+02 1.135057225833454275e+01 -8.909445362812339064e-02 2.590184443753695831e+00 0.000000000000000000e+00 1.000000000000000056e-01 -1.000000000000000000e+00 1.000000000000000000e+00 1.000000000000000000e+00 5.400000000000000000e+01 4.000000000000000000e+05 -1.000000000000000000e+00 -1.000000000000000000e+00
3.690000000000000000e+02 5.000000000000000000e+04 5.386246499963778689e+01 6.300989929049705118e-01 0.000000000000000000e+00 0.000000000000000000e+00 2.378210297393549416e-02 -1.000000000000000000e+00 1.000000000000000000e+00 2.000000000000000000e+00 5.400000000000000000e+01 4.100000000000000000e+05 -1.000000000000000000e+00 -1.000000000000000000e+00
3.710000000000000000e+02 1.755014881410124144e+04 2.498108733433475237e+01 6.892515758808905879e-01 0.000000000000000000e+00 0.000000000000000000e+00 1.000000000000000021e-02 -1.000000000000000000e+00 1.000000000000000000e+00 2.000000000000000000e+00 5.400000000000000000e+01 5.000000000000000000e+05 -1.000000000000000000e+00 -1.000000000000000000e+00
3.720000000000000000e+02 8.693054589266479297e+02 1.824627351921544616e+01 3.316604143312912312e-02 6.180183904987013310e-01 0.000000000000000000e+00 9.000000000000001055e-02 -1.000000000000000000e+00 1.000000000000000000e+00 1.000000000000000000e+00 5.400000000000000000e+01 5.000000000000000000e+05 -1.000000000000000000e+00 -1.000000000000000000e+00
3.750000000000000000e+02 1.643005436421484546e+02 1.030174242965885156e+01 -3.986416834343818431e-03 2.739171538618562884e+00 0.000000000000000000e+00 9.000000000000001055e-02 -1.000000000000000000e+00 1.000000000000000000e+00 1.000000000000000000e+00 5.400000000000000000e+01 6.000000000000000000e+05 -1.000000000000000000e+00 -1.000000000000000000e+00
