# id_num orb_a mass spin spin_angle orb_inc orb_ecc orb_arg_periapse orb_ang_mom gen galaxy time_passed gw_freq gw_strain
0.000000000000000000e+00 5.000000000000000000e+04 1.021901337307894941e+01 -2.774282086040796846e-01 1.970715881847522333e+00 -4.756319028539024441e-02 9.794762442206131348e-02 0.000000000000000000e+00 1.000000000000000000e+00 1.000000000000000000e+00 0.000000000000000000e+00 0.000000000000000000e+00 -1.000000000000000000e+00 -1.000000000000000000e+00
1.000000000000000000e+00 1.703183788814395666e+04 1.396455616645231856e+01 -3.349356558860591693e-02 1.183822507114764777e+00 3.020999552612816177e-02 9.000000000000001055e-02 0.000000000000000000e+00 1.000000000000000000e+00 1.000000000000000000e+00 0.000000000000000000e+00 0.000000000000000000e+00 -1.000000000000000000e+00 -1.000000000000000000e+00
3.000000000000000000e+00 4.558874734485615772e+04 1.365423961943229969e+01 1.177926255656286114e-01 1.881762107148963858e+00 3.146333401835137433e+00 7.333865913190304453e-02 1.570796326794896558e+00 1.000000000000000000e+00 1.000000000000000000e+00 0.000000000000000000e+00 0.000000000000000000e+00 -1.000000000000000000e+00 -1.000000000000000000e+00
4.000000000000000000e+00 1.112544582234236987e+04 1.027078689985334847e+01 -2.459262541535944119e-02 9.089330270042805804e-01 3.149709722937938938e+00 6.734300538542395409e-02 1.570796326794896558e+00 1.000000000000000000e+00 1.000000000000000000e+00 0.000000000000000000e+00 0.000000000000000000e+00 -1.000000000000000000e+00 -1.000000000000000000e+00
6.000000000000000000e+00 4.317215413074192475e+04 1.105613004539301336e+01 -1.584207301770210463e-01 2.397656153525536293e+00 -1.575197939310472167e-02 5.463564746662619154e-02 0.000000000000000000e+00 1.000000000000000000e+00 1.000000000000000000e+00 0.000000000000000000e+00 0.000000000000000000e+00 -1.000000000000000000e+00 -1.000000000000000000e+00
7.000000000000000000e+00 1.281240369819905754e+04 1.096289803673667862e+01 -2.223714003219034313e-02 9.123714509127194283e-01 1.356819060342572686e-02 9.000000000000001055e-02 0.000000000000000000e+00 1.000000000000000000e+00 1.000000000000000000e+00 0.000000000000000000e+00 0.000000000000000000e+00 -1.000000000000000000e+00 -1.000000000000000000e+00
8.000000000000000000e+00 4.569340519396682066e+04 1.183714812701199826e+01 -1.919505669499651790e-01 2.033584516294466571e+00 3.770963793687175797e-02 2.859094844800753182e-02 1.570796326794896558e+00 1.000000000000000000e+00 1.000000000000000000e+00 0.000000000000000000e+00 0.000000000000000000e+00 -1.000000000000000000e+00 -1.000000000000000000e+00
9.000000000000000000e+00 4.894163206018455094e+04 3.428461121881969120e+01 -1.880194918218875896e-03 1.789391160476882847e+00 -9.697181851895006824e-03 9.016349450025049062e-02 0.000000000000000000e+00 1.000000000000000000e+00 1.000000000000000000e+00 0.000000000000000000e+00 0.000000000000000000e+00 -1.000000000000000000e+00 -1.000000000000000000e+00
1.100000000000000000e+01 3.261661045032649417e+04 1.125344313610598412e+01 4.518861583729444353e-02 1.428780513421405773e+00 -2.720063005834887429e-02 2.173451137830373359e-02 1.570796326794896558e+00 1.000000000000000000e+00 1.000000000000000000e+00 0.000000000000000000e+00 0.000000000000000000e+00 -1.000000000000000000e+00 -1.000000000000000000e+00
1.200000000000000000e+01 2.126270798155145167e+04 1.943615627916883781e+01 1.305252897161612857e-01 8.898373772486362077e-01 3.118997120662589495e+00 3.621857340230737188e-02 0.000000000000000000e+00 1.000000000000000000e+00 1.000000000000000000e+00 0.000000000000000000e+00 0.000000000000000000e+00 -1.000000000000000000e+00 -1.000000000000000000e+00
1.600000000000000000e+01 4.204846152894105762e+04 1.263417526096478127e+01 -1.945846388868401403e-02 7.150038030486537410e-01 3.161654922285542568e+00 6.043423597058207586e-02 0.000000000000000000e+00 1.000000000000000000e+00 1.000000000000000000e+00 0.000000000000000000e+00 0.000000000000000000e+00 -1.000000000000000000e+00 -1.000000000000000000e+00
1.800000000000000000e+01 1.869690498230949743e+04 1.287246221052740403e+01 7.750509725450772415e-03 1.395760859413128330e+00 3.147453995989018871e+00 1.131123251173014529e-02 0.000000000000000000e+00 1.000000000000000000e+00 1.000000000000000000e+00 0.000000000000000000e+00 0.000000000000000000e+00 -1.000000000000000000e+00 -1.000000000000000000e+00
1.900000000000000000e+01 3.035371947718497904e+04 1.141539515484630662e+01 -1.831542184665798170e-02 1.449564281589626358e+00 -2.641536495370226927e-03 4.610130706512775151e-02 0.000000000000000000e+00 1.000000000000000000e+00 1.000000000000000000e+00 0.000000000000000000e+00 0.000000000000000000e+00 -1.000000000000000000e+00 -1.000000000000000000e+00
2.400000000000000000e+01 5.457875457462115492e+02 2.734555478507229509e+01 -6.252267665741159663e-02 2.102537790877515356e+00 3.150262104281136732e+00 9.000000000000001055e-02 0.000000000000000000e+00 1.000000000000000000e+00 1.000000000000000000e+00 0.000000000000000000e+00 0.000000000000000000e+00 -1.000000000000000000e+00 -1.000000000000000000e+00
2.700000000000000000e+01 1.241373452172335419e+03 1.043123610615904795e+01 -1.550598295660001180e-01 1.965860120489800966e+00 1.435372294704549516e-02 9.000000000000001055e-02 1.570796326794896558e+00 1.000000000000000000e+00 1.000000000000000000e+00 0.000000000000000000e+00 0.000000000000000000e+00 -1.000000000000000000e+00 -1.000000000000000000e+00
3.000000000000000000e+01 9.972977084210997418e+03 2.693185815900094227e+01 -7.606974754484997769e-02 2.095692179190638438e+00 2.363492557043921430e-02 1.000000000000000056e-01 0.000000000000000000e+00 1.000000000000000000e+00 1.000000000000000000e+00 0.000000000000000000e+00 0.000000000000000000e+00 -1.000000000000000000e+00 -1.000000000000000000e+00
3.100000000000000000e+01 2.750954571376428430e+04 1.207976044639870317e+01 -1.117403581650587008e-01 2.496743313021409172e+00 -2.137779367017445670e-02 1.698475756201327930e-02 1.570796326794896558e+00 1.000000000000000000e+00 1.000000000000000000e+00 0.000000000000000000e+00 0.000000000000000000e+00 -1.000000000000000000e+00 -1.000000000000000000e+00
3.400000000000000000e+01 3.482479406262922566e+04 1.523402855940227063e+01 -3.213627469691780064e-02 1.223454159530902530e+00 -3.853104719249517141e-02 8.549184832445129445e-02 1.570796326794896558e+00 1.000000000000000000e+00 1.000000000000000000e+00 0.000000000000000000e+00 0.000000000000000000e+00 -1.000000000000000000e+00 -1.000000000000000000e+00
3.600000000000000000e+01 2.560254037488062022e+04 2.047007287901357486e+01 -1.120755929332608869e-01 2.778128193418655467e+00 3.171844649274230932e+00 1.000000000000000021e-02 1.570796326794896558e+00 1.000000000000000000e+00 1.000000000000000000e+00 0.000000000000000000e+00 0.000000000000000000e+00 -1.000000000000000000e+00 -1.000000000000000000e+00
4.500000000000000000e+01 5.000000000000000000e+04 3.536184159489594947e+01 -1.883755698284491353e-01 2.692481201672613178e+00 3.101364102838378933e+00 1.048675302004731767e-02 0.000000000000000000e+00 1.000000000000000000e+00 1.000000000000000000e+00 0.000000000000000000e+00 0.000000000000000000e+00 -1.000000000000000000e+00 -1.000000000000000000e+00
4.600000000000000000e+01 1.509489925114608559e+04 1.066016672099318008e+01 -1.402040412126959179e-01 2.620220393576725204e+00 -5.200156019393260484e-03 1.000000000000000056e-01 1.570796326794896558e+00 1.000000000000000000e+00 1.000000000000000000e+00 0.000000000000000000e+00 0.000000000000000000e+00 -1.000000000000000000e+00 -1.000000000000000000e+00
4.700000000000000000e+01 3.699221677742183238e+04 1.267809007427245049e+01 1.301101983396645706e-02 6.943598275182233381e-01 -1.449344584484032550e-03 4.049936012660414197e-02 0.000000000000000000e+00 1.000000000000000000e+00 1.000000000000000000e+00 0.000000000000000000e+00 0.000000000000000000e+00 -1.000000000000000000e+00 -1.000000000000000000e+00
4.800000000000000000e+01 3.408800178402339225e+04 1.850384154432722639e+01 3.870009289808429287e-02 9.871234388603669085e-01 -3.358515666440497344e-02 4.183878897301603755e-02 1.570796326794896558e+00 1.000000000000000000e+00 1.000000000000000000e+00 0.000000000000000000e+00 0.000000000000000000e+00 -1.000000000000000000e+00 -1.000000000000000000e+00
5.200000000000000000e+01 3.043204625514683721e+04 2.432177761739525224e+01 3.439564999001001877e-02 1.560706539647292779e+00 3.141436642316941974e+00 4.255085216491502620e-02 0.000000000000000000e+00 1.000000000000000000e+00 1.000000000000000000e+00 0.000000000000000000e+00 0.000000000000000000e+00 -1.000000000000000000e+00 -1.000000000000000000e+00
5.300000000000000000e+01 6.440389758291480575e+02 3.623263893181835726e+01 1.595608110006190017e-01 1.854785405687483513e+00 8.864893339751902385e-03 9.000000000000001055e-02 1.570796326794896558e+00 1.000000000000000000e+00 1.000000000000000000e+00 0.000000000000000000e+00 0.000000000000000000e+00 -1.000000000000000000e+00 -1.000000000000000000e+00
5.400000000000000000e+01 5.000000000000000000e+04 1.066392098620614881e+01 -9.914984887284032655e-03 9.353745521329277501e-01 3.172051772444425821e-02 5.316396215031053696e-02 0.000000000000000000e+00 1.000000000000000000e+00 1.000000000000000000e+00 0.000000000000000000e+00 0.000000000000000000e+00 -1.000000000000000000e+00 -1.000000000000000000e+00
5.600000000000000000e+01 1.235827736461802670e+04 1.022616966147114503e+01 -4.345443095619460488e-02 5.218124584432387580e-01 1.657859307098619867e-02 3.810166617044218745e-02 1.570796326794896558e+00 1.000000000000000000e+00 1.000000000000000000e+00 0.000000000000000000e+00 0.000000000000000000e+00 -1.000000000000000000e+00 -1.000000000000000000e+00
5.700000000000000000e+01 3.949122691026234679e+04 1.176179084146801657e+01 -7.715865372244054554e-02 3.100000000000000089e+00 1.780958207267726787e-02 5.851817073037065414e-02 1.570796326794896558e+00 1.000000000000000000e+00 1.000000000000000000e+00 0.000000000000000000e+00 0.000000000000000000e+00 -1.000000000000000000e+00 -1.000000000000000000e+00
5.900000000000000000e+01 2.775975400215629634e+04 1.023612703738904628e+01 5.784906568163628027e-02 1.867586552291421009e+00 -2.355507241573168500e-02 7.052193844976549497e-02 1.570796326794896558e+00 1.000000000000000000e+00 1.000000000000000000e+00 0.000000000000000000e+00 0.000000000000000000e+00 -1.000000000000000000e+00 -1.000000000000000000e+00
6.000000000000000000e+01 4.057240680184563098e+04 1.195856729233315718e+01 -9.276289561603195954e-02 2.654844421903642893e+00 -2.518328994843303803e-02 1.534685950922453912e-01 0.000000000000000000e+00 1.000000000000000000e+00 1.000000000000000000e+00 0.000000000000000000e+00 0.000000000000000000e+00 -1.000000000000000000e+00 -1.000000000000000000e+00
6.100000000000000000e+01 2.421498270375335051e+04 1.212729965827455736e+01 -3.982346367116088720e-02 1.238467655091668007e+00 3.206369569636654399e-02 5.404063244980726599e-02 0.000000000000000000e+00 1.000000000000000000e+00 1.000000000000000000e+00 0.000000000000000000e+00 0.000000000000000000e+00 -1.000000000000000000e+00 -1.000000000000000000e+00
6.200000000000000000e+01 2.064807760500452787e+04 1.214020014154396421e+01 4.447389478832775023e-02 1.116150789874723825e+00 3.117710977102987613e+00 5.932584009117945062e-02 1.570796326794896558e+00 1.000000000000000000e+00 1.000000000000000000e+00 0.000000000000000000e+00 0.000000000000000000e+00 -1.000000000000000000e+00 -1.000000000000000000e+00
6.300000000000000000e+01 1.924718207394278215e+04 1.039308846065165248e+01 -1.663029687284239833e-02 1.467537260835590551e+00 3.146480936591643296e+00 5.316614020303665061e-02 1.570796326794896558e+00 1.000000000000000000e+00 1.000000000000000000e+00 0.000000000000000000e+00 0.000000000000000000e+00 -1.000000000000000000e+00 -1.000000000000000000e+00
6.800000000000000000e+01 1.529112644970778638e+04 1.273161422188307057e+01 -1.169505997686183241e-01 2.279143119695776321e+00 -3.272816265777700462e-02 4.466173607000813173e-02 0.000000000000000000e+00 1.000000000000000000e+00 1.000000000000000000e+00 0.000000000000000000e+00 0.000000000000000000e+00 -1.000000000000000000e+00 -1.000000000000000000e+00
6.900000000000000000e+01 3.716308885355177335e+04 1.462054316067178661e+01 3.987422577055546591e-02 1.603902850461544016e+00 3.125114165735963123e+00 3.323290829049501544e-02 0.000000000000000000e+00 1.000000000000000000e+00 1.000000000000000000e+00 0.000000000000000000e+00 0.000000000000000000e+00 -1.000000000000000000e+00 -1.000000000000000000e+00
7.200000000000000000e+01 3.943950819403168134e+04 1.165643740531858619e+01 -1.485681388598159014e-01 3.100000000000000089e+00 3.107985850603322220e+00 1.620359589873550388e-01 1.570796326794896558e+00 1.000000000000000000e+00 1.000000000000000000e+00 0.000000000000000000e+00 0.000000000000000000e+00 -1.000000000000000000e+00 -1.000000000000000000e+00
7.400000000000000000e+01 2.825423105442233282e+04 1.547438136606977466e+01 1.584001973947093966e-01 6.205986495804960423e-01 3.100492345257956472e+00 4.020032603879805655e-02 1.570796326794896558e+00 1.000000000000000000e+00 1.000000000000000000e+00 0.000000000000000000e+00 0.000000000000000000e+00 -1.000000000000000000e+00 -1.000000000000000000e+00
7.500000000000000000e+01 1.726508540251479644e+04 1.270947016905557270e+01 -1.621392517195849314e-01 2.463347164983188176e+00 3.151716988452683665e+00 1.000000000000000056e-01 1.570796326794896558e+00 1.000000000000000000e+00 1.000000000000000000e+00 0.000000000000000000e+00 0.000000000000000000e+00 -1.000000000000000000e+00 -1.000000000000000000e+00
7.700000000000000000e+01 5.504771865424912676e+02 1.067810708018927102e+01 -1.556986570366476752e-01 3.100000000000000089e+00 6.339944155150812471e-03 1.563903386285955127e-02 1.570796326794896558e+00 1.000000000000000000e+00 1.000000000000000000e+00 0.000000000000000000e+00 0.000000000000000000e+00 -1.000000000000000000e+00 -1.000000000000000000e+00
7.900000000000000000e+01 4.410128391055198153e+04 2.112609887845308876e+01 3.596983079574211928e-02 8.878354848655334308e-01 1.873800471672657994e-02 1.955760186296780570e-02 1.570796326794896558e+00 1.000000000000000000e+00 1.000000000000000000e+00 0.000000000000000000e+00 0.000000000000000000e+00 -1.000000000000000000e+00 -1.000000000000000000e+00
8.000000000000000000e+01 2.992386822939551348e+04 1.425292361489452020e+01 -1.780826859535674100e-01 2.049287936138072030e+00 -4.437153386464600009e-03 3.409838520647413829e-02 1.570796326794896558e+00 1.000000000000000000e+00 1.000000000000000000e+00 0.000000000000000000e+00 0.000000000000000000e+00 -1.000000000000000000e+00 -1.000000000000000000e+00
8.100000000000000000e+01 2.420760393334699620e+04 1.083851726760040712e+01 -2.597845418945627510e-02 3.623826809449522401e-01 3.123615960414026560e+00 9.137706332738447512e-02 1.570796326794896558e+00 1.000000000000000000e+00 1.000000000000000000e+00 0.000000000000000000e+00 0.000000000000000000e+00 -1.000000000000000000e+00 -1.000000000000000000e+00
8.800000000000000000e+01 2.797870366026847842e+04 1.418053988697117340e+01 8.520086074125446385e-02 1.316966612265205061e+00 -4.940722820325994455e-04 1.515325784935814442e-02 1.570796326794896558e+00 1.000000000000000000e+00 1.000000000000000000e+00 0.000000000000000000e+00 0.000000000000000000e+00 -1.000000000000000000e+00 -1.000000000000000000e+00
9.200000000000000000e+01 2.417187252249552330e+04 1.167150464099132456e+01 -7.874472784398611758e-02 3.100000000000000089e+00 -3.556896125978033230e-02 1.274419321061807074e-02 1.570796326794896558e+00 1.000000000000000000e+00 1.000000000000000000e+00 0.000000000000000000e+00 0.000000000000000000e+00 -1.000000000000000000e+00 -1.000000000000000000e+00
9.600000000000000000e+01 5.397247027159563686e+02 1.155787204369149812e+01 2.425930467060423423e-02 1.253140959951025035e+00 1.171504013553233657e-02 1.016795169616966678e-02 1.570796326794896558e+00 1.000000000000000000e+00 1.000000000000000000e+00 0.000000000000000000e+00 0.000000000000000000e+00 -1.000000000000000000e+00 -1.000000000000000000e+00
9.700000000000000000e+01 5.000000000000000000e+04 1.643318006338585846e+01 7.945505436256372622e-02 8.435001032947809785e-01 3.156931499677102071e+00 1.473953866508900291e-02 0.000000000000000000e+00 1.000000000000000000e+00 1.000000000000000000e+00 0.000000000000000000e+00 0.000000000000000000e+00 -1.000000000000000000e+00 -1.000000000000000000e+00
9.900000000000000000e+01 5.000000000000000000e+04 1.177302472627120800e+01 -1.214904206181828122e-01 2.439339367375144452e+00 3.160403437028089346e+00 7.385109760304753301e-02 1.570796326794896558e+00 1.000000000000000000e+00 1.000000000000000000e+00 0.000000000000000000e+00 0.000000000000000000e+00 -1.000000000000000000e+00 -1.000000000000000000e+00
1.010000000000000000e+02 6.212519347952154476e+02 1.340009213239213004e+01 -6.103766659770146208e-02 2.163972149019734115e+00 3.255582741638627167e-03 4.554669086131703237e-02 1.570796326794896558e+00 1.000000000000000000e+00 1.000000000000000000e+00 0.000000000000000000e+00 0.000000000000000000e+00 -1.000000000000000000e+00 -1.000000000000000000e+00
1.060000000000000000e+02 6.300000000000000000e+02 1.049455061887680429e+01 -7.043210839877192542e-02 3.100000000000000089e+00 3.142276995511106730e+00 3.394637898086617922e-02 0.000000000000000000e+00 1.000000000000000000e+00 1.000000000000000000e+00 0.000000000000000000e+00 0.000000000000000000e+00 -1.000000000000000000e+00 -1.000000000000000000e+00
1.070000000000000000e+02 2.592636434792383807e+04 1.245788986798435438e+01 -5.591833469880432700e-02 2.467307218031010052e+00 -8.032005257777774868e-03 8.316674316932652633e-02 1.570796326794896558e+00 1.000000000000000000e+00 1.000000000000000000e+00 0.000000000000000000e+00 0.000000000000000000e+00 -1.000000000000000000e+00 -1.000000000000000000e+00
1.080000000000000000e+02 3.340451394648215228e+03 1.028819549002712108e+01 1.273078973658412494e-01 1.861952129301065018e+00 3.151901939711692080e+00 9.000000000000001055e-02 1.570796326794896558e+00 1.000000000000000000e+00 1.000000000000000000e+00 0.000000000000000000e+00 0.000000000000000000e+00 -1.000000000000000000e+00 -1.000000000000000000e+00
1.100000000000000000e+02 7.157084286144828184e+03 1.020782841303972965e+01 -2.902133617523855458e-02 2.457605412489572982e-01 2.526543662403756690e-02 9.000000000000001055e-02 1.570796326794896558e+00 1.000000000000000000e+00 1.000000000000000000e+00 0.000000000000000000e+00 0.000000000000000000e+00 -1.000000000000000000e+00 -1.000000000000000000e+00
1.110000000000000000e+02 4.346412629335321253e+04 1.106607855222821968e+01 -9.974692553625681690e-02 2.743108498563660902e+00 3.149816847625737992e+00 7.628997656116635884e-02 0.000000000000000000e+00 1.000000000000000000e+00 1.000000000000000000e+00 0.000000000000000000e+00 0.000000000000000000e+00 -1.000000000000000000e+00 -1.000000000000000000e+00
1.120000000000000000e+02 3.335574067005385587e+04 1.100108874798452874e+01 -1.088880511558209807e-01 2.016621225342074109e+00 2.917746647995622319e-02 1.368196105175759347e-01 0.000000000000000000e+00 1.000000000000000000e+00 1.000000000000000000e+00 0.000000000000000000e+00 0.000000000000000000e+00 -1.000000000000000000e+00 -1.000000000000000000e+00
1.160000000000000000e+02 3.776617136879680766e+04 1.190205818065887655e+01 -3.444749651723048173e-02 1.718871986017329379e+00 3.100821391401046956e+00 3.317521137672329451e-02 0.000000000000000000e+00 1.000000000000000000e+00 1.000000000000000000e+00 0.000000000000000000e+00 0.000000000000000000e+00 -1.000000000000000000e+00 -1.000000000000000000e+00
1.170000000000000000e+02 3.427776445083217550e+04 3.169743928753586815e+01 -4.265079331870195306e-02 9.837510537561019452e-01 3.116293493201642395e+00 2.562168193753424153e-02 0.000000000000000000e+00 1.000000000000000000e+00 1.000000000000000000e+00 0.000000000000000000e+00 0.000000000000000000e+00 -1.000000000000000000e+00 -1.000000000000000000e+00
1.200000000000000000e+02 3.620631473615155846e+04 1.350479425551500157e+01 1.954732088462767248e-01 9.505188276674388925e-01 3.101069240805440330e+00 1.724219492932151654e-01 1.570796326794896558e+00 1.000000000000000000e+00 1.000000000000000000e+00 0.000000000000000000e+00 0.000000000000000000e+00 -1.000000000000000000e+00 -1.000000000000000000e+00
1.210000000000000000e+02 4.440230938826645433e+04 3.764038739539578415e+01 1.056537398997891841e-01 1.236797868826766456e+00 -4.018491743348510947e-02 2.345594467797733687e-02 0.000000000000000000e+00 1.000000000000000000e+00 1.000000000000000000e+00 0.000000000000000000e+00 0.000000000000000000e+00 -1.000000000000000000e+00 -1.000000000000000000e+00
1.220000000000000000e+02 5.000000000000000000e+04 3.071386277936148801e+01 4.410995049658944511e-02 1.752803774897782274e+00 3.171831470614405735e-02 1.326444755314606580e-02 1.570796326794896558e+00 1.000000000000000000e+00 1.000000000000000000e+00 0.000000000000000000e+00 0.000000000000000000e+00 -1.000000000000000000e+00 -1.000000000000000000e+00
1.230000000000000000e+02 3.717153295861173683e+04 1.419233041445393440e+01 9.534997344543547082e-02 4.051582329914885094e-01 1.395071323102699962e-02 2.336357513069536873e-02 1.570796326794896558e+00 1.000000000000000000e+00 1.000000000000000000e+00 0.000000000000000000e+00 0.000000000000000000e+00 -1.000000000000000000e+00 -1.000000000000000000e+00
1.240000000000000000e+02 2.186165981284153531e+04 1.273771881602563560e+01 -5.119382697497255191e-02 2.597268001646352076e+00 2.776433607868739398e-02 1.000000000000000021e-02 0.000000000000000000e+00 1.000000000000000000e+00 1.000000000000000000e+00 0.000000000000000000e+00 0.000000000000000000e+00 -1.000000000000000000e+00 -1.000000000000000000e+00
1.250000000000000000e+02 2.202975016985226466e+04 1.088559597020583958e+01 -9.189472539081267044e-02 1.982288705577714083e+00 3.147840758931481631e+00 8.935931081163703271e-02 0.000000000000000000e+00 1.000000000000000000e+00 1.000000000000000000e+00 0.000000000000000000e+00 0.000000000000000000e+00 -1.000000000000000000e+00 -1.000000000000000000e+00
1.270000000000000000e+02 9.494730183421339461e+03 1.077684597124422616e+01 1.037732743185555973e-01 1.198582474165080791e+00 -1.273525382771487253e-02 1.170730029970512738e-02 1.570796326794896558e+00 1.000000000000000000e+00 1.000000000000000000e+00 0.000000000000000000e+00 0.000000000000000000e+00 -1.000000000000000000e+00 -1.000000000000000000e+00
1.280000000000000000e+02 1.434766832907733260e+04 1.039471813934353150e+01 -6.285279066600808762e-02 2.829756002587788810e+00 4.711000643809621843e-03 4.672096918722854625e-02 0.000000000000000000e+00 1.000000000000000000e+00 1.000000000000000000e+00 0.000000000000000000e+00 0.000000000000000000e+00 -1.000000000000000000e+00 -1.000000000000000000e+00
1.330000000000000000e+02 5.500000000000000728e+04 3.194959073477433265e+01 -1.212909261909107389e-01 2.864320503079101243e+00 2.411164835348106328e-02 1.000000000000000056e-01 1.570796326794896558e+00 1.000000000000000000e+00 1.000000000000000000e+00 0.000000000000000000e+00 0.000000000000000000e+00 -1.000000000000000000e+00 -1.000000000000000000e+00
1.360000000000000000e+02 5.000000000000000000e+04 1.185741042357980390e+01 4.593616217610289876e-02 1.725197160761733350e+00 4.006213327105611482e-02 9.190238580870395413e-02 0.000000000000000000e+00 1.000000000000000000e+00 1.000000000000000000e+00 0.000000000000000000e+00 0.000000000000000000e+00 -1.000000000000000000e+00 -1.000000000000000000e+00
1.380000000000000000e+02 1.343175925180553713e+04 1.102390538005811749e+01 5.118980887230811794e-04 1.372647841935431101e+00 -1.232773124793432040e-03 1.903190971257539069e-02 1.570796326794896558e+00 1.000000000000000000e+00 1.000000000000000000e+00 0.000000000000000000e+00 0.000000000000000000e+00 -1.000000000000000000e+00 -1.000000000000000000e+00
1.400000000000000000e+02 4.456026015201591508e+04 1.158431120441079187e+01 -2.116816170119265039e-02 4.346298763493847694e-01 -1.335388072982595167e-02 2.065143728631126385e-01 0.000000000000000000e+00 1.000000000000000000e+00 1.000000000000000000e+00 0.000000000000000000e+00 0.000000000000000000e+00 -1.000000000000000000e+00 -1.000000000000000000e+00
1.410000000000000000e+02 1.403511089359508878e+04 1.291801382868121451e+01 -8.742393776950738160e-02 3.100000000000000089e+00 3.124419830250690477e+00 6.845153075332298387e-02 1.570796326794896558e+00 1.000000000000000000e+00 1.000000000000000000e+00 0.000000000000000000e+00 0.000000000000000000e+00 -1.000000000000000000e+00 -1.000000000000000000e+00
1.480000000000000000e+02 4.460126210223975067e+04 1.211761483353157764e+01 6.634847845552671597e-02 7.234290357810926331e-01 -2.387248222277446250e-02 9.700499364801022650e-02 1.570796326794896558e+00 1.000000000000000000e+00 1.000000000000000000e+00 0.000000000000000000e+00 0.000000000000000000e+00 -1.000000000000000000e+00 -1.000000000000000000e+00
1.510000000000000000e+02 1.436534322155720292e+04 1.182785875468447934e+01 -1.463206959247710381e-01 3.100000000000000089e+00 3.157306066786126575e+00 4.954073232503969360e-02 1.570796326794896558e+00 1.000000000000000000e+00 1.000000000000000000e+00 0.000000000000000000e+00 0.000000000000000000e+00 -1.000000000000000000e+00 -1.000000000000000000e+00
1.520000000000000000e+02 1.903728812804681365e+04 1.803625264714082022e+01 -1.208346494896250234e-01 3.086040000000000116e+00 3.131182368987901921e+00 1.000000000000000021e-02 1.570796326794896558e+00 1.000000000000000000e+00 1.000000000000000000e+00 0.000000000000000000e+00 0.000000000000000000e+00 -1.000000000000000000e+00 -1.000000000000000000e+00
1.550000000000000000e+02 1.818780629540282462e+04 1.030763313396408520e+01 -4.238715388025171560e-02 4.874017293091226222e-01 1.676461899396990834e-02 1.000000000000000021e-02 1.570796326794896558e+00 1.000000000000000000e+00 1.000000000000000000e+00 0.000000000000000000e+00 0.000000000000000000e+00 -1.000000000000000000e+00 -1.000000000000000000e+00
1.590000000000000000e+02 3.273937777444464518e+04 1.216645859757456805e+01 -4.524677469520251016e-02 1.717771073101960866e+00 -3.053503400052395150e-02 1.456451828225562711e-02 0.000000000000000000e+00 1.000000000000000000e+00 1.000000000000000000e+00 0.000000000000000000e+00 0.000000000000000000e+00 -1.000000000000000000e+00 -1.000000000000000000e+00
1.600000000000000000e+02 4.483610489447463624e+04 2.332396457193929606e+01 -1.658078188529518160e-01 3.100000000000000089e+00 3.164256534786422215e+00 5.735454862723790570e-02 1.570796326794896558e+00 1.000000000000000000e+00 1.000000000000000000e+00 0.000000000000000000e+00 0.000000000000000000e+00 -1.000000000000000000e+00 -1.000000000000000000e+00
1.670000000000000000e+02 3.602582964693406393e+04 3.767412333818575831e+01 -8.377227792313438060e-02 2.656604962470478171e+00 3.161271429443046177e+00 7.809383347140486098e-02 0.000000000000000000e+00 1.000000000000000000e+00 1.000000000000000000e+00 0.000000000000000000e+00 0.000000000000000000e+00 -1.000000000000000000e+00 -1.000000000000000000e+00
1.680000000000000000e+02 2.447590504357823011e+04 1.540636129504481033e+01 -1.204404158578895462e-01 2.951861809177449114e+00 2.691601968412050613e-02 3.746840055819636306e-02 0.000000000000000000e+00 1.000000000000000000e+00 1.000000000000000000e+00 0.000000000000000000e+00 0.000000000000000000e+00 -1.000000000000000000e+00 -1.000000000000000000e+00
1.690000000000000000e+02 5.000000000000000000e+04 1.169434951316165794e+01 7.142874865416955210e-02 1.361797414892133240e+00 4.765133987685638700e-02 7.202168792082500048e-02 0.000000000000000000e+00 1.000000000000000000e+00 1.000000000000000000e+00 0.000000000000000000e+00 0.000000000000000000e+00 -1.000000000000000000e+00 -1.000000000000000000e+00
1.700000000000000000e+02 5.000000000000000000e+04 3.517615255315466527e+01 -2.518912468913751534e-01 2.615683189030266753e+00 -3.491545364502444699e-03 1.365908730372130189e-02 0.000000000000000000e+00 1.000000000000000000e+00 1.000000000000000000e+00 0.000000000000000000e+00 0.000000000000000000e+00 -1.000000000000000000e+00 -1.000000000000000000e+00
1.720000000000000000e+02 1.496333516785712345e+04 1.312609899175315498e+01 1.635507359212058087e-01 1.860694211152445154e+00 -1.749055766763200903e-02 7.039959816054761066e-02 1.570796326794896558e+00 1.000000000000000000e+00 1.000000000000000000e+00 0.000000000000000000e+00 0.000000000000000000e+00 -1.000000000000000000e+00 -1.000000000000000000e+00
1.760000000000000000e+02 4.741255515583297529e+04 3.498099198947770816e+01 -7.937433745474342661e-02 2.069858172114032779e+00 5.948941892610438813e-03 7.003070969626989939e-02 1.570796326794896558e+00 1.000000000000000000e+00 1.000000000000000000e+00 0.000000000000000000e+00 0.000000000000000000e+00 -1.000000000000000000e+00 -1.000000000000000000e+00
1.810000000000000000e+02 2.045549150988244946e+04 1.389207418263450400e+01 -1.957121643754996532e-01 3.100000000000000089e+00 2.499095695743113604e-02 6.289770380384060444e-02 1.570796326794896558e+00 1.000000000000000000e+00 1.000000000000000000e+00 0.000000000000000000e+00 0.000000000000000000e+00 -1.000000000000000000e+00 -1.000000000000000000e+00
1.820000000000000000e+02 1.552703180749316925e+04 1.245363918209399046e+01 -1.928525247822631405e-01 3.050249231056822552e+00 3.125993692975231220e+00 5.061913510963264584e-02 0.000000000000000000e+00 1.000000000000000000e+00 1.000000000000000000e+00 0.000000000000000000e+00 0.000000000000000000e+00 -1.000000000000000000e+00 -1.000000000000000000e+00
1.840000000000000000e+02 6.654164766315477664e+02 3.423179753585750973e+01 8.548035843165210923e-02 1.509003290712151113e+00 3.129726778579511759e+00 8.100000000000001643e-02 0.000000000000000000e+00 1.000000000000000000e+00 1.000000000000000000e+00 0.000000000000000000e+00 0.000000000000000000e+00 -1.000000000000000000e+00 -1.000000000000000000e+00
1.860000000000000000e+02 4.399156140784620948e+04 1.452120607628453541e+01 -1.534876106252068551e-01 1.881105607701832216e+00 1.209879653158213095e-02 7.185404667127880118e-02 0.000000000000000000e+00 1.000000000000000000e+00 1.000000000000000000e+00 0.000000000000000000e+00 0.000000000000000000e+00 -1.000000000000000000e+00 -1.000000000000000000e+00
1.880000000000000000e+02 1.792546873027769834e+04 1.494859027630068660e+01 7.307738795099189000e-02 3.941916009533032450e-01 3.163287144695701603e+00 1.000000000000000056e-01 1.570796326794896558e+00 1.000000000000000000e+00 1.000000000000000000e+00 0.000000000000000000e+00 0.000000000000000000e+00 -1.000000000000000000e+00 -1.000000000000000000e+00
1.890000000000000000e+02 4.367963531805995444e+04 1.123102854855122068e+01 9.521832712024574930e-02 1.719193835690600913e+00 3.117065160058208662e+00 2.298379491399135943e-01 1.570796326794896558e+00 1.000000000000000000e+00 1.000000000000000000e+00 0.000000000000000000e+00 0.000000000000000000e+00 -1.000000000000000000e+00 -1.000000000000000000e+00
1.920000000000000000e+02 3.017179725798828076e+04 3.232459309179324691e+01 -4.440614040297568427e-02 2.611625352835630132e+00 3.116041465236840224e+00 5.831579868400224576e-02 0.000000000000000000e+00 1.000000000000000000e+00 1.000000000000000000e+00 0.000000000000000000e+00 0.000000000000000000e+00 -1.000000000000000000e+00 -1.000000000000000000e+00
1.930000000000000000e+02 1.986723245975000100e+04 1.444163412852741324e+01 -2.871428329314495431e-01 2.620283183126418169e+00 3.144700993885705564e+00 6.518131908457780455e-02 0.000000000000000000e+00 1.000000000000000000e+00 1.000000000000000000e+00 0.000000000000000000e+00 0.000000000000000000e+00 -1.000000000000000000e+00 -1.000000000000000000e+00
1.950000000000000000e+02 7.948256171596760851e+02 1.223970156886712779e+01 -1.749170027559668605e-01 3.100000000000000089e+00 -1.133958133701204983e-02 9.000000000000001055e-02 0.000000000000000000e+00 1.000000000000000000e+00 1.000000000000000000e+00 0.000000000000000000e+00 0.000000000000000000e+00 -1.000000000000000000e+00 -1.000000000000000000e+00
1.960000000000000000e+02 4.812016244471776190e+03 2.005216262739772048e+01 3.677241348966188428e-02 1.465552421951109352e+00 3.149305006677074026e+00 9.000000000000001055e-02 0.000000000000000000e+00 1.000000000000000000e+00 1.000000000000000000e+00 0.000000000000000000e+00 0.000000000000000000e+00 -1.000000000000000000e+00 -1.000000000000000000e+00
1.970000000000000000e+02 2.244744294178584823e+04 1.913059841880967582e+01 2.501208413576661016e-02 6.087745528506912640e-01 3.135853016289547490e+00 2.295324533102215125e-02 0.000000000000000000e+00 1.000000000000000000e+00 1.000000000000000000e+00 0.000000000000000000e+00 0.000000000000000000e+00 -1.000000000000000000e+00 -1.000000000000000000e+00
2.000000000000000000e+02 3.151916536633340729e+04 3.096994996279339674e+01 -3.328985514420811087e-02 7.022576820308584766e-01 3.111310633726220409e+00 1.266525125137227606e-02 1.570796326794896558e+00 1.000000000000000000e+00 1.000000000000000000e+00 0.000000000000000000e+00 0.000000000000000000e+00 -1.000000000000000000e+00 -1.000000000000000000e+00
3.650000000000000000e+02 2.674868611361804938e+02 1.165610054152513975e+01 -1.001143057687295113e-01 2.889629517801328262e+00 0.000000000000000000e+00 7.646462111867254052e-02 -1.000000000000000000e+00 1.000000000000000000e+00 1.000000000000000000e+00 8.200000000000000000e+01 0.000000000000000000e+00 -1.000000000000000000e+00 -1.000000000000000000e+00
5.000000000000000000e+00 1.296315376028776154e+04 1.040787987779961377e+01 -2.674087287800760993e-02 5.181329204601213823e-01 0.000000000000000000e+00 1.642257717682823678e-02 1.570796326794896558e+00 1.000000000000000000e+00 1.000000000000000000e+00 0.000000000000000000e+00 0.000000000000000000e+00 -1.000000000000000000e+00 -1.000000000000000000e+00
1.000000000000000000e+01 1.700997155628116525e+04 1.895699247099145524e+01 6.185530577824284795e-03 7.832818177628443346e-01 1.644544307714414580e-02 1.000000000000000056e-01 1.570796326794896558e+00 1.000000000000000000e+00 1.000000000000000000e+00 0.000000000000000000e+00 0.000000000000000000e+00 -1.000000000000000000e+00 -1.000000000000000000e+00
1.400000000000000000e+01 3.823301260242202989e+04 3.402204107467627381e+01 -1.570948303156003145e-01 2.797000485165179295e+00 2.484301002691922597e-02 5.933525121600798785e-02 1.570796326794896558e+00 1.000000000000000000e+00 1.000000000000000000e+00 0.000000000000000000e+00 0.000000000000000000e+00 -1.000000000000000000e+00 -1.000000000000000000e+00
3.300000000000000000e+01 2.888639691617173958e+04 1.578078357523349062e+01 -9.716667205923310013e-02 3.100000000000000089e+00 0.000000000000000000e+00 6.029766644314638047e-02 1.570796326794896558e+00 1.000000000000000000e+00 1.000000000000000000e+00 0.000000000000000000e+00 0.000000000000000000e+00 -1.000000000000000000e+00 -1.000000000000000000e+00
3.800000000000000000e+01 4.375743081847291614e+04 2.228974438674656611e+01 -8.245870956585020506e-02 3.089191011677210330e+00 0.000000000000000000e+00 9.611956062193313666e-02 1.570796326794896558e+00 1.000000000000000000e+00 1.000000000000000000e+00 0.000000000000000000e+00 0.000000000000000000e+00 -1.000000000000000000e+00 -1.000000000000000000e+00
4.100000000000000000e+01 1.767151154612200116e+04 2.637513781400622648e+01 -9.892863279913600982e-02 2.123333911290012033e+00 2.108166625324427515e-02 1.000000000000000056e-01 1.570796326794896558e+00 1.000000000000000000e+00 1.000000000000000000e+00 0.000000000000000000e+00 0.000000000000000000e+00 -1.000000000000000000e+00 -1.000000000000000000e+00
4.900000000000000000e+01 1.879885432605676033e+04 1.050978006566834999e+01 5.585383709067087699e-02 1.837954043160022310e+00 2.980883777192517431e-02 1.000000000000000021e-02 1.570796326794896558e+00 1.000000000000000000e+00 1.000000000000000000e+00 0.000000000000000000e+00 0.000000000000000000e+00 -1.000000000000000000e+00 -1.000000000000000000e+00
7.800000000000000000e+01 5.000000000000000000e+04 1.944909453568410029e+01 -9.320804884490994924e-02 2.240791471749615127e+00 5.052901946098321828e-02 8.837407149209555723e-02 1.570796326794896558e+00 1.000000000000000000e+00 1.000000000000000000e+00 0.000000000000000000e+00 0.000000000000000000e+00 -1.000000000000000000e+00 -1.000000000000000000e+00
8.200000000000000000e+01 2.229505375021656437e+04 1.263196048653995973e+01 -2.123093759902990041e-01 2.540996829985701755e+00 0.000000000000000000e+00 6.431244819533059320e-02 1.570796326794896558e+00 1.000000000000000000e+00 1.000000000000000000e+00 0.000000000000000000e+00 0.000000000000000000e+00 -1.000000000000000000e+00 -1.000000000000000000e+00
8.500000000000000000e+01 5.000000000000000000e+04 3.896719666283159000e+01 -7.637488214061592673e-02 2.531332586528330264e+00 0.000000000000000000e+00 3.151308549689433441e-02 1.570796326794896558e+00 1.000000000000000000e+00 1.000000000000000000e+00 0.000000000000000000e+00 0.000000000000000000e+00 -1.000000000000000000e+00 -1.000000000000000000e+00
8.900000000000000000e+01 8.217646912145050919e+02 1.119125653138003251e+01 -9.151671865433377850e-02 3.011685644481667978e+00 0.000000000000000000e+00 1.000000000000000056e-01 1.570796326794896558e+00 1.000000000000000000e+00 1.000000000000000000e+00 0.000000000000000000e+00 0.000000000000000000e+00 -1.000000000000000000e+00 -1.000000000000000000e+00
9.100000000000000000e+01 2.899603104807691852e+04 1.121812393703358701e+01 4.805918351044366488e-02 5.452867358231464623e-01 1.595538808387118521e-02 7.121305981676730179e-02 1.570796326794896558e+00 1.000000000000000000e+00 1.000000000000000000e+00 0.000000000000000000e+00 0.000000000000000000e+00 -1.000000000000000000e+00 -1.000000000000000000e+00
9.300000000000000000e+01 1.763221441584243075e+04 2.495241883977647035e+01 -1.546799947680936038e-01 2.778564157153725844e+00 1.027240288235507781e-02 1.512760611391338571e-02 1.570796326794896558e+00 1.000000000000000000e+00 1.000000000000000000e+00 0.000000000000000000e+00 0.000000000000000000e+00 -1.000000000000000000e+00 -1.000000000000000000e+00
1.000000000000000000e+02 1.843722642353862830e+04 3.153414381178889769e+01 7.340553944328275827e-03 1.786909355361642637e+00 7.301407976693419927e-03 6.194847995186889694e-02 1.570796326794896558e+00 1.000000000000000000e+00 1.000000000000000000e+00 0.000000000000000000e+00 0.000000000000000000e+00 -1.000000000000000000e+00 -1.000000000000000000e+00
1.020000000000000000e+02 1.142505270683324028e+02 1.834408208098257020e+01 2.101036277116663520e-02 1.395511041935613372e+00 7.928498435461303270e-03 7.916597760096132086e-02 1.570796326794896558e+00 1.000000000000000000e+00 1.000000000000000000e+00 0.000000000000000000e+00 0.000000000000000000e+00 -1.000000000000000000e+00 -1.000000000000000000e+00
1.130000000000000000e+02 1.144740946578804869e+04 1.133317217020557166e+01 -5.899709852373617031e-02 3.015058939919411429e+00 0.000000000000000000e+00 1.000000000000000056e-01 1.570796326794896558e+00 1.000000000000000000e+00 1.000000000000000000e+00 0.000000000000000000e+00 0.000000000000000000e+00 -1.000000000000000000e+00 -1.000000000000000000e+00
1.450000000000000000e+02 1.704197935859993959e+04 1.290080722575086902e+01 -1.239062907952952347e-01 2.243668863322305196e+00 6.928137797866413140e-04 3.325789901569489032e-02 1.570796326794896558e+00 1.000000000000000000e+00 1.000000000000000000e+00 0.000000000000000000e+00 0.000000000000000000e+00 -1.000000000000000000e+00 -1.000000000000000000e+00
1.540000000000000000e+02 4.444140060630536755e+04 1.550050475802298422e+01 -2.015229657580865918e-01 3.058973000830143452e+00 0.000000000000000000e+00 2.431096710834390606e-02 1.570796326794896558e+00 1.000000000000000000e+00 1.000000000000000000e+00 0.000000000000000000e+00 0.000000000000000000e+00 -1.000000000000000000e+00 -1.000000000000000000e+00
1.660000000000000000e+02 1.961162649431753016e+04 1.334758682241060868e+01 -3.768749157453769177e-02 9.587936247809744073e-01 0.000000000000000000e+00 6.665697504768558490e-02 1.570796326794896558e+00 1.000000000000000000e+00 1.000000000000000000e+00 0.000000000000000000e+00 0.000000000000000000e+00 -1.000000000000000000e+00 -1.000000000000000000e+00
1.740000000000000000e+02 5.000000000000000000e+04 1.109263699526902336e+01 -4.531604556675331019e-02 3.100000000000000089e+00 0.000000000000000000e+00 3.804894905592937082e-02 1.570796326794896558e+00 1.000000000000000000e+00 1.000000000000000000e+00 0.000000000000000000e+00 0.000000000000000000e+00 -1.000000000000000000e+00 -1.000000000000000000e+00
1.770000000000000000e+02 2.198026149015826741e+04 1.942791379501329274e+01 -1.011737584950439667e-01 2.559889060040783093e+00 2.212293085872998541e-03 2.402198683691518163e-02 1.570796326794896558e+00 1.000000000000000000e+00 1.000000000000000000e+00 0.000000000000000000e+00 0.000000000000000000e+00 -1.000000000000000000e+00 -1.000000000000000000e+00
1.910000000000000000e+02 1.824942735653709315e+04 1.520541639216472696e+01 -7.603158518217448258e-02 3.100000000000000089e+00 0.000000000000000000e+00 1.509797808460702599e-02 1.570796326794896558e+00 1.000000000000000000e+00 1.000000000000000000e+00 0.000000000000000000e+00 0.000000000000000000e+00 -1.000000000000000000e+00 -1.000000000000000000e+00
1.980000000000000000e+02 1.983154860624956564e+04 1.014690403369206706e+01 -3.075120017309576625e-02 1.840655672164069223e+00 2.588540673593113517e-02 7.466587315620226706e-02 1.570796326794896558e+00 1.000000000000000000e+00 1.000000000000000000e+00 0.000000000000000000e+00 0.000000000000000000e+00 -1.000000000000000000e+00 -1.000000000000000000e+00
1.500000000000000000e+01 9.526846825099542912e+03 2.938368773785628818e+01 -9.214690225710972515e-02 1.890503276444380765e+00 0.000000000000000000e+00 2.346846865906686286e-02 0.000000000000000000e+00 1.000000000000000000e+00 1.000000000000000000e+00 0.000000000000000000e+00 0.000000000000000000e+00 -1.000000000000000000e+00 -1.000000000000000000e+00
2.000000000000000000e+01 1.826074133224710067e+03 3.011931564922290505e+01 5.340041781582159468e-03 5.179603643261259105e-01 0.000000000000000000e+00 9.000000000000001055e-02 0.000000000000000000e+00 1.000000000000000000e+00 1.000000000000000000e+00 0.000000000000000000e+00 0.000000000000000000e+00 -1.000000000000000000e+00 -1.000000000000000000e+00
2.800000000000000000e+01 3.383507345603011345e+03 1.118896871100679746e+01 -7.435975055259715083e-02 3.100000000000000089e+00 0.000000000000000000e+00 9.000000000000001055e-02 0.000000000000000000e+00 1.000000000000000000e+00 1.000000000000000000e+00 0.000000000000000000e+00 0.000000000000000000e+00 -1.000000000000000000e+00 -1.000000000000000000e+00
3.200000000000000000e+01 7.814101450422547714e+03 1.596403013539435456e+01 1.730671752236358774e-01 7.797165755782921037e-01 0.000000000000000000e+00 1.000000000000000021e-02 0.000000000000000000e+00 1.000000000000000000e+00 1.000000000000000000e+00 0.000000000000000000e+00 0.000000000000000000e+00 -1.000000000000000000e+00 -1.000000000000000000e+00
3.900000000000000000e+01 7.686103925236307077e+03 1.122319094762102587e+01 -5.861663216415584701e-03 6.555927619203503198e-01 0.000000000000000000e+00 1.000000000000000021e-02 0.000000000000000000e+00 1.000000000000000000e+00 1.000000000000000000e+00 0.000000000000000000e+00 0.000000000000000000e+00 -1.000000000000000000e+00 -1.000000000000000000e+00
5.500000000000000000e+01 6.951239297279917082e+03 1.320954623299576980e+01 -1.148176765631279406e-01 3.100000000000000089e+00 0.000000000000000000e+00 2.134162231913042801e-02 0.000000000000000000e+00 1.000000000000000000e+00 1.000000000000000000e+00 0.000000000000000000e+00 0.000000000000000000e+00 -1.000000000000000000e+00 -1.000000000000000000e+00
6.400000000000000000e+01 7.781194958032262548e+03 1.990570277947790601e+01 -1.047309618919996799e-01 3.100000000000000089e+00 0.000000000000000000e+00 9.000000000000001055e-02 0.000000000000000000e+00 1.000000000000000000e+00 1.000000000000000000e+00 0.000000000000000000e+00 0.000000000000000000e+00 -1.000000000000000000e+00 -1.000000000000000000e+00
7.600000000000000000e+01 4.778831381839621031e+02 1.285082450095621454e+01 2.923294627600873941e-02 1.050273160511046910e+00 0.000000000000000000e+00 3.790856791036010254e-01 0.000000000000000000e+00 1.000000000000000000e+00 1.000000000000000000e+00 0.000000000000000000e+00 0.000000000000000000e+00 -1.000000000000000000e+00 -1.000000000000000000e+00
9.000000000000000000e+01 5.778410107700071421e+03 1.347338342837929659e+01 -1.534136166384650335e-01 1.968454162224544834e+00 0.000000000000000000e+00 9.000000000000001055e-02 0.000000000000000000e+00 1.000000000000000000e+00 1.000000000000000000e+00 0.000000000000000000e+00 0.000000000000000000e+00 -1.000000000000000000e+00 -1.000000000000000000e+00
9.800000000000000000e+01 9.069555459309092839e+03 1.162586258870995515e+01 8.003953257104071128e-02 5.450240063227986820e-01 0.000000000000000000e+00 1.207023910789407628e-01 0.000000000000000000e+00 1.000000000000000000e+00 1.000000000000000000e+00 0.000000000000000000e+00 0.000000000000000000e+00 -1.000000000000000000e+00 -1.000000000000000000e+00
1.150000000000000000e+02 9.344062917150047724e+03 1.409475913856937446e+01 -9.108416896572071875e-02 2.430711073509820075e+00 0.000000000000000000e+00 1.520947756736051315e-01 0.000000000000000000e+00 1.000000000000000000e+00 1.000000000000000000e+00 0.000000000000000000e+00 0.000000000000000000e+00 -1.000000000000000000e+00 -1.000000000000000000e+00
1.300000000000000000e+02 3.008679383552157560e+03 1.236557390214631624e+01 -9.600587362185106222e-02 2.485725718328362532e+00 0.000000000000000000e+00 9.000000000000001055e-02 0.000000000000000000e+00 1.000000000000000000e+00 1.000000000000000000e+00 0.000000000000000000e+00 0.000000000000000000e+00 -1.000000000000000000e+00 -1.000000000000000000e+00
1.320000000000000000e+02 8.573473054442270950e+03 1.547462691136380997e+01 -1.111807142067325199e-01 3.100000000000000089e+00 0.000000000000000000e+00 1.283237262352412700e-01 0.000000000000000000e+00 1.000000000000000000e+00 1.000000000000000000e+00 0.000000000000000000e+00 0.000000000000000000e+00 -1.000000000000000000e+00 -1.000000000000000000e+00
1.430000000000000000e+02 9.967175198381455630e+03 2.273751453255356836e+01 1.680111327355068573e-01 8.255777975192660767e-01 0.000000000000000000e+00 2.031156706376785470e-01 0.000000000000000000e+00 1.000000000000000000e+00 1.000000000000000000e+00 0.000000000000000000e+00 0.000000000000000000e+00 -1.000000000000000000e+00 -1.000000000000000000e+00
1.730000000000000000e+02 5.194598687788165989e+02 1.447851003777436496e+01 -1.030240831400515422e-01 2.824243282834420388e+00 0.000000000000000000e+00 4.744498628653173178e-01 0.000000000000000000e+00 1.000000000000000000e+00 1.000000000000000000e+00 0.000000000000000000e+00 0.000000000000000000e+00 -1.000000000000000000e+00 -1.000000000000000000e+00
1.940000000000000000e+02 2.911183587650399204e+03 1.168401399916770522e+01 -7.278027735704342693e-02 2.983146226702643844e+00 0.000000000000000000e+00 2.487823576827826733e-01 0.000000000000000000e+00 1.000000000000000000e+00 1.000000000000000000e+00 0.000000000000000000e+00 0.000000000000000000e+00 -1.000000000000000000e+00 -1.000000000000000000e+00
1.990000000000000000e+02 1.218541659299405183e+04 1.090741362168642503e+01 -1.274925078061706074e-01 3.100000000000000089e+00 0.000000000000000000e+00 2.491771241468350717e-01 0.000000000000000000e+00 1.000000000000000000e+00 1.000000000000000000e+00 0.000000000000000000e+00 0.000000000000000000e+00 -1.000000000000000000e+00 -1.000000000000000000e+00
3.660000000000000000e+02 8.538263131595412005e+02 2.124675143287266721e+01 1.211381836960150060e-01 1.723875563196701766e+00 0.000000000000000000e+00 9.000000000000001055e-02 -1.000000000000000000e+00 1.000000000000000000e+00 1.000000000000000000e+00 8.200000000000000000e+01 1.000000000000000000e+05 -1.000000000000000000e+00 -1.000000000000000000e+00
3.680000000000000000e+02 9.102136945253051863e+02 1.036434056682605664e+01 -2.242901884066827167e-01 3.100000000000000089e+00 0.000000000000000000e+00 9.000000000000001055e-02 -1.000000000000000000e+00 1.000000000000000000e+00 1.000000000000000000e+00 8.200000000000000000e+01 3.000000000000000000e+05 -1.000000000000000000e+00 -1.000000000000000000e+00
3.700000000000000000e+02 7.700000000000001137e+02 1.699994912065182007e+01 -2.866083639871859490e-02 1.842667125256806759e+00 0.000000000000000000e+00 1.000000000000000056e-01 -1.000000000000000000e+00 1.000000000000000000e+00 1.000000000000000000e+00 8.200000000000000000e+01 4.000000000000000000e+05 -1.000000000000000000e+00 -1.000000000000000000e+00
