# id_num orb_a mass spin spin_angle orb_inc orb_ecc orb_arg_periapse orb_ang_mom gen galaxy time_passed gw_freq gw_strain
0.000000000000000000e+00 4.590213212770856626e+04 1.031346209405032788e+01 -3.174282086040797202e-01 2.249915881847521781e+00 -4.756319028539024441e-02 4.474087903740973232e-02 0.000000000000000000e+00 1.000000000000000000e+00 1.000000000000000000e+00 0.000000000000000000e+00 0.000000000000000000e+00 -1.000000000000000000e+00 -1.000000000000000000e+00
3.000000000000000000e+00 4.345755257951690874e+04 1.378043824750039725e+01 7.779262556562857589e-02 2.160962107148963529e+00 3.146333401835137433e+00 2.528765481121270087e-02 1.570796326794896558e+00 1.000000000000000000e+00 1.000000000000000000e+00 0.000000000000000000e+00 0.000000000000000000e+00 -1.000000000000000000e+00 -1.000000000000000000e+00
4.000000000000000000e+00 5.343619306328728271e+03 1.036571413506143102e+01 -4.259262541535945717e-02 1.034573027004280332e+00 3.149709722937938938e+00 1.711160724000813579e-02 1.570796326794896558e+00 1.000000000000000000e+00 1.000000000000000000e+00 0.000000000000000000e+00 0.000000000000000000e+00 -1.000000000000000000e+00 -1.000000000000000000e+00
6.000000000000000000e+00 4.471422105464567721e+04 1.115831577541970709e+01 -1.984207301770210818e-01 2.676856153525535742e+00 -1.575197939310472167e-02 2.173123769538665845e-02 0.000000000000000000e+00 1.000000000000000000e+00 1.000000000000000000e+00 0.000000000000000000e+00 0.000000000000000000e+00 -1.000000000000000000e+00 -1.000000000000000000e+00
7.000000000000000000e+00 6.655071233411489629e+03 1.106422207457747575e+01 -5.023714003219036800e-02 1.107811450912719042e+00 1.356819060342572686e-02 2.485310532918083223e-02 0.000000000000000000e+00 1.000000000000000000e+00 1.000000000000000000e+00 0.000000000000000000e+00 0.000000000000000000e+00 -1.000000000000000000e+00 -1.000000000000000000e+00
8.000000000000000000e+00 4.809481237014266662e+04 1.194655237766993494e+01 -2.319505669499652145e-01 2.312784516294466020e+00 3.770963793687175797e-02 1.266579623333285130e-02 1.570796326794896558e+00 1.000000000000000000e+00 1.000000000000000000e+00 0.000000000000000000e+00 0.000000000000000000e+00 -1.000000000000000000e+00 -1.000000000000000000e+00
9.000000000000000000e+00 5.000000000000000000e+04 3.460148502653473912e+01 -4.188019491821890622e-02 2.068591160476882518e+00 -9.697181851895006824e-03 9.525041235109588111e-02 0.000000000000000000e+00 1.000000000000000000e+00 1.000000000000000000e+00 0.000000000000000000e+00 0.000000000000000000e+00 -1.000000000000000000e+00 -1.000000000000000000e+00
1.100000000000000000e+01 3.671997024784675887e+04 1.135745252252380055e+01 7.188615837294410650e-03 1.694020513421405250e+00 -2.720063005834887429e-02 3.652960323490410388e-02 1.570796326794896558e+00 1.000000000000000000e+00 1.000000000000000000e+00 0.000000000000000000e+00 0.000000000000000000e+00 -1.000000000000000000e+00 -1.000000000000000000e+00
1.200000000000000000e+01 2.095375462471845822e+04 1.961579398333345026e+01 1.165252897161612733e-01 9.875573772486361257e-01 3.118997120662589495e+00 1.244307574744146945e-02 0.000000000000000000e+00 1.000000000000000000e+00 1.000000000000000000e+00 0.000000000000000000e+00 0.000000000000000000e+00 -1.000000000000000000e+00 -1.000000000000000000e+00
1.600000000000000000e+01 4.360684382322079909e+04 1.275094599512097560e+01 -5.945846388868404608e-02 9.942038030486531897e-01 3.161654922285542568e+00 1.936534796507928188e-02 0.000000000000000000e+00 1.000000000000000000e+00 1.000000000000000000e+00 0.000000000000000000e+00 0.000000000000000000e+00 -1.000000000000000000e+00 -1.000000000000000000e+00
1.800000000000000000e+01 2.477572793070677290e+04 1.299143529991973800e+01 -2.424949027454924300e-02 1.619120859413127889e+00 3.147453995989018871e+00 5.258054736020049275e-02 0.000000000000000000e+00 1.000000000000000000e+00 1.000000000000000000e+00 0.000000000000000000e+00 0.000000000000000000e+00 -1.000000000000000000e+00 -1.000000000000000000e+00
1.900000000000000000e+01 2.479138594361487048e+04 1.152090137471274822e+01 -5.631542184665801198e-02 1.714804281589625834e+00 -2.641536495370226927e-03 1.000000000000000021e-02 0.000000000000000000e+00 1.000000000000000000e+00 1.000000000000000000e+00 0.000000000000000000e+00 0.000000000000000000e+00 -1.000000000000000000e+00 -1.000000000000000000e+00
2.400000000000000000e+01 3.971888567459050705e+02 2.759829471009352275e+01 -1.025226766574116322e-01 2.381737790877514804e+00 3.150262104281136732e+00 3.311468189042657273e-02 0.000000000000000000e+00 1.000000000000000000e+00 1.000000000000000000e+00 0.000000000000000000e+00 0.000000000000000000e+00 -1.000000000000000000e+00 -1.000000000000000000e+00
2.700000000000000000e+01 4.044011560175876525e+02 1.052764628514684198e+01 -1.950598295660001535e-01 2.245060120489800415e+00 1.435372294704549516e-02 3.532212609528997960e-02 1.570796326794896558e+00 1.000000000000000000e+00 1.000000000000000000e+00 0.000000000000000000e+00 0.000000000000000000e+00 -1.000000000000000000e+00 -1.000000000000000000e+00
3.400000000000000000e+01 2.867819583637499818e+04 1.537482830788557919e+01 -6.613627469691782390e-02 1.460774159530902061e+00 -3.853104719249517141e-02 1.457288574216201137e-02 1.570796326794896558e+00 1.000000000000000000e+00 1.000000000000000000e+00 0.000000000000000000e+00 0.000000000000000000e+00 -1.000000000000000000e+00 -1.000000000000000000e+00
3.600000000000000000e+01 2.842277914948433681e+04 2.065926650573952372e+01 -1.260755929332608993e-01 2.875848193418655274e+00 3.171844649274230932e+00 4.851966817150177996e-02 1.570796326794896558e+00 1.000000000000000000e+00 1.000000000000000000e+00 0.000000000000000000e+00 0.000000000000000000e+00 -1.000000000000000000e+00 -1.000000000000000000e+00
4.500000000000000000e+01 5.000000000000000000e+04 3.568867165058692592e+01 -2.243755698284491673e-01 2.943761201672612682e+00 3.101364102838378933e+00 1.573385895438750987e-02 0.000000000000000000e+00 1.000000000000000000e+00 1.000000000000000000e+00 0.000000000000000000e+00 0.000000000000000000e+00 -1.000000000000000000e+00 -1.000000000000000000e+00
4.700000000000000000e+01 3.764942340910297935e+04 1.279526668889843322e+01 -2.698898016603356459e-02 9.735598275182227868e-01 -1.449344584484032550e-03 6.677299808823633498e-02 0.000000000000000000e+00 1.000000000000000000e+00 1.000000000000000000e+00 0.000000000000000000e+00 0.000000000000000000e+00 -1.000000000000000000e+00 -1.000000000000000000e+00
4.800000000000000000e+01 3.152630964116546602e+04 1.867486237609586652e+01 4.700092898084266141e-03 1.224443438860366440e+00 -3.358515666440497344e-02 1.594446351702405104e-02 1.570796326794896558e+00 1.000000000000000000e+00 1.000000000000000000e+00 0.000000000000000000e+00 0.000000000000000000e+00 -1.000000000000000000e+00 -1.000000000000000000e+00
5.200000000000000000e+01 3.119591840735768346e+04 2.454657043289005713e+01 2.395649990009995553e-03 1.784066539647292338e+00 3.141436642316941974e+00 2.520843309189042467e-02 0.000000000000000000e+00 1.000000000000000000e+00 1.000000000000000000e+00 0.000000000000000000e+00 0.000000000000000000e+00 -1.000000000000000000e+00 -1.000000000000000000e+00
5.300000000000000000e+01 4.672655126035927537e+02 3.656751728842599647e+01 1.195608110006189662e-01 2.133985405687483183e+00 8.864893339751902385e-03 3.857425331755240383e-02 1.570796326794896558e+00 1.000000000000000000e+00 1.000000000000000000e+00 0.000000000000000000e+00 0.000000000000000000e+00 -1.000000000000000000e+00 -1.000000000000000000e+00
5.400000000000000000e+01 5.000000000000000000e+04 1.076248174358223864e+01 -4.991498488728406818e-02 1.214574552132927199e+00 3.172051772444425821e-02 2.909793219285360805e-02 0.000000000000000000e+00 1.000000000000000000e+00 1.000000000000000000e+00 0.000000000000000000e+00 0.000000000000000000e+00 -1.000000000000000000e+00 -1.000000000000000000e+00
5.600000000000000000e+01 1.069719998053564268e+04 1.032068452408075210e+01 -5.745443095619461732e-02 6.195324584432385651e-01 1.657859307098619867e-02 1.000000000000000021e-02 1.570796326794896558e+00 1.000000000000000000e+00 1.000000000000000000e+00 0.000000000000000000e+00 0.000000000000000000e+00 -1.000000000000000000e+00 -1.000000000000000000e+00
5.700000000000000000e+01 4.063075068840096355e+04 1.187049860617611330e+01 -1.171586537224405811e-01 3.100000000000000089e+00 1.780958207267726787e-02 1.604667113097973247e-02 1.570796326794896558e+00 1.000000000000000000e+00 1.000000000000000000e+00 0.000000000000000000e+00 0.000000000000000000e+00 -1.000000000000000000e+00 -1.000000000000000000e+00
5.900000000000000000e+01 3.107466287125914459e+04 1.033073393054850797e+01 1.784906568163624474e-02 2.146786552291420680e+00 -2.355507241573168500e-02 3.943031568583824781e-02 1.570796326794896558e+00 1.000000000000000000e+00 1.000000000000000000e+00 0.000000000000000000e+00 0.000000000000000000e+00 -1.000000000000000000e+00 -1.000000000000000000e+00
6.000000000000000000e+01 4.183716199094154581e+04 1.206909375356537240e+01 -1.327628956160319951e-01 2.934044421903642341e+00 -2.518328994843303803e-02 5.701778092135703635e-02 0.000000000000000000e+00 1.000000000000000000e+00 1.000000000000000000e+00 0.000000000000000000e+00 0.000000000000000000e+00 -1.000000000000000000e+00 -1.000000000000000000e+00
6.200000000000000000e+01 2.033527030484127317e+04 1.225240533531796494e+01 2.847389478832773602e-02 1.227830789874723605e+00 3.117710977102987613e+00 1.211041529845972506e-02 1.570796326794896558e+00 1.000000000000000000e+00 1.000000000000000000e+00 0.000000000000000000e+00 0.000000000000000000e+00 -1.000000000000000000e+00 -1.000000000000000000e+00
6.300000000000000000e+01 2.105720007347610590e+04 1.048914606193016219e+01 -3.463029687284241431e-02 1.593177260835590303e+00 3.146480936591643296e+00 1.992398153882394760e-02 1.570796326794896558e+00 1.000000000000000000e+00 1.000000000000000000e+00 0.000000000000000000e+00 0.000000000000000000e+00 -1.000000000000000000e+00 -1.000000000000000000e+00
6.900000000000000000e+01 4.233272551276790909e+04 1.475567280098228551e+01 1.874225770555437362e-03 1.869142850461543492e+00 3.125114165735963123e+00 6.207966206039584878e-02 0.000000000000000000e+00 1.000000000000000000e+00 1.000000000000000000e+00 0.000000000000000000e+00 0.000000000000000000e+00 -1.000000000000000000e+00 -1.000000000000000000e+00
7.200000000000000000e+01 4.056431685541287152e+04 1.176417144615227350e+01 -1.885681388598159369e-01 3.100000000000000089e+00 3.107985850603322220e+00 6.013706339717913435e-02 1.570796326794896558e+00 1.000000000000000000e+00 1.000000000000000000e+00 0.000000000000000000e+00 0.000000000000000000e+00 -1.000000000000000000e+00 -1.000000000000000000e+00
7.400000000000000000e+01 2.840046323301216762e+04 1.561740256337038879e+01 1.204001973947093629e-01 8.858386495804955185e-01 3.100492345257956472e+00 3.163228926656296708e-02 1.570796326794896558e+00 1.000000000000000000e+00 1.000000000000000000e+00 0.000000000000000000e+00 0.000000000000000000e+00 -1.000000000000000000e+00 -1.000000000000000000e+00
7.500000000000000000e+01 1.308005024446376228e+04 1.282693681264110630e+01 -1.921392517195849581e-01 2.672747164983187762e+00 3.151716988452683665e+00 1.000000000000000021e-02 1.570796326794896558e+00 1.000000000000000000e+00 1.000000000000000000e+00 0.000000000000000000e+00 0.000000000000000000e+00 -1.000000000000000000e+00 -1.000000000000000000e+00
7.700000000000000000e+01 4.882915240107867021e+02 1.077679895183083758e+01 -1.956986570366477107e-01 3.100000000000000089e+00 6.339944155150812471e-03 3.228930853892635067e-02 1.570796326794896558e+00 1.000000000000000000e+00 1.000000000000000000e+00 0.000000000000000000e+00 0.000000000000000000e+00 -1.000000000000000000e+00 -1.000000000000000000e+00
7.900000000000000000e+01 5.000000000000000000e+04 2.132135579273029791e+01 3.596983079574211928e-02 8.878354848655334308e-01 1.873800471672657994e-02 9.139920422063547989e-02 1.570796326794896558e+00 1.000000000000000000e+00 1.000000000000000000e+00 0.000000000000000000e+00 0.000000000000000000e+00 -1.000000000000000000e+00 -1.000000000000000000e+00
8.000000000000000000e+01 3.040719113930807362e+04 1.438465554990460049e+01 -2.120826859535674402e-01 2.286607936138071562e+00 -4.437153386464600009e-03 1.452923678831568970e-02 1.570796326794896558e+00 1.000000000000000000e+00 1.000000000000000000e+00 0.000000000000000000e+00 0.000000000000000000e+00 -1.000000000000000000e+00 -1.000000000000000000e+00
8.100000000000000000e+01 2.702369916113739964e+04 1.093869172239150345e+01 -5.997845418945630530e-02 5.997026809449518270e-01 3.123615960414026560e+00 1.673164349112078730e-02 1.570796326794896558e+00 1.000000000000000000e+00 1.000000000000000000e+00 0.000000000000000000e+00 0.000000000000000000e+00 -1.000000000000000000e+00 -1.000000000000000000e+00
8.800000000000000000e+01 3.474558624288879219e+04 1.431160281898929298e+01 5.120086074125443365e-02 1.554286612265204592e+00 -4.940722820325994455e-04 8.119336717656627789e-02 1.570796326794896558e+00 1.000000000000000000e+00 1.000000000000000000e+00 0.000000000000000000e+00 0.000000000000000000e+00 -1.000000000000000000e+00 -1.000000000000000000e+00
9.600000000000000000e+01 4.728531042160336710e+02 1.166469509909069657e+01 -1.574069532939578742e-02 1.532340959951024484e+00 1.171504013553233657e-02 1.068603059525239166e-02 1.570796326794896558e+00 1.000000000000000000e+00 1.000000000000000000e+00 0.000000000000000000e+00 0.000000000000000000e+00 -1.000000000000000000e+00 -1.000000000000000000e+00
9.700000000000000000e+01 5.000000000000000000e+04 1.658506290978354514e+01 4.345505436256369425e-02 1.094780103294780593e+00 3.156931499677102071e+00 6.134367785096520725e-02 0.000000000000000000e+00 1.000000000000000000e+00 1.000000000000000000e+00 0.000000000000000000e+00 0.000000000000000000e+00 -1.000000000000000000e+00 -1.000000000000000000e+00
9.900000000000000000e+01 5.000000000000000000e+04 1.188183631959880238e+01 -1.614904206181828339e-01 2.718539367375143900e+00 3.160403437028089346e+00 3.796451237492533271e-02 1.570796326794896558e+00 1.000000000000000000e+00 1.000000000000000000e+00 0.000000000000000000e+00 0.000000000000000000e+00 -1.000000000000000000e+00 -1.000000000000000000e+00
1.010000000000000000e+02 4.863034069166644144e+02 1.352394181499821180e+01 -1.010376665977014976e-01 2.443172149019733563e+00 3.255582741638627167e-03 1.494607598020912878e-02 1.570796326794896558e+00 1.000000000000000000e+00 1.000000000000000000e+00 0.000000000000000000e+00 0.000000000000000000e+00 -1.000000000000000000e+00 -1.000000000000000000e+00
1.060000000000000000e+02 4.491626694392617196e+02 1.059154597908776374e+01 -1.104321083987719609e-01 3.100000000000000089e+00 3.142276995511106730e+00 8.248797728037392252e-02 0.000000000000000000e+00 1.000000000000000000e+00 1.000000000000000000e+00 0.000000000000000000e+00 0.000000000000000000e+00 -1.000000000000000000e+00 -1.000000000000000000e+00
1.070000000000000000e+02 1.850530418643244775e+04 1.257303129319603663e+01 -8.391833469880434493e-02 2.662747218031009666e+00 -8.032005257777774868e-03 1.000000000000000056e-01 1.570796326794896558e+00 1.000000000000000000e+00 1.000000000000000000e+00 0.000000000000000000e+00 0.000000000000000000e+00 -1.000000000000000000e+00 -1.000000000000000000e+00
1.080000000000000000e+02 4.674337379843202598e+02 1.038328362326085141e+01 8.730789736584121385e-02 2.141152129301064466e+00 3.151901939711692080e+00 1.676484602797502152e-02 1.570796326794896558e+00 1.000000000000000000e+00 1.000000000000000000e+00 0.000000000000000000e+00 0.000000000000000000e+00 -1.000000000000000000e+00 -1.000000000000000000e+00
1.100000000000000000e+02 2.471744234712327852e+03 1.030217375757629483e+01 -6.502133617523858655e-02 4.970405412489568020e-01 2.526543662403756690e-02 9.000000000000001055e-02 1.570796326794896558e+00 1.000000000000000000e+00 1.000000000000000000e+00 0.000000000000000000e+00 0.000000000000000000e+00 -1.000000000000000000e+00 -1.000000000000000000e+00
1.110000000000000000e+02 4.506676308700440131e+04 1.116835623083271045e+01 -1.397469255362568386e-01 3.022308498563660351e+00 3.149816847625737992e+00 3.092856644517263248e-02 0.000000000000000000e+00 1.000000000000000000e+00 1.000000000000000000e+00 0.000000000000000000e+00 0.000000000000000000e+00 -1.000000000000000000e+00 -1.000000000000000000e+00
1.120000000000000000e+02 3.409025540537785855e+04 1.110276576156756256e+01 -1.488880511558210162e-01 2.295821225342073557e+00 2.917746647995622319e-02 2.212130179086716289e-02 0.000000000000000000e+00 1.000000000000000000e+00 1.000000000000000000e+00 0.000000000000000000e+00 0.000000000000000000e+00 -1.000000000000000000e+00 -1.000000000000000000e+00
1.160000000000000000e+02 3.838130421412313444e+04 1.201206235924734855e+01 -7.244749651723050854e-02 1.984111986017328855e+00 3.100821391401046956e+00 6.235730814399821631e-02 0.000000000000000000e+00 1.000000000000000000e+00 1.000000000000000000e+00 0.000000000000000000e+00 0.000000000000000000e+00 -1.000000000000000000e+00 -1.000000000000000000e+00
1.170000000000000000e+02 4.013416607970200130e+04 3.199040128782669257e+01 -7.665079331870197632e-02 1.221071053756101588e+00 3.116293493201642395e+00 5.794465583322431362e-02 0.000000000000000000e+00 1.000000000000000000e+00 1.000000000000000000e+00 0.000000000000000000e+00 0.000000000000000000e+00 -1.000000000000000000e+00 -1.000000000000000000e+00
1.200000000000000000e+02 3.346888565675645805e+04 1.362961164226735278e+01 1.554732088462766892e-01 1.229718827667438452e+00 3.101069240805440330e+00 1.901137111239140434e-02 1.570796326794896558e+00 1.000000000000000000e+00 1.000000000000000000e+00 0.000000000000000000e+00 0.000000000000000000e+00 -1.000000000000000000e+00 -1.000000000000000000e+00
1.210000000000000000e+02 5.000000000000000000e+04 3.798827679690380421e+01 6.965373989978915215e-02 1.488077868826765959e+00 -4.018491743348510947e-02 2.503157316940186547e-02 0.000000000000000000e+00 1.000000000000000000e+00 1.000000000000000000e+00 0.000000000000000000e+00 0.000000000000000000e+00 -1.000000000000000000e+00 -1.000000000000000000e+00
1.220000000000000000e+02 4.238663954306305095e+04 3.099773412287527208e+01 4.109950496589413055e-03 2.032003774897781945e+00 3.171831470614405735e-02 1.332186337314193898e-02 1.570796326794896558e+00 1.000000000000000000e+00 1.000000000000000000e+00 0.000000000000000000e+00 0.000000000000000000e+00 -1.000000000000000000e+00 -1.000000000000000000e+00
1.230000000000000000e+02 4.234798064564839297e+04 1.432350231983373412e+01 5.534997344543543529e-02 6.843582329914880136e-01 1.395071323102699962e-02 4.771862953088950449e-02 1.570796326794896558e+00 1.000000000000000000e+00 1.000000000000000000e+00 0.000000000000000000e+00 0.000000000000000000e+00 -1.000000000000000000e+00 -1.000000000000000000e+00
1.240000000000000000e+02 1.898307740346985156e+04 1.285544654632062489e+01 -8.119382697497257162e-02 2.806668001646351662e+00 2.776433607868739398e-02 2.044966351379413558e-02 0.000000000000000000e+00 1.000000000000000000e+00 1.000000000000000000e+00 0.000000000000000000e+00 0.000000000000000000e+00 -1.000000000000000000e+00 -1.000000000000000000e+00
1.270000000000000000e+02 2.736641631716187021e+03 1.087645043215735541e+01 7.777327431855557416e-02 1.380062474165080433e+00 -1.273525382771487253e-02 9.000000000000001055e-02 1.570796326794896558e+00 1.000000000000000000e+00 1.000000000000000000e+00 0.000000000000000000e+00 0.000000000000000000e+00 -1.000000000000000000e+00 -1.000000000000000000e+00
1.330000000000000000e+02 4.512749705112801894e+04 3.224488323222893627e+01 -1.612909261909107606e-01 3.100000000000000089e+00 2.411164835348106328e-02 1.455141035038681578e-02 1.570796326794896558e+00 1.000000000000000000e+00 1.000000000000000000e+00 0.000000000000000000e+00 0.000000000000000000e+00 -1.000000000000000000e+00 -1.000000000000000000e+00
1.360000000000000000e+02 5.000000000000000000e+04 1.196700194750228263e+01 5.936162176102864965e-03 2.004397160761732799e+00 4.006213327105611482e-02 4.701931927795570398e-02 0.000000000000000000e+00 1.000000000000000000e+00 1.000000000000000000e+00 0.000000000000000000e+00 0.000000000000000000e+00 -1.000000000000000000e+00 -1.000000000000000000e+00
1.380000000000000000e+02 1.078578307510736522e+04 1.112579327522410466e+01 -5.488101911276918946e-03 1.414527841935431018e+00 -1.232773124793432040e-03 9.000000000000001055e-02 1.570796326794896558e+00 1.000000000000000000e+00 1.000000000000000000e+00 0.000000000000000000e+00 0.000000000000000000e+00 -1.000000000000000000e+00 -1.000000000000000000e+00
1.400000000000000000e+02 4.131596480973940197e+04 1.169137862243310089e+01 -6.116816170119268592e-02 7.138298763493842181e-01 -1.335388072982595167e-02 9.498802514320016377e-02 0.000000000000000000e+00 1.000000000000000000e+00 1.000000000000000000e+00 0.000000000000000000e+00 0.000000000000000000e+00 -1.000000000000000000e+00 -1.000000000000000000e+00
1.480000000000000000e+02 4.668106724001582916e+04 1.222961128372372208e+01 2.634847845552668044e-02 1.002629035781092082e+00 -2.387248222277446250e-02 3.932018919075185026e-02 1.570796326794896558e+00 1.000000000000000000e+00 1.000000000000000000e+00 0.000000000000000000e+00 0.000000000000000000e+00 -1.000000000000000000e+00 -1.000000000000000000e+00
1.520000000000000000e+02 1.619201061074235440e+04 1.820295181186907385e+01 -1.268346494896250287e-01 3.072080000000000144e+00 3.131182368987901921e+00 5.720527053462177991e-02 1.570796326794896558e+00 1.000000000000000000e+00 1.000000000000000000e+00 0.000000000000000000e+00 0.000000000000000000e+00 -1.000000000000000000e+00 -1.000000000000000000e+00
1.590000000000000000e+02 3.694698809977462952e+04 1.227890648381761807e+01 -8.324677469520254391e-02 1.983011073101960342e+00 -3.053503400052395150e-02 2.501488475762960947e-02 0.000000000000000000e+00 1.000000000000000000e+00 1.000000000000000000e+00 0.000000000000000000e+00 0.000000000000000000e+00 -1.000000000000000000e+00 -1.000000000000000000e+00
1.600000000000000000e+02 4.977452766889356280e+04 2.353953515017191123e+01 -2.058078188529518515e-01 3.100000000000000089e+00 3.164256534786422215e+00 1.172559165909498394e-02 1.570796326794896558e+00 1.000000000000000000e+00 1.000000000000000000e+00 0.000000000000000000e+00 0.000000000000000000e+00 -1.000000000000000000e+00 -1.000000000000000000e+00
1.670000000000000000e+02 4.353504313096159603e+04 3.802232454246090043e+01 -1.217722779231344143e-01 2.921844962470477647e+00 3.161271429443046177e+00 1.327924225314710063e-02 0.000000000000000000e+00 1.000000000000000000e+00 1.000000000000000000e+00 0.000000000000000000e+00 0.000000000000000000e+00 -1.000000000000000000e+00 -1.000000000000000000e+00
1.680000000000000000e+02 2.721828087255289574e+04 1.554875382023450570e+01 -1.504404158578895589e-01 3.100000000000000089e+00 2.691601968412050613e-02 1.601761377352032764e-02 0.000000000000000000e+00 1.000000000000000000e+00 1.000000000000000000e+00 0.000000000000000000e+00 0.000000000000000000e+00 -1.000000000000000000e+00 -1.000000000000000000e+00
1.690000000000000000e+02 5.000000000000000000e+04 1.180243395475953072e+01 3.142874865416951657e-02 1.640997414892132689e+00 4.765133987685638700e-02 3.718907005983285163e-02 0.000000000000000000e+00 1.000000000000000000e+00 1.000000000000000000e+00 0.000000000000000000e+00 0.000000000000000000e+00 -1.000000000000000000e+00 -1.000000000000000000e+00
1.700000000000000000e+02 5.000000000000000000e+04 3.550126638714690586e+01 -2.818912468913751801e-01 2.825083189030266340e+00 -3.491545364502444699e-03 2.232026366579227539e-02 0.000000000000000000e+00 1.000000000000000000e+00 1.000000000000000000e+00 0.000000000000000000e+00 0.000000000000000000e+00 -1.000000000000000000e+00 -1.000000000000000000e+00
1.760000000000000000e+02 5.500000000000000728e+04 3.530430206170249363e+01 -1.173743374547434604e-01 2.335098172114032256e+00 5.948941892610438813e-03 1.000000000000000056e-01 1.570796326794896558e+00 1.000000000000000000e+00 1.000000000000000000e+00 0.000000000000000000e+00 0.000000000000000000e+00 -1.000000000000000000e+00 -1.000000000000000000e+00
1.810000000000000000e+02 1.787974669892101883e+04 1.402047098478039189e+01 -2.157121643754996709e-01 3.058120000000000172e+00 2.499095695743113604e-02 1.000000000000000021e-02 1.570796326794896558e+00 1.000000000000000000e+00 1.000000000000000000e+00 0.000000000000000000e+00 0.000000000000000000e+00 -1.000000000000000000e+00 -1.000000000000000000e+00
1.820000000000000000e+02 1.036498279259882111e+04 1.256874132055351190e+01 -2.088525247822631548e-01 3.093020000000000103e+00 3.125993692975231220e+00 4.464509474798960403e-02 0.000000000000000000e+00 1.000000000000000000e+00 1.000000000000000000e+00 0.000000000000000000e+00 0.000000000000000000e+00 -1.000000000000000000e+00 -1.000000000000000000e+00
1.840000000000000000e+02 6.317374236378993828e+02 3.454818321574420281e+01 4.548035843165207370e-02 1.788203290712150562e+00 3.129726778579511759e+00 1.359136332926159235e-02 0.000000000000000000e+00 1.000000000000000000e+00 1.000000000000000000e+00 0.000000000000000000e+00 0.000000000000000000e+00 -1.000000000000000000e+00 -1.000000000000000000e+00
1.860000000000000000e+02 4.633404490421905211e+04 1.465541759855146076e+01 -1.934876106252068906e-01 2.160305607701831665e+00 1.209879653158213095e-02 2.349448039570739902e-02 0.000000000000000000e+00 1.000000000000000000e+00 1.000000000000000000e+00 0.000000000000000000e+00 0.000000000000000000e+00 -1.000000000000000000e+00 -1.000000000000000000e+00
1.890000000000000000e+02 2.942654188370555858e+04 1.133483076926249389e+01 5.521832712024571377e-02 1.998393835690600362e+00 3.117065160058208662e+00 4.233178089231651176e-02 1.570796326794896558e+00 1.000000000000000000e+00 1.000000000000000000e+00 0.000000000000000000e+00 0.000000000000000000e+00 -1.000000000000000000e+00 -1.000000000000000000e+00
1.920000000000000000e+02 3.492541236071374442e+04 3.262335152981263775e+01 -8.040614040297570930e-02 2.862905352835629635e+00 3.116041465236840224e+00 1.000000000000000021e-02 0.000000000000000000e+00 1.000000000000000000e+00 1.000000000000000000e+00 0.000000000000000000e+00 0.000000000000000000e+00 -1.000000000000000000e+00 -1.000000000000000000e+00
1.930000000000000000e+02 2.088232975309156245e+04 1.457511021103938909e+01 -3.091428329314495627e-01 2.773843183126417866e+00 3.144700993885705564e+00 1.000000000000000056e-01 0.000000000000000000e+00 1.000000000000000000e+00 1.000000000000000000e+00 0.000000000000000000e+00 0.000000000000000000e+00 -1.000000000000000000e+00 -1.000000000000000000e+00
1.950000000000000000e+02 5.469500352964531658e+02 1.235282639961609341e+01 -2.149170027559668961e-01 3.100000000000000089e+00 -1.133958133701204983e-02 1.000000000000000056e-01 0.000000000000000000e+00 1.000000000000000000e+00 1.000000000000000000e+00 0.000000000000000000e+00 0.000000000000000000e+00 -1.000000000000000000e+00 -1.000000000000000000e+00
1.960000000000000000e+02 6.401812423597092447e+02 2.023749373948503560e+01 -3.227586510338140841e-03 1.744752421951108801e+00 3.149305006677074026e+00 2.786217197470606394e-02 0.000000000000000000e+00 1.000000000000000000e+00 1.000000000000000000e+00 0.000000000000000000e+00 0.000000000000000000e+00 -1.000000000000000000e+00 -1.000000000000000000e+00
1.970000000000000000e+02 2.436007706206689909e+04 1.930741201970324994e+01 1.012084135766594915e-03 7.762945528506909332e-01 3.135853016289547490e+00 4.418171201162436612e-02 0.000000000000000000e+00 1.000000000000000000e+00 1.000000000000000000e+00 0.000000000000000000e+00 0.000000000000000000e+00 -1.000000000000000000e+00 -1.000000000000000000e+00
2.000000000000000000e+02 3.662540283951428864e+04 3.125618817931627547e+01 -6.328985514420813752e-02 9.116576820308580631e-01 3.111310633726220409e+00 2.392082683459285930e-02 1.570796326794896558e+00 1.000000000000000000e+00 1.000000000000000000e+00 0.000000000000000000e+00 0.000000000000000000e+00 -1.000000000000000000e+00 -1.000000000000000000e+00
3.650000000000000000e+02 2.679375982830433145e+02 1.176383146891203424e+01 -1.401143057687295468e-01 3.100000000000000089e+00 0.000000000000000000e+00 6.572499726663136310e-02 -1.000000000000000000e+00 1.000000000000000000e+00 1.000000000000000000e+00 8.200000000000000000e+01 0.000000000000000000e+00 -1.000000000000000000e+00 -1.000000000000000000e+00
1.000000000000000000e+01 1.996165278325419422e+04 1.913220152757867609e+01 -1.814469422175715371e-03 8.391218177628442243e-01 1.644544307714414580e-02 1.024750103503436170e-02 1.570796326794896558e+00 1.000000000000000000e+00 1.000000000000000000e+00 0.000000000000000000e+00 0.000000000000000000e+00 -1.000000000000000000e+00 -1.000000000000000000e+00
1.400000000000000000e+01 4.598273041159771674e+04 3.433648809094150067e+01 -1.690948303156003252e-01 2.880760485165179130e+00 2.484301002691922597e-02 5.983806759107513501e-02 1.570796326794896558e+00 1.000000000000000000e+00 1.000000000000000000e+00 0.000000000000000000e+00 0.000000000000000000e+00 -1.000000000000000000e+00 -1.000000000000000000e+00
3.300000000000000000e+01 3.270291032379858734e+04 1.592663667965680929e+01 -1.331666720592331321e-01 3.100000000000000089e+00 0.000000000000000000e+00 1.727505337981367559e-02 1.570796326794896558e+00 1.000000000000000000e+00 1.000000000000000000e+00 0.000000000000000000e+00 0.000000000000000000e+00 -1.000000000000000000e+00 -1.000000000000000000e+00
3.800000000000000000e+01 4.756828453585188981e+04 2.249575623654543222e+01 -1.224587095658502406e-01 3.100000000000000089e+00 0.000000000000000000e+00 1.805305504679412254e-02 1.570796326794896558e+00 1.000000000000000000e+00 1.000000000000000000e+00 0.000000000000000000e+00 0.000000000000000000e+00 -1.000000000000000000e+00 -1.000000000000000000e+00
4.100000000000000000e+01 1.380834931692713872e+04 2.661890870861523339e+01 -1.149286327991360240e-01 2.235013911290011812e+00 2.108166625324427515e-02 9.000000000000001055e-02 1.570796326794896558e+00 1.000000000000000000e+00 1.000000000000000000e+00 0.000000000000000000e+00 0.000000000000000000e+00 -1.000000000000000000e+00 -1.000000000000000000e+00
7.800000000000000000e+01 5.000000000000000000e+04 1.962885182103868331e+01 -1.332080488449099709e-01 2.519991471749614576e+00 5.052901946098321828e-02 2.943946599116188667e-02 1.570796326794896558e+00 1.000000000000000000e+00 1.000000000000000000e+00 0.000000000000000000e+00 0.000000000000000000e+00 -1.000000000000000000e+00 -1.000000000000000000e+00
8.500000000000000000e+01 5.000000000000000000e+04 3.932734903276003990e+01 -1.143748821406159605e-01 2.796572586528329740e+00 0.000000000000000000e+00 3.702484105397554209e-02 1.570796326794896558e+00 1.000000000000000000e+00 1.000000000000000000e+00 0.000000000000000000e+00 0.000000000000000000e+00 -1.000000000000000000e+00 -1.000000000000000000e+00
8.900000000000000000e+01 5.024737554188173476e+02 1.129469116120799654e+01 -1.315167186543338140e-01 3.100000000000000089e+00 0.000000000000000000e+00 1.186709644268272613e-02 1.570796326794896558e+00 1.000000000000000000e+00 1.000000000000000000e+00 0.000000000000000000e+00 0.000000000000000000e+00 -1.000000000000000000e+00 -1.000000000000000000e+00
9.100000000000000000e+01 2.927880181936712324e+04 1.132180688751710029e+01 1.405918351044363468e-02 7.826067358231459936e-01 1.595538808387118521e-02 4.282367859838951546e-02 1.570796326794896558e+00 1.000000000000000000e+00 1.000000000000000000e+00 0.000000000000000000e+00 0.000000000000000000e+00 -1.000000000000000000e+00 -1.000000000000000000e+00
9.300000000000000000e+01 9.562035055549262324e+03 2.518304032528776304e+01 -1.666799947680936145e-01 2.862324157153725679e+00 1.027240288235507781e-02 1.000000000000000021e-02 1.570796326794896558e+00 1.000000000000000000e+00 1.000000000000000000e+00 0.000000000000000000e+00 0.000000000000000000e+00 -1.000000000000000000e+00 -1.000000000000000000e+00
1.020000000000000000e+02 1.144336211469614994e+02 1.851362634388638284e+01 -1.898963722883338645e-02 1.674711041935612821e+00 7.928498435461303270e-03 7.039794482414891974e-02 1.570796326794896558e+00 1.000000000000000000e+00 1.000000000000000000e+00 0.000000000000000000e+00 0.000000000000000000e+00 -1.000000000000000000e+00 -1.000000000000000000e+00
1.130000000000000000e+02 9.265409622294919245e+03 1.143791844824101389e+01 -7.099709852373617402e-02 3.098818939919411264e+00 0.000000000000000000e+00 1.000000000000000021e-02 1.570796326794896558e+00 1.000000000000000000e+00 1.000000000000000000e+00 0.000000000000000000e+00 0.000000000000000000e+00 -1.000000000000000000e+00 -1.000000000000000000e+00
1.450000000000000000e+02 1.448252029601896720e+04 1.302004229253143031e+01 -1.359062907952952315e-01 2.327428863322305030e+00 6.928137797866413140e-04 1.000000000000000021e-02 1.570796326794896558e+00 1.000000000000000000e+00 1.000000000000000000e+00 0.000000000000000000e+00 0.000000000000000000e+00 -1.000000000000000000e+00 -1.000000000000000000e+00
1.540000000000000000e+02 5.000000000000000000e+04 1.564376739946964889e+01 -2.395229657580866256e-01 3.100000000000000089e+00 0.000000000000000000e+00 8.387355304765573005e-02 1.570796326794896558e+00 1.000000000000000000e+00 1.000000000000000000e+00 0.000000000000000000e+00 0.000000000000000000e+00 -1.000000000000000000e+00 -1.000000000000000000e+00
1.660000000000000000e+02 2.365197606572234508e+04 1.347095122731022698e+01 -6.568749157453770970e-02 1.154233624780974132e+00 0.000000000000000000e+00 3.894155208477348418e-02 1.570796326794896558e+00 1.000000000000000000e+00 1.000000000000000000e+00 0.000000000000000000e+00 0.000000000000000000e+00 -1.000000000000000000e+00 -1.000000000000000000e+00
1.740000000000000000e+02 4.500000000000000000e+04 1.119516013895753481e+01 -8.531604556675334572e-02 3.100000000000000089e+00 0.000000000000000000e+00 1.829391914606246297e-02 1.570796326794896558e+00 1.000000000000000000e+00 1.000000000000000000e+00 0.000000000000000000e+00 0.000000000000000000e+00 -1.000000000000000000e+00 -1.000000000000000000e+00
1.980000000000000000e+02 2.168229135861656323e+04 1.024068628769384048e+01 -6.075120017309579290e-02 2.050055672164068810e+00 2.588540673593113517e-02 1.157592345325374368e-02 1.570796326794896558e+00 1.000000000000000000e+00 1.000000000000000000e+00 0.000000000000000000e+00 0.000000000000000000e+00 -1.000000000000000000e+00 -1.000000000000000000e+00
2.000000000000000000e+01 6.149320799954608674e+02 3.039769192056595060e+01 -3.465995821841786478e-02 7.971603643261253591e-01 0.000000000000000000e+00 8.100000000000001643e-02 0.000000000000000000e+00 1.000000000000000000e+00 1.000000000000000000e+00 0.000000000000000000e+00 0.000000000000000000e+00 -1.000000000000000000e+00 -1.000000000000000000e+00
2.800000000000000000e+01 5.482390795024691670e+02 1.129238219576917857e+01 -1.143597505525971864e-01 3.100000000000000089e+00 0.000000000000000000e+00 6.598788961833444711e-02 0.000000000000000000e+00 1.000000000000000000e+00 1.000000000000000000e+00 0.000000000000000000e+00 0.000000000000000000e+00 -1.000000000000000000e+00 -1.000000000000000000e+00
3.200000000000000000e+01 3.783211760430783215e+03 1.611157688700236079e+01 1.410671752236358489e-01 1.003076575578291774e+00 0.000000000000000000e+00 9.000000000000001055e-02 0.000000000000000000e+00 1.000000000000000000e+00 1.000000000000000000e+00 0.000000000000000000e+00 0.000000000000000000e+00 -1.000000000000000000e+00 -1.000000000000000000e+00
3.900000000000000000e+01 1.634516813751180052e+03 1.132692072969694763e+01 -3.586166321641560961e-02 8.649927619203499063e-01 0.000000000000000000e+00 9.000000000000001055e-02 0.000000000000000000e+00 1.000000000000000000e+00 1.000000000000000000e+00 0.000000000000000000e+00 0.000000000000000000e+00 -1.000000000000000000e+00 -1.000000000000000000e+00
5.500000000000000000e+01 4.307583907320611615e+03 1.333163480463865547e+01 -1.448176765631279672e-01 3.100000000000000089e+00 0.000000000000000000e+00 9.000000000000001055e-02 0.000000000000000000e+00 1.000000000000000000e+00 1.000000000000000000e+00 0.000000000000000000e+00 0.000000000000000000e+00 -1.000000000000000000e+00 -1.000000000000000000e+00
6.400000000000000000e+01 3.146604675238690106e+03 2.008968024373205097e+01 -1.387309618919997101e-01 3.100000000000000089e+00 0.000000000000000000e+00 9.000000000000001055e-02 0.000000000000000000e+00 1.000000000000000000e+00 1.000000000000000000e+00 0.000000000000000000e+00 0.000000000000000000e+00 -1.000000000000000000e+00 -1.000000000000000000e+00
7.600000000000000000e+01 4.407868831368792257e+02 1.296959760489798796e+01 -1.076705372399128224e-02 1.329473160511046359e+00 0.000000000000000000e+00 2.966539529574272471e-01 0.000000000000000000e+00 1.000000000000000000e+00 1.000000000000000000e+00 0.000000000000000000e+00 0.000000000000000000e+00 -1.000000000000000000e+00 -1.000000000000000000e+00
9.000000000000000000e+01 1.038718686407304631e+03 1.359791050212986718e+01 -1.894136166384650655e-01 2.219734162224544338e+00 0.000000000000000000e+00 9.000000000000001055e-02 0.000000000000000000e+00 1.000000000000000000e+00 1.000000000000000000e+00 0.000000000000000000e+00 0.000000000000000000e+00 -1.000000000000000000e+00 -1.000000000000000000e+00
9.800000000000000000e+01 1.038399743124704946e+04 1.173331404332741812e+01 6.203953257104069530e-02 6.706640063227984339e-01 0.000000000000000000e+00 1.000000000000000021e-02 0.000000000000000000e+00 1.000000000000000000e+00 1.000000000000000000e+00 0.000000000000000000e+00 0.000000000000000000e+00 -1.000000000000000000e+00 -1.000000000000000000e+00
1.150000000000000000e+02 6.211961066373009999e+03 1.422502924630253496e+01 -1.130841689657207383e-01 2.584271073509819772e+00 0.000000000000000000e+00 9.000000000000001055e-02 0.000000000000000000e+00 1.000000000000000000e+00 1.000000000000000000e+00 0.000000000000000000e+00 0.000000000000000000e+00 -1.000000000000000000e+00 -1.000000000000000000e+00
1.300000000000000000e+02 5.902197686713453777e+02 1.247986210165211141e+01 -1.360058736218510977e-01 2.764925718328361981e+00 0.000000000000000000e+00 8.100000000000001643e-02 0.000000000000000000e+00 1.000000000000000000e+00 1.000000000000000000e+00 0.000000000000000000e+00 0.000000000000000000e+00 -1.000000000000000000e+00 -1.000000000000000000e+00
1.320000000000000000e+02 8.630170303513325052e+03 1.561765037810454793e+01 -1.331807142067325256e-01 3.086040000000000116e+00 0.000000000000000000e+00 9.000000000000001055e-02 0.000000000000000000e+00 1.000000000000000000e+00 1.000000000000000000e+00 0.000000000000000000e+00 0.000000000000000000e+00 -1.000000000000000000e+00 -1.000000000000000000e+00
1.430000000000000000e+02 4.629686193886442197e+03 2.294766487557253853e+01 1.600111327355068502e-01 8.814177975192659664e-01 0.000000000000000000e+00 9.000000000000001055e-02 0.000000000000000000e+00 1.000000000000000000e+00 1.000000000000000000e+00 0.000000000000000000e+00 0.000000000000000000e+00 -1.000000000000000000e+00 -1.000000000000000000e+00
1.730000000000000000e+02 3.885582173434807487e+02 1.461232694403672383e+01 -1.430240831400515777e-01 3.100000000000000089e+00 0.000000000000000000e+00 3.151133720202670685e-01 0.000000000000000000e+00 1.000000000000000000e+00 1.000000000000000000e+00 0.000000000000000000e+00 0.000000000000000000e+00 -1.000000000000000000e+00 -1.000000000000000000e+00
1.940000000000000000e+02 7.247197270556247304e+02 1.179200291529343225e+01 -1.127802773570434625e-01 3.100000000000000089e+00 0.000000000000000000e+00 1.000000000000000056e-01 0.000000000000000000e+00 1.000000000000000000e+00 1.000000000000000000e+00 0.000000000000000000e+00 0.000000000000000000e+00 -1.000000000000000000e+00 -1.000000000000000000e+00
1.990000000000000000e+02 7.350845596035566814e+03 1.100822484759088127e+01 -1.494925078061706269e-01 3.100000000000000089e+00 0.000000000000000000e+00 2.991170268332258783e-02 0.000000000000000000e+00 1.000000000000000000e+00 1.000000000000000000e+00 0.000000000000000000e+00 0.000000000000000000e+00 -1.000000000000000000e+00 -1.000000000000000000e+00
3.660000000000000000e+02 6.983712764665975783e+02 2.144312347236115812e+01 8.113818369601497049e-02 2.003075563196701214e+00 0.000000000000000000e+00 1.546222811961649873e-02 -1.000000000000000000e+00 1.000000000000000000e+00 1.000000000000000000e+00 8.200000000000000000e+01 1.000000000000000000e+05 -1.000000000000000000e+00 -1.000000000000000000e+00
3.680000000000000000e+02 7.529025143771539206e+02 1.046013246713097011e+01 -2.642901884066827245e-01 3.100000000000000089e+00 0.000000000000000000e+00 1.000000000000000056e-01 -1.000000000000000000e+00 1.000000000000000000e+00 1.000000000000000000e+00 8.200000000000000000e+01 3.000000000000000000e+05 -1.000000000000000000e+00 -1.000000000000000000e+00
3.700000000000000000e+02 7.443610870912593782e+02 1.715707030176838899e+01 -6.866083639871863042e-02 2.121867125256806208e+00 0.000000000000000000e+00 8.100000000000001643e-02 -1.000000000000000000e+00 1.000000000000000000e+00 1.000000000000000000e+00 8.200000000000000000e+01 4.000000000000000000e+05 -1.000000000000000000e+00 -1.000000000000000000e+00
3.780000000000000000e+02 2.981724015519870591e+04 1.054294959569488555e+01 1.154553637978205094e-01 1.579272584461749673e+00 0.000000000000000000e+00 4.878100859991194721e-02 -1.000000000000000000e+00 1.000000000000000000e+00 1.000000000000000000e+00 8.200000000000000000e+01 4.700000000000000000e+05 -1.000000000000000000e+00 -1.000000000000000000e+00
3.810000000000000000e+02 9.261188209412458718e+02 3.646236219419274249e+01 -7.737339423428063467e-02 2.680402840027240163e+00 0.000000000000000000e+00 1.000000000000000056e-01 -1.000000000000000000e+00 1.000000000000000000e+00 1.000000000000000000e+00 8.200000000000000000e+01 5.000000000000000000e+05 -1.000000000000000000e+00 -1.000000000000000000e+00
3.790000000000000000e+02 2.704907887364700582e+04 2.824265165104602104e+01 6.458414897123455622e-01 0.000000000000000000e+00 0.000000000000000000e+00 1.242348734353452416e-02 -1.000000000000000000e+00 1.000000000000000000e+00 2.000000000000000000e+00 8.200000000000000000e+01 5.400000000000000000e+05 -1.000000000000000000e+00 -1.000000000000000000e+00
3.820000000000000000e+02 1.534636968550847268e+04 3.024325283655281282e+01 8.362680636741277596e-01 0.000000000000000000e+00 0.000000000000000000e+00 3.975411691582986934e-02 -1.000000000000000000e+00 1.000000000000000000e+00 3.000000000000000000e+00 8.200000000000000000e+01 5.500000000000000000e+05 -1.000000000000000000e+00 -1.000000000000000000e+00
3.870000000000000000e+02 1.732610014850047446e+04 2.030858294682009202e+01 6.758979680575133431e-01 0.000000000000000000e+00 0.000000000000000000e+00 2.037130924984521807e-02 -1.000000000000000000e+00 1.000000000000000000e+00 2.000000000000000000e+00 8.200000000000000000e+01 5.900000000000000000e+05 -1.000000000000000000e+00 -1.000000000000000000e+00
3.950000000000000000e+02 8.819963270407793061e+02 1.959874441285925784e+01 3.794249194949144040e-03 1.246929244180587482e+00 0.000000000000000000e+00 9.000000000000001055e-02 -1.000000000000000000e+00 1.000000000000000000e+00 1.000000000000000000e+00 8.200000000000000000e+01 6.000000000000000000e+05 -1.000000000000000000e+00 -1.000000000000000000e+00
3.930000000000000000e+02 1.482418780779852750e+04 2.480771766014923330e+01 6.594287366363009717e-01 0.000000000000000000e+00 0.000000000000000000e+00 4.551778614004992757e-02 -1.000000000000000000e+00 1.000000000000000000e+00 2.000000000000000000e+00 8.200000000000000000e+01 6.100000000000000000e+05 -1.000000000000000000e+00 -1.000000000000000000e+00
4.020000000000000000e+02 8.019286743310894963e+02 3.963558947348927575e+01 -1.183902755089102643e-01 2.967812825246515018e+00 0.000000000000000000e+00 9.000000000000001055e-02 -1.000000000000000000e+00 1.000000000000000000e+00 1.000000000000000000e+00 8.200000000000000000e+01 7.000000000000000000e+05 -1.000000000000000000e+00 -1.000000000000000000e+00
3.960000000000000000e+02 1.468776953356422018e+04 3.849957996481038691e+01 5.909225480122853869e-01 0.000000000000000000e+00 0.000000000000000000e+00 9.000000000000001055e-02 -1.000000000000000000e+00 1.000000000000000000e+00 2.000000000000000000e+00 8.200000000000000000e+01 7.100000000000000000e+05 -1.000000000000000000e+00 -1.000000000000000000e+00
3.970000000000000000e+02 1.933978131854730600e+04 3.538280270604032296e+01 8.199948157348030398e-01 0.000000000000000000e+00 0.000000000000000000e+00 5.076428755773332996e-02 -1.000000000000000000e+00 1.000000000000000000e+00 3.000000000000000000e+00 8.200000000000000000e+01 7.400000000000000000e+05 -1.000000000000000000e+00 -1.000000000000000000e+00
4.030000000000000000e+02 2.695175419719839556e+04 3.039083904601540809e+01 6.289175973006372322e-01 0.000000000000000000e+00 0.000000000000000000e+00 3.775252633803525409e-02 -1.000000000000000000e+00 1.000000000000000000e+00 2.000000000000000000e+00 8.200000000000000000e+01 7.600000000000000000e+05 -1.000000000000000000e+00 -1.000000000000000000e+00
4.090000000000000000e+02 3.373789568511375023e+02 3.099973747527858592e+01 -4.653932745890887457e-02 2.156461838664821773e+00 0.000000000000000000e+00 8.455521383021293025e-02 -1.000000000000000000e+00 1.000000000000000000e+00 1.000000000000000000e+00 8.200000000000000000e+01 8.000000000000000000e+05 -1.000000000000000000e+00 -1.000000000000000000e+00
4.080000000000000000e+02 1.323480858888521107e+04 6.258764659040323153e+01 7.484374861059630568e-01 0.000000000000000000e+00 0.000000000000000000e+00 1.000000000000000056e-01 -1.000000000000000000e+00 1.000000000000000000e+00 4.000000000000000000e+00 8.200000000000000000e+01 8.100000000000000000e+05 -1.000000000000000000e+00 -1.000000000000000000e+00
