# id_num orb_a mass spin spin_angle orb_inc orb_ecc orb_arg_periapse orb_ang_mom gen galaxy time_passed star_X star_Y star_Z radius
2.400000000000000000e+02 5.339954912242097862e+01 1.514451745100871221e+03 9.539999999999999591e-01 3.814400529780094251e-01 0.000000000000000000e+00 2.465314750220476137e-01 0.000000000000000000e+00 1.254296590769622784e+18 1.000000000000000000e+00 0.000000000000000000e+00 0.000000000000000000e+00 7.273999999999999355e-01 2.637999999999999790e-01 8.800000000000000530e-03 3.483748357824726440e+02
2.410000000000000000e+02 4.866401006108577576e+01 1.761191448022069153e+03 9.539999999999999591e-01 9.247057003036966982e-01 0.000000000000000000e+00 5.422523208541427664e-01 0.000000000000000000e+00 1.468707438433968640e+18 1.000000000000000000e+00 0.000000000000000000e+00 0.000000000000000000e+00 7.273999999999999355e-01 2.637999999999999790e-01 8.800000000000000530e-03 3.930860931754027092e+02
2.420000000000000000e+02 4.942541154315221519e+01 1.738498101805925671e+03 9.539999999999999591e-01 6.265291587248739136e-01 0.000000000000000000e+00 4.387495891948913207e-01 1.570796326794896558e+00 1.460243501075164416e+18 1.000000000000000000e+00 0.000000000000000000e+00 0.000000000000000000e+00 7.273999999999999355e-01 2.637999999999999790e-01 8.800000000000000530e-03 3.890288431060703260e+02
2.500000000000000000e+02 6.360337152564665786e+01 2.347022326380410959e+03 9.539999999999999591e-01 3.238256091145005344e-01 0.000000000000000000e+00 2.560499911161124784e-02 0.000000000000000000e+00 2.089955329816077568e+18 1.000000000000000000e+00 0.000000000000000000e+00 0.000000000000000000e+00 7.273999999999999355e-01 2.637999999999999790e-01 8.800000000000000530e-03 4.946023798934999149e+02
2.540000000000000000e+02 6.145033515190893780e+01 2.848711397845307602e+03 9.539999999999999591e-01 7.411576499842634780e-01 0.000000000000000000e+00 6.942669871836193440e-02 0.000000000000000000e+00 2.613762313758291968e+18 1.000000000000000000e+00 0.000000000000000000e+00 0.000000000000000000e+00 7.273999999999999355e-01 2.637999999999999790e-01 8.800000000000000530e-03 5.775122324639305589e+02
2.610000000000000000e+02 4.926349069554588311e+01 3.365352319717585942e+03 9.539999999999999591e-01 1.499481617705874292e+00 0.000000000000000000e+00 3.899361877819991218e-01 1.570796326794896558e+00 3.258396992283682816e+18 1.000000000000000000e+00 0.000000000000000000e+00 0.000000000000000000e+00 7.273999999999999355e-01 2.637999999999999790e-01 8.800000000000000530e-03 6.598828704666913154e+02
2.630000000000000000e+02 6.733208359308454760e+01 3.789419356453272485e+03 9.539999999999999591e-01 1.309318183697977922e+00 0.000000000000000000e+00 1.436813446896107078e-02 0.000000000000000000e+00 3.727108643085884928e+18 1.000000000000000000e+00 0.000000000000000000e+00 0.000000000000000000e+00 7.273999999999999355e-01 2.637999999999999790e-01 8.800000000000000530e-03 7.256054906280389787e+02
2.640000000000000000e+02 6.875635749725826429e+01 3.960395879534814867e+03 9.539999999999999591e-01 1.742238434057356455e+00 0.000000000000000000e+00 1.668923099054520770e-02 1.570796326794896558e+00 3.927021680962256384e+18 1.000000000000000000e+00 0.000000000000000000e+00 0.000000000000000000e+00 7.273999999999999355e-01 2.637999999999999790e-01 8.800000000000000530e-03 7.516805363949608818e+02
2.660000000000000000e+02 7.248004772453748501e+01 4.468185564186043848e+03 9.539999999999999591e-01 1.540431188576971255e+00 0.000000000000000000e+00 1.590633676083655704e-02 1.570796326794896558e+00 4.501279855179001856e+18 1.000000000000000000e+00 0.000000000000000000e+00 0.000000000000000000e+00 7.273999999999999355e-01 2.637999999999999790e-01 8.800000000000000530e-03 8.278418658890825554e+02
2.670000000000000000e+02 8.350850917597300338e+01 4.553139269298700128e+03 9.539999999999999591e-01 2.865044699568680686e-01 0.000000000000000000e+00 5.879456994373373491e-02 0.000000000000000000e+00 4.623042501829275648e+18 1.000000000000000000e+00 0.000000000000000000e+00 0.000000000000000000e+00 7.273999999999999355e-01 2.637999999999999790e-01 8.800000000000000530e-03 8.404099249286470013e+02
2.720000000000000000e+02 8.550171436231403277e+01 5.020413379176881790e+03 9.539999999999999591e-01 1.149784850578845719e+00 0.000000000000000000e+00 4.798777201761823125e-02 0.000000000000000000e+00 5.311395951780874240e+18 1.000000000000000000e+00 0.000000000000000000e+00 0.000000000000000000e+00 7.273999999999999355e-01 2.637999999999999790e-01 8.800000000000000530e-03 9.087282045726692559e+02
2.800000000000000000e+02 1.036317875671814051e+02 7.160950018306088168e+03 9.539999999999999591e-01 5.863064352707769711e-01 0.000000000000000000e+00 9.000000000000001055e-02 1.570796326794896558e+00 8.108349651922137088e+18 1.000000000000000000e+00 0.000000000000000000e+00 0.000000000000000000e+00 7.273999999999999355e-01 2.637999999999999790e-01 8.800000000000000530e-03 1.207310392339188411e+03
2.810000000000000000e+02 1.172634622113079530e+02 6.818332627429854256e+03 9.539999999999999591e-01 1.218971497505765500e+00 0.000000000000000000e+00 1.234508183594056757e-02 1.570796326794896558e+00 7.787800605412474880e+18 1.000000000000000000e+00 0.000000000000000000e+00 0.000000000000000000e+00 7.273999999999999355e-01 2.637999999999999790e-01 8.800000000000000530e-03 1.160873700326833614e+03
2.820000000000000000e+02 1.221500279597579919e+02 7.940911577895544724e+03 9.539999999999999591e-01 1.573637130427663955e+00 0.000000000000000000e+00 9.000000000000001055e-02 0.000000000000000000e+00 9.149246732402634752e+18 1.000000000000000000e+00 0.000000000000000000e+00 0.000000000000000000e+00 7.273999999999999355e-01 2.637999999999999790e-01 8.800000000000000530e-03 1.311410670814469540e+03
2.890000000000000000e+02 1.204350233534055263e+02 1.050463438730273265e+04 9.539999999999999591e-01 2.964568738846948270e-01 0.000000000000000000e+00 9.000000000000001055e-02 1.570796326794896558e+00 1.288673933155128934e+19 1.000000000000000000e+00 0.000000000000000000e+00 0.000000000000000000e+00 7.273999999999999355e-01 2.637999999999999790e-01 8.800000000000000530e-03 1.640390245675649339e+03
2.900000000000000000e+02 1.283826957169978300e+02 1.022081096919996162e+04 9.539999999999999591e-01 2.104789853953477619e-01 0.000000000000000000e+00 9.000000000000001055e-02 0.000000000000000000e+00 1.265306944476460032e+19 1.000000000000000000e+00 0.000000000000000000e+00 0.000000000000000000e+00 7.273999999999999355e-01 2.637999999999999790e-01 8.800000000000000530e-03 1.604836192234775581e+03
2.950000000000000000e+02 1.347749270352121016e+02 1.336792538453209818e+04 9.539999999999999591e-01 4.083180375387593375e-01 0.000000000000000000e+00 9.000000000000001055e-02 1.570796326794896558e+00 1.733832738920929690e+19 1.000000000000000000e+00 0.000000000000000000e+00 0.000000000000000000e+00 7.273999999999999355e-01 2.637999999999999790e-01 8.800000000000000530e-03 1.989269551701957425e+03
2.960000000000000000e+02 1.423973079018348074e+02 1.334805379070441086e+04 9.539999999999999591e-01 8.816305141116111965e-01 0.000000000000000000e+00 3.153308186618843101e-02 0.000000000000000000e+00 1.748032310223351603e+19 1.000000000000000000e+00 0.000000000000000000e+00 0.000000000000000000e+00 7.273999999999999355e-01 2.637999999999999790e-01 8.800000000000000530e-03 1.986903539918741671e+03
2.970000000000000000e+02 1.599901465937939520e+02 1.457670632265995118e+04 9.539999999999999591e-01 2.982736913990881034e-01 0.000000000000000000e+00 2.968976546872074268e-02 0.000000000000000000e+00 1.927014177451895603e+19 1.000000000000000000e+00 0.000000000000000000e+00 0.000000000000000000e+00 7.273999999999999355e-01 2.637999999999999790e-01 8.800000000000000530e-03 2.131915309499726845e+03
3.030000000000000000e+02 1.527948622128798775e+02 1.831251960112088636e+04 9.539999999999999591e-01 1.235455303565039742e+00 0.000000000000000000e+00 2.483325606931292145e-02 1.570796326794896558e+00 2.567150177669503795e+19 1.000000000000000000e+00 0.000000000000000000e+00 0.000000000000000000e+00 7.273999999999999355e-01 2.637999999999999790e-01 8.800000000000000530e-03 2.558826896521818526e+03
3.040000000000000000e+02 1.679520014998111606e+02 2.064398771980123638e+04 9.539999999999999591e-01 1.212141076372736492e+00 0.000000000000000000e+00 1.002340492225805256e-02 0.000000000000000000e+00 2.923105702162744525e+19 1.000000000000000000e+00 0.000000000000000000e+00 0.000000000000000000e+00 7.273999999999999355e-01 2.637999999999999790e-01 8.800000000000000530e-03 2.816289517288460047e+03
3.050000000000000000e+02 4.491963967874647210e+02 2.197942861524239925e+04 9.539999999999999591e-01 4.449943744767176912e-01 0.000000000000000000e+00 9.000000000000001055e-02 1.570796326794896558e+00 3.143618792641893990e+19 1.000000000000000000e+00 0.000000000000000000e+00 0.000000000000000000e+00 7.273999999999999355e-01 2.637999999999999790e-01 8.800000000000000530e-03 2.961116835846135018e+03
3.070000000000000000e+02 2.451227323195332417e+02 2.311978069558090647e+04 9.539999999999999591e-01 7.648145930178850138e-01 0.000000000000000000e+00 9.000000000000001055e-02 1.570796326794896558e+00 3.374584580066347418e+19 1.000000000000000000e+00 0.000000000000000000e+00 0.000000000000000000e+00 7.273999999999999355e-01 2.637999999999999790e-01 8.800000000000000530e-03 3.083396628546362081e+03
3.090000000000000000e+02 1.893364350496208885e+02 2.659903497763389532e+04 9.539999999999999591e-01 1.116512574016489845e+00 0.000000000000000000e+00 1.000000000000000056e-01 1.570796326794896558e+00 3.963254504873232794e+19 1.000000000000000000e+00 0.000000000000000000e+00 0.000000000000000000e+00 7.273999999999999355e-01 2.637999999999999790e-01 8.800000000000000530e-03 3.449333048495984258e+03
3.100000000000000000e+02 2.599836775126385078e+02 2.712616831565603934e+04 9.539999999999999591e-01 1.091097898985488257e+00 0.000000000000000000e+00 9.000000000000001055e-02 1.570796326794896558e+00 4.083898495074100019e+19 1.000000000000000000e+00 0.000000000000000000e+00 0.000000000000000000e+00 7.273999999999999355e-01 2.637999999999999790e-01 8.800000000000000530e-03 3.503911970505618683e+03
3.120000000000000000e+02 1.776811657916908302e+02 2.923373347891291996e+04 9.539999999999999591e-01 1.076254474637383662e+00 0.000000000000000000e+00 8.100000000000001643e-02 0.000000000000000000e+00 4.494500052203349606e+19 1.000000000000000000e+00 0.000000000000000000e+00 0.000000000000000000e+00 7.273999999999999355e-01 2.637999999999999790e-01 8.800000000000000530e-03 3.720059203541026363e+03
3.140000000000000000e+02 2.183456912765381048e+02 3.392314645719272812e+04 9.559999999999999609e-01 1.667812730710482638e+00 0.000000000000000000e+00 1.000000000000000056e-01 0.000000000000000000e+00 5.327636549097901261e+19 1.000000000000000000e+00 0.000000000000000000e+00 0.000000000000000000e+00 7.273999999999999355e-01 2.637999999999999790e-01 8.800000000000000530e-03 4.190244135211717548e+03
3.150000000000000000e+02 2.411060617008198506e+02 3.562280005609375803e+04 9.539999999999999591e-01 6.578102805839651790e-01 0.000000000000000000e+00 9.000000000000001055e-02 0.000000000000000000e+00 5.654985897950857626e+19 1.000000000000000000e+00 0.000000000000000000e+00 0.000000000000000000e+00 7.273999999999999355e-01 2.637999999999999790e-01 8.800000000000000530e-03 4.357374300522670637e+03
3.170000000000000000e+02 1.781330655214842693e+02 3.993157693049608497e+04 9.539999999999999591e-01 3.273092160439173282e-01 0.000000000000000000e+00 1.000000000000000056e-01 1.570796326794896558e+00 6.478250134781263053e+19 1.000000000000000000e+00 0.000000000000000000e+00 0.000000000000000000e+00 7.273999999999999355e-01 2.637999999999999790e-01 8.800000000000000530e-03 4.774144876018971445e+03
3.190000000000000000e+02 1.899683729014584230e+02 4.304616213208104455e+04 9.539999999999999591e-01 1.271496349522137637e+00 0.000000000000000000e+00 1.200606181464843568e-02 1.570796326794896558e+00 7.138890841792599654e+19 1.000000000000000000e+00 0.000000000000000000e+00 0.000000000000000000e+00 7.273999999999999355e-01 2.637999999999999790e-01 8.800000000000000530e-03 5.069790049846067632e+03
3.200000000000000000e+02 1.843764528115999894e+02 4.483757907303345564e+04 9.539999999999999591e-01 6.460480463201767609e-01 0.000000000000000000e+00 9.000000000000001055e-02 1.570796326794896558e+00 7.519442357006793114e+19 1.000000000000000000e+00 0.000000000000000000e+00 0.000000000000000000e+00 7.273999999999999355e-01 2.637999999999999790e-01 8.800000000000000530e-03 5.237887296429079470e+03
3.260000000000000000e+02 1.407114229233095841e+02 6.026207241961369436e+04 9.539999999999999591e-01 2.849014809055674391e-01 0.000000000000000000e+00 9.000000000000001055e-02 0.000000000000000000e+00 1.082282650076279439e+20 1.000000000000000000e+00 0.000000000000000000e+00 0.000000000000000000e+00 7.273999999999999355e-01 2.637999999999999790e-01 8.800000000000000530e-03 6.635561450557761418e+03
3.270000000000000000e+02 1.302092110483069973e+02 6.440907991483875230e+04 9.539999999999999591e-01 1.625102271662546949e+00 0.000000000000000000e+00 9.000000000000001055e-02 0.000000000000000000e+00 1.170411681099481252e+20 1.000000000000000000e+00 0.000000000000000000e+00 0.000000000000000000e+00 7.273999999999999355e-01 2.637999999999999790e-01 8.800000000000000530e-03 6.998421591593979429e+03
3.310000000000000000e+02 1.155728691786894160e+02 8.265207422602623410e+04 9.539999999999999591e-01 3.905485233313592541e-01 0.000000000000000000e+00 1.500946352969992348e-02 1.570796326794896558e+00 1.575360864859884749e+20 1.000000000000000000e+00 0.000000000000000000e+00 0.000000000000000000e+00 7.273999999999999355e-01 2.637999999999999790e-01 8.800000000000000530e-03 8.543688989966054578e+03
3.360000000000000000e+02 7.700000000000001137e+02 1.098523754549976875e+05 9.539999999999999591e-01 1.396602571775287238e+00 0.000000000000000000e+00 1.000000000000000056e-01 1.570796326794896558e+00 2.227536354637374751e+20 1.000000000000000000e+00 0.000000000000000000e+00 0.000000000000000000e+00 7.273999999999999355e-01 2.637999999999999790e-01 8.800000000000000530e-03 1.072728915117406359e+04
3.400000000000000000e+02 7.700000000000001137e+02 1.411324073393871658e+05 9.539999999999999591e-01 1.563660999824468378e+00 0.000000000000000000e+00 1.000000000000000056e-01 1.570796326794896558e+00 3.012117122578192794e+20 1.000000000000000000e+00 0.000000000000000000e+00 0.000000000000000000e+00 7.273999999999999355e-01 2.637999999999999790e-01 8.800000000000000530e-03 1.310822310625944738e+04
3.430000000000000000e+02 7.700000000000001137e+02 1.665310042917331739e+05 9.539999999999999591e-01 3.630758017824556871e-01 0.000000000000000000e+00 1.000000000000000056e-01 1.570796326794896558e+00 3.697970408555983012e+20 1.000000000000000000e+00 0.000000000000000000e+00 0.000000000000000000e+00 7.273999999999999355e-01 2.637999999999999790e-01 8.800000000000000530e-03 1.496368322977437674e+04
3.440000000000000000e+02 7.700000000000001137e+02 1.777041628569226013e+05 9.539999999999999591e-01 1.133713904444862086e+00 0.000000000000000000e+00 1.000000000000000056e-01 0.000000000000000000e+00 3.999314914574754775e+20 1.000000000000000000e+00 0.000000000000000000e+00 0.000000000000000000e+00 7.273999999999999355e-01 2.637999999999999790e-01 8.800000000000000530e-03 1.576160742448187011e+04
3.450000000000000000e+02 7.700000000000001137e+02 1.890144461208993453e+05 9.539999999999999591e-01 1.444895186319679725e+00 0.000000000000000000e+00 1.000000000000000056e-01 0.000000000000000000e+00 4.311835342189624689e+20 1.000000000000000000e+00 0.000000000000000000e+00 0.000000000000000000e+00 7.273999999999999355e-01 2.637999999999999790e-01 8.800000000000000530e-03 1.655916461145035282e+04
3.460000000000000000e+02 7.700000000000001137e+02 2.016078817204649094e+05 9.539999999999999591e-01 3.984724521133075625e-01 0.000000000000000000e+00 1.000000000000000056e-01 1.570796326794896558e+00 4.662332761732265411e+20 1.000000000000000000e+00 0.000000000000000000e+00 0.000000000000000000e+00 7.273999999999999355e-01 2.637999999999999790e-01 8.800000000000000530e-03 1.743606302850484280e+04
3.470000000000000000e+02 7.700000000000001137e+02 2.144411636179184425e+05 9.539999999999999591e-01 1.228771662848993085e+00 0.000000000000000000e+00 1.000000000000000056e-01 0.000000000000000000e+00 5.027463465467854193e+20 1.000000000000000000e+00 0.000000000000000000e+00 0.000000000000000000e+00 7.273999999999999355e-01 2.637999999999999790e-01 8.800000000000000530e-03 1.831845952060584750e+04
3.490000000000000000e+02 7.700000000000001137e+02 2.477678607908809499e+05 9.539999999999999591e-01 9.015139923806689826e-01 0.000000000000000000e+00 1.000000000000000056e-01 1.570796326794896558e+00 5.972789527275081564e+20 1.000000000000000000e+00 0.000000000000000000e+00 0.000000000000000000e+00 7.273999999999999355e-01 2.637999999999999790e-01 8.800000000000000530e-03 2.056261773628565788e+04
3.500000000000000000e+02 7.700000000000001137e+02 2.623554513047177461e+05 9.539999999999999591e-01 5.281236873171252233e-01 0.000000000000000000e+00 1.000000000000000056e-01 0.000000000000000000e+00 6.414916500403415941e+20 1.000000000000000000e+00 0.000000000000000000e+00 0.000000000000000000e+00 7.273999999999999355e-01 2.637999999999999790e-01 8.800000000000000530e-03 2.152556199973452749e+04
3.530000000000000000e+02 7.700000000000001137e+02 3.189665523062108550e+05 9.539999999999999591e-01 3.458125525149259860e-01 0.000000000000000000e+00 1.000000000000000056e-01 0.000000000000000000e+00 8.142996758192952443e+20 1.000000000000000000e+00 0.000000000000000000e+00 0.000000000000000000e+00 7.273999999999999355e-01 2.637999999999999790e-01 8.800000000000000530e-03 2.516741093359359365e+04
3.540000000000000000e+02 7.700000000000001137e+02 3.369973609101949260e+05 9.539999999999999591e-01 3.908655959579084294e-01 0.000000000000000000e+00 1.000000000000000056e-01 0.000000000000000000e+00 8.730255419983787459e+20 1.000000000000000000e+00 0.000000000000000000e+00 0.000000000000000000e+00 7.273999999999999355e-01 2.637999999999999790e-01 8.800000000000000530e-03 2.629926582932576275e+04
3.550000000000000000e+02 7.700000000000001137e+02 3.650535441946456558e+05 9.539999999999999591e-01 1.226739446859707039e+00 0.000000000000000000e+00 1.000000000000000056e-01 1.570796326794896558e+00 9.597749946337423524e+20 1.000000000000000000e+00 0.000000000000000000e+00 0.000000000000000000e+00 7.273999999999999355e-01 2.637999999999999790e-01 8.800000000000000530e-03 2.803675072899541192e+04
3.560000000000000000e+02 7.700000000000001137e+02 3.890049125595805235e+05 9.539999999999999591e-01 1.288164008559272489e+00 0.000000000000000000e+00 1.000000000000000056e-01 0.000000000000000000e+00 1.038040892493445202e+21 1.000000000000000000e+00 0.000000000000000000e+00 0.000000000000000000e+00 7.273999999999999355e-01 2.637999999999999790e-01 8.800000000000000530e-03 2.949894564869434544e+04
3.600000000000000000e+02 7.700000000000001137e+02 5.201326219025531318e+05 9.539999999999999591e-01 8.170994360459578054e-01 0.000000000000000000e+00 1.000000000000000056e-01 0.000000000000000000e+00 1.475317342390067397e+21 1.000000000000000000e+00 0.000000000000000000e+00 0.000000000000000000e+00 7.273999999999999355e-01 2.637999999999999790e-01 8.800000000000000530e-03 3.721634331210370874e+04
3.610000000000000000e+02 7.700000000000001137e+02 5.625997726886563469e+05 9.539999999999999591e-01 1.041346711895988042e+00 0.000000000000000000e+00 1.000000000000000056e-01 0.000000000000000000e+00 1.620905871707649868e+21 1.000000000000000000e+00 0.000000000000000000e+00 0.000000000000000000e+00 7.273999999999999355e-01 2.637999999999999790e-01 8.800000000000000530e-03 3.962799202318359312e+04
3.630000000000000000e+02 7.700000000000001137e+02 6.523636729202395072e+05 9.539999999999999591e-01 1.590220608487522558e+00 0.000000000000000000e+00 1.000000000000000056e-01 0.000000000000000000e+00 1.939957768282059047e+21 1.000000000000000000e+00 0.000000000000000000e+00 0.000000000000000000e+00 7.273999999999999355e-01 2.637999999999999790e-01 8.800000000000000530e-03 4.461020719810957962e+04
3.640000000000000000e+02 7.700000000000001137e+02 3.060759768194941571e+05 9.539999999999999591e-01 7.816253594645390379e-01 0.000000000000000000e+00 1.000000000000000056e-01 1.570796326794896558e+00 9.224204334282221814e+20 1.000000000000000000e+00 0.000000000000000000e+00 0.000000000000000000e+00 7.273999999999999355e-01 2.637999999999999790e-01 8.800000000000000530e-03 2.435038433830914437e+04
