# id_num orb_a mass spin spin_angle orb_inc orb_ecc orb_arg_periapse orb_ang_mom gen galaxy time_passed gw_freq gw_strain
0.000000000000000000e+00 1.861978021947442539e+04 1.036383361953400950e+01 2.450201104236608696e-02 1.039977209305177785e+00 3.158586000365918522e+00 1.000000000000000021e-02 0.000000000000000000e+00 1.000000000000000000e+00 1.000000000000000000e+00 0.000000000000000000e+00 0.000000000000000000e+00 -1.000000000000000000e+00 -1.000000000000000000e+00
2.000000000000000000e+00 9.074205297307646106e+03 1.120647789892706392e+01 -1.041123642870743771e-01 3.100000000000000089e+00 3.129305790562052270e+00 1.000000000000000056e-01 1.570796326794896558e+00 1.000000000000000000e+00 1.000000000000000000e+00 0.000000000000000000e+00 0.000000000000000000e+00 -1.000000000000000000e+00 -1.000000000000000000e+00
3.000000000000000000e+00 4.067078693334950367e+04 1.073799395964341130e+01 1.074232997263567801e-01 5.527395956461325088e-01 4.102840305537466814e-02 1.869957564475493716e-01 1.570796326794896558e+00 1.000000000000000000e+00 1.000000000000000000e+00 0.000000000000000000e+00 0.000000000000000000e+00 -1.000000000000000000e+00 -1.000000000000000000e+00
7.000000000000000000e+00 2.552717006107406269e+04 1.115869002189055337e+01 -5.185309539574112919e-02 1.432959699711338963e+00 2.115869795508788787e-02 8.427312509551629360e-02 0.000000000000000000e+00 1.000000000000000000e+00 1.000000000000000000e+00 0.000000000000000000e+00 0.000000000000000000e+00 -1.000000000000000000e+00 -1.000000000000000000e+00
9.000000000000000000e+00 5.000000000000000000e+04 1.096224040557263102e+01 -5.395045497690578729e-02 1.443297699500147857e+00 3.130661130469329922e+00 9.467210364463943262e-02 1.570796326794896558e+00 1.000000000000000000e+00 1.000000000000000000e+00 0.000000000000000000e+00 0.000000000000000000e+00 -1.000000000000000000e+00 -1.000000000000000000e+00
1.100000000000000000e+01 1.718978642586713613e+04 1.197655986694842056e+01 -4.776223142698549085e-02 1.817963099179616959e+00 3.146744528488877535e+00 1.145001430901363901e-02 0.000000000000000000e+00 1.000000000000000000e+00 1.000000000000000000e+00 0.000000000000000000e+00 0.000000000000000000e+00 -1.000000000000000000e+00 -1.000000000000000000e+00
1.300000000000000000e+01 2.401007212481762690e+04 2.424264421231636035e+01 -2.732619217093857911e-01 3.093020000000000103e+00 3.132525475528884051e+00 1.000000000000000021e-02 1.570796326794896558e+00 1.000000000000000000e+00 1.000000000000000000e+00 0.000000000000000000e+00 0.000000000000000000e+00 -1.000000000000000000e+00 -1.000000000000000000e+00
1.400000000000000000e+01 4.979927055128648499e+04 1.555495033175849251e+01 -1.452108727204787231e-01 3.100000000000000089e+00 4.548793546620197997e-02 2.953664212068199402e-02 1.570796326794896558e+00 1.000000000000000000e+00 1.000000000000000000e+00 0.000000000000000000e+00 0.000000000000000000e+00 -1.000000000000000000e+00 -1.000000000000000000e+00
1.800000000000000000e+01 1.625981062952526008e+04 1.354171759550372478e+01 -5.297413104863962774e-02 1.754739337226722595e+00 3.150880987702425529e+00 1.000000000000000021e-02 0.000000000000000000e+00 1.000000000000000000e+00 1.000000000000000000e+00 0.000000000000000000e+00 0.000000000000000000e+00 -1.000000000000000000e+00 -1.000000000000000000e+00
2.000000000000000000e+01 2.022196645627886028e+04 1.061073139641807295e+01 7.573489799968000091e-02 4.748116445436504907e-01 -2.011438408106318299e-02 6.216136423660006266e-02 0.000000000000000000e+00 1.000000000000000000e+00 1.000000000000000000e+00 0.000000000000000000e+00 0.000000000000000000e+00 -1.000000000000000000e+00 -1.000000000000000000e+00
2.100000000000000000e+01 7.509153829210362119e+01 1.029092039599400898e+01 1.393194081939306828e-01 1.020356133482657857e+00 -3.599079621696547882e-02 2.081936350367079025e-01 1.570796326794896558e+00 1.000000000000000000e+00 1.000000000000000000e+00 0.000000000000000000e+00 0.000000000000000000e+00 -1.000000000000000000e+00 -1.000000000000000000e+00
2.200000000000000000e+01 5.000000000000000000e+04 3.176082401288012136e+01 -3.178968477047383057e-01 2.735990521627075456e+00 -1.436464181136688084e-02 3.141192345916010015e-02 0.000000000000000000e+00 1.000000000000000000e+00 1.000000000000000000e+00 0.000000000000000000e+00 0.000000000000000000e+00 -1.000000000000000000e+00 -1.000000000000000000e+00
2.600000000000000000e+01 2.399927486280759331e+04 3.636386368814807213e+01 -2.827145808006764627e-01 3.100000000000000089e+00 3.147699625880576946e+00 1.747111878601218318e-02 1.570796326794896558e+00 1.000000000000000000e+00 1.000000000000000000e+00 0.000000000000000000e+00 0.000000000000000000e+00 -1.000000000000000000e+00 -1.000000000000000000e+00
2.900000000000000000e+01 3.154162850888330649e+04 1.368833253691980723e+01 -1.055589090130751584e-01 3.037337691712127530e+00 3.117776342061789663e+00 2.192646708350783416e-02 0.000000000000000000e+00 1.000000000000000000e+00 1.000000000000000000e+00 0.000000000000000000e+00 0.000000000000000000e+00 -1.000000000000000000e+00 -1.000000000000000000e+00
3.200000000000000000e+01 4.167181163014203094e+02 1.829064847095594715e+01 2.198605154354725533e-02 1.397038958751701365e+00 -7.293612958501843532e-03 4.806967882873380143e-02 1.570796326794896558e+00 1.000000000000000000e+00 1.000000000000000000e+00 0.000000000000000000e+00 0.000000000000000000e+00 -1.000000000000000000e+00 -1.000000000000000000e+00
3.300000000000000000e+01 3.687866030264929577e+04 1.373457557265868800e+01 -3.443052884924579365e-02 1.023114232962771153e+00 4.290074299256439738e-02 9.895092415630192539e-02 1.570796326794896558e+00 1.000000000000000000e+00 1.000000000000000000e+00 0.000000000000000000e+00 0.000000000000000000e+00 -1.000000000000000000e+00 -1.000000000000000000e+00
3.400000000000000000e+01 2.485399169465751402e+04 2.407825703121611127e+01 -9.726476989735569068e-03 9.550197982376782413e-01 3.155778519099187385e+00 1.000000000000000021e-02 0.000000000000000000e+00 1.000000000000000000e+00 1.000000000000000000e+00 0.000000000000000000e+00 0.000000000000000000e+00 -1.000000000000000000e+00 -1.000000000000000000e+00
4.000000000000000000e+01 3.969355149907658051e+04 2.145548143107448524e+01 -1.139924031864475162e-01 2.966897637260730747e+00 3.096481714127667040e+00 1.980552140342362391e-02 0.000000000000000000e+00 1.000000000000000000e+00 1.000000000000000000e+00 0.000000000000000000e+00 0.000000000000000000e+00 -1.000000000000000000e+00 -1.000000000000000000e+00
4.300000000000000000e+01 3.149785639437822101e+04 2.382588253107033438e+01 -3.424969400395519448e-02 5.696250622935291608e-01 3.654409356073335269e-03 8.071452853726657217e-02 1.570796326794896558e+00 1.000000000000000000e+00 1.000000000000000000e+00 0.000000000000000000e+00 0.000000000000000000e+00 -1.000000000000000000e+00 -1.000000000000000000e+00
4.400000000000000000e+01 5.000000000000000000e+04 1.605098454274788011e+01 9.726431436667704045e-02 6.105552892849641644e-01 3.111719127143288244e+00 6.797690898606398302e-02 0.000000000000000000e+00 1.000000000000000000e+00 1.000000000000000000e+00 0.000000000000000000e+00 0.000000000000000000e+00 -1.000000000000000000e+00 -1.000000000000000000e+00
4.700000000000000000e+01 4.363212443347467342e+04 1.078711235681192626e+01 -5.360567497309311202e-02 7.846136749365301144e-01 3.121863276298663337e+00 5.720204132568620231e-02 0.000000000000000000e+00 1.000000000000000000e+00 1.000000000000000000e+00 0.000000000000000000e+00 0.000000000000000000e+00 -1.000000000000000000e+00 -1.000000000000000000e+00
4.900000000000000000e+01 1.206747004065249166e+04 1.018811924642296951e+01 -1.766869090905109213e-02 8.752903471594006835e-01 -1.429674339850047805e-02 1.000000000000000021e-02 1.570796326794896558e+00 1.000000000000000000e+00 1.000000000000000000e+00 0.000000000000000000e+00 0.000000000000000000e+00 -1.000000000000000000e+00 -1.000000000000000000e+00
5.100000000000000000e+01 3.735647096033734124e+04 2.484069756428133857e+01 -1.255569510843611569e-01 2.568300282797202350e+00 -2.228210860461212698e-03 1.000000000000000056e-01 1.570796326794896558e+00 1.000000000000000000e+00 1.000000000000000000e+00 0.000000000000000000e+00 0.000000000000000000e+00 -1.000000000000000000e+00 -1.000000000000000000e+00
5.200000000000000000e+01 5.000000000000000000e+04 1.768020336414751625e+01 -2.565811136892623412e-01 2.541116967854037956e+00 -9.058507384786338573e-03 1.000000000000000021e-02 0.000000000000000000e+00 1.000000000000000000e+00 1.000000000000000000e+00 0.000000000000000000e+00 0.000000000000000000e+00 -1.000000000000000000e+00 -1.000000000000000000e+00
5.300000000000000000e+01 5.000000000000000000e+04 1.337741450305070856e+01 5.574250555776645577e-02 4.901405170252761123e-01 7.619362440573257747e-03 1.627584879721350464e-01 0.000000000000000000e+00 1.000000000000000000e+00 1.000000000000000000e+00 0.000000000000000000e+00 0.000000000000000000e+00 -1.000000000000000000e+00 -1.000000000000000000e+00
5.800000000000000000e+01 4.633527788320220111e+02 1.077256537524577773e+01 -6.966616334789671461e-02 2.949331627225431074e+00 3.136106490131758129e+00 3.204921478194003998e-02 1.570796326794896558e+00 1.000000000000000000e+00 1.000000000000000000e+00 0.000000000000000000e+00 0.000000000000000000e+00 -1.000000000000000000e+00 -1.000000000000000000e+00
5.900000000000000000e+01 1.990636028664053447e+04 1.338924620489073547e+01 9.872811925076319106e-02 6.640590826865225837e-01 3.150371152819976484e+00 1.860226904610381288e-02 0.000000000000000000e+00 1.000000000000000000e+00 1.000000000000000000e+00 0.000000000000000000e+00 0.000000000000000000e+00 -1.000000000000000000e+00 -1.000000000000000000e+00
6.100000000000000000e+01 2.966753991448559464e+04 1.432353903638461645e+01 -6.631829437958583484e-02 3.100000000000000089e+00 1.889032949727114177e-02 7.211821439546833856e-02 0.000000000000000000e+00 1.000000000000000000e+00 1.000000000000000000e+00 0.000000000000000000e+00 0.000000000000000000e+00 -1.000000000000000000e+00 -1.000000000000000000e+00
6.200000000000000000e+01 2.913278744852174714e+04 2.742555554501350557e+01 6.124741936570728476e-03 1.758044540829611480e+00 2.778345823998359249e-02 2.736335462724031817e-02 0.000000000000000000e+00 1.000000000000000000e+00 1.000000000000000000e+00 0.000000000000000000e+00 0.000000000000000000e+00 -1.000000000000000000e+00 -1.000000000000000000e+00
6.300000000000000000e+01 3.198764499141892156e+04 2.059796503497188525e+01 -2.930293941600076862e-02 5.983807517406001253e-01 3.118873477281071782e+00 1.000000000000000056e-01 0.000000000000000000e+00 1.000000000000000000e+00 1.000000000000000000e+00 0.000000000000000000e+00 0.000000000000000000e+00 -1.000000000000000000e+00 -1.000000000000000000e+00
6.500000000000000000e+01 2.136851573546703003e+04 1.281542408681648837e+01 -2.731701389717677148e-02 1.157093535044712462e+00 -2.578304106335541773e-02 1.735837242991929846e-02 1.570796326794896558e+00 1.000000000000000000e+00 1.000000000000000000e+00 0.000000000000000000e+00 0.000000000000000000e+00 -1.000000000000000000e+00 -1.000000000000000000e+00
6.600000000000000000e+01 2.432836576330614946e+02 1.143221535658332400e+01 -1.277681346763064052e-01 3.100000000000000089e+00 2.392503938329077623e-02 4.246702670486621201e-02 0.000000000000000000e+00 1.000000000000000000e+00 1.000000000000000000e+00 0.000000000000000000e+00 0.000000000000000000e+00 -1.000000000000000000e+00 -1.000000000000000000e+00
8.100000000000000000e+01 5.000000000000000000e+04 2.291289435628261373e+01 3.115063190374633972e-02 1.791247627978938439e+00 3.091537479985382753e+00 9.910007499187505065e-02 1.570796326794896558e+00 1.000000000000000000e+00 1.000000000000000000e+00 0.000000000000000000e+00 0.000000000000000000e+00 -1.000000000000000000e+00 -1.000000000000000000e+00
8.300000000000000000e+01 4.380853925596697081e+04 1.126534133020438055e+01 -1.341844587012994972e-01 2.048116843595360503e+00 1.903615276511911800e-02 1.077859292850300715e-02 0.000000000000000000e+00 1.000000000000000000e+00 1.000000000000000000e+00 0.000000000000000000e+00 0.000000000000000000e+00 -1.000000000000000000e+00 -1.000000000000000000e+00
8.500000000000000000e+01 1.533062920868315814e+04 1.194803886534579007e+01 -7.945107271671571214e-02 3.100000000000000089e+00 1.500383701241621466e-02 2.847220514594485385e-02 0.000000000000000000e+00 1.000000000000000000e+00 1.000000000000000000e+00 0.000000000000000000e+00 0.000000000000000000e+00 -1.000000000000000000e+00 -1.000000000000000000e+00
9.100000000000000000e+01 4.825609981129338848e+04 1.837994587110026501e+01 6.824901217428444578e-02 5.094927696155764352e-01 -1.586369292153268218e-02 1.488077609739520135e-01 1.570796326794896558e+00 1.000000000000000000e+00 1.000000000000000000e+00 0.000000000000000000e+00 0.000000000000000000e+00 -1.000000000000000000e+00 -1.000000000000000000e+00
9.200000000000000000e+01 2.805203031980345986e+04 1.382647322344464236e+01 -1.762613787992420578e-01 2.183570982225976120e+00 -4.750543524493999747e-02 2.791368636972531292e-02 1.570796326794896558e+00 1.000000000000000000e+00 1.000000000000000000e+00 0.000000000000000000e+00 0.000000000000000000e+00 -1.000000000000000000e+00 -1.000000000000000000e+00
9.400000000000000000e+01 4.506916446297593939e+04 3.340801596995028433e+01 6.618756617787395838e-03 1.693459603008687253e+00 3.171309839542105991e+00 1.373348132721699359e-02 0.000000000000000000e+00 1.000000000000000000e+00 1.000000000000000000e+00 0.000000000000000000e+00 0.000000000000000000e+00 -1.000000000000000000e+00 -1.000000000000000000e+00
9.600000000000000000e+01 3.590627902849065867e+04 2.639774092146624795e+01 -7.350768200652936513e-02 2.415901931381797763e+00 3.165069431645886500e+00 5.643721600246575515e-02 1.570796326794896558e+00 1.000000000000000000e+00 1.000000000000000000e+00 0.000000000000000000e+00 0.000000000000000000e+00 -1.000000000000000000e+00 -1.000000000000000000e+00
9.700000000000000000e+01 1.400150612488952720e+04 1.112703187939656146e+01 -1.130696084977886040e-01 3.100000000000000089e+00 -1.366536354951201036e-02 4.602874302058961031e-02 0.000000000000000000e+00 1.000000000000000000e+00 1.000000000000000000e+00 0.000000000000000000e+00 0.000000000000000000e+00 -1.000000000000000000e+00 -1.000000000000000000e+00
9.900000000000000000e+01 1.819693843839871988e+04 1.211059820067149495e+01 5.732851412927031376e-02 1.536556087185250830e+00 1.463323659577666670e-02 1.000000000000000021e-02 0.000000000000000000e+00 1.000000000000000000e+00 1.000000000000000000e+00 0.000000000000000000e+00 0.000000000000000000e+00 -1.000000000000000000e+00 -1.000000000000000000e+00
1.000000000000000000e+02 4.828872294868760378e+02 1.028893353691974610e+01 -1.360060579807324810e-01 2.792248254769808646e+00 -1.343167489017274389e-02 1.109870070886447881e-02 1.570796326794896558e+00 1.000000000000000000e+00 1.000000000000000000e+00 0.000000000000000000e+00 0.000000000000000000e+00 -1.000000000000000000e+00 -1.000000000000000000e+00
1.020000000000000000e+02 2.538508279124975525e+04 2.607934401466436469e+01 -2.128658624814554548e-02 1.498866688615761555e+00 3.117427048743877993e+00 1.356408153818564055e-02 0.000000000000000000e+00 1.000000000000000000e+00 1.000000000000000000e+00 0.000000000000000000e+00 0.000000000000000000e+00 -1.000000000000000000e+00 -1.000000000000000000e+00
1.040000000000000000e+02 2.469432268507009576e+04 2.409084823409476073e+01 -1.231641639448370767e-01 3.100000000000000089e+00 3.152867450765680868e+00 1.000000000000000021e-02 0.000000000000000000e+00 1.000000000000000000e+00 1.000000000000000000e+00 0.000000000000000000e+00 0.000000000000000000e+00 -1.000000000000000000e+00 -1.000000000000000000e+00
1.050000000000000000e+02 3.581601523322814319e+04 1.618388361150906363e+01 -1.368894769239165643e-01 2.288839839696099610e+00 3.128205007024640327e+00 3.312940125954069726e-02 1.570796326794896558e+00 1.000000000000000000e+00 1.000000000000000000e+00 0.000000000000000000e+00 0.000000000000000000e+00 -1.000000000000000000e+00 -1.000000000000000000e+00
1.070000000000000000e+02 5.126018100660569417e+02 2.937543482860424149e+01 -1.428346815284552151e-02 1.439238629503784672e+00 1.155597706394272117e-02 2.114886328745020291e-02 1.570796326794896558e+00 1.000000000000000000e+00 1.000000000000000000e+00 0.000000000000000000e+00 0.000000000000000000e+00 -1.000000000000000000e+00 -1.000000000000000000e+00
1.080000000000000000e+02 5.186507384591376422e+02 2.034916371803405966e+01 -2.645652966015882845e-01 2.003158098312745494e+00 3.155198592198621643e+00 1.017381115575016585e-02 1.570796326794896558e+00 1.000000000000000000e+00 1.000000000000000000e+00 0.000000000000000000e+00 0.000000000000000000e+00 -1.000000000000000000e+00 -1.000000000000000000e+00
1.090000000000000000e+02 2.089868565923301139e+04 2.007961527268330926e+01 -3.519433636209567257e-02 4.048962862137838181e-01 3.157649032214003171e+00 9.000000000000001055e-02 0.000000000000000000e+00 1.000000000000000000e+00 1.000000000000000000e+00 0.000000000000000000e+00 0.000000000000000000e+00 -1.000000000000000000e+00 -1.000000000000000000e+00
1.100000000000000000e+02 4.996266684203105797e+02 2.167355984461984519e+01 2.085281218200665462e-03 6.485936114542069086e-01 3.137323731427398510e+00 3.691408999934320256e-02 1.570796326794896558e+00 1.000000000000000000e+00 1.000000000000000000e+00 0.000000000000000000e+00 0.000000000000000000e+00 -1.000000000000000000e+00 -1.000000000000000000e+00
1.130000000000000000e+02 5.369256042944180081e+02 1.053135916863380750e+01 9.967750969703270680e-02 8.983962085252306107e-01 3.131084822968472903e+00 3.266867475061860371e-02 0.000000000000000000e+00 1.000000000000000000e+00 1.000000000000000000e+00 0.000000000000000000e+00 0.000000000000000000e+00 -1.000000000000000000e+00 -1.000000000000000000e+00
1.160000000000000000e+02 3.910049767901770974e+04 1.052353672005354213e+01 -1.271963390661214333e-01 3.100000000000000089e+00 1.698992934715696373e-02 1.761684639551240258e-02 1.570796326794896558e+00 1.000000000000000000e+00 1.000000000000000000e+00 0.000000000000000000e+00 0.000000000000000000e+00 -1.000000000000000000e+00 -1.000000000000000000e+00
1.200000000000000000e+02 5.000000000000000000e+04 1.202102624061970282e+01 -1.757848858337169584e-01 3.100000000000000089e+00 -2.799511643533450847e-02 9.189823870153798757e-02 0.000000000000000000e+00 1.000000000000000000e+00 1.000000000000000000e+00 0.000000000000000000e+00 0.000000000000000000e+00 -1.000000000000000000e+00 -1.000000000000000000e+00
1.210000000000000000e+02 1.714233218066581685e+04 1.334544076352676889e+01 -1.762257080046623625e-01 2.511454453303802570e+00 1.562256315641669807e-02 1.000000000000000021e-02 1.570796326794896558e+00 1.000000000000000000e+00 1.000000000000000000e+00 0.000000000000000000e+00 0.000000000000000000e+00 -1.000000000000000000e+00 -1.000000000000000000e+00
1.230000000000000000e+02 4.125538968036908773e+04 1.149542992786981443e+01 -2.063273805749969714e-02 8.402024848067740637e-01 3.127514989767936626e+00 1.095376860585976254e-02 1.570796326794896558e+00 1.000000000000000000e+00 1.000000000000000000e+00 0.000000000000000000e+00 0.000000000000000000e+00 -1.000000000000000000e+00 -1.000000000000000000e+00
1.280000000000000000e+02 1.739466645360285474e+04 1.384331309483659922e+01 -3.657200341945843897e-02 1.577841572259284675e+00 -4.987176649454198168e-03 1.000000000000000021e-02 1.570796326794896558e+00 1.000000000000000000e+00 1.000000000000000000e+00 0.000000000000000000e+00 0.000000000000000000e+00 -1.000000000000000000e+00 -1.000000000000000000e+00
1.290000000000000000e+02 2.957106071940452603e+04 3.391449566094182444e+01 -9.015491981153184176e-02 2.553650529519639889e+00 3.112923128850431098e+00 1.275209591347821816e-02 0.000000000000000000e+00 1.000000000000000000e+00 1.000000000000000000e+00 0.000000000000000000e+00 0.000000000000000000e+00 -1.000000000000000000e+00 -1.000000000000000000e+00
1.320000000000000000e+02 2.806034535466515808e+04 1.467234585319154760e+01 -8.601198229164468134e-02 3.100000000000000089e+00 -3.723902771692400027e-02 4.574872704479408109e-02 1.570796326794896558e+00 1.000000000000000000e+00 1.000000000000000000e+00 0.000000000000000000e+00 0.000000000000000000e+00 -1.000000000000000000e+00 -1.000000000000000000e+00
1.340000000000000000e+02 3.118520955603730908e+04 1.021695440156101142e+01 -1.868972117231384178e-01 3.070488635848115599e+00 8.706068242910959543e-03 1.524379335369135668e-01 0.000000000000000000e+00 1.000000000000000000e+00 1.000000000000000000e+00 0.000000000000000000e+00 0.000000000000000000e+00 -1.000000000000000000e+00 -1.000000000000000000e+00
1.350000000000000000e+02 1.581416518765745968e+04 1.032373364001823290e+01 -7.599412165583079026e-02 3.100000000000000089e+00 3.162718059998546938e+00 1.918842794294928905e-02 0.000000000000000000e+00 1.000000000000000000e+00 1.000000000000000000e+00 0.000000000000000000e+00 0.000000000000000000e+00 -1.000000000000000000e+00 -1.000000000000000000e+00
1.360000000000000000e+02 5.000000000000000000e+04 3.489524925127777522e+01 -3.604520494135154268e-02 1.250831866193961028e+00 2.840078856236131349e-02 1.825818858277312648e-02 1.570796326794896558e+00 1.000000000000000000e+00 1.000000000000000000e+00 0.000000000000000000e+00 0.000000000000000000e+00 -1.000000000000000000e+00 -1.000000000000000000e+00
1.380000000000000000e+02 3.075847354394348076e+04 1.132391861792166665e+01 -1.331748118359181443e-01 2.726408262113557690e+00 2.784386488855333450e-02 2.102953542827019212e-02 1.570796326794896558e+00 1.000000000000000000e+00 1.000000000000000000e+00 0.000000000000000000e+00 0.000000000000000000e+00 -1.000000000000000000e+00 -1.000000000000000000e+00
1.400000000000000000e+02 3.008769229234584418e+04 1.393878868876367783e+01 4.642485948041599753e-02 7.954492768352987575e-01 3.157978870091753265e+00 1.063749691436467228e-02 1.570796326794896558e+00 1.000000000000000000e+00 1.000000000000000000e+00 0.000000000000000000e+00 0.000000000000000000e+00 -1.000000000000000000e+00 -1.000000000000000000e+00
1.410000000000000000e+02 4.242255627746191021e+04 1.152945472842956498e+01 -3.488234706739677671e-02 9.974056027588735773e-01 3.103392591602030404e+00 7.505669955148848438e-02 1.570796326794896558e+00 1.000000000000000000e+00 1.000000000000000000e+00 0.000000000000000000e+00 0.000000000000000000e+00 -1.000000000000000000e+00 -1.000000000000000000e+00
1.420000000000000000e+02 3.263940917980508311e+04 1.372103720397110216e+01 5.191329093212632140e-02 8.008145861821387435e-01 6.207627507961663467e-03 2.062038760590078137e-02 0.000000000000000000e+00 1.000000000000000000e+00 1.000000000000000000e+00 0.000000000000000000e+00 0.000000000000000000e+00 -1.000000000000000000e+00 -1.000000000000000000e+00
1.440000000000000000e+02 3.907919540373411292e+04 1.061713295428195991e+01 -4.729802611967006548e-02 1.626720767699608494e+00 3.117088550212311571e+00 4.149282482515404685e-02 0.000000000000000000e+00 1.000000000000000000e+00 1.000000000000000000e+00 0.000000000000000000e+00 0.000000000000000000e+00 -1.000000000000000000e+00 -1.000000000000000000e+00
1.470000000000000000e+02 2.447869456605436426e+04 1.327380982134046938e+01 -1.398683523659619010e-01 3.086040000000000116e+00 3.144425827955657393e+00 1.000000000000000056e-01 0.000000000000000000e+00 1.000000000000000000e+00 1.000000000000000000e+00 0.000000000000000000e+00 0.000000000000000000e+00 -1.000000000000000000e+00 -1.000000000000000000e+00
1.480000000000000000e+02 4.260498230995817721e+04 1.050060199065455357e+01 7.070392220311547127e-02 1.886310628207266138e+00 3.509332407664991771e-02 9.620594083685513054e-02 1.570796326794896558e+00 1.000000000000000000e+00 1.000000000000000000e+00 0.000000000000000000e+00 0.000000000000000000e+00 -1.000000000000000000e+00 -1.000000000000000000e+00
1.490000000000000000e+02 4.734917245384384296e+04 1.493927622238265407e+01 -4.560744979931515009e-02 4.748910225389293416e-01 2.196962821204138591e-02 4.160081514981049666e-02 1.570796326794896558e+00 1.000000000000000000e+00 1.000000000000000000e+00 0.000000000000000000e+00 0.000000000000000000e+00 -1.000000000000000000e+00 -1.000000000000000000e+00
1.520000000000000000e+02 1.688622200364931996e+04 1.059081173963356548e+01 -1.288107373103673514e-01 2.028184044193313440e+00 3.161438843233108198e+00 3.101135112185667356e-02 0.000000000000000000e+00 1.000000000000000000e+00 1.000000000000000000e+00 0.000000000000000000e+00 0.000000000000000000e+00 -1.000000000000000000e+00 -1.000000000000000000e+00
1.530000000000000000e+02 5.000000000000000000e+04 2.155541301202027427e+01 4.284177419802943920e-02 1.389385580143049692e+00 3.180968278501754565e+00 7.463605900406107552e-02 1.570796326794896558e+00 1.000000000000000000e+00 1.000000000000000000e+00 0.000000000000000000e+00 0.000000000000000000e+00 -1.000000000000000000e+00 -1.000000000000000000e+00
1.560000000000000000e+02 1.926577546050903766e+04 2.240199653459789175e+01 -4.452368198620973438e-02 6.504749096884969717e-01 3.154817990962883734e+00 1.000000000000000021e-02 1.570796326794896558e+00 1.000000000000000000e+00 1.000000000000000000e+00 0.000000000000000000e+00 0.000000000000000000e+00 -1.000000000000000000e+00 -1.000000000000000000e+00
1.590000000000000000e+02 4.796077741005334246e+04 2.530555786942731089e+01 -9.981808689377900945e-02 3.100000000000000089e+00 3.165768444198575171e+00 1.393321109772963431e-02 0.000000000000000000e+00 1.000000000000000000e+00 1.000000000000000000e+00 0.000000000000000000e+00 0.000000000000000000e+00 -1.000000000000000000e+00 -1.000000000000000000e+00
1.650000000000000000e+02 3.990364243324932613e+04 2.010231017325107672e+01 -8.504307551407894183e-03 1.569053982922801849e+00 3.138036713728220128e+00 9.108064573175617129e-02 0.000000000000000000e+00 1.000000000000000000e+00 1.000000000000000000e+00 0.000000000000000000e+00 0.000000000000000000e+00 -1.000000000000000000e+00 -1.000000000000000000e+00
1.660000000000000000e+02 3.091795115929350504e+04 1.221902515260183009e+01 -1.152487517705651360e-01 3.100000000000000089e+00 -1.095115464547013681e-02 3.272036746648046557e-02 1.570796326794896558e+00 1.000000000000000000e+00 1.000000000000000000e+00 0.000000000000000000e+00 0.000000000000000000e+00 -1.000000000000000000e+00 -1.000000000000000000e+00
1.680000000000000000e+02 2.412727854186761033e+04 1.241576423645627614e+01 -4.094093678406098696e-02 4.319245123646911488e-01 1.234839647453174830e-02 1.468723461652805991e-02 0.000000000000000000e+00 1.000000000000000000e+00 1.000000000000000000e+00 0.000000000000000000e+00 0.000000000000000000e+00 -1.000000000000000000e+00 -1.000000000000000000e+00
1.700000000000000000e+02 5.000000000000000000e+04 2.012725666627061827e+01 -8.197750607730007466e-02 2.131079644505716075e+00 3.159158938718126031e+00 1.863175100255289873e-01 0.000000000000000000e+00 1.000000000000000000e+00 1.000000000000000000e+00 0.000000000000000000e+00 0.000000000000000000e+00 -1.000000000000000000e+00 -1.000000000000000000e+00
1.710000000000000000e+02 3.269112420422893774e+04 1.037695670458013275e+01 -4.358492799424735879e-03 1.892418042095505903e+00 -2.075033361718857036e-02 8.003976725034941953e-02 1.570796326794896558e+00 1.000000000000000000e+00 1.000000000000000000e+00 0.000000000000000000e+00 0.000000000000000000e+00 -1.000000000000000000e+00 -1.000000000000000000e+00
1.740000000000000000e+02 2.885114417714349838e+04 1.398768661700837512e+01 6.448483637354816833e-02 1.191143746559444772e+00 3.174310895439240277e+00 7.849391490254471748e-02 1.570796326794896558e+00 1.000000000000000000e+00 1.000000000000000000e+00 0.000000000000000000e+00 0.000000000000000000e+00 -1.000000000000000000e+00 -1.000000000000000000e+00
1.770000000000000000e+02 2.038834143097389097e+04 1.588588099826842104e+01 -2.485600281032562808e-01 2.962488952739623649e+00 1.405020150194293341e-02 2.393713381593167225e-02 1.570796326794896558e+00 1.000000000000000000e+00 1.000000000000000000e+00 0.000000000000000000e+00 0.000000000000000000e+00 -1.000000000000000000e+00 -1.000000000000000000e+00
1.790000000000000000e+02 4.546923192021432624e+04 1.051437761232660861e+01 -5.932224356857003847e-03 4.814554864983165428e-01 3.158240264728002344e+00 2.119772017974481115e-01 1.570796326794896558e+00 1.000000000000000000e+00 1.000000000000000000e+00 0.000000000000000000e+00 0.000000000000000000e+00 -1.000000000000000000e+00 -1.000000000000000000e+00
1.870000000000000000e+02 5.000000000000000000e+04 3.467360578163849993e+01 -5.420891264036990786e-02 1.674975552483119579e+00 3.182305439029179617e+00 1.083590729965659347e-02 0.000000000000000000e+00 1.000000000000000000e+00 1.000000000000000000e+00 0.000000000000000000e+00 0.000000000000000000e+00 -1.000000000000000000e+00 -1.000000000000000000e+00
1.920000000000000000e+02 6.239758555494876191e+02 1.200170626279546404e+01 -3.266741555439225259e-02 5.912810212872322557e-01 -5.075679885352858559e-04 1.878922242795241435e-02 0.000000000000000000e+00 1.000000000000000000e+00 1.000000000000000000e+00 0.000000000000000000e+00 0.000000000000000000e+00 -1.000000000000000000e+00 -1.000000000000000000e+00
1.930000000000000000e+02 5.000000000000000000e+04 1.827792726876173290e+01 8.462399546652404556e-04 6.588834637775384806e-01 3.115579968731997162e+00 2.345805458380615660e-01 0.000000000000000000e+00 1.000000000000000000e+00 1.000000000000000000e+00 0.000000000000000000e+00 0.000000000000000000e+00 -1.000000000000000000e+00 -1.000000000000000000e+00
1.940000000000000000e+02 6.867164732084103207e+02 1.467137715597248615e+01 -2.805474391681618829e-01 2.448214323227713596e+00 -1.374017248411544320e-03 4.353475502839838918e-02 0.000000000000000000e+00 1.000000000000000000e+00 1.000000000000000000e+00 0.000000000000000000e+00 0.000000000000000000e+00 -1.000000000000000000e+00 -1.000000000000000000e+00
1.950000000000000000e+02 2.307481176006502608e+02 1.380126939763123062e+01 -5.330108854109506106e-02 1.148404877007864755e+00 3.196577971722871503e+00 2.380338805866068219e-02 0.000000000000000000e+00 1.000000000000000000e+00 1.000000000000000000e+00 0.000000000000000000e+00 0.000000000000000000e+00 -1.000000000000000000e+00 -1.000000000000000000e+00
1.960000000000000000e+02 3.422029314848961076e+04 2.630292765663310561e+01 -5.712828562172889146e-02 4.525130602950953040e-01 2.367708637833802060e-02 2.538946864999694700e-02 1.570796326794896558e+00 1.000000000000000000e+00 1.000000000000000000e+00 0.000000000000000000e+00 0.000000000000000000e+00 -1.000000000000000000e+00 -1.000000000000000000e+00
1.980000000000000000e+02 4.526914935562900791e+04 1.179383635596405000e+01 -2.498633465935004017e-01 3.100000000000000089e+00 -3.258319277220128596e-02 3.714088152688712480e-02 0.000000000000000000e+00 1.000000000000000000e+00 1.000000000000000000e+00 0.000000000000000000e+00 0.000000000000000000e+00 -1.000000000000000000e+00 -1.000000000000000000e+00
1.990000000000000000e+02 4.381472526850657596e+04 3.196960670838456764e+01 8.168290707855907495e-02 1.283928328008578035e+00 -2.748330112957624374e-03 7.200622625964064882e-02 0.000000000000000000e+00 1.000000000000000000e+00 1.000000000000000000e+00 0.000000000000000000e+00 0.000000000000000000e+00 -1.000000000000000000e+00 -1.000000000000000000e+00
2.000000000000000000e+02 4.270866469016061274e+03 1.205799498725332519e+01 -8.471191751828474614e-02 1.990284800770465434e+00 4.160372664498664282e-03 9.000000000000001055e-02 1.570796326794896558e+00 1.000000000000000000e+00 1.000000000000000000e+00 0.000000000000000000e+00 0.000000000000000000e+00 -1.000000000000000000e+00 -1.000000000000000000e+00
3.650000000000000000e+02 3.232469492124724297e+02 1.454488800600031695e+01 -1.596849207062570608e-01 2.704057180676042726e+00 0.000000000000000000e+00 3.736646002032765340e-02 -1.000000000000000000e+00 1.000000000000000000e+00 1.000000000000000000e+00 4.400000000000000000e+01 0.000000000000000000e+00 -1.000000000000000000e+00 -1.000000000000000000e+00
8.000000000000000000e+00 6.936394567630693473e+02 1.271352430718940063e+01 5.479696991357185624e-03 9.699036488380102794e-01 0.000000000000000000e+00 3.252732569657117156e-02 1.570796326794896558e+00 1.000000000000000000e+00 1.000000000000000000e+00 0.000000000000000000e+00 0.000000000000000000e+00 -1.000000000000000000e+00 -1.000000000000000000e+00
1.000000000000000000e+01 5.000000000000000000e+04 1.066831448570433416e+01 2.408963624757107236e-01 1.530274935996649877e+00 0.000000000000000000e+00 1.903275747050393041e-01 1.570796326794896558e+00 1.000000000000000000e+00 1.000000000000000000e+00 0.000000000000000000e+00 0.000000000000000000e+00 -1.000000000000000000e+00 -1.000000000000000000e+00
2.500000000000000000e+01 2.942509539001447411e+04 1.394386226178744081e+01 8.794283236301936313e-03 5.850554829514954536e-01 1.379861415063291658e-02 1.071511025820956059e-01 1.570796326794896558e+00 1.000000000000000000e+00 1.000000000000000000e+00 0.000000000000000000e+00 0.000000000000000000e+00 -1.000000000000000000e+00 -1.000000000000000000e+00
2.700000000000000000e+01 2.811399681676703403e+04 1.972170572109036613e+01 6.587103785599993100e-02 1.187501791629313574e+00 2.029756157662923263e-02 1.168609031329971050e-02 1.570796326794896558e+00 1.000000000000000000e+00 1.000000000000000000e+00 0.000000000000000000e+00 0.000000000000000000e+00 -1.000000000000000000e+00 -1.000000000000000000e+00
3.100000000000000000e+01 3.309886650532512431e+04 2.265251165986723336e+01 -5.377683294118578566e-02 1.855767802079708151e+00 1.914698041589768182e-02 3.424653786980587367e-02 1.570796326794896558e+00 1.000000000000000000e+00 1.000000000000000000e+00 0.000000000000000000e+00 0.000000000000000000e+00 -1.000000000000000000e+00 -1.000000000000000000e+00
3.600000000000000000e+01 4.182168168480882014e+04 1.721660340100927300e+01 1.079437274299060168e-01 8.279302199210432089e-01 2.813603272393099333e-02 7.514087905827211700e-02 1.570796326794896558e+00 1.000000000000000000e+00 1.000000000000000000e+00 0.000000000000000000e+00 0.000000000000000000e+00 -1.000000000000000000e+00 -1.000000000000000000e+00
3.800000000000000000e+01 1.445312713326778976e+04 1.340180998157909187e+01 -1.196253265753650652e-01 2.012704631464287353e+00 2.549698798533394772e-03 1.000000000000000021e-02 1.570796326794896558e+00 1.000000000000000000e+00 1.000000000000000000e+00 0.000000000000000000e+00 0.000000000000000000e+00 -1.000000000000000000e+00 -1.000000000000000000e+00
4.200000000000000000e+01 5.000000000000000000e+04 1.178755344184814646e+01 -5.488306476145909246e-02 1.661337775657715454e+00 2.687125800016948451e-02 8.361568312020431493e-02 1.570796326794896558e+00 1.000000000000000000e+00 1.000000000000000000e+00 0.000000000000000000e+00 0.000000000000000000e+00 -1.000000000000000000e+00 -1.000000000000000000e+00
4.600000000000000000e+01 5.000000000000000000e+04 1.194412220864775342e+01 1.397273958401653304e-01 1.162014567690684785e+00 0.000000000000000000e+00 8.714365968062244561e-02 1.570796326794896558e+00 1.000000000000000000e+00 1.000000000000000000e+00 0.000000000000000000e+00 0.000000000000000000e+00 -1.000000000000000000e+00 -1.000000000000000000e+00
5.600000000000000000e+01 1.706188970673150106e+04 1.257105392180571890e+01 6.399200424960940770e-02 5.335725000755625613e-01 0.000000000000000000e+00 1.000000000000000021e-02 1.570796326794896558e+00 1.000000000000000000e+00 1.000000000000000000e+00 0.000000000000000000e+00 0.000000000000000000e+00 -1.000000000000000000e+00 -1.000000000000000000e+00
6.400000000000000000e+01 4.451050210168400372e+04 1.981012626390824138e+01 -4.344309790243372493e-02 1.241883079664055867e+00 0.000000000000000000e+00 1.278522754332822760e-02 1.570796326794896558e+00 1.000000000000000000e+00 1.000000000000000000e+00 0.000000000000000000e+00 0.000000000000000000e+00 -1.000000000000000000e+00 -1.000000000000000000e+00
6.800000000000000000e+01 5.859072508188115762e+02 1.215485491659953077e+01 2.942159559910198507e-02 1.991193758104983669e+00 0.000000000000000000e+00 9.000000000000001055e-02 1.570796326794896558e+00 1.000000000000000000e+00 1.000000000000000000e+00 0.000000000000000000e+00 0.000000000000000000e+00 -1.000000000000000000e+00 -1.000000000000000000e+00
7.100000000000000000e+01 4.408740286859894013e+02 1.409139662022637118e+01 -4.600666435613076644e-02 1.676930320912464412e+00 2.195131353830225701e-02 2.569245885970338275e-02 1.570796326794896558e+00 1.000000000000000000e+00 1.000000000000000000e+00 0.000000000000000000e+00 0.000000000000000000e+00 -1.000000000000000000e+00 -1.000000000000000000e+00
7.300000000000000000e+01 6.336228390730562978e+02 3.716950127619724498e+01 -1.017746187739929919e-01 2.353207998922148825e+00 7.194866653371073673e-03 9.000000000000001055e-02 1.570796326794896558e+00 1.000000000000000000e+00 1.000000000000000000e+00 0.000000000000000000e+00 0.000000000000000000e+00 -1.000000000000000000e+00 -1.000000000000000000e+00
9.000000000000000000e+01 7.396308338759115486e+02 1.321437282797806745e+01 -1.241634102289580488e-01 2.182296648200175326e+00 2.110833638233277753e-03 2.361248178847555682e-02 1.570796326794896558e+00 1.000000000000000000e+00 1.000000000000000000e+00 0.000000000000000000e+00 0.000000000000000000e+00 -1.000000000000000000e+00 -1.000000000000000000e+00
9.800000000000000000e+01 4.214920008329953998e+04 3.201362643782793782e+01 6.246170155803841550e-02 8.314545376819492128e-01 3.552429562229576007e-03 4.674335174985385505e-02 1.570796326794896558e+00 1.000000000000000000e+00 1.000000000000000000e+00 0.000000000000000000e+00 0.000000000000000000e+00 -1.000000000000000000e+00 -1.000000000000000000e+00
1.030000000000000000e+02 3.645402737811034604e+04 2.216515006623556161e+01 -5.783955133581328636e-03 1.636051653781852799e+00 1.732700950854834101e-03 8.755755776057522199e-02 1.570796326794896558e+00 1.000000000000000000e+00 1.000000000000000000e+00 0.000000000000000000e+00 0.000000000000000000e+00 -1.000000000000000000e+00 -1.000000000000000000e+00
1.250000000000000000e+02 7.032462291948419306e+02 1.696500758734440950e+01 -3.388734878282401164e-02 1.697437689336583677e+00 0.000000000000000000e+00 2.028292567156110560e-02 1.570796326794896558e+00 1.000000000000000000e+00 1.000000000000000000e+00 0.000000000000000000e+00 0.000000000000000000e+00 -1.000000000000000000e+00 -1.000000000000000000e+00
1.430000000000000000e+02 2.923593391630179758e+04 1.029200271873171602e+01 -4.501478503866911812e-02 1.776026632413464368e+00 2.112131353943611997e-02 7.384444625136912799e-02 1.570796326794896558e+00 1.000000000000000000e+00 1.000000000000000000e+00 0.000000000000000000e+00 0.000000000000000000e+00 -1.000000000000000000e+00 -1.000000000000000000e+00
1.600000000000000000e+02 4.529549875704800797e+04 1.473302952485747497e+01 8.631945082552699988e-02 1.800619735057673365e+00 2.484968642878804604e-02 5.247550051159896589e-02 1.570796326794896558e+00 1.000000000000000000e+00 1.000000000000000000e+00 0.000000000000000000e+00 0.000000000000000000e+00 -1.000000000000000000e+00 -1.000000000000000000e+00
1.620000000000000000e+02 2.090232250011040378e+04 1.089083566644498546e+01 -1.578533541195272782e-01 3.100000000000000089e+00 0.000000000000000000e+00 2.751001469613952727e-02 1.570796326794896558e+00 1.000000000000000000e+00 1.000000000000000000e+00 0.000000000000000000e+00 0.000000000000000000e+00 -1.000000000000000000e+00 -1.000000000000000000e+00
1.630000000000000000e+02 3.205250250683472404e+04 1.684458127240391434e+01 -9.440044831579984252e-02 3.035946861520475437e+00 0.000000000000000000e+00 1.526179077080748632e-02 1.570796326794896558e+00 1.000000000000000000e+00 1.000000000000000000e+00 0.000000000000000000e+00 0.000000000000000000e+00 -1.000000000000000000e+00 -1.000000000000000000e+00
1.720000000000000000e+02 2.006304742300236467e+04 1.198994616890209386e+01 1.242234947788887489e-01 9.433001230092173950e-01 0.000000000000000000e+00 1.318846826515780377e-02 1.570796326794896558e+00 1.000000000000000000e+00 1.000000000000000000e+00 0.000000000000000000e+00 0.000000000000000000e+00 -1.000000000000000000e+00 -1.000000000000000000e+00
1.910000000000000000e+02 3.869296714457531198e+04 1.059687489982927744e+01 -5.024740644276880913e-02 8.289768767271995520e-01 0.000000000000000000e+00 1.388880731799445843e-02 1.570796326794896558e+00 1.000000000000000000e+00 1.000000000000000000e+00 0.000000000000000000e+00 0.000000000000000000e+00 -1.000000000000000000e+00 -1.000000000000000000e+00
1.200000000000000000e+01 1.552970089850795830e+03 1.253492585539292925e+01 -2.087890231942123309e-01 2.287019713962964662e+00 0.000000000000000000e+00 9.000000000000001055e-02 0.000000000000000000e+00 1.000000000000000000e+00 1.000000000000000000e+00 0.000000000000000000e+00 0.000000000000000000e+00 -1.000000000000000000e+00 -1.000000000000000000e+00
1.600000000000000000e+01 1.545456196829152395e+04 2.100654537618193984e+01 -1.233500373913557907e-01 2.613173157093789278e+00 0.000000000000000000e+00 1.000000000000000021e-02 0.000000000000000000e+00 1.000000000000000000e+00 1.000000000000000000e+00 0.000000000000000000e+00 0.000000000000000000e+00 -1.000000000000000000e+00 -1.000000000000000000e+00
1.700000000000000000e+01 7.663724625458281707e+02 1.089767198208180154e+01 -1.340945895798073551e-02 1.805782908226958083e+00 0.000000000000000000e+00 2.587349360556450914e-02 0.000000000000000000e+00 1.000000000000000000e+00 1.000000000000000000e+00 0.000000000000000000e+00 0.000000000000000000e+00 -1.000000000000000000e+00 -1.000000000000000000e+00
2.300000000000000000e+01 2.827579437822573254e+03 1.119780568816302413e+01 -7.893719393997766787e-02 3.100000000000000089e+00 0.000000000000000000e+00 9.000000000000001055e-02 0.000000000000000000e+00 1.000000000000000000e+00 1.000000000000000000e+00 0.000000000000000000e+00 0.000000000000000000e+00 -1.000000000000000000e+00 -1.000000000000000000e+00
3.500000000000000000e+01 1.326595322765399396e+04 1.077676693282095322e+01 -5.336728247703097922e-02 1.883891312912584937e+00 0.000000000000000000e+00 7.354051018814435070e-02 0.000000000000000000e+00 1.000000000000000000e+00 1.000000000000000000e+00 0.000000000000000000e+00 0.000000000000000000e+00 -1.000000000000000000e+00 -1.000000000000000000e+00
3.900000000000000000e+01 1.209585081036916563e+04 1.565992989551138592e+01 -1.035573106037640384e-01 3.100000000000000089e+00 0.000000000000000000e+00 1.000000000000000056e-01 0.000000000000000000e+00 1.000000000000000000e+00 1.000000000000000000e+00 0.000000000000000000e+00 0.000000000000000000e+00 -1.000000000000000000e+00 -1.000000000000000000e+00
4.500000000000000000e+01 1.021348328978747668e+04 2.174444245227371297e+01 -1.544755525502883864e-01 2.222575839903578210e+00 0.000000000000000000e+00 3.823934285062258881e-02 0.000000000000000000e+00 1.000000000000000000e+00 1.000000000000000000e+00 0.000000000000000000e+00 0.000000000000000000e+00 -1.000000000000000000e+00 -1.000000000000000000e+00
4.800000000000000000e+01 2.905613361032873399e+03 2.672145198017273771e+01 -1.020112880736551292e-01 3.100000000000000089e+00 0.000000000000000000e+00 9.000000000000001055e-02 0.000000000000000000e+00 1.000000000000000000e+00 1.000000000000000000e+00 0.000000000000000000e+00 0.000000000000000000e+00 -1.000000000000000000e+00 -1.000000000000000000e+00
5.500000000000000000e+01 5.314889298552325272e+02 1.653509354691953348e+01 -5.544523281082368998e-02 4.587536576685212197e-01 0.000000000000000000e+00 4.502640124860652349e-01 0.000000000000000000e+00 1.000000000000000000e+00 1.000000000000000000e+00 0.000000000000000000e+00 0.000000000000000000e+00 -1.000000000000000000e+00 -1.000000000000000000e+00
7.200000000000000000e+01 3.590921371572483167e+03 3.101053480127760409e+01 -1.613244785356454658e-01 3.014760187792060897e+00 0.000000000000000000e+00 9.000000000000001055e-02 0.000000000000000000e+00 1.000000000000000000e+00 1.000000000000000000e+00 0.000000000000000000e+00 0.000000000000000000e+00 -1.000000000000000000e+00 -1.000000000000000000e+00
7.700000000000000000e+01 1.320363415913224708e+04 1.540619271501236121e+01 1.125774868317618582e-01 1.827659855560970659e+00 0.000000000000000000e+00 6.420881952652206237e-02 0.000000000000000000e+00 1.000000000000000000e+00 1.000000000000000000e+00 0.000000000000000000e+00 0.000000000000000000e+00 -1.000000000000000000e+00 -1.000000000000000000e+00
8.400000000000000000e+01 5.860478297383018798e+03 1.176919065333155601e+01 -9.773387372046477006e-02 2.415567946203885263e+00 0.000000000000000000e+00 1.000000000000000056e-01 0.000000000000000000e+00 1.000000000000000000e+00 1.000000000000000000e+00 0.000000000000000000e+00 0.000000000000000000e+00 -1.000000000000000000e+00 -1.000000000000000000e+00
8.600000000000000000e+01 6.403336022271696493e+03 1.125322024749551986e+01 -6.431184020977978588e-02 3.100000000000000089e+00 0.000000000000000000e+00 2.250728112528355487e-02 0.000000000000000000e+00 1.000000000000000000e+00 1.000000000000000000e+00 0.000000000000000000e+00 0.000000000000000000e+00 -1.000000000000000000e+00 -1.000000000000000000e+00
8.900000000000000000e+01 6.431057474766592350e+03 2.081390820065113445e+01 -1.248568285637829817e-01 3.100000000000000089e+00 0.000000000000000000e+00 1.592512022211760303e-02 0.000000000000000000e+00 1.000000000000000000e+00 1.000000000000000000e+00 0.000000000000000000e+00 0.000000000000000000e+00 -1.000000000000000000e+00 -1.000000000000000000e+00
1.010000000000000000e+02 2.793394513820504471e+03 1.137682963739358932e+01 -2.123466900384088085e-01 2.184426313317302970e+00 0.000000000000000000e+00 1.883344377293200422e-01 0.000000000000000000e+00 1.000000000000000000e+00 1.000000000000000000e+00 0.000000000000000000e+00 0.000000000000000000e+00 -1.000000000000000000e+00 -1.000000000000000000e+00
1.260000000000000000e+02 1.085489113413662199e+04 2.694056123368766720e+01 -4.997267888408252895e-02 1.514459542468108211e+00 0.000000000000000000e+00 3.396945804079689463e-02 0.000000000000000000e+00 1.000000000000000000e+00 1.000000000000000000e+00 0.000000000000000000e+00 0.000000000000000000e+00 -1.000000000000000000e+00 -1.000000000000000000e+00
1.370000000000000000e+02 9.166762612879334483e+03 3.481639336469460488e+01 -9.202850274913396134e-03 7.258427149598848382e-01 0.000000000000000000e+00 1.615319199484229959e-02 0.000000000000000000e+00 1.000000000000000000e+00 1.000000000000000000e+00 0.000000000000000000e+00 0.000000000000000000e+00 -1.000000000000000000e+00 -1.000000000000000000e+00
1.450000000000000000e+02 1.148277158417281862e+04 1.974897086390717149e+01 -6.016890172340474269e-02 3.100000000000000089e+00 0.000000000000000000e+00 2.330569562748736612e-01 0.000000000000000000e+00 1.000000000000000000e+00 1.000000000000000000e+00 0.000000000000000000e+00 0.000000000000000000e+00 -1.000000000000000000e+00 -1.000000000000000000e+00
1.760000000000000000e+02 5.032243466218275898e+03 1.622031494521777972e+01 7.074998068407969964e-02 1.391138725099097417e+00 0.000000000000000000e+00 2.186121583740260332e-01 0.000000000000000000e+00 1.000000000000000000e+00 1.000000000000000000e+00 0.000000000000000000e+00 0.000000000000000000e+00 -1.000000000000000000e+00 -1.000000000000000000e+00
1.800000000000000000e+02 1.128374543058258132e+04 1.192526668682986646e+01 9.920941549377104707e-02 1.078032349285736657e+00 0.000000000000000000e+00 1.162393711657447315e-01 0.000000000000000000e+00 1.000000000000000000e+00 1.000000000000000000e+00 0.000000000000000000e+00 0.000000000000000000e+00 -1.000000000000000000e+00 -1.000000000000000000e+00
1.840000000000000000e+02 9.775442931680589027e+03 1.862099013401676473e+01 -2.646241709038752443e-01 2.486279818925993812e+00 0.000000000000000000e+00 1.893335661495733624e-01 0.000000000000000000e+00 1.000000000000000000e+00 1.000000000000000000e+00 0.000000000000000000e+00 0.000000000000000000e+00 -1.000000000000000000e+00 -1.000000000000000000e+00
1.850000000000000000e+02 8.455351868467793111e+02 2.346501803832552824e+01 -2.451717213162217524e-02 1.450882898968706591e+00 0.000000000000000000e+00 1.000000000000000056e-01 0.000000000000000000e+00 1.000000000000000000e+00 1.000000000000000000e+00 0.000000000000000000e+00 0.000000000000000000e+00 -1.000000000000000000e+00 -1.000000000000000000e+00
1.970000000000000000e+02 8.911903434494703106e+03 1.126523044007686636e+01 4.729441822363647518e-02 7.909214646450349884e-01 0.000000000000000000e+00 4.133494228572903162e-01 0.000000000000000000e+00 1.000000000000000000e+00 1.000000000000000000e+00 0.000000000000000000e+00 0.000000000000000000e+00 -1.000000000000000000e+00 -1.000000000000000000e+00
3.660000000000000000e+02 8.342733530789117822e+02 1.195162898841925170e+01 -1.422842873350418230e-02 1.224990139705985692e+00 0.000000000000000000e+00 1.497054818211595445e-02 -1.000000000000000000e+00 1.000000000000000000e+00 1.000000000000000000e+00 4.400000000000000000e+01 1.000000000000000000e+05 -1.000000000000000000e+00 -1.000000000000000000e+00
3.670000000000000000e+02 8.925644555892156973e+01 2.382763999482837747e+01 -4.862415190383545527e-02 3.045018367593042008e+00 0.000000000000000000e+00 8.754926297889673026e-02 -1.000000000000000000e+00 1.000000000000000000e+00 1.000000000000000000e+00 4.400000000000000000e+01 2.000000000000000000e+05 -1.000000000000000000e+00 -1.000000000000000000e+00
3.690000000000000000e+02 9.881534008265036562e+01 1.447968671442255406e+01 1.717138737260210345e-03 4.883965785291776718e-01 0.000000000000000000e+00 8.575330798009137001e-02 -1.000000000000000000e+00 1.000000000000000000e+00 1.000000000000000000e+00 4.400000000000000000e+01 4.000000000000000000e+05 -1.000000000000000000e+00 -1.000000000000000000e+00
3.700000000000000000e+02 1.721838939422050601e+02 3.481292673837386786e+01 -5.879281699192911992e-02 2.711243659881562351e+00 0.000000000000000000e+00 8.888927596645812557e-02 -1.000000000000000000e+00 1.000000000000000000e+00 1.000000000000000000e+00 4.400000000000000000e+01 5.000000000000000000e+05 -1.000000000000000000e+00 -1.000000000000000000e+00
3.720000000000000000e+02 8.623565052025118121e+02 1.189145655067126839e+01 1.290181354566606944e-02 1.026366231935194939e+00 0.000000000000000000e+00 9.000000000000001055e-02 -1.000000000000000000e+00 1.000000000000000000e+00 1.000000000000000000e+00 4.400000000000000000e+01 6.000000000000000000e+05 -1.000000000000000000e+00 -1.000000000000000000e+00
