# id_num orb_a mass spin spin_angle orb_inc orb_ecc orb_arg_periapse orb_ang_mom gen galaxy time_passed gw_freq gw_strain
5.000000000000000000e+00 2.658551391626161831e+02 1.461869513993124770e+01 -7.154689165243575955e-02 2.462440379627113263e+00 3.175413395205122669e+00 2.444336777010709325e-02 1.570796326794896558e+00 -1.000000000000000000e+00 1.000000000000000000e+00 0.000000000000000000e+00 0.000000000000000000e+00 -1.000000000000000000e+00 -1.000000000000000000e+00
1.800000000000000000e+01 2.820988326749210319e+04 3.477269355035794973e+01 2.518194286755835731e-02 1.123249517574987921e+00 3.162818024318470034e+00 1.463733491875956853e-02 1.570796326794896558e+00 -1.000000000000000000e+00 1.000000000000000000e+00 0.000000000000000000e+00 0.000000000000000000e+00 -1.000000000000000000e+00 -1.000000000000000000e+00
3.600000000000000000e+01 2.000797192256956259e+04 2.570583605954873718e+01 1.863361497147205670e-01 7.458562979847062069e-01 3.148275867725900401e+00 2.547286085630748754e-03 1.570796326794896558e+00 -1.000000000000000000e+00 1.000000000000000000e+00 0.000000000000000000e+00 0.000000000000000000e+00 -1.000000000000000000e+00 -1.000000000000000000e+00
4.100000000000000000e+01 4.209633966170892381e+04 1.468943030260728477e+01 1.119591210852573654e-01 9.300686112162525054e-01 3.182923267899038677e+00 9.155078324320154587e-03 1.570796326794896558e+00 -1.000000000000000000e+00 1.000000000000000000e+00 0.000000000000000000e+00 0.000000000000000000e+00 -1.000000000000000000e+00 -1.000000000000000000e+00
4.700000000000000000e+01 2.202474653375308117e+04 1.020880464569272128e+01 -1.060225862417752130e-01 2.470907784723451961e+00 3.151011099643470814e+00 1.379258627645775226e-01 1.570796326794896558e+00 -1.000000000000000000e+00 1.000000000000000000e+00 0.000000000000000000e+00 0.000000000000000000e+00 -1.000000000000000000e+00 -1.000000000000000000e+00
5.900000000000000000e+01 3.537371699367377005e+04 2.052241051613358991e+01 9.687361272042339932e-02 1.401320925684083729e+00 3.154414677496702790e+00 1.767943098857263085e-01 1.570796326794896558e+00 -1.000000000000000000e+00 1.000000000000000000e+00 0.000000000000000000e+00 0.000000000000000000e+00 -1.000000000000000000e+00 -1.000000000000000000e+00
7.200000000000000000e+01 9.366728859111368592e+02 1.449984558020270953e+01 4.611556298117179542e-02 4.694945812177931943e-01 3.136147383740371719e+00 1.011107595831579054e-01 1.570796326794896558e+00 -1.000000000000000000e+00 1.000000000000000000e+00 0.000000000000000000e+00 0.000000000000000000e+00 -1.000000000000000000e+00 -1.000000000000000000e+00
7.500000000000000000e+01 2.874145088883644348e+04 1.301339044184404869e+01 4.540271170067088254e-03 1.253113233481229827e+00 3.140429611181613012e+00 1.657239826088245105e-01 1.570796326794896558e+00 -1.000000000000000000e+00 1.000000000000000000e+00 0.000000000000000000e+00 0.000000000000000000e+00 -1.000000000000000000e+00 -1.000000000000000000e+00
7.600000000000000000e+01 1.252328156349307028e+04 1.316182282108360191e+01 1.186944002104591001e-01 5.251958152602554941e-01 3.131892034429767158e+00 1.083936924997748047e-01 1.570796326794896558e+00 -1.000000000000000000e+00 1.000000000000000000e+00 0.000000000000000000e+00 0.000000000000000000e+00 -1.000000000000000000e+00 -1.000000000000000000e+00
8.300000000000000000e+01 3.833031521320126922e+04 2.430329363981025281e+01 3.122568552797207186e-02 1.556732615441249079e+00 3.108153722875194980e+00 8.277543821993482709e-02 1.570796326794896558e+00 -1.000000000000000000e+00 1.000000000000000000e+00 0.000000000000000000e+00 0.000000000000000000e+00 -1.000000000000000000e+00 -1.000000000000000000e+00
9.200000000000000000e+01 2.919781266929267804e+04 1.587191492376650359e+01 -3.013328948324164522e-02 1.967339340069936826e+00 3.106237968849240527e+00 8.099752310760417393e-03 1.570796326794896558e+00 -1.000000000000000000e+00 1.000000000000000000e+00 0.000000000000000000e+00 0.000000000000000000e+00 -1.000000000000000000e+00 -1.000000000000000000e+00
9.700000000000000000e+01 1.980507026159737143e+04 2.547113958324006333e+01 -2.474089615370355863e-02 2.098860206375061210e+00 3.151783235086440538e+00 2.784789231196566420e-02 1.570796326794896558e+00 -1.000000000000000000e+00 1.000000000000000000e+00 0.000000000000000000e+00 0.000000000000000000e+00 -1.000000000000000000e+00 -1.000000000000000000e+00
1.070000000000000000e+02 2.992410821330985345e+04 1.269777825130964111e+01 1.256946434899279541e-01 4.252680070366161580e-01 3.175791441843278218e+00 1.447041939637500885e-01 1.570796326794896558e+00 -1.000000000000000000e+00 1.000000000000000000e+00 0.000000000000000000e+00 0.000000000000000000e+00 -1.000000000000000000e+00 -1.000000000000000000e+00
1.150000000000000000e+02 3.650814577826015739e+04 1.405325548752239406e+01 5.968203163517767952e-03 1.163454308710601737e+00 3.143368474264356838e+00 1.926397834339445558e-01 1.570796326794896558e+00 -1.000000000000000000e+00 1.000000000000000000e+00 0.000000000000000000e+00 0.000000000000000000e+00 -1.000000000000000000e+00 -1.000000000000000000e+00
1.340000000000000000e+02 2.581875997650531644e+04 1.137903000378144291e+01 -9.392272091244080467e-02 1.896285710458213591e+00 3.175048096622195004e+00 2.761097916414095854e-01 1.570796326794896558e+00 -1.000000000000000000e+00 1.000000000000000000e+00 0.000000000000000000e+00 0.000000000000000000e+00 -1.000000000000000000e+00 -1.000000000000000000e+00
1.500000000000000000e+02 2.371750485971511807e+04 3.432044417055627150e+01 -1.745859533725153678e-01 2.401595452734762048e+00 3.172978426099294591e+00 1.578935677832266626e-01 1.570796326794896558e+00 -1.000000000000000000e+00 1.000000000000000000e+00 0.000000000000000000e+00 0.000000000000000000e+00 -1.000000000000000000e+00 -1.000000000000000000e+00
1.510000000000000000e+02 4.091359515778772038e+04 1.556934617661475784e+01 1.943572722499686822e-02 7.858285812643968082e-01 3.093770848352727754e+00 7.471234873315148184e-02 1.570796326794896558e+00 -1.000000000000000000e+00 1.000000000000000000e+00 0.000000000000000000e+00 0.000000000000000000e+00 -1.000000000000000000e+00 -1.000000000000000000e+00
1.840000000000000000e+02 2.389771711949043674e+04 2.268098061534964671e+01 -8.222023562142533049e-02 2.226002903173337710e+00 3.167293897264764180e+00 1.332141223952028330e-01 1.570796326794896558e+00 -1.000000000000000000e+00 1.000000000000000000e+00 0.000000000000000000e+00 0.000000000000000000e+00 -1.000000000000000000e+00 -1.000000000000000000e+00
1.860000000000000000e+02 3.576269496904210246e+04 1.956826259364972032e+01 7.396396243029544626e-02 3.382345474099829885e-01 3.161182504029203866e+00 2.109521601781316480e-01 1.570796326794896558e+00 -1.000000000000000000e+00 1.000000000000000000e+00 0.000000000000000000e+00 0.000000000000000000e+00 -1.000000000000000000e+00 -1.000000000000000000e+00
1.880000000000000000e+02 7.625822082415179466e+03 1.118279673510287786e+01 6.211164663308434142e-02 1.181634309603292049e-01 3.157164858612933056e+00 1.430144604054219004e-01 1.570796326794896558e+00 -1.000000000000000000e+00 1.000000000000000000e+00 0.000000000000000000e+00 0.000000000000000000e+00 -1.000000000000000000e+00 -1.000000000000000000e+00
