# id_num orb_a mass spin spin_angle orb_inc orb_ecc orb_arg_periapse orb_ang_mom gen galaxy time_passed star_X star_Y star_Z radius
2.390000000000000000e+02 5.368048882694056800e+01 1.499550889305000965e+03 9.259999999999999343e-01 1.144269568904074719e+00 0.000000000000000000e+00 4.118580333273460375e-02 1.570796326794896558e+00 1.225040165109743872e+18 1.000000000000000000e+00 0.000000000000000000e+00 0.000000000000000000e+00 7.273999999999999355e-01 2.637999999999999790e-01 8.800000000000000530e-03 3.438538622609026447e+02
2.460000000000000000e+02 5.447744026976400988e+01 2.004972354098412552e+03 9.259999999999999343e-01 1.507191608851922604e+00 0.000000000000000000e+00 1.368458608705853952e-02 0.000000000000000000e+00 1.722284403182175488e+18 1.000000000000000000e+00 0.000000000000000000e+00 0.000000000000000000e+00 7.273999999999999355e-01 2.637999999999999790e-01 8.800000000000000530e-03 4.338021006989561101e+02
2.490000000000000000e+02 5.801542566851485105e+01 2.428860980251847650e+03 9.259999999999999343e-01 7.882415448580453177e-01 0.000000000000000000e+00 2.658862729457088167e-02 1.570796326794896558e+00 2.133002155339781888e+18 1.000000000000000000e+00 0.000000000000000000e+00 0.000000000000000000e+00 7.273999999999999355e-01 2.637999999999999790e-01 8.800000000000000530e-03 5.057397228512262473e+02
2.570000000000000000e+02 5.639484395342136480e+01 3.173109778434033615e+03 9.259999999999999343e-01 1.759024683946607048e+00 0.000000000000000000e+00 6.325172423418926049e-02 0.000000000000000000e+00 2.959204032870621696e+18 1.000000000000000000e+00 0.000000000000000000e+00 0.000000000000000000e+00 7.273999999999999355e-01 2.637999999999999790e-01 8.800000000000000530e-03 6.263152953091122299e+02
2.600000000000000000e+02 7.359131769206084073e+01 3.247562101937779516e+03 9.259999999999999343e-01 1.614965700034404872e+00 0.000000000000000000e+00 1.000000000000000056e-01 1.570796326794896558e+00 3.100123605864956928e+18 1.000000000000000000e+00 0.000000000000000000e+00 0.000000000000000000e+00 7.273999999999999355e-01 2.637999999999999790e-01 8.800000000000000530e-03 6.380444151143381077e+02
2.610000000000000000e+02 6.835163673396303352e+01 3.661634976394418572e+03 9.259999999999999343e-01 1.625266557055824457e+00 0.000000000000000000e+00 7.335865505448889434e-02 0.000000000000000000e+00 3.522937550603508736e+18 1.000000000000000000e+00 0.000000000000000000e+00 0.000000000000000000e+00 7.273999999999999355e-01 2.637999999999999790e-01 8.800000000000000530e-03 7.023360781078200716e+02
2.620000000000000000e+02 7.181048096522960122e+01 3.717358267563571189e+03 9.259999999999999343e-01 1.190186210105629527e+00 0.000000000000000000e+00 2.138910736679725672e-02 0.000000000000000000e+00 3.604163509004692480e+18 1.000000000000000000e+00 0.000000000000000000e+00 0.000000000000000000e+00 7.273999999999999355e-01 2.637999999999999790e-01 8.800000000000000530e-03 7.108737459234012022e+02
2.630000000000000000e+02 4.837535486038021304e+01 3.739983172580105474e+03 9.259999999999999343e-01 5.169569268970785059e-01 0.000000000000000000e+00 1.064322781710581450e-01 0.000000000000000000e+00 3.655247850500133376e+18 1.000000000000000000e+00 0.000000000000000000e+00 0.000000000000000000e+00 7.273999999999999355e-01 2.637999999999999790e-01 8.800000000000000530e-03 7.143329090660309930e+02
2.650000000000000000e+02 5.162270668991001088e+01 4.807558011428554892e+03 9.259999999999999343e-01 1.373323112228578946e+00 0.000000000000000000e+00 1.357620543236497945e-01 0.000000000000000000e+00 4.772943621400006656e+18 1.000000000000000000e+00 0.000000000000000000e+00 0.000000000000000000e+00 7.273999999999999355e-01 2.637999999999999790e-01 8.800000000000000530e-03 8.732620087659641968e+02
2.670000000000000000e+02 7.556056898299274849e+01 4.295012392683181133e+03 9.259999999999999343e-01 1.756648042024974377e+00 0.000000000000000000e+00 2.958770798169172225e-02 0.000000000000000000e+00 4.334475227581589504e+18 1.000000000000000000e+00 0.000000000000000000e+00 0.000000000000000000e+00 7.273999999999999355e-01 2.637999999999999790e-01 8.800000000000000530e-03 7.979514658240917697e+02
2.680000000000000000e+02 8.199546986240031288e+01 4.753070679710167497e+03 9.259999999999999343e-01 4.413920992331973880e-01 0.000000000000000000e+00 1.006054303211330499e-02 0.000000000000000000e+00 4.836671870232242176e+18 1.000000000000000000e+00 0.000000000000000000e+00 0.000000000000000000e+00 7.273999999999999355e-01 2.637999999999999790e-01 8.800000000000000530e-03 8.653351751839113604e+02
2.710000000000000000e+02 7.421697138313152209e+01 5.271691950484034351e+03 9.259999999999999343e-01 9.333736407958473924e-01 0.000000000000000000e+00 9.000000000000001055e-02 1.570796326794896558e+00 5.496245134147571712e+18 1.000000000000000000e+00 0.000000000000000000e+00 0.000000000000000000e+00 7.273999999999999355e-01 2.637999999999999790e-01 8.800000000000000530e-03 9.400803163930220308e+02
2.740000000000000000e+02 8.899962245761254565e+01 5.922319292942818720e+03 9.259999999999999343e-01 1.444987024290679489e+00 0.000000000000000000e+00 1.169580567116945691e-02 1.570796326794896558e+00 6.330908633545763840e+18 1.000000000000000000e+00 0.000000000000000000e+00 0.000000000000000000e+00 7.273999999999999355e-01 2.637999999999999790e-01 8.800000000000000530e-03 1.031806820301959760e+03
2.750000000000000000e+02 8.771720270641654338e+01 6.217262000841915324e+03 9.259999999999999343e-01 9.867915430008191713e-01 0.000000000000000000e+00 1.735761923550386415e-02 1.570796326794896558e+00 6.702402024500396032e+18 1.000000000000000000e+00 0.000000000000000000e+00 0.000000000000000000e+00 7.273999999999999355e-01 2.637999999999999790e-01 8.800000000000000530e-03 1.072714806816305554e+03
2.760000000000000000e+02 8.355431398808545396e+01 6.488249898889105680e+03 9.299999999999999378e-01 9.252410303594108543e-01 0.000000000000000000e+00 2.396686614351608083e-02 0.000000000000000000e+00 7.053230789353333760e+18 1.000000000000000000e+00 0.000000000000000000e+00 0.000000000000000000e+00 7.273999999999999355e-01 2.637999999999999790e-01 8.800000000000000530e-03 1.109959147656376217e+03
2.770000000000000000e+02 1.157628344736256025e+02 6.641263008233057008e+03 9.259999999999999343e-01 1.017641675097687770e+00 0.000000000000000000e+00 1.000000000000000056e-01 0.000000000000000000e+00 7.280734029936396288e+18 1.000000000000000000e+00 0.000000000000000000e+00 0.000000000000000000e+00 7.273999999999999355e-01 2.637999999999999790e-01 8.800000000000000530e-03 1.130851252809226480e+03
2.790000000000000000e+02 9.396452864390548143e+01 6.633824777320160138e+03 9.259999999999999343e-01 1.337266304424127306e+00 0.000000000000000000e+00 1.000000000000000056e-01 1.570796326794896558e+00 7.400662807070072832e+18 1.000000000000000000e+00 0.000000000000000000e+00 0.000000000000000000e+00 7.273999999999999355e-01 2.637999999999999790e-01 8.800000000000000530e-03 1.129837894325798288e+03
2.800000000000000000e+02 8.694394210165567927e+01 6.784346780006993868e+03 9.259999999999999343e-01 1.405217102143380581e+00 0.000000000000000000e+00 2.741729280477594316e-02 0.000000000000000000e+00 7.632700749689928704e+18 1.000000000000000000e+00 0.000000000000000000e+00 0.000000000000000000e+00 7.273999999999999355e-01 2.637999999999999790e-01 8.800000000000000530e-03 1.150300664757438426e+03
2.820000000000000000e+02 1.069974243211247824e+02 7.906090248091890317e+03 9.299999999999999378e-01 1.612623160345353357e+00 0.000000000000000000e+00 3.819208379416219601e-02 1.570796326794896558e+00 9.051025231730895872e+18 1.000000000000000000e+00 0.000000000000000000e+00 0.000000000000000000e+00 7.273999999999999355e-01 2.637999999999999790e-01 8.800000000000000530e-03 1.300092802115816085e+03
2.830000000000000000e+02 1.308345698501550203e+02 8.336624518156864724e+03 9.259999999999999343e-01 1.747754734723004244e+00 0.000000000000000000e+00 1.000000000000000056e-01 1.570796326794896558e+00 9.629525346785499136e+18 1.000000000000000000e+00 0.000000000000000000e+00 0.000000000000000000e+00 7.273999999999999355e-01 2.637999999999999790e-01 8.800000000000000530e-03 1.356429208031122698e+03
2.850000000000000000e+02 1.319381426841893585e+02 9.206466507547822403e+03 9.259999999999999343e-01 1.309081219147782749e+00 0.000000000000000000e+00 1.000000000000000056e-01 1.570796326794896558e+00 1.082230264824185242e+19 1.000000000000000000e+00 0.000000000000000000e+00 0.000000000000000000e+00 7.273999999999999355e-01 2.637999999999999790e-01 8.800000000000000530e-03 1.468518161449653007e+03
2.890000000000000000e+02 1.313526725724952939e+02 1.036924685726676762e+04 9.279999999999999361e-01 1.354759001794991091e+00 0.000000000000000000e+00 5.191117360481461995e-02 1.570796326794896558e+00 1.263805894580644659e+19 1.000000000000000000e+00 0.000000000000000000e+00 0.000000000000000000e+00 7.273999999999999355e-01 2.637999999999999790e-01 8.800000000000000530e-03 1.615112248911677625e+03
2.900000000000000000e+02 1.494071112456065293e+02 1.129042776384038189e+04 9.259999999999999343e-01 1.265481306568775999e+00 0.000000000000000000e+00 1.000000000000000056e-01 0.000000000000000000e+00 1.389052193317231616e+19 1.000000000000000000e+00 0.000000000000000000e+00 0.000000000000000000e+00 7.273999999999999355e-01 2.637999999999999790e-01 8.800000000000000530e-03 1.728913466488445010e+03
2.920000000000000000e+02 1.310169907301198293e+02 1.141535190837261689e+04 9.259999999999999343e-01 1.313073314957055926e+00 0.000000000000000000e+00 1.000000000000000056e-01 0.000000000000000000e+00 1.430155666889064038e+19 1.000000000000000000e+00 0.000000000000000000e+00 0.000000000000000000e+00 7.273999999999999355e-01 2.637999999999999790e-01 8.800000000000000530e-03 1.744200406174217733e+03
2.930000000000000000e+02 1.394058560240656277e+02 1.218718128875473849e+04 9.259999999999999343e-01 1.665490254717143292e+00 0.000000000000000000e+00 3.881092879658358530e-02 0.000000000000000000e+00 1.541247258064275251e+19 1.000000000000000000e+00 0.000000000000000000e+00 0.000000000000000000e+00 7.273999999999999355e-01 2.637999999999999790e-01 8.800000000000000530e-03 1.837924034314591381e+03
2.940000000000000000e+02 1.480141059533025611e+02 1.261120265830691278e+04 9.279999999999999361e-01 1.203428439343112055e+00 0.000000000000000000e+00 3.055088307400644076e-02 1.570796326794896558e+00 1.610206758586833715e+19 1.000000000000000000e+00 0.000000000000000000e+00 0.000000000000000000e+00 7.273999999999999355e-01 2.637999999999999790e-01 8.800000000000000530e-03 1.888905119292869585e+03
2.960000000000000000e+02 1.553291276271581296e+02 1.452948490612527712e+04 9.259999999999999343e-01 5.417359479481215212e-01 0.000000000000000000e+00 9.000000000000001055e-02 1.570796326794896558e+00 1.890636036635056538e+19 1.000000000000000000e+00 0.000000000000000000e+00 0.000000000000000000e+00 7.273999999999999355e-01 2.637999999999999790e-01 8.800000000000000530e-03 2.115461443867602156e+03
2.970000000000000000e+02 1.623881305759416023e+02 1.544341923795144248e+04 9.259999999999999343e-01 1.540253747699280362e+00 0.000000000000000000e+00 2.906506109026064932e-02 1.570796326794896558e+00 2.028976155695490662e+19 1.000000000000000000e+00 0.000000000000000000e+00 0.000000000000000000e+00 7.273999999999999355e-01 2.637999999999999790e-01 8.800000000000000530e-03 2.221261600216535498e+03
2.990000000000000000e+02 1.704222213712822906e+02 1.678225401554585187e+04 9.259999999999999343e-01 4.723629097819313505e-01 0.000000000000000000e+00 3.066893834836961069e-02 0.000000000000000000e+00 2.247490780956796109e+19 1.000000000000000000e+00 0.000000000000000000e+00 0.000000000000000000e+00 7.273999999999999355e-01 2.637999999999999790e-01 8.800000000000000530e-03 2.374024365994563141e+03
3.010000000000000000e+02 1.669032202739478237e+02 1.787076559712874950e+04 9.259999999999999343e-01 9.815849376375500590e-01 0.000000000000000000e+00 1.000000000000000056e-01 0.000000000000000000e+00 2.440383802096751411e+19 1.000000000000000000e+00 0.000000000000000000e+00 0.000000000000000000e+00 7.273999999999999355e-01 2.637999999999999790e-01 8.800000000000000530e-03 2.496430423319783131e+03
3.030000000000000000e+02 1.596819999175765474e+02 1.951703783406937873e+04 9.279999999999999361e-01 1.673383397727713051e+00 0.000000000000000000e+00 4.315012637086438479e-02 0.000000000000000000e+00 2.718501862021389517e+19 1.000000000000000000e+00 0.000000000000000000e+00 0.000000000000000000e+00 7.273999999999999355e-01 2.637999999999999790e-01 8.800000000000000530e-03 2.678773925980282002e+03
3.060000000000000000e+02 1.557678013095903395e+02 2.238535963244672530e+04 9.259999999999999343e-01 1.245725725353400204e+00 0.000000000000000000e+00 1.184913377862016094e-02 1.570796326794896558e+00 3.212888985134818099e+19 1.000000000000000000e+00 0.000000000000000000e+00 0.000000000000000000e+00 7.273999999999999355e-01 2.637999999999999790e-01 8.800000000000000530e-03 2.989346106708867865e+03
3.090000000000000000e+02 1.920102796140374153e+02 2.632254469815648554e+04 9.259999999999999343e-01 5.326330900372604482e-01 0.000000000000000000e+00 1.041211394152472512e-02 1.570796326794896558e+00 3.896774799614258381e+19 1.000000000000000000e+00 0.000000000000000000e+00 0.000000000000000000e+00 7.273999999999999355e-01 2.637999999999999790e-01 8.800000000000000530e-03 3.403041437086716542e+03
3.100000000000000000e+02 1.416966121802505825e+02 2.897605846444475901e+04 9.259999999999999343e-01 1.855782985153181741e+00 0.000000000000000000e+00 1.000000000000000056e-01 1.570796326794896558e+00 4.334492466989416448e+19 1.000000000000000000e+00 0.000000000000000000e+00 0.000000000000000000e+00 7.273999999999999355e-01 2.637999999999999790e-01 8.800000000000000530e-03 3.674822673026405482e+03
3.120000000000000000e+02 2.394524739790083743e+02 2.931651752678515186e+04 9.259999999999999343e-01 5.990969257244023183e-01 0.000000000000000000e+00 9.000000000000001055e-02 0.000000000000000000e+00 4.478791782203733606e+19 1.000000000000000000e+00 0.000000000000000000e+00 0.000000000000000000e+00 7.273999999999999355e-01 2.637999999999999790e-01 8.800000000000000530e-03 3.709324633060954511e+03
3.130000000000000000e+02 1.978940121083454642e+02 3.162863441086077364e+04 9.279999999999999361e-01 1.556215249797504807e+00 0.000000000000000000e+00 1.000000000000000056e-01 1.570796326794896558e+00 4.883399768897922662e+19 1.000000000000000000e+00 0.000000000000000000e+00 0.000000000000000000e+00 7.273999999999999355e-01 2.637999999999999790e-01 8.800000000000000530e-03 3.941570445906188979e+03
3.150000000000000000e+02 1.465642121794166712e+02 3.606499135602459137e+04 9.259999999999999343e-01 1.597152531385915175e+00 0.000000000000000000e+00 1.381048055020995570e-02 1.570796326794896558e+00 5.688370217749849702e+19 1.000000000000000000e+00 0.000000000000000000e+00 0.000000000000000000e+00 7.273999999999999355e-01 2.637999999999999790e-01 8.800000000000000530e-03 4.377978311990064867e+03
3.170000000000000000e+02 2.359958503162093848e+02 3.821320215267819003e+04 9.259999999999999343e-01 1.283295571963728676e+00 0.000000000000000000e+00 1.000000000000000056e-01 0.000000000000000000e+00 6.159303931815019315e+19 1.000000000000000000e+00 0.000000000000000000e+00 0.000000000000000000e+00 7.273999999999999355e-01 2.637999999999999790e-01 8.800000000000000530e-03 4.585383725956367925e+03
3.190000000000000000e+02 2.256038186481773380e+02 4.300424439368730236e+04 9.259999999999999343e-01 1.138808290962078029e+00 0.000000000000000000e+00 9.000000000000001055e-02 1.570796326794896558e+00 7.086615885620365722e+19 1.000000000000000000e+00 0.000000000000000000e+00 0.000000000000000000e+00 7.273999999999999355e-01 2.637999999999999790e-01 8.800000000000000530e-03 5.039808061515283043e+03
3.210000000000000000e+02 1.134194826011867150e+02 4.792313499924660573e+04 9.259999999999999343e-01 4.247978237511527699e-01 0.000000000000000000e+00 1.000000000000000056e-01 1.570796326794896558e+00 8.075265861784908595e+19 1.000000000000000000e+00 0.000000000000000000e+00 0.000000000000000000e+00 7.273999999999999355e-01 2.637999999999999790e-01 8.800000000000000530e-03 5.495929035191104958e+03
3.240000000000000000e+02 8.425262163126458859e+01 5.488127375767056947e+04 9.259999999999999343e-01 1.239271488764233986e+00 0.000000000000000000e+00 1.094189891315124584e-02 0.000000000000000000e+00 9.569572135210632806e+19 1.000000000000000000e+00 0.000000000000000000e+00 0.000000000000000000e+00 7.273999999999999355e-01 2.637999999999999790e-01 8.800000000000000530e-03 6.125538669583903356e+03
3.250000000000000000e+02 7.700000000000001137e+02 5.897122166992014536e+04 9.259999999999999343e-01 1.685035298741172527e+00 0.000000000000000000e+00 1.000000000000000056e-01 1.570796326794896558e+00 1.040136916632243732e+20 1.000000000000000000e+00 0.000000000000000000e+00 0.000000000000000000e+00 7.273999999999999355e-01 2.637999999999999790e-01 8.800000000000000530e-03 6.488092601755244687e+03
3.270000000000000000e+02 7.700000000000001137e+02 6.593494161030347459e+04 9.259999999999999343e-01 8.865413589448225551e-01 0.000000000000000000e+00 1.000000000000000056e-01 0.000000000000000000e+00 1.190427315175148913e+20 1.000000000000000000e+00 0.000000000000000000e+00 0.000000000000000000e+00 7.273999999999999355e-01 2.637999999999999790e-01 8.800000000000000530e-03 7.094102196956512671e+03
3.280000000000000000e+02 7.700000000000001137e+02 6.892531675257915049e+04 9.259999999999999343e-01 1.103252243594131210e+00 0.000000000000000000e+00 1.000000000000000056e-01 0.000000000000000000e+00 1.259316792007348060e+20 1.000000000000000000e+00 0.000000000000000000e+00 0.000000000000000000e+00 7.273999999999999355e-01 2.637999999999999790e-01 8.800000000000000530e-03 7.350348934745172301e+03
3.310000000000000000e+02 7.700000000000001137e+02 8.159678815921254863e+04 9.259999999999999343e-01 8.181357888311098225e-01 0.000000000000000000e+00 1.000000000000000056e-01 1.570796326794896558e+00 1.545282295480568709e+20 1.000000000000000000e+00 0.000000000000000000e+00 0.000000000000000000e+00 7.273999999999999355e-01 2.637999999999999790e-01 8.800000000000000530e-03 8.412854758852008672e+03
3.320000000000000000e+02 7.700000000000001137e+02 8.708749590974728926e+04 9.259999999999999343e-01 1.823704609174837898e+00 0.000000000000000000e+00 1.000000000000000056e-01 0.000000000000000000e+00 1.669578054240567296e+20 1.000000000000000000e+00 0.000000000000000000e+00 0.000000000000000000e+00 7.273999999999999355e-01 2.637999999999999790e-01 8.800000000000000530e-03 8.862772110016323495e+03
3.330000000000000000e+02 7.700000000000001137e+02 9.083543299275616300e+04 9.259999999999999343e-01 1.364286725508074838e+00 0.000000000000000000e+00 1.000000000000000056e-01 0.000000000000000000e+00 1.762922900643106324e+20 1.000000000000000000e+00 0.000000000000000000e+00 0.000000000000000000e+00 7.273999999999999355e-01 2.637999999999999790e-01 8.800000000000000530e-03 9.166618823637649257e+03
3.340000000000000000e+02 3.420529837128223107e+02 9.721975160523370141e+04 9.259999999999999343e-01 7.320616056260772497e-01 0.000000000000000000e+00 9.000000000000001055e-02 1.570796326794896558e+00 1.910203281535570084e+20 1.000000000000000000e+00 0.000000000000000000e+00 0.000000000000000000e+00 7.273999999999999355e-01 2.637999999999999790e-01 8.800000000000000530e-03 9.678510945523990813e+03
3.350000000000000000e+02 7.700000000000001137e+02 1.029097104107613413e+05 9.259999999999999343e-01 8.267889851213279240e-01 0.000000000000000000e+00 1.000000000000000056e-01 0.000000000000000000e+00 2.047426295152037724e+20 1.000000000000000000e+00 0.000000000000000000e+00 0.000000000000000000e+00 7.273999999999999355e-01 2.637999999999999790e-01 8.800000000000000530e-03 1.012908054785296372e+04
3.390000000000000000e+02 7.700000000000001137e+02 1.322806974287955090e+05 9.259999999999999343e-01 1.938804394644807028e+00 0.000000000000000000e+00 1.000000000000000056e-01 0.000000000000000000e+00 2.769207314729023570e+20 1.000000000000000000e+00 0.000000000000000000e+00 0.000000000000000000e+00 7.273999999999999355e-01 2.637999999999999790e-01 8.800000000000000530e-03 1.238232277174956471e+04
3.400000000000000000e+02 7.700000000000001137e+02 1.390477051148703322e+05 9.259999999999999343e-01 1.344725436998964296e+00 0.000000000000000000e+00 1.000000000000000056e-01 0.000000000000000000e+00 2.948801531979930337e+20 1.000000000000000000e+00 0.000000000000000000e+00 0.000000000000000000e+00 7.273999999999999355e-01 2.637999999999999790e-01 8.800000000000000530e-03 1.288653033037102432e+04
3.410000000000000000e+02 7.700000000000001137e+02 1.469381989613414917e+05 9.259999999999999343e-01 7.600747063708491735e-01 0.000000000000000000e+00 1.000000000000000056e-01 0.000000000000000000e+00 3.157153618187358700e+20 1.000000000000000000e+00 0.000000000000000000e+00 0.000000000000000000e+00 7.273999999999999355e-01 2.637999999999999790e-01 8.800000000000000530e-03 1.346829777302977527e+04
3.420000000000000000e+02 7.700000000000001137e+02 1.596183032974156376e+05 9.259999999999999343e-01 4.293900155977125044e-01 0.000000000000000000e+00 1.000000000000000056e-01 1.570796326794896558e+00 3.475000151464550728e+20 1.000000000000000000e+00 0.000000000000000000e+00 0.000000000000000000e+00 7.273999999999999355e-01 2.637999999999999790e-01 8.800000000000000530e-03 1.439034121840393345e+04
3.430000000000000000e+02 7.700000000000001137e+02 1.671048357446225418e+05 9.259999999999999343e-01 1.594659556144058188e+00 0.000000000000000000e+00 1.000000000000000056e-01 1.570796326794896558e+00 3.686907992042532372e+20 1.000000000000000000e+00 0.000000000000000000e+00 0.000000000000000000e+00 7.273999999999999355e-01 2.637999999999999790e-01 8.800000000000000530e-03 1.492781190279124530e+04
3.440000000000000000e+02 7.700000000000001137e+02 1.764731773597546271e+05 9.259999999999999343e-01 5.535525158847011129e-01 0.000000000000000000e+00 1.000000000000000056e-01 0.000000000000000000e+00 3.946358292511237079e+20 1.000000000000000000e+00 0.000000000000000000e+00 0.000000000000000000e+00 7.273999999999999355e-01 2.637999999999999790e-01 8.800000000000000530e-03 1.559365437014194322e+04
3.470000000000000000e+02 7.700000000000001137e+02 2.211440354885640263e+05 9.259999999999999343e-01 1.859721430936247089e+00 0.000000000000000000e+00 1.000000000000000056e-01 1.570796326794896558e+00 5.151808478884056269e+20 1.000000000000000000e+00 0.000000000000000000e+00 0.000000000000000000e+00 7.273999999999999355e-01 2.637999999999999790e-01 8.800000000000000530e-03 1.867863450859174554e+04
3.480000000000000000e+02 7.700000000000001137e+02 2.306106907430556894e+05 9.259999999999999343e-01 1.017184463627554214e+00 0.000000000000000000e+00 1.000000000000000056e-01 1.570796326794896558e+00 5.447381347253787034e+20 1.000000000000000000e+00 0.000000000000000000e+00 0.000000000000000000e+00 7.273999999999999355e-01 2.637999999999999790e-01 8.800000000000000530e-03 1.931561271888098781e+04
3.500000000000000000e+02 7.700000000000001137e+02 2.619644525201606157e+05 9.259999999999999343e-01 1.155730656460334904e+00 0.000000000000000000e+00 1.000000000000000056e-01 1.570796326794896558e+00 6.364419726136802017e+20 1.000000000000000000e+00 0.000000000000000000e+00 0.000000000000000000e+00 7.273999999999999355e-01 2.637999999999999790e-01 8.800000000000000530e-03 2.138941124473701348e+04
3.520000000000000000e+02 7.700000000000001137e+02 2.998138848622918013e+05 9.259999999999999343e-01 1.919753812130612580e+00 0.000000000000000000e+00 1.000000000000000056e-01 1.570796326794896558e+00 7.495734757486257766e+20 1.000000000000000000e+00 0.000000000000000000e+00 0.000000000000000000e+00 7.273999999999999355e-01 2.637999999999999790e-01 8.800000000000000530e-03 2.382793097310243320e+04
3.530000000000000000e+02 7.700000000000001137e+02 3.181082515259008505e+05 9.259999999999999343e-01 1.655704084224780992e+00 0.000000000000000000e+00 1.000000000000000056e-01 0.000000000000000000e+00 8.069368639810952233e+20 1.000000000000000000e+00 0.000000000000000000e+00 0.000000000000000000e+00 7.273999999999999355e-01 2.637999999999999790e-01 8.800000000000000530e-03 2.498416776781496446e+04
3.550000000000000000e+02 7.700000000000001137e+02 3.665726427577188588e+05 9.259999999999999343e-01 1.839777044078714008e+00 0.000000000000000000e+00 1.000000000000000056e-01 0.000000000000000000e+00 9.576071365940238090e+20 1.000000000000000000e+00 0.000000000000000000e+00 0.000000000000000000e+00 7.273999999999999355e-01 2.637999999999999790e-01 8.800000000000000530e-03 2.798549417955860190e+04
3.610000000000000000e+02 7.700000000000001137e+02 5.701594299840254243e+05 9.259999999999999343e-01 1.111647653395374746e+00 0.000000000000000000e+00 1.000000000000000056e-01 0.000000000000000000e+00 1.632144598187321065e+21 1.000000000000000000e+00 0.000000000000000000e+00 0.000000000000000000e+00 7.273999999999999355e-01 2.637999999999999790e-01 8.800000000000000530e-03 3.984758347857101762e+04
