# id_num orb_a mass spin spin_angle orb_inc orb_ecc orb_arg_periapse orb_ang_mom gen galaxy time_passed gw_freq gw_strain
1.000000000000000000e+00 1.085096988714995859e+03 1.096864835917872405e+01 -7.644403895217088962e-02 2.683080130352559767e+00 3.116907685423663033e+00 9.000000000000001055e-02 1.570796326794896558e+00 1.000000000000000000e+00 1.000000000000000000e+00 0.000000000000000000e+00 0.000000000000000000e+00 -1.000000000000000000e+00 -1.000000000000000000e+00
2.000000000000000000e+00 3.254065024810330942e+04 2.010676309753699442e+01 -2.469785353526542659e-01 2.623906393690302874e+00 3.141975124648031858e+00 1.417269411935254478e-02 1.570796326794896558e+00 1.000000000000000000e+00 1.000000000000000000e+00 0.000000000000000000e+00 0.000000000000000000e+00 -1.000000000000000000e+00 -1.000000000000000000e+00
3.000000000000000000e+00 2.384307736711371763e+04 1.162479435821315121e+01 -1.212330384198052335e-01 2.680731430758317657e+00 -2.774493168488449679e-02 4.535058031774824583e-02 0.000000000000000000e+00 1.000000000000000000e+00 1.000000000000000000e+00 0.000000000000000000e+00 0.000000000000000000e+00 -1.000000000000000000e+00 -1.000000000000000000e+00
5.000000000000000000e+00 4.114831920867674739e+02 2.683498965342002762e+01 -1.796252901996675533e-02 1.837414667315505623e+00 3.121767997936562011e+00 1.714033988395188488e-02 0.000000000000000000e+00 1.000000000000000000e+00 1.000000000000000000e+00 0.000000000000000000e+00 0.000000000000000000e+00 -1.000000000000000000e+00 -1.000000000000000000e+00
7.000000000000000000e+00 1.953634248069801470e+04 1.061913723277169908e+01 -1.543974886760526855e-01 2.942622757462683758e+00 1.205820499548080141e-02 1.000000000000000021e-02 0.000000000000000000e+00 1.000000000000000000e+00 1.000000000000000000e+00 0.000000000000000000e+00 0.000000000000000000e+00 -1.000000000000000000e+00 -1.000000000000000000e+00
8.000000000000000000e+00 4.738799221418442903e+04 1.036712900595765241e+01 7.929394213672025238e-02 8.741460513492314011e-01 -4.134897011425971158e-02 6.772439764523627281e-02 0.000000000000000000e+00 1.000000000000000000e+00 1.000000000000000000e+00 0.000000000000000000e+00 0.000000000000000000e+00 -1.000000000000000000e+00 -1.000000000000000000e+00
9.000000000000000000e+00 2.645396721120529764e+04 1.146999991126406826e+01 2.534064876390595966e-02 1.443204888741158154e+00 -3.546426909171437880e-02 5.329415701751153561e-02 0.000000000000000000e+00 1.000000000000000000e+00 1.000000000000000000e+00 0.000000000000000000e+00 0.000000000000000000e+00 -1.000000000000000000e+00 -1.000000000000000000e+00
1.000000000000000000e+01 5.000000000000000000e+04 3.665690133275257523e+01 3.065080971305089719e-02 1.265905657804345941e+00 1.354418315784828956e-02 3.225823457337018141e-02 1.570796326794896558e+00 1.000000000000000000e+00 1.000000000000000000e+00 0.000000000000000000e+00 0.000000000000000000e+00 -1.000000000000000000e+00 -1.000000000000000000e+00
1.100000000000000000e+01 5.000000000000000000e+04 2.276511285699252340e+01 -1.286215638109319548e-01 2.828446631151682933e+00 -1.401612670103337226e-02 7.993542551342258662e-02 0.000000000000000000e+00 1.000000000000000000e+00 1.000000000000000000e+00 0.000000000000000000e+00 0.000000000000000000e+00 -1.000000000000000000e+00 -1.000000000000000000e+00
1.400000000000000000e+01 6.806814247310402607e+03 1.032590699379127486e+01 -1.276457521294084851e-01 2.312839786740232828e+00 3.126865834632448493e+00 2.818256011674665981e-02 1.570796326794896558e+00 1.000000000000000000e+00 1.000000000000000000e+00 0.000000000000000000e+00 0.000000000000000000e+00 -1.000000000000000000e+00 -1.000000000000000000e+00
1.500000000000000000e+01 3.558971005008097563e+02 1.376799927232786303e+01 -1.029124477800582582e-01 2.994928798438654116e+00 3.145240144593108855e+00 5.322575713691781590e-02 0.000000000000000000e+00 1.000000000000000000e+00 1.000000000000000000e+00 0.000000000000000000e+00 0.000000000000000000e+00 -1.000000000000000000e+00 -1.000000000000000000e+00
1.600000000000000000e+01 5.146933734622696647e+03 1.809272334679613436e+01 -6.407714869997761797e-02 2.012299394505085104e+00 -1.524391437015215622e-02 9.000000000000001055e-02 1.570796326794896558e+00 1.000000000000000000e+00 1.000000000000000000e+00 0.000000000000000000e+00 0.000000000000000000e+00 -1.000000000000000000e+00 -1.000000000000000000e+00
1.700000000000000000e+01 5.000000000000000000e+04 3.190314531049671487e+01 -2.922237530292841334e-02 1.596274057393519907e+00 3.688969678653714751e-02 9.141853879883730938e-02 0.000000000000000000e+00 1.000000000000000000e+00 1.000000000000000000e+00 0.000000000000000000e+00 0.000000000000000000e+00 -1.000000000000000000e+00 -1.000000000000000000e+00
1.900000000000000000e+01 3.129720830300416492e+04 3.312962064835132736e+01 2.804128955456702821e-02 1.427368055283994686e+00 -1.216048710010699321e-02 4.131298807467551071e-02 0.000000000000000000e+00 1.000000000000000000e+00 1.000000000000000000e+00 0.000000000000000000e+00 0.000000000000000000e+00 -1.000000000000000000e+00 -1.000000000000000000e+00
2.000000000000000000e+01 3.840852590596339269e+02 1.133371725476506953e+01 -5.460135537563420155e-02 1.378550456444186390e+00 2.035978243313507283e-02 4.962379240078098469e-02 0.000000000000000000e+00 1.000000000000000000e+00 1.000000000000000000e+00 0.000000000000000000e+00 0.000000000000000000e+00 -1.000000000000000000e+00 -1.000000000000000000e+00
2.300000000000000000e+01 5.209537996299844963e+03 1.058374257723698619e+01 -6.261251764831061994e-02 2.006129412544306767e+00 3.113573630326067043e+00 1.552326051272539392e-02 0.000000000000000000e+00 1.000000000000000000e+00 1.000000000000000000e+00 0.000000000000000000e+00 0.000000000000000000e+00 -1.000000000000000000e+00 -1.000000000000000000e+00
2.500000000000000000e+01 3.079783080948473071e+03 1.027357906597775283e+01 -8.405269162682882378e-02 2.937251696776398191e+00 1.998144780480110363e-02 9.000000000000001055e-02 0.000000000000000000e+00 1.000000000000000000e+00 1.000000000000000000e+00 0.000000000000000000e+00 0.000000000000000000e+00 -1.000000000000000000e+00 -1.000000000000000000e+00
2.900000000000000000e+01 3.309323855679715780e+04 1.188260236203651488e+01 -1.481971177693395536e-01 3.100000000000000089e+00 3.157014638850856425e+00 1.057132537909574732e-02 1.570796326794896558e+00 1.000000000000000000e+00 1.000000000000000000e+00 0.000000000000000000e+00 0.000000000000000000e+00 -1.000000000000000000e+00 -1.000000000000000000e+00
3.400000000000000000e+01 3.954449634359633637e+04 2.312263296776547961e+01 -8.732686063650775543e-02 3.037245557188184453e+00 -4.920536910482971663e-03 6.414516365649351737e-02 1.570796326794896558e+00 1.000000000000000000e+00 1.000000000000000000e+00 0.000000000000000000e+00 0.000000000000000000e+00 -1.000000000000000000e+00 -1.000000000000000000e+00
3.800000000000000000e+01 3.768674430635958856e+02 1.554263323315337253e+01 4.843525916449209490e-02 9.831619807739219175e-01 1.379378086648743416e-02 3.886631165294486545e-02 0.000000000000000000e+00 1.000000000000000000e+00 1.000000000000000000e+00 0.000000000000000000e+00 0.000000000000000000e+00 -1.000000000000000000e+00 -1.000000000000000000e+00
4.100000000000000000e+01 5.000000000000000000e+04 2.193084720340315030e+01 -2.465982797156601042e-02 2.032294222209992896e+00 3.809045761773021538e-02 2.727661298001318041e-02 0.000000000000000000e+00 1.000000000000000000e+00 1.000000000000000000e+00 0.000000000000000000e+00 0.000000000000000000e+00 -1.000000000000000000e+00 -1.000000000000000000e+00
4.200000000000000000e+01 3.622330724344772170e+04 1.033900825239416221e+01 -5.147105647570653780e-02 7.868423310711574192e-01 7.769316058902296304e-03 8.589663348817222488e-02 0.000000000000000000e+00 1.000000000000000000e+00 1.000000000000000000e+00 0.000000000000000000e+00 0.000000000000000000e+00 -1.000000000000000000e+00 -1.000000000000000000e+00
4.500000000000000000e+01 2.555128611288980755e+04 1.191402702605713948e+01 -7.249556025591717690e-02 1.901434218889958006e+00 3.146417446519790051e+00 5.720994375976217600e-02 1.570796326794896558e+00 1.000000000000000000e+00 1.000000000000000000e+00 0.000000000000000000e+00 0.000000000000000000e+00 -1.000000000000000000e+00 -1.000000000000000000e+00
4.600000000000000000e+01 3.866838358780122462e+02 4.069799082579419292e+01 -1.961622780601457727e-01 3.100000000000000089e+00 3.149917480079421850e+00 4.866653247567902241e-02 0.000000000000000000e+00 1.000000000000000000e+00 1.000000000000000000e+00 0.000000000000000000e+00 0.000000000000000000e+00 -1.000000000000000000e+00 -1.000000000000000000e+00
4.700000000000000000e+01 3.427721798121021857e+04 3.009882572420538338e+01 -7.393581541820740122e-02 1.142789706536136318e+00 3.175363174572832570e+00 2.943323665392681698e-02 1.570796326794896558e+00 1.000000000000000000e+00 1.000000000000000000e+00 0.000000000000000000e+00 0.000000000000000000e+00 -1.000000000000000000e+00 -1.000000000000000000e+00
5.000000000000000000e+01 4.845922314555675143e+02 2.008841575716891015e+01 -1.167582264867675357e-02 1.429034152198280561e+00 3.135998678503038928e+00 1.826178832581906372e-02 0.000000000000000000e+00 1.000000000000000000e+00 1.000000000000000000e+00 0.000000000000000000e+00 0.000000000000000000e+00 -1.000000000000000000e+00 -1.000000000000000000e+00
5.400000000000000000e+01 2.566374635668041446e+04 1.933914372891166167e+01 1.688551866745258145e-02 1.734098121164667106e+00 -3.617258187055559775e-03 8.693258925119207170e-02 1.570796326794896558e+00 1.000000000000000000e+00 1.000000000000000000e+00 0.000000000000000000e+00 0.000000000000000000e+00 -1.000000000000000000e+00 -1.000000000000000000e+00
5.500000000000000000e+01 7.462675000907687718e+03 1.567936443858882356e+01 -6.955036787191917758e-02 2.592289652180371995e+00 3.147785523058235224e+00 1.000000000000000021e-02 1.570796326794896558e+00 1.000000000000000000e+00 1.000000000000000000e+00 0.000000000000000000e+00 0.000000000000000000e+00 -1.000000000000000000e+00 -1.000000000000000000e+00
5.700000000000000000e+01 1.375334035852006855e+04 1.370503647063893382e+01 -3.176707598668813137e-01 2.753269916540918238e+00 3.144489613588001387e+00 1.000000000000000021e-02 0.000000000000000000e+00 1.000000000000000000e+00 1.000000000000000000e+00 0.000000000000000000e+00 0.000000000000000000e+00 -1.000000000000000000e+00 -1.000000000000000000e+00
5.900000000000000000e+01 3.969516551909802729e+03 1.259459909163125424e+01 1.191362343521630562e-01 9.167294283322260373e-01 3.138254154155986964e+00 9.000000000000001055e-02 0.000000000000000000e+00 1.000000000000000000e+00 1.000000000000000000e+00 0.000000000000000000e+00 0.000000000000000000e+00 -1.000000000000000000e+00 -1.000000000000000000e+00
6.100000000000000000e+01 1.080210509306422136e+04 1.430998925706538927e+01 -3.000930964969500403e-02 1.601831270846640010e+00 -1.484750734050746535e-02 4.204457192714249752e-02 1.570796326794896558e+00 1.000000000000000000e+00 1.000000000000000000e+00 0.000000000000000000e+00 0.000000000000000000e+00 -1.000000000000000000e+00 -1.000000000000000000e+00
6.200000000000000000e+01 3.454518355150929710e+04 1.418536270550611000e+01 -1.539212808512682717e-01 3.091297766647205680e+00 -3.803772006953910507e-03 6.166263100575373329e-02 0.000000000000000000e+00 1.000000000000000000e+00 1.000000000000000000e+00 0.000000000000000000e+00 0.000000000000000000e+00 -1.000000000000000000e+00 -1.000000000000000000e+00
6.500000000000000000e+01 1.468010162206867790e+04 1.973521294727119013e+01 4.121367416655614957e-02 1.803094766337672183e+00 3.120153081210021995e+00 1.000000000000000021e-02 0.000000000000000000e+00 1.000000000000000000e+00 1.000000000000000000e+00 0.000000000000000000e+00 0.000000000000000000e+00 -1.000000000000000000e+00 -1.000000000000000000e+00
6.600000000000000000e+01 1.100415854897655845e+04 1.485492076414018214e+01 1.898042175095927542e-01 9.754686284449616274e-01 -1.222108064673949578e-02 9.000000000000001055e-02 1.570796326794896558e+00 1.000000000000000000e+00 1.000000000000000000e+00 0.000000000000000000e+00 0.000000000000000000e+00 -1.000000000000000000e+00 -1.000000000000000000e+00
7.400000000000000000e+01 3.609216640515318204e+02 1.139874240638218694e+01 1.489441206474060274e-03 1.311816633543838373e+00 -2.168281632577396395e-02 9.964106707597997215e-02 1.570796326794896558e+00 1.000000000000000000e+00 1.000000000000000000e+00 0.000000000000000000e+00 0.000000000000000000e+00 -1.000000000000000000e+00 -1.000000000000000000e+00
7.800000000000000000e+01 4.055006109153695434e+04 1.263932070219828141e+01 -1.461887740622104526e-01 2.797911405129697826e+00 3.132317851803910091e+00 4.055142425533926620e-02 0.000000000000000000e+00 1.000000000000000000e+00 1.000000000000000000e+00 0.000000000000000000e+00 0.000000000000000000e+00 -1.000000000000000000e+00 -1.000000000000000000e+00
7.900000000000000000e+01 4.130116031270613166e+04 1.249778463486273594e+01 -2.172604297635221948e-01 3.100000000000000089e+00 1.789638146654390014e-02 1.397124330233350670e-02 1.570796326794896558e+00 1.000000000000000000e+00 1.000000000000000000e+00 0.000000000000000000e+00 0.000000000000000000e+00 -1.000000000000000000e+00 -1.000000000000000000e+00
8.200000000000000000e+01 4.703529744603477593e+04 1.087760501518473433e+01 -1.798216686956054244e-01 3.100000000000000089e+00 -2.528219197814191369e-02 2.595997885143951078e-02 1.570796326794896558e+00 1.000000000000000000e+00 1.000000000000000000e+00 0.000000000000000000e+00 0.000000000000000000e+00 -1.000000000000000000e+00 -1.000000000000000000e+00
8.300000000000000000e+01 2.001073347349625328e+04 2.203076170408258960e+01 -1.056985407110289099e-01 3.100000000000000089e+00 3.154276117572765603e+00 2.969589760935722328e-02 1.570796326794896558e+00 1.000000000000000000e+00 1.000000000000000000e+00 0.000000000000000000e+00 0.000000000000000000e+00 -1.000000000000000000e+00 -1.000000000000000000e+00
8.800000000000000000e+01 4.648080916174771119e+04 1.870622644895200537e+01 -1.502183487376486382e-01 3.100000000000000089e+00 3.112806008816240144e+00 4.670788609486727777e-02 0.000000000000000000e+00 1.000000000000000000e+00 1.000000000000000000e+00 0.000000000000000000e+00 0.000000000000000000e+00 -1.000000000000000000e+00 -1.000000000000000000e+00
8.900000000000000000e+01 4.970906412994868333e+03 1.140696206619469955e+01 -4.395921909028550206e-02 1.253813091610676445e+00 3.152475453700759989e+00 9.000000000000001055e-02 1.570796326794896558e+00 1.000000000000000000e+00 1.000000000000000000e+00 0.000000000000000000e+00 0.000000000000000000e+00 -1.000000000000000000e+00 -1.000000000000000000e+00
9.000000000000000000e+01 5.000000000000000000e+04 2.178349601955500958e+01 -4.581230523304925112e-02 1.820789010098260219e+00 -1.143539592145756401e-02 1.575001020257266737e-01 1.570796326794896558e+00 1.000000000000000000e+00 1.000000000000000000e+00 0.000000000000000000e+00 0.000000000000000000e+00 -1.000000000000000000e+00 -1.000000000000000000e+00
9.200000000000000000e+01 4.245732030459442467e+04 1.704741722757167821e+01 -8.533668940711768014e-02 2.617384665776912644e+00 3.172938537336553289e+00 2.006120809277572511e-02 0.000000000000000000e+00 1.000000000000000000e+00 1.000000000000000000e+00 0.000000000000000000e+00 0.000000000000000000e+00 -1.000000000000000000e+00 -1.000000000000000000e+00
9.600000000000000000e+01 3.104273885983238142e+04 1.101643756896528004e+01 -1.568976347905220170e-01 2.649569951077296981e+00 -5.315940987937923211e-03 5.831145850501277816e-02 1.570796326794896558e+00 1.000000000000000000e+00 1.000000000000000000e+00 0.000000000000000000e+00 0.000000000000000000e+00 -1.000000000000000000e+00 -1.000000000000000000e+00
9.800000000000000000e+01 2.952268124521135178e+04 1.160718515630228254e+01 -8.255448531805928414e-02 2.561721779449621650e+00 3.121327053056058620e+00 7.754452780267237499e-02 1.570796326794896558e+00 1.000000000000000000e+00 1.000000000000000000e+00 0.000000000000000000e+00 0.000000000000000000e+00 -1.000000000000000000e+00 -1.000000000000000000e+00
1.010000000000000000e+02 3.408156275848684800e+02 1.055318180298220021e+01 -4.706963306986024914e-02 9.041685990963106434e-01 -1.414557723227416203e-03 4.726418135074367255e-02 0.000000000000000000e+00 1.000000000000000000e+00 1.000000000000000000e+00 0.000000000000000000e+00 0.000000000000000000e+00 -1.000000000000000000e+00 -1.000000000000000000e+00
1.030000000000000000e+02 4.344780551090444351e+04 1.772403758113708250e+01 -3.657368805306159681e-02 2.130705974422103299e+00 3.166108721236887025e+00 1.654440499801058603e-02 1.570796326794896558e+00 1.000000000000000000e+00 1.000000000000000000e+00 0.000000000000000000e+00 0.000000000000000000e+00 -1.000000000000000000e+00 -1.000000000000000000e+00
1.050000000000000000e+02 1.719779916170485376e+04 1.555990457643210512e+01 1.064536246743080783e-01 1.658265201234149000e+00 -5.965053793286796170e-03 1.342268116437712183e-02 0.000000000000000000e+00 1.000000000000000000e+00 1.000000000000000000e+00 0.000000000000000000e+00 0.000000000000000000e+00 -1.000000000000000000e+00 -1.000000000000000000e+00
1.090000000000000000e+02 1.535735427817559867e+04 1.571513273125609800e+01 6.897675561894586228e-03 1.328169985954691601e+00 2.485463169288336382e-02 1.843499483218811671e-02 1.570796326794896558e+00 1.000000000000000000e+00 1.000000000000000000e+00 0.000000000000000000e+00 0.000000000000000000e+00 -1.000000000000000000e+00 -1.000000000000000000e+00
1.100000000000000000e+02 2.613309157305277768e+04 1.085211259115694382e+01 -2.757907003125142920e-05 1.111151579486673091e+00 -1.310272255113595699e-02 8.551401772058643547e-02 1.570796326794896558e+00 1.000000000000000000e+00 1.000000000000000000e+00 0.000000000000000000e+00 0.000000000000000000e+00 -1.000000000000000000e+00 -1.000000000000000000e+00
1.110000000000000000e+02 5.000000000000000000e+04 3.831290312384391683e+01 1.458778311726906529e-01 1.164241911643926430e+00 1.020432364762898642e-02 8.978536517135088380e-02 1.570796326794896558e+00 1.000000000000000000e+00 1.000000000000000000e+00 0.000000000000000000e+00 0.000000000000000000e+00 -1.000000000000000000e+00 -1.000000000000000000e+00
1.130000000000000000e+02 4.511344450757635059e+04 1.429612994338025622e+01 -6.172275259790464819e-02 2.062233444004454075e+00 3.153838127366636268e+00 2.966901592384253716e-02 1.570796326794896558e+00 1.000000000000000000e+00 1.000000000000000000e+00 0.000000000000000000e+00 0.000000000000000000e+00 -1.000000000000000000e+00 -1.000000000000000000e+00
1.170000000000000000e+02 5.000000000000000000e+04 2.837716690291894395e+01 -6.522769188748488156e-02 1.578509752230041308e+00 -4.328053207152374182e-02 2.801313798839887709e-02 1.570796326794896558e+00 1.000000000000000000e+00 1.000000000000000000e+00 0.000000000000000000e+00 0.000000000000000000e+00 -1.000000000000000000e+00 -1.000000000000000000e+00
1.240000000000000000e+02 5.000000000000000000e+04 1.483640085393198227e+01 -1.518821319754826982e-01 3.100000000000000089e+00 3.123271004151644270e+00 1.829419052225414802e-02 1.570796326794896558e+00 1.000000000000000000e+00 1.000000000000000000e+00 0.000000000000000000e+00 0.000000000000000000e+00 -1.000000000000000000e+00 -1.000000000000000000e+00
1.280000000000000000e+02 3.289703753973580751e+04 1.644557603174274263e+01 -5.525093760550957300e-02 9.857598473575470699e-01 3.136727574739295310e+00 1.000000000000000021e-02 1.570796326794896558e+00 1.000000000000000000e+00 1.000000000000000000e+00 0.000000000000000000e+00 0.000000000000000000e+00 -1.000000000000000000e+00 -1.000000000000000000e+00
1.290000000000000000e+02 5.233946626711707495e+02 3.688264260242551273e+01 1.321416900600720645e-01 5.671220904200071633e-01 3.141480153541370335e+00 1.096750719606779528e-02 0.000000000000000000e+00 1.000000000000000000e+00 1.000000000000000000e+00 0.000000000000000000e+00 0.000000000000000000e+00 -1.000000000000000000e+00 -1.000000000000000000e+00
1.310000000000000000e+02 4.648770926757724374e+04 1.379972259763387932e+01 1.306005502707734134e-02 1.124450243851543574e+00 2.669253843505507012e-02 1.426247676531948796e-02 1.570796326794896558e+00 1.000000000000000000e+00 1.000000000000000000e+00 0.000000000000000000e+00 0.000000000000000000e+00 -1.000000000000000000e+00 -1.000000000000000000e+00
1.320000000000000000e+02 4.905604516682612302e+04 3.784038989803481456e+01 5.938558076339947589e-02 7.761842228010421563e-01 3.133986229522517153e+00 1.676745159529957618e-02 0.000000000000000000e+00 1.000000000000000000e+00 1.000000000000000000e+00 0.000000000000000000e+00 0.000000000000000000e+00 -1.000000000000000000e+00 -1.000000000000000000e+00
1.330000000000000000e+02 3.040591863777199251e+04 1.197301302927492905e+01 -2.159417515552938538e-01 2.638298051026339852e+00 -2.400162495399065996e-02 3.170304574368163625e-02 0.000000000000000000e+00 1.000000000000000000e+00 1.000000000000000000e+00 0.000000000000000000e+00 0.000000000000000000e+00 -1.000000000000000000e+00 -1.000000000000000000e+00
1.340000000000000000e+02 4.150983789203967899e+04 1.278486764544850907e+01 -1.987149745590298111e-01 3.100000000000000089e+00 3.183873868306088539e+00 2.288958132346443144e-02 0.000000000000000000e+00 1.000000000000000000e+00 1.000000000000000000e+00 0.000000000000000000e+00 0.000000000000000000e+00 -1.000000000000000000e+00 -1.000000000000000000e+00
1.360000000000000000e+02 3.321339498235595966e+04 1.905725130055968108e+01 -1.624999368185381377e-01 2.505885393450119736e+00 3.159471998403424298e+00 2.118328037133692526e-02 1.570796326794896558e+00 1.000000000000000000e+00 1.000000000000000000e+00 0.000000000000000000e+00 0.000000000000000000e+00 -1.000000000000000000e+00 -1.000000000000000000e+00
1.370000000000000000e+02 5.000000000000000000e+04 1.480713164308175500e+01 -6.639503465222174050e-02 7.141625236832809254e-01 3.140832414381783622e+00 6.497202829167957050e-02 0.000000000000000000e+00 1.000000000000000000e+00 1.000000000000000000e+00 0.000000000000000000e+00 0.000000000000000000e+00 -1.000000000000000000e+00 -1.000000000000000000e+00
1.400000000000000000e+02 3.891624173946910332e+02 1.174773361534689542e+01 -2.555788887725469194e-01 3.100000000000000089e+00 1.329825014787015466e-02 3.969498018632597325e-02 0.000000000000000000e+00 1.000000000000000000e+00 1.000000000000000000e+00 0.000000000000000000e+00 0.000000000000000000e+00 -1.000000000000000000e+00 -1.000000000000000000e+00
1.450000000000000000e+02 4.298168128150275879e+04 1.177914581650501624e+01 -3.637567318113302944e-02 7.826229150684975711e-01 2.162652022886899991e-02 1.566298157515579742e-02 0.000000000000000000e+00 1.000000000000000000e+00 1.000000000000000000e+00 0.000000000000000000e+00 0.000000000000000000e+00 -1.000000000000000000e+00 -1.000000000000000000e+00
1.460000000000000000e+02 4.820659098121231364e+04 1.076010485777178616e+01 -1.375918359827761617e-01 3.079060000000000130e+00 -1.901804847255511230e-02 1.000000000000000056e-01 0.000000000000000000e+00 1.000000000000000000e+00 1.000000000000000000e+00 0.000000000000000000e+00 0.000000000000000000e+00 -1.000000000000000000e+00 -1.000000000000000000e+00
1.520000000000000000e+02 4.984339563183460200e+02 3.727382446024412133e+01 -1.103764214091202261e-01 3.100000000000000089e+00 3.136466598641828085e+00 6.059299036521653692e-02 0.000000000000000000e+00 1.000000000000000000e+00 1.000000000000000000e+00 0.000000000000000000e+00 0.000000000000000000e+00 -1.000000000000000000e+00 -1.000000000000000000e+00
1.530000000000000000e+02 4.952996964440188458e+04 1.022245257192058254e+01 3.901654910054495884e-02 1.693287921582975253e+00 -1.789174365150710683e-02 1.023500705419655259e-02 0.000000000000000000e+00 1.000000000000000000e+00 1.000000000000000000e+00 0.000000000000000000e+00 0.000000000000000000e+00 -1.000000000000000000e+00 -1.000000000000000000e+00
1.540000000000000000e+02 3.880670817934576189e+04 1.194089333315590196e+01 -2.905246085326611272e-02 1.687160539248546476e+00 -4.488904330561449899e-03 1.485517111388794977e-02 1.570796326794896558e+00 1.000000000000000000e+00 1.000000000000000000e+00 0.000000000000000000e+00 0.000000000000000000e+00 -1.000000000000000000e+00 -1.000000000000000000e+00
1.570000000000000000e+02 3.834821378410600801e+02 1.582211976636415507e+01 -2.675616958473275159e-02 5.996090702448241272e-01 3.148342407031624379e+00 5.216518287308115343e-02 0.000000000000000000e+00 1.000000000000000000e+00 1.000000000000000000e+00 0.000000000000000000e+00 0.000000000000000000e+00 -1.000000000000000000e+00 -1.000000000000000000e+00
1.610000000000000000e+02 3.141202675994114907e+04 1.086886909700467108e+01 -1.155106672399107276e-01 2.469474602918952488e+00 3.167226582105341581e+00 1.536316345474860422e-02 0.000000000000000000e+00 1.000000000000000000e+00 1.000000000000000000e+00 0.000000000000000000e+00 0.000000000000000000e+00 -1.000000000000000000e+00 -1.000000000000000000e+00
1.620000000000000000e+02 4.517953931585543614e+04 2.257844484866509305e+01 -2.205433726584291043e-02 1.173521986477054524e+00 2.384728751617452153e-02 6.405467380784389542e-02 0.000000000000000000e+00 1.000000000000000000e+00 1.000000000000000000e+00 0.000000000000000000e+00 0.000000000000000000e+00 -1.000000000000000000e+00 -1.000000000000000000e+00
1.640000000000000000e+02 4.542984459418159418e+02 1.576538739415776114e+01 1.969358119869094037e-02 2.041244202226841331e+00 2.392351486288504109e-02 1.782163851791693232e-02 0.000000000000000000e+00 1.000000000000000000e+00 1.000000000000000000e+00 0.000000000000000000e+00 0.000000000000000000e+00 -1.000000000000000000e+00 -1.000000000000000000e+00
1.650000000000000000e+02 4.432622607693565078e+04 1.989329644888281834e+01 -1.035050488274040503e-01 3.100000000000000089e+00 3.123685064264120737e+00 3.191677520979527977e-02 1.570796326794896558e+00 1.000000000000000000e+00 1.000000000000000000e+00 0.000000000000000000e+00 0.000000000000000000e+00 -1.000000000000000000e+00 -1.000000000000000000e+00
1.670000000000000000e+02 4.643594895259116311e+04 2.049304575274472384e+01 -1.250223496166713577e-02 1.074354957529704224e+00 6.507777859438205678e-03 4.043513964270426669e-02 0.000000000000000000e+00 1.000000000000000000e+00 1.000000000000000000e+00 0.000000000000000000e+00 0.000000000000000000e+00 -1.000000000000000000e+00 -1.000000000000000000e+00
1.760000000000000000e+02 3.219859885944674534e+04 1.152936668622935734e+01 -6.468590995658929366e-02 1.872462425589036306e+00 1.384200933748969652e-02 4.076995391185392337e-02 0.000000000000000000e+00 1.000000000000000000e+00 1.000000000000000000e+00 0.000000000000000000e+00 0.000000000000000000e+00 -1.000000000000000000e+00 -1.000000000000000000e+00
1.790000000000000000e+02 2.222071754407769185e+04 1.037709875948906380e+01 -1.866799712747982953e-01 3.100000000000000089e+00 1.183641162124431968e-02 1.920902719331666827e-02 1.570796326794896558e+00 1.000000000000000000e+00 1.000000000000000000e+00 0.000000000000000000e+00 0.000000000000000000e+00 -1.000000000000000000e+00 -1.000000000000000000e+00
1.830000000000000000e+02 1.825329344961002062e+04 1.987170571981481615e+01 -1.231217745250386131e-01 2.401269198925837234e+00 2.476681079685809361e-02 1.102496753204834125e-02 1.570796326794896558e+00 1.000000000000000000e+00 1.000000000000000000e+00 0.000000000000000000e+00 0.000000000000000000e+00 -1.000000000000000000e+00 -1.000000000000000000e+00
1.880000000000000000e+02 5.000000000000000000e+04 1.793255752921321999e+01 -7.055415336546526361e-02 1.231454803744879145e+00 2.130813928714600514e-02 2.011899064428577383e-02 0.000000000000000000e+00 1.000000000000000000e+00 1.000000000000000000e+00 0.000000000000000000e+00 0.000000000000000000e+00 -1.000000000000000000e+00 -1.000000000000000000e+00
1.940000000000000000e+02 3.826699344245899556e+04 2.099816701038530908e+01 -9.488155531858682989e-02 2.898546812440732090e+00 -2.213787921316953330e-02 3.237747022832770244e-02 0.000000000000000000e+00 1.000000000000000000e+00 1.000000000000000000e+00 0.000000000000000000e+00 0.000000000000000000e+00 -1.000000000000000000e+00 -1.000000000000000000e+00
1.970000000000000000e+02 3.818550506962002692e+04 3.368944045760665063e+01 -4.367697115218838189e-02 6.945531792021283346e-01 2.264785907541679022e-02 1.000000000000000021e-02 0.000000000000000000e+00 1.000000000000000000e+00 1.000000000000000000e+00 0.000000000000000000e+00 0.000000000000000000e+00 -1.000000000000000000e+00 -1.000000000000000000e+00
1.990000000000000000e+02 4.546480949180219613e+04 1.670634130226933323e+01 -2.398856372336548998e-02 1.060036431577144889e+00 2.378364097429243665e-02 7.757492095103195318e-02 0.000000000000000000e+00 1.000000000000000000e+00 1.000000000000000000e+00 0.000000000000000000e+00 0.000000000000000000e+00 -1.000000000000000000e+00 -1.000000000000000000e+00
3.650000000000000000e+02 6.071528329681769947e+02 1.406363898294763004e+01 1.225920065434261685e-01 1.780675236837884645e+00 0.000000000000000000e+00 9.000000000000001055e-02 -1.000000000000000000e+00 1.000000000000000000e+00 1.000000000000000000e+00 7.800000000000000000e+01 0.000000000000000000e+00 -1.000000000000000000e+00 -1.000000000000000000e+00
1.300000000000000000e+01 4.559251527822664502e+04 2.074729491661480196e+01 -2.022873031610558370e-01 3.100000000000000089e+00 2.736366043896963293e-02 4.227964508430792634e-02 1.570796326794896558e+00 1.000000000000000000e+00 1.000000000000000000e+00 0.000000000000000000e+00 0.000000000000000000e+00 -1.000000000000000000e+00 -1.000000000000000000e+00
3.000000000000000000e+01 5.609033761960509992e+02 2.523513750661619781e+01 -1.784003416384232626e-02 8.064995807632392433e-01 7.753985248320646728e-03 3.361740318950805217e-02 1.570796326794896558e+00 1.000000000000000000e+00 1.000000000000000000e+00 0.000000000000000000e+00 0.000000000000000000e+00 -1.000000000000000000e+00 -1.000000000000000000e+00
3.900000000000000000e+01 4.414689127649626607e+04 1.307912899428367304e+01 -1.322414241240996158e-01 2.397958214228653961e+00 0.000000000000000000e+00 5.797722403630377330e-02 1.570796326794896558e+00 1.000000000000000000e+00 1.000000000000000000e+00 0.000000000000000000e+00 0.000000000000000000e+00 -1.000000000000000000e+00 -1.000000000000000000e+00
4.400000000000000000e+01 5.567796684035859016e+02 1.312401722206696242e+01 1.001223959698666066e-01 1.065419040587742172e+00 0.000000000000000000e+00 1.516480633920007891e-02 1.570796326794896558e+00 1.000000000000000000e+00 1.000000000000000000e+00 0.000000000000000000e+00 0.000000000000000000e+00 -1.000000000000000000e+00 -1.000000000000000000e+00
5.100000000000000000e+01 3.396775252270246710e+04 2.223171501476340595e+01 -1.472519311415466381e-01 2.834312672418035195e+00 0.000000000000000000e+00 9.239599597376313422e-02 1.570796326794896558e+00 1.000000000000000000e+00 1.000000000000000000e+00 0.000000000000000000e+00 0.000000000000000000e+00 -1.000000000000000000e+00 -1.000000000000000000e+00
7.300000000000000000e+01 1.836609030093040928e+04 1.122126204271632766e+01 9.534551206647673416e-03 1.457549575298487499e+00 0.000000000000000000e+00 1.045217782913592137e-02 1.570796326794896558e+00 1.000000000000000000e+00 1.000000000000000000e+00 0.000000000000000000e+00 0.000000000000000000e+00 -1.000000000000000000e+00 -1.000000000000000000e+00
8.600000000000000000e+01 3.891138822326090008e+02 1.112479159071603085e+01 -1.517463876842480575e-01 2.755745156575466925e+00 3.783149530761908269e-02 8.283680817605537650e-02 1.570796326794896558e+00 1.000000000000000000e+00 1.000000000000000000e+00 0.000000000000000000e+00 0.000000000000000000e+00 -1.000000000000000000e+00 -1.000000000000000000e+00
8.700000000000000000e+01 1.953908565397723942e+04 1.119181249681656354e+01 -3.344016197327600443e-03 1.481287521119492023e+00 0.000000000000000000e+00 1.622749866183584647e-02 1.570796326794896558e+00 1.000000000000000000e+00 1.000000000000000000e+00 0.000000000000000000e+00 0.000000000000000000e+00 -1.000000000000000000e+00 -1.000000000000000000e+00
9.300000000000000000e+01 8.571802203907536750e+03 1.123570470961524848e+01 -1.663099060321966000e-02 1.622138207179140146e+00 0.000000000000000000e+00 1.000000000000000021e-02 1.570796326794896558e+00 1.000000000000000000e+00 1.000000000000000000e+00 0.000000000000000000e+00 0.000000000000000000e+00 -1.000000000000000000e+00 -1.000000000000000000e+00
9.400000000000000000e+01 2.727541382122569121e+04 1.426228675316091987e+01 -2.397750139223196915e-03 1.276082820908909676e+00 8.757603461166219017e-03 2.430595083900159020e-02 1.570796326794896558e+00 1.000000000000000000e+00 1.000000000000000000e+00 0.000000000000000000e+00 0.000000000000000000e+00 -1.000000000000000000e+00 -1.000000000000000000e+00
1.060000000000000000e+02 7.096143325472233983e+02 1.051045648937317623e+01 -2.222551456520989455e-01 3.100000000000000089e+00 0.000000000000000000e+00 1.000000000000000056e-01 1.570796326794896558e+00 1.000000000000000000e+00 1.000000000000000000e+00 0.000000000000000000e+00 0.000000000000000000e+00 -1.000000000000000000e+00 -1.000000000000000000e+00
1.220000000000000000e+02 2.299802609752446006e+04 1.362553966320606413e+01 -1.438551054955700126e-01 3.100000000000000089e+00 0.000000000000000000e+00 6.439116867624435081e-02 1.570796326794896558e+00 1.000000000000000000e+00 1.000000000000000000e+00 0.000000000000000000e+00 0.000000000000000000e+00 -1.000000000000000000e+00 -1.000000000000000000e+00
1.510000000000000000e+02 5.000000000000000000e+04 1.473529143902382543e+01 -1.597588125199637110e-01 3.052731484510461168e+00 0.000000000000000000e+00 2.151269618640635692e-02 1.570796326794896558e+00 1.000000000000000000e+00 1.000000000000000000e+00 0.000000000000000000e+00 0.000000000000000000e+00 -1.000000000000000000e+00 -1.000000000000000000e+00
1.750000000000000000e+02 3.644530155823098903e+04 2.390039856046477951e+01 5.122506372716953416e-02 1.615995652519001791e+00 0.000000000000000000e+00 1.000000000000000021e-02 1.570796326794896558e+00 1.000000000000000000e+00 1.000000000000000000e+00 0.000000000000000000e+00 0.000000000000000000e+00 -1.000000000000000000e+00 -1.000000000000000000e+00
1.860000000000000000e+02 4.118369409952389833e+04 3.114911679346691287e+01 -1.740411970059965452e-01 2.809780054712125441e+00 9.367975822668395819e-03 1.139484960470810680e-02 1.570796326794896558e+00 1.000000000000000000e+00 1.000000000000000000e+00 0.000000000000000000e+00 0.000000000000000000e+00 -1.000000000000000000e+00 -1.000000000000000000e+00
1.900000000000000000e+02 2.056209762030061029e+04 1.594880002164022770e+01 -8.375578007219895704e-02 2.552253033269467508e+00 0.000000000000000000e+00 1.773309716055358407e-02 1.570796326794896558e+00 1.000000000000000000e+00 1.000000000000000000e+00 0.000000000000000000e+00 0.000000000000000000e+00 -1.000000000000000000e+00 -1.000000000000000000e+00
1.980000000000000000e+02 7.144752716287619478e+03 1.431312115579607358e+01 1.094804014604822823e-02 7.101085834455701518e-01 3.562408659952668449e-03 1.000000000000000021e-02 1.570796326794896558e+00 1.000000000000000000e+00 1.000000000000000000e+00 0.000000000000000000e+00 0.000000000000000000e+00 -1.000000000000000000e+00 -1.000000000000000000e+00
0.000000000000000000e+00 6.852181527723219006e+02 2.354037810796466346e+01 -1.804033099479543656e-01 3.100000000000000089e+00 0.000000000000000000e+00 9.000000000000001055e-02 0.000000000000000000e+00 1.000000000000000000e+00 1.000000000000000000e+00 0.000000000000000000e+00 0.000000000000000000e+00 -1.000000000000000000e+00 -1.000000000000000000e+00
4.900000000000000000e+01 6.279426768978863720e+02 1.024435461074685350e+01 3.102889794994794122e-03 1.166089706017274352e+00 0.000000000000000000e+00 1.508724290104903991e-02 0.000000000000000000e+00 1.000000000000000000e+00 1.000000000000000000e+00 0.000000000000000000e+00 0.000000000000000000e+00 -1.000000000000000000e+00 -1.000000000000000000e+00
6.300000000000000000e+01 9.407935969858377803e+02 1.097897432899107173e+01 -1.982717921368370301e-02 2.032732818401499664e+00 0.000000000000000000e+00 9.000000000000001055e-02 0.000000000000000000e+00 1.000000000000000000e+00 1.000000000000000000e+00 0.000000000000000000e+00 0.000000000000000000e+00 -1.000000000000000000e+00 -1.000000000000000000e+00
1.420000000000000000e+02 8.503785638793640373e+02 1.218591440869063547e+01 -2.076208433260886554e-01 2.137001789807436047e+00 0.000000000000000000e+00 9.000000000000001055e-02 0.000000000000000000e+00 1.000000000000000000e+00 1.000000000000000000e+00 0.000000000000000000e+00 0.000000000000000000e+00 -1.000000000000000000e+00 -1.000000000000000000e+00
1.500000000000000000e+02 1.135387908686629999e+03 1.630703786692101787e+01 -3.793240413591855154e-01 2.450400025853720187e+00 0.000000000000000000e+00 9.000000000000001055e-02 0.000000000000000000e+00 1.000000000000000000e+00 1.000000000000000000e+00 0.000000000000000000e+00 0.000000000000000000e+00 -1.000000000000000000e+00 -1.000000000000000000e+00
1.800000000000000000e+02 7.063788036694716084e+02 1.260877791192476671e+01 -2.163634470132371479e-01 3.100000000000000089e+00 0.000000000000000000e+00 3.053373061338256547e-02 0.000000000000000000e+00 1.000000000000000000e+00 1.000000000000000000e+00 0.000000000000000000e+00 0.000000000000000000e+00 -1.000000000000000000e+00 -1.000000000000000000e+00
3.660000000000000000e+02 6.223936670495703538e+02 1.282755418903659184e+01 -1.765499156182614438e-01 2.292634226089534710e+00 0.000000000000000000e+00 6.078372782723794748e-02 -1.000000000000000000e+00 1.000000000000000000e+00 1.000000000000000000e+00 7.800000000000000000e+01 1.000000000000000000e+05 -1.000000000000000000e+00 -1.000000000000000000e+00
3.680000000000000000e+02 5.937806087301696607e+02 1.234644329470007840e+01 1.123667401459038651e-01 1.498231475920659417e+00 0.000000000000000000e+00 3.413435992400944141e-02 -1.000000000000000000e+00 1.000000000000000000e+00 1.000000000000000000e+00 7.800000000000000000e+01 2.000000000000000000e+05 -1.000000000000000000e+00 -1.000000000000000000e+00
3.670000000000000000e+02 1.602507762368986005e+04 2.223179787799870866e+01 6.931091792183755596e-01 0.000000000000000000e+00 0.000000000000000000e+00 2.000257274319876613e-02 -1.000000000000000000e+00 1.000000000000000000e+00 2.000000000000000000e+00 7.800000000000000000e+01 2.300000000000000000e+05 -1.000000000000000000e+00 -1.000000000000000000e+00
3.690000000000000000e+02 7.888627393512313120e+02 3.300885388416483579e+01 5.398189112087309338e-04 1.894625019246338304e+00 0.000000000000000000e+00 9.000000000000001055e-02 -1.000000000000000000e+00 1.000000000000000000e+00 1.000000000000000000e+00 7.800000000000000000e+01 3.000000000000000000e+05 -1.000000000000000000e+00 -1.000000000000000000e+00
3.720000000000000000e+02 5.891262745105342219e+03 2.184256636847780086e+01 6.758057083389159558e-01 0.000000000000000000e+00 0.000000000000000000e+00 9.000000000000001055e-02 -1.000000000000000000e+00 1.000000000000000000e+00 2.000000000000000000e+00 7.800000000000000000e+01 4.000000000000000000e+05 -1.000000000000000000e+00 -1.000000000000000000e+00
3.740000000000000000e+02 8.687981722278769894e+02 1.638380732923876693e+01 -5.320058086614039977e-02 3.100000000000000089e+00 0.000000000000000000e+00 9.000000000000001055e-02 -1.000000000000000000e+00 1.000000000000000000e+00 1.000000000000000000e+00 7.800000000000000000e+01 4.000000000000000000e+05 -1.000000000000000000e+00 -1.000000000000000000e+00
3.730000000000000000e+02 2.588999867503954374e+04 2.078074890630706051e+01 5.916996735996733481e-01 0.000000000000000000e+00 0.000000000000000000e+00 2.003106950744874826e-02 -1.000000000000000000e+00 1.000000000000000000e+00 2.000000000000000000e+00 7.800000000000000000e+01 4.200000000000000000e+05 -1.000000000000000000e+00 -1.000000000000000000e+00
3.770000000000000000e+02 1.657101331695064800e+04 2.900040156524154966e+01 6.216082410586242224e-01 0.000000000000000000e+00 0.000000000000000000e+00 1.499216739752388255e-02 -1.000000000000000000e+00 1.000000000000000000e+00 2.000000000000000000e+00 7.800000000000000000e+01 4.700000000000000000e+05 -1.000000000000000000e+00 -1.000000000000000000e+00
3.780000000000000000e+02 6.958960925002972999e+02 1.326678840304559515e+01 2.120203052807528021e-01 7.664928355702493867e-01 0.000000000000000000e+00 3.070997253769462698e-02 -1.000000000000000000e+00 1.000000000000000000e+00 1.000000000000000000e+00 7.800000000000000000e+01 5.000000000000000000e+05 -1.000000000000000000e+00 -1.000000000000000000e+00
3.800000000000000000e+02 8.237631025781405469e+02 1.257474927313515245e+01 5.778628542949841573e-02 8.092054873364417089e-01 0.000000000000000000e+00 9.000000000000001055e-02 -1.000000000000000000e+00 1.000000000000000000e+00 1.000000000000000000e+00 7.800000000000000000e+01 6.000000000000000000e+05 -1.000000000000000000e+00 -1.000000000000000000e+00
3.790000000000000000e+02 3.344583915055140824e+04 4.680452044539465817e+01 6.370437755998786811e-01 0.000000000000000000e+00 0.000000000000000000e+00 2.738019926964828377e-02 -1.000000000000000000e+00 1.000000000000000000e+00 2.000000000000000000e+00 7.800000000000000000e+01 6.300000000000000000e+05 -1.000000000000000000e+00 -1.000000000000000000e+00
3.830000000000000000e+02 7.928684355626331808e+02 2.344976537043792320e+01 1.051645397088145223e-01 2.077315515895849507e-01 0.000000000000000000e+00 1.157594540293667429e-02 -1.000000000000000000e+00 1.000000000000000000e+00 1.000000000000000000e+00 7.800000000000000000e+01 7.000000000000000000e+05 -1.000000000000000000e+00 -1.000000000000000000e+00
1.140000000000000000e+02 7.992232461310497456e+03 1.204163770268850442e+01 -2.714301460969698043e-02 2.723793394096147846e+00 3.121024558619047706e+00 1.000000000000000021e-02 1.570796326794896558e+00 1.000000000000000000e+00 1.000000000000000000e+00 0.000000000000000000e+00 0.000000000000000000e+00 -1.000000000000000000e+00 -1.000000000000000000e+00
3.840000000000000000e+02 4.171623205724173022e+04 4.308632193536377741e+01 6.354789352132118596e-01 0.000000000000000000e+00 0.000000000000000000e+00 5.986391496967958387e-02 -1.000000000000000000e+00 1.000000000000000000e+00 2.000000000000000000e+00 7.800000000000000000e+01 7.400000000000000000e+05 -1.000000000000000000e+00 -1.000000000000000000e+00
3.820000000000000000e+02 2.195696455324945055e+04 2.150180925288636757e+01 6.796907187502194692e-01 0.000000000000000000e+00 0.000000000000000000e+00 5.620960870200834153e-02 -1.000000000000000000e+00 1.000000000000000000e+00 2.000000000000000000e+00 7.800000000000000000e+01 7.800000000000000000e+05 -1.000000000000000000e+00 -1.000000000000000000e+00
3.870000000000000000e+02 6.213861336930619927e+02 1.226296267877892099e+01 8.920197781048866403e-02 5.233013346253485576e-01 0.000000000000000000e+00 6.232636415827996074e-02 -1.000000000000000000e+00 1.000000000000000000e+00 1.000000000000000000e+00 7.800000000000000000e+01 8.000000000000000000e+05 -1.000000000000000000e+00 -1.000000000000000000e+00
