# id_num orb_a mass spin spin_angle orb_inc orb_ecc orb_arg_periapse orb_ang_mom gen galaxy time_passed star_X star_Y star_Z radius
2.380000000000000000e+02 4.223111899134129033e+01 1.897123972345740412e+03 9.379999999999999449e-01 1.300798800461353988e+00 0.000000000000000000e+00 2.901889739930769152e-01 1.570796326794896558e+00 1.543567358689851648e+18 1.000000000000000000e+00 0.000000000000000000e+00 0.000000000000000000e+00 7.273999999999999355e-01 2.637999999999999790e-01 8.800000000000000530e-03 4.159493323766176900e+02
2.400000000000000000e+02 4.337577356532371198e+01 1.630501125914149270e+03 9.379999999999999449e-01 1.633764069793868901e+00 0.000000000000000000e+00 4.824843753706998806e-01 1.570796326794896558e+00 1.345097038798680832e+18 1.000000000000000000e+00 0.000000000000000000e+00 0.000000000000000000e+00 7.273999999999999355e-01 2.637999999999999790e-01 8.800000000000000530e-03 3.684857898012607507e+02
2.440000000000000000e+02 3.749231658938018796e+01 2.181779822848585354e+03 9.379999999999999449e-01 1.298942471160978940e+00 0.000000000000000000e+00 5.519551430328888397e-01 1.570796326794896558e+00 1.851935409155160320e+18 1.000000000000000000e+00 0.000000000000000000e+00 0.000000000000000000e+00 7.273999999999999355e-01 2.637999999999999790e-01 8.800000000000000530e-03 4.651709647511417529e+02
2.460000000000000000e+02 4.301483233915215010e+01 1.921918064162735163e+03 9.379999999999999449e-01 1.294513157714205942e+00 0.000000000000000000e+00 5.477950035173632104e-01 0.000000000000000000e+00 1.655192590875429376e+18 1.000000000000000000e+00 0.000000000000000000e+00 0.000000000000000000e+00 7.273999999999999355e-01 2.637999999999999790e-01 8.800000000000000530e-03 4.202926130736015580e+02
2.470000000000000000e+02 6.233853201672717148e+01 2.429931225727844321e+03 9.379999999999999449e-01 5.577039624845439025e-01 0.000000000000000000e+00 1.388446707465654413e-02 0.000000000000000000e+00 2.107954686675555328e+18 1.000000000000000000e+00 0.000000000000000000e+00 0.000000000000000000e+00 7.273999999999999355e-01 2.637999999999999790e-01 8.800000000000000530e-03 5.070362940931527191e+02
2.490000000000000000e+02 6.538422263217293562e+01 2.697185046114845591e+03 9.379999999999999449e-01 4.390684000315170366e-01 0.000000000000000000e+00 1.738097272680616534e-02 0.000000000000000000e+00 2.374865981912261632e+18 1.000000000000000000e+00 0.000000000000000000e+00 0.000000000000000000e+00 7.273999999999999355e-01 2.637999999999999790e-01 8.800000000000000530e-03 5.511787386396300690e+02
2.500000000000000000e+02 6.558995477920069561e+01 2.372119850877602858e+03 9.379999999999999449e-01 9.810230887996455040e-01 0.000000000000000000e+00 1.099463355290098560e-02 1.570796326794896558e+00 2.104687288214598144e+18 1.000000000000000000e+00 0.000000000000000000e+00 0.000000000000000000e+00 7.273999999999999355e-01 2.637999999999999790e-01 8.800000000000000530e-03 4.973626454613895476e+02
2.520000000000000000e+02 4.905220237011878481e+01 2.915008455997355213e+03 9.379999999999999449e-01 1.275201121440695307e+00 0.000000000000000000e+00 2.890885080190962464e-01 1.570796326794896558e+00 2.625388120884152832e+18 1.000000000000000000e+00 0.000000000000000000e+00 0.000000000000000000e+00 7.273999999999999355e-01 2.637999999999999790e-01 8.800000000000000530e-03 5.865103996850805288e+02
2.550000000000000000e+02 7.252139473417547322e+01 2.673584483603110584e+03 9.379999999999999449e-01 1.117363235896454698e+00 0.000000000000000000e+00 3.301213431393622277e-02 0.000000000000000000e+00 2.462627863749763072e+18 1.000000000000000000e+00 0.000000000000000000e+00 0.000000000000000000e+00 7.273999999999999355e-01 2.637999999999999790e-01 8.800000000000000530e-03 5.473170679599702453e+02
2.570000000000000000e+02 6.987172777373612576e+01 3.126848392281528049e+03 9.379999999999999449e-01 1.599575102316052488e+00 0.000000000000000000e+00 2.070572317674870128e-02 0.000000000000000000e+00 2.923573248454552576e+18 1.000000000000000000e+00 0.000000000000000000e+00 0.000000000000000000e+00 7.273999999999999355e-01 2.637999999999999790e-01 8.800000000000000530e-03 6.203679056591067820e+02
2.580000000000000000e+02 5.286736774687471296e+01 2.655497257105341305e+03 9.379999999999999449e-01 7.191934523511591681e-01 0.000000000000000000e+00 4.787003277526644673e-01 1.570796326794896558e+00 2.502563930209096192e+18 1.000000000000000000e+00 0.000000000000000000e+00 0.000000000000000000e+00 7.273999999999999355e-01 2.637999999999999790e-01 8.800000000000000530e-03 5.443529085970362758e+02
2.600000000000000000e+02 9.424880240230339723e+01 3.441557181873830359e+03 9.379999999999999449e-01 1.790232074361603809e+00 0.000000000000000000e+00 5.822465639993910230e-02 0.000000000000000000e+00 3.294580517254224896e+18 1.000000000000000000e+00 0.000000000000000000e+00 0.000000000000000000e+00 7.273999999999999355e-01 2.637999999999999790e-01 8.800000000000000530e-03 6.698350269777706671e+02
2.620000000000000000e+02 7.938557735542133287e+01 3.543733101886555232e+03 9.379999999999999449e-01 1.719650804198201710e+00 0.000000000000000000e+00 4.513171758007724493e-02 1.570796326794896558e+00 3.445964525854689280e+18 1.000000000000000000e+00 0.000000000000000000e+00 0.000000000000000000e+00 7.273999999999999355e-01 2.637999999999999790e-01 8.800000000000000530e-03 6.856976582972052938e+02
2.630000000000000000e+02 5.457456978076460530e+01 3.704585150128770238e+03 9.379999999999999449e-01 1.825792007311144216e+00 0.000000000000000000e+00 2.564760498596329041e-01 0.000000000000000000e+00 3.630102782267507200e+18 1.000000000000000000e+00 0.000000000000000000e+00 0.000000000000000000e+00 7.273999999999999355e-01 2.637999999999999790e-01 8.800000000000000530e-03 7.104860042904904276e+02
2.650000000000000000e+02 8.789366489772798730e+01 3.904294902019220444e+03 9.379999999999999449e-01 1.123624005363059286e+00 0.000000000000000000e+00 2.521156281244947561e-02 0.000000000000000000e+00 3.887452986551650816e+18 1.000000000000000000e+00 0.000000000000000000e+00 0.000000000000000000e+00 7.273999999999999355e-01 2.637999999999999790e-01 8.800000000000000530e-03 7.409654414474144914e+02
2.660000000000000000e+02 9.930224950234787684e+01 3.847955036371343795e+03 9.379999999999999449e-01 1.634329016876124863e+00 0.000000000000000000e+00 2.482129639203576460e-02 1.570796326794896558e+00 3.863254286753871872e+18 1.000000000000000000e+00 0.000000000000000000e+00 0.000000000000000000e+00 7.273999999999999355e-01 2.637999999999999790e-01 8.800000000000000530e-03 7.323991860299620384e+02
2.700000000000000000e+02 9.327855727074792469e+01 4.696489247827956206e+03 9.379999999999999449e-01 1.569900312474980630e+00 0.000000000000000000e+00 4.844662872285469823e-02 1.570796326794896558e+00 4.870336203234911232e+18 1.000000000000000000e+00 0.000000000000000000e+00 0.000000000000000000e+00 7.273999999999999355e-01 2.637999999999999790e-01 8.800000000000000530e-03 8.589789633823540953e+02
2.710000000000000000e+02 5.976734650401260751e+01 5.504553497090590099e+03 9.379999999999999449e-01 5.802834102265267413e-01 0.000000000000000000e+00 3.137580370773448979e-02 1.570796326794896558e+00 5.755550384518745088e+18 1.000000000000000000e+00 0.000000000000000000e+00 0.000000000000000000e+00 7.273999999999999355e-01 2.637999999999999790e-01 8.800000000000000530e-03 9.753074452991330645e+02
2.730000000000000000e+02 1.062651955548130616e+02 5.862215630539903941e+03 9.379999999999999449e-01 4.576809336191094979e-01 0.000000000000000000e+00 3.662257202499483860e-02 1.570796326794896558e+00 6.231259921962859520e+18 1.000000000000000000e+00 0.000000000000000000e+00 0.000000000000000000e+00 7.273999999999999355e-01 2.637999999999999790e-01 8.800000000000000530e-03 1.025683320956010448e+03
2.750000000000000000e+02 7.460057599894214775e+01 5.457668635164569423e+03 9.379999999999999449e-01 1.175011285620221946e+00 0.000000000000000000e+00 1.933273747392594624e-02 1.570796326794896558e+00 5.899336261908406272e+18 1.000000000000000000e+00 0.000000000000000000e+00 0.000000000000000000e+00 7.273999999999999355e-01 2.637999999999999790e-01 8.800000000000000530e-03 9.686560449683177012e+02
2.760000000000000000e+02 1.089753373367738902e+02 6.271754903413364445e+03 9.379999999999999449e-01 1.639206531318308402e+00 0.000000000000000000e+00 3.114988603184853239e-02 0.000000000000000000e+00 6.837052790562436096e+18 1.000000000000000000e+00 0.000000000000000000e+00 0.000000000000000000e+00 7.273999999999999355e-01 2.637999999999999790e-01 8.800000000000000530e-03 1.082617703178011880e+03
2.780000000000000000e+02 9.752919823856417736e+01 6.852555728316985551e+03 9.379999999999999449e-01 1.721700575403304789e+00 0.000000000000000000e+00 2.794088020290869806e-02 1.570796326794896558e+00 7.598050901308537856e+18 1.000000000000000000e+00 0.000000000000000000e+00 0.000000000000000000e+00 7.273999999999999355e-01 2.637999999999999790e-01 8.800000000000000530e-03 1.162106480269287431e+03
2.800000000000000000e+02 1.324562732193620036e+02 7.314321433331554545e+03 9.379999999999999449e-01 1.429763538991147609e+00 0.000000000000000000e+00 1.000000000000000056e-01 1.570796326794896558e+00 8.249613726835862528e+18 1.000000000000000000e+00 0.000000000000000000e+00 0.000000000000000000e+00 7.273999999999999355e-01 2.637999999999999790e-01 8.800000000000000530e-03 1.224342980123079997e+03
2.850000000000000000e+02 1.287622017682347177e+02 9.485646427268522530e+03 9.379999999999999449e-01 7.298947577485489502e-01 0.000000000000000000e+00 1.000000000000000056e-01 1.570796326794896558e+00 1.118281233369090662e+19 1.000000000000000000e+00 0.000000000000000000e+00 0.000000000000000000e+00 7.273999999999999355e-01 2.637999999999999790e-01 8.800000000000000530e-03 1.507361463353478484e+03
2.880000000000000000e+02 1.224173320494001871e+02 9.684722981544769937e+03 9.419999999999999485e-01 6.097302622677399642e-01 0.000000000000000000e+00 1.043989626599891966e-02 0.000000000000000000e+00 1.173197187519232000e+19 1.000000000000000000e+00 0.000000000000000000e+00 0.000000000000000000e+00 7.273999999999999355e-01 2.637999999999999790e-01 8.800000000000000530e-03 1.532616949946979958e+03
2.890000000000000000e+02 1.099480806449131194e+02 1.051951466935570170e+04 9.379999999999999449e-01 1.423618188152989239e+00 0.000000000000000000e+00 4.507443599441150750e-02 1.570796326794896558e+00 1.285533794408273920e+19 1.000000000000000000e+00 0.000000000000000000e+00 0.000000000000000000e+00 7.273999999999999355e-01 2.637999999999999790e-01 8.800000000000000530e-03 1.637421260084468486e+03
2.900000000000000000e+02 1.467191180196280413e+02 1.106489721807130445e+04 9.399999999999999467e-01 5.572830034794646892e-01 0.000000000000000000e+00 3.075799149181337316e-02 0.000000000000000000e+00 1.364866686058911539e+19 1.000000000000000000e+00 0.000000000000000000e+00 0.000000000000000000e+00 7.273999999999999355e-01 2.637999999999999790e-01 8.800000000000000530e-03 1.704989737802809259e+03
2.930000000000000000e+02 1.455608300569211053e+02 1.237697827927110484e+04 9.379999999999999449e-01 9.840187593996922999e-01 0.000000000000000000e+00 1.040229826117046452e-02 1.570796326794896558e+00 1.569644314227365888e+19 1.000000000000000000e+00 0.000000000000000000e+00 0.000000000000000000e+00 7.273999999999999355e-01 2.637999999999999790e-01 8.800000000000000530e-03 1.864900069284684378e+03
2.960000000000000000e+02 1.445972702302723008e+02 1.368390951342918197e+04 9.379999999999999449e-01 8.964771502335886488e-01 0.000000000000000000e+00 1.049913860421125902e-02 0.000000000000000000e+00 1.785206957196326707e+19 1.000000000000000000e+00 0.000000000000000000e+00 0.000000000000000000e+00 7.273999999999999355e-01 2.637999999999999790e-01 8.800000000000000530e-03 2.020840406701616530e+03
2.970000000000000000e+02 1.581513559327862595e+02 1.462664835100162418e+04 9.379999999999999449e-01 4.828351503622351770e-01 0.000000000000000000e+00 1.000000000000000056e-01 1.570796326794896558e+00 1.926693071909587763e+19 1.000000000000000000e+00 0.000000000000000000e+00 0.000000000000000000e+00 7.273999999999999355e-01 2.637999999999999790e-01 8.800000000000000530e-03 2.131472424115793729e+03
2.980000000000000000e+02 1.711136538633189161e+02 1.596365622089499266e+04 9.379999999999999449e-01 5.264791003823235949e-01 0.000000000000000000e+00 1.000000000000000056e-01 1.570796326794896558e+00 2.122873902999486054e+19 1.000000000000000000e+00 0.000000000000000000e+00 0.000000000000000000e+00 7.273999999999999355e-01 2.637999999999999790e-01 8.800000000000000530e-03 2.285965940401430998e+03
3.040000000000000000e+02 1.727181710649377351e+02 2.063716334282109165e+04 9.379999999999999449e-01 1.473155705199772347e+00 0.000000000000000000e+00 1.000000000000000056e-01 1.570796326794896558e+00 2.911229030976350618e+19 1.000000000000000000e+00 0.000000000000000000e+00 0.000000000000000000e+00 7.273999999999999355e-01 2.637999999999999790e-01 8.800000000000000530e-03 2.807267923548532963e+03
3.050000000000000000e+02 1.395433190796332497e+02 2.185634405783399779e+04 9.379999999999999449e-01 1.050321032328978443e+00 0.000000000000000000e+00 9.000000000000001055e-02 0.000000000000000000e+00 3.114740420090986086e+19 1.000000000000000000e+00 0.000000000000000000e+00 0.000000000000000000e+00 7.273999999999999355e-01 2.637999999999999790e-01 8.800000000000000530e-03 2.939177923638241737e+03
3.070000000000000000e+02 1.681965848835136512e+02 2.324030947439236479e+04 9.379999999999999449e-01 7.796632825702544123e-01 0.000000000000000000e+00 1.578829627081053399e-02 0.000000000000000000e+00 3.379331878904560435e+19 1.000000000000000000e+00 0.000000000000000000e+00 0.000000000000000000e+00 7.273999999999999355e-01 2.637999999999999790e-01 8.800000000000000530e-03 3.087147553985405921e+03
3.080000000000000000e+02 1.789817709945019715e+02 2.567250702294971779e+04 9.379999999999999449e-01 1.765147433832910062e+00 0.000000000000000000e+00 2.073095497765684372e-02 1.570796326794896558e+00 3.771825545572536320e+19 1.000000000000000000e+00 0.000000000000000000e+00 0.000000000000000000e+00 7.273999999999999355e-01 2.637999999999999790e-01 8.800000000000000530e-03 3.343016245967202394e+03
3.090000000000000000e+02 2.233090660003639414e+02 2.487141029259865172e+04 9.379999999999999449e-01 1.817587611334170905e+00 0.000000000000000000e+00 9.000000000000001055e-02 1.570796326794896558e+00 3.691964414521593856e+19 1.000000000000000000e+00 0.000000000000000000e+00 0.000000000000000000e+00 7.273999999999999355e-01 2.637999999999999790e-01 8.800000000000000530e-03 3.259298911512587438e+03
3.100000000000000000e+02 2.775662638995511315e+02 2.749218278055624614e+04 9.379999999999999449e-01 7.393230915372199785e-01 0.000000000000000000e+00 9.000000000000001055e-02 0.000000000000000000e+00 4.123442885023757107e+19 1.000000000000000000e+00 0.000000000000000000e+00 0.000000000000000000e+00 7.273999999999999355e-01 2.637999999999999790e-01 8.800000000000000530e-03 3.531272563631709545e+03
3.110000000000000000e+02 2.108830975007732036e+02 2.754334171081657769e+04 9.379999999999999449e-01 1.047222653519923830e+00 0.000000000000000000e+00 9.000000000000001055e-02 0.000000000000000000e+00 4.174799230276727603e+19 1.000000000000000000e+00 0.000000000000000000e+00 0.000000000000000000e+00 7.273999999999999355e-01 2.637999999999999790e-01 8.800000000000000530e-03 3.536528531432876662e+03
3.190000000000000000e+02 1.862851616452316819e+02 4.242040288186787802e+04 9.379999999999999449e-01 1.508004892234555694e+00 0.000000000000000000e+00 8.100000000000001643e-02 0.000000000000000000e+00 7.009383525953904640e+19 1.000000000000000000e+00 0.000000000000000000e+00 0.000000000000000000e+00 7.273999999999999355e-01 2.637999999999999790e-01 8.800000000000000530e-03 4.996014534255081344e+03
3.200000000000000000e+02 1.426825545415918555e+02 4.647652366441425693e+04 9.379999999999999449e-01 1.009671341911055897e+00 0.000000000000000000e+00 1.853020188851842165e-02 1.570796326794896558e+00 7.766037618047667405e+19 1.000000000000000000e+00 0.000000000000000000e+00 0.000000000000000000e+00 7.273999999999999355e-01 2.637999999999999790e-01 8.800000000000000530e-03 5.374657216694583440e+03
3.210000000000000000e+02 2.637111368468309820e+02 4.684127029986640264e+04 9.379999999999999449e-01 7.172415231144240177e-01 0.000000000000000000e+00 9.000000000000001055e-02 0.000000000000000000e+00 7.914149957780999373e+19 1.000000000000000000e+00 0.000000000000000000e+00 0.000000000000000000e+00 7.273999999999999355e-01 2.637999999999999790e-01 8.800000000000000530e-03 5.408374961191871989e+03
3.220000000000000000e+02 1.878260595108513940e+02 5.004992672310252965e+04 9.379999999999999449e-01 9.843771092086592844e-01 0.000000000000000000e+00 9.000000000000001055e-02 1.570796326794896558e+00 8.553510792139523686e+19 1.000000000000000000e+00 0.000000000000000000e+00 0.000000000000000000e+00 7.273999999999999355e-01 2.637999999999999790e-01 8.800000000000000530e-03 5.702780013174859050e+03
3.230000000000000000e+02 2.184046411284229521e+02 5.337104173519355390e+04 9.379999999999999449e-01 1.727123956553797468e+00 0.000000000000000000e+00 1.000000000000000056e-01 0.000000000000000000e+00 9.224467273575889306e+19 1.000000000000000000e+00 0.000000000000000000e+00 0.000000000000000000e+00 7.273999999999999355e-01 2.637999999999999790e-01 8.800000000000000530e-03 6.003553786387600667e+03
3.240000000000000000e+02 2.291259604207682230e+02 5.460336424475852982e+04 9.379999999999999449e-01 1.201316563508557200e+00 0.000000000000000000e+00 1.000000000000000056e-01 1.570796326794896558e+00 9.546817415336376730e+19 1.000000000000000000e+00 0.000000000000000000e+00 0.000000000000000000e+00 7.273999999999999355e-01 2.637999999999999790e-01 8.800000000000000530e-03 6.114196374932324034e+03
3.250000000000000000e+02 2.514157801488926225e+02 5.659860584014860797e+04 9.379999999999999449e-01 1.385720031511246564e+00 0.000000000000000000e+00 9.000000000000001055e-02 0.000000000000000000e+00 1.001104371833163940e+20 1.000000000000000000e+00 0.000000000000000000e+00 0.000000000000000000e+00 7.273999999999999355e-01 2.637999999999999790e-01 8.800000000000000530e-03 6.292285924367585721e+03
3.260000000000000000e+02 1.832789496257586279e+02 6.149225626552676840e+04 9.379999999999999449e-01 1.809196848808878322e+00 0.000000000000000000e+00 9.000000000000001055e-02 1.570796326794896558e+00 1.100401940374906470e+20 1.000000000000000000e+00 0.000000000000000000e+00 0.000000000000000000e+00 7.273999999999999355e-01 2.637999999999999790e-01 8.800000000000000530e-03 6.723883881957372978e+03
3.280000000000000000e+02 7.700000000000001137e+02 7.167399573035642970e+04 9.379999999999999449e-01 1.827000224770768622e+00 0.000000000000000000e+00 1.000000000000000056e-01 1.570796326794896558e+00 1.312973317286285967e+20 1.000000000000000000e+00 0.000000000000000000e+00 0.000000000000000000e+00 7.273999999999999355e-01 2.637999999999999790e-01 8.800000000000000530e-03 7.600692369494910054e+03
3.290000000000000000e+02 7.700000000000001137e+02 7.167601460996395326e+04 9.379999999999999449e-01 1.456169351826382519e+00 0.000000000000000000e+00 1.000000000000000056e-01 1.570796326794896558e+00 1.328776140739012854e+20 1.000000000000000000e+00 0.000000000000000000e+00 0.000000000000000000e+00 7.273999999999999355e-01 2.637999999999999790e-01 8.800000000000000530e-03 7.600863643212237548e+03
3.320000000000000000e+02 3.011591340252915643e+02 8.925066276196001854e+04 9.379999999999999449e-01 6.142013995338019283e-01 0.000000000000000000e+00 9.000000000000001055e-02 1.570796326794896558e+00 1.715735321169536287e+20 1.000000000000000000e+00 0.000000000000000000e+00 0.000000000000000000e+00 7.273999999999999355e-01 2.637999999999999790e-01 8.800000000000000530e-03 9.058431862208759412e+03
3.350000000000000000e+02 7.700000000000001137e+02 1.023642756274389976e+05 9.379999999999999449e-01 1.591277395891320889e+00 0.000000000000000000e+00 1.000000000000000056e-01 0.000000000000000000e+00 2.042162326579166904e+20 1.000000000000000000e+00 0.000000000000000000e+00 0.000000000000000000e+00 7.273999999999999355e-01 2.637999999999999790e-01 8.800000000000000530e-03 1.010840411991053770e+04
3.380000000000000000e+02 7.700000000000001137e+02 1.233692935929041414e+05 9.379999999999999449e-01 1.053974977548151504e+00 0.000000000000000000e+00 1.000000000000000056e-01 1.570796326794896558e+00 2.556551561155130491e+20 1.000000000000000000e+00 0.000000000000000000e+00 0.000000000000000000e+00 7.273999999999999355e-01 2.637999999999999790e-01 8.800000000000000530e-03 1.173625465845068720e+04
3.400000000000000000e+02 7.700000000000001137e+02 1.363055499756098434e+05 9.379999999999999449e-01 1.469029585940918148e+00 0.000000000000000000e+00 1.000000000000000056e-01 0.000000000000000000e+00 2.898565725157882593e+20 1.000000000000000000e+00 0.000000000000000000e+00 0.000000000000000000e+00 7.273999999999999355e-01 2.637999999999999790e-01 8.800000000000000530e-03 1.271085292502790981e+04
3.430000000000000000e+02 7.700000000000001137e+02 1.678917761101289943e+05 9.379999999999999449e-01 7.133036242869706944e-01 0.000000000000000000e+00 1.000000000000000056e-01 1.570796326794896558e+00 3.714473221840874373e+20 1.000000000000000000e+00 0.000000000000000000e+00 0.000000000000000000e+00 7.273999999999999355e-01 2.637999999999999790e-01 8.800000000000000530e-03 1.501714592251949944e+04
3.440000000000000000e+02 7.700000000000001137e+02 1.779550395685984695e+05 9.379999999999999449e-01 7.693592468791848882e-01 0.000000000000000000e+00 1.000000000000000056e-01 0.000000000000000000e+00 3.990172528920339415e+20 1.000000000000000000e+00 0.000000000000000000e+00 0.000000000000000000e+00 7.273999999999999355e-01 2.637999999999999790e-01 8.800000000000000530e-03 1.573302001710913100e+04
3.460000000000000000e+02 7.700000000000001137e+02 2.021953748706642364e+05 9.379999999999999449e-01 1.862682175272990071e+00 0.000000000000000000e+00 1.000000000000000056e-01 0.000000000000000000e+00 4.658820760015243837e+20 1.000000000000000000e+00 0.000000000000000000e+00 0.000000000000000000e+00 7.273999999999999355e-01 2.637999999999999790e-01 8.800000000000000530e-03 1.742532294732969240e+04
3.470000000000000000e+02 7.700000000000001137e+02 2.152394080591872626e+05 9.379999999999999449e-01 3.810563637092507228e-01 0.000000000000000000e+00 1.000000000000000056e-01 0.000000000000000000e+00 5.027990000953144771e+20 1.000000000000000000e+00 0.000000000000000000e+00 0.000000000000000000e+00 7.273999999999999355e-01 2.637999999999999790e-01 8.800000000000000530e-03 1.831898020046325473e+04
3.480000000000000000e+02 7.700000000000001137e+02 2.263630119855188823e+05 9.379999999999999449e-01 1.696774124306061227e+00 0.000000000000000000e+00 1.000000000000000056e-01 1.570796326794896558e+00 5.361829344785786470e+20 1.000000000000000000e+00 0.000000000000000000e+00 0.000000000000000000e+00 7.273999999999999355e-01 2.637999999999999790e-01 8.800000000000000530e-03 1.907252677607450096e+04
3.530000000000000000e+02 7.700000000000001137e+02 3.187421019794362364e+05 9.379999999999999449e-01 9.645625643115671721e-01 0.000000000000000000e+00 1.000000000000000056e-01 1.570796326794896558e+00 8.107619759962041876e+20 1.000000000000000000e+00 0.000000000000000000e+00 0.000000000000000000e+00 7.273999999999999355e-01 2.637999999999999790e-01 8.800000000000000530e-03 2.507929984861410776e+04
3.540000000000000000e+02 7.700000000000001137e+02 3.410279041442640009e+05 9.379999999999999449e-01 8.861498857418050878e-01 0.000000000000000000e+00 1.000000000000000056e-01 1.570796326794896558e+00 8.801908178427255194e+20 1.000000000000000000e+00 0.000000000000000000e+00 0.000000000000000000e+00 7.273999999999999355e-01 2.637999999999999790e-01 8.800000000000000530e-03 2.647255107338131347e+04
3.550000000000000000e+02 7.700000000000001137e+02 3.630750976170296199e+05 9.379999999999999449e-01 9.859672769559472139e-01 0.000000000000000000e+00 1.000000000000000056e-01 1.570796326794896558e+00 9.510813471817371484e+20 1.000000000000000000e+00 0.000000000000000000e+00 0.000000000000000000e+00 7.273999999999999355e-01 2.637999999999999790e-01 8.800000000000000530e-03 2.783306490159581881e+04
3.590000000000000000e+02 7.700000000000001137e+02 4.879563696324139601e+05 9.379999999999999449e-01 1.775106791966583719e+00 0.000000000000000000e+00 1.000000000000000056e-01 0.000000000000000000e+00 1.357788802825688973e+21 1.000000000000000000e+00 0.000000000000000000e+00 0.000000000000000000e+00 7.273999999999999355e-01 2.637999999999999790e-01 8.800000000000000530e-03 3.525889156734971039e+04
3.610000000000000000e+02 7.700000000000001137e+02 5.681374092486931477e+05 9.379999999999999449e-01 3.582841762900109139e-01 0.000000000000000000e+00 1.000000000000000056e-01 1.570796326794896558e+00 1.630829400167027835e+21 1.000000000000000000e+00 0.000000000000000000e+00 0.000000000000000000e+00 7.273999999999999355e-01 2.637999999999999790e-01 8.800000000000000530e-03 3.982232122688622621e+04
