# id_num orb_a mass spin spin_angle orb_inc orb_ecc orb_arg_periapse orb_ang_mom gen galaxy time_passed gw_freq gw_strain
2.000000000000000000e+00 2.656032748034932865e+03 1.182181822289842188e+01 -2.621621310151151657e-02 3.004285883910991384e+00 3.143688050476007412e+00 2.565469272076131846e-01 1.570796326794896558e+00 -1.000000000000000000e+00 1.000000000000000000e+00 0.000000000000000000e+00 0.000000000000000000e+00 -1.000000000000000000e+00 -1.000000000000000000e+00
7.000000000000000000e+00 2.209559189574542324e+04 1.514754737911843208e+01 -8.244493882692026376e-02 2.877855210444016265e+00 3.157241748704106676e+00 1.623735695443715710e-01 1.570796326794896558e+00 -1.000000000000000000e+00 1.000000000000000000e+00 0.000000000000000000e+00 0.000000000000000000e+00 -1.000000000000000000e+00 -1.000000000000000000e+00
3.500000000000000000e+01 1.106396539902988661e+04 1.538207841259993991e+01 5.251057129518180155e-02 7.663231004516730671e-01 3.125344550373589048e+00 2.112973905756803661e-01 1.570796326794896558e+00 -1.000000000000000000e+00 1.000000000000000000e+00 0.000000000000000000e+00 0.000000000000000000e+00 -1.000000000000000000e+00 -1.000000000000000000e+00
4.800000000000000000e+01 2.725964620792131245e+04 2.940553769440395726e+01 2.422917779503569458e-01 1.155662296356072538e+00 3.137156089606419673e+00 4.586435325912331662e-02 1.570796326794896558e+00 -1.000000000000000000e+00 1.000000000000000000e+00 0.000000000000000000e+00 0.000000000000000000e+00 -1.000000000000000000e+00 -1.000000000000000000e+00
5.400000000000000000e+01 1.374333606006174523e+04 1.101859231594851884e+01 1.010711028207512685e-01 8.653762933497071153e-01 3.159338599421945393e+00 1.458546827832552517e-01 1.570796326794896558e+00 -1.000000000000000000e+00 1.000000000000000000e+00 0.000000000000000000e+00 0.000000000000000000e+00 -1.000000000000000000e+00 -1.000000000000000000e+00
6.700000000000000000e+01 7.042761860514750879e+03 3.813474636234154502e+01 -1.221228254855499795e-01 2.750944384328146697e+00 3.155876311584965066e+00 8.268423208488015702e-04 1.570796326794896558e+00 -1.000000000000000000e+00 1.000000000000000000e+00 0.000000000000000000e+00 0.000000000000000000e+00 -1.000000000000000000e+00 -1.000000000000000000e+00
7.300000000000000000e+01 2.749875414913395070e+04 2.040288640427615263e+01 1.285561693634191573e-02 1.067914991692078264e+00 3.168587944819836189e+00 2.778667952493338866e-01 1.570796326794896558e+00 -1.000000000000000000e+00 1.000000000000000000e+00 0.000000000000000000e+00 0.000000000000000000e+00 -1.000000000000000000e+00 -1.000000000000000000e+00
7.900000000000000000e+01 1.085977804480546547e+04 1.697630663225838177e+01 1.228351058648130545e-01 1.341004985791055537e-01 3.153509318974384801e+00 2.729447848045590264e-01 1.570796326794896558e+00 -1.000000000000000000e+00 1.000000000000000000e+00 0.000000000000000000e+00 0.000000000000000000e+00 -1.000000000000000000e+00 -1.000000000000000000e+00
9.300000000000000000e+01 1.941755381459543423e+04 2.484326038304855189e+01 -1.975674541159905262e-01 2.086885772358574975e+00 3.122817563456786516e+00 2.583728901116170706e-01 1.570796326794896558e+00 -1.000000000000000000e+00 1.000000000000000000e+00 0.000000000000000000e+00 0.000000000000000000e+00 -1.000000000000000000e+00 -1.000000000000000000e+00
1.040000000000000000e+02 3.001703261963774639e+04 1.361637933470952255e+01 -4.451453288541190600e-02 2.095655956076359683e+00 3.120908511640884342e+00 1.924350087416908661e-01 1.570796326794896558e+00 -1.000000000000000000e+00 1.000000000000000000e+00 0.000000000000000000e+00 0.000000000000000000e+00 -1.000000000000000000e+00 -1.000000000000000000e+00
1.050000000000000000e+02 4.468104872685502778e+04 3.449598192711243883e+01 2.658805134350593563e-04 4.350260910804297221e-01 3.119494228069622288e+00 1.738622986882095989e-01 1.570796326794896558e+00 -1.000000000000000000e+00 1.000000000000000000e+00 0.000000000000000000e+00 0.000000000000000000e+00 -1.000000000000000000e+00 -1.000000000000000000e+00
1.060000000000000000e+02 1.042418008772774920e+04 1.189632276856681870e+01 1.369925826844810846e-01 1.227435718030419398e+00 3.124689593007351274e+00 1.995027696899893399e-01 1.570796326794896558e+00 -1.000000000000000000e+00 1.000000000000000000e+00 0.000000000000000000e+00 0.000000000000000000e+00 -1.000000000000000000e+00 -1.000000000000000000e+00
1.110000000000000000e+02 2.780602139500883277e+04 1.133197509759476418e+01 -2.307041562620720798e-01 1.952902825145439003e+00 3.139097473983018638e+00 1.387173075514119835e-01 1.570796326794896558e+00 -1.000000000000000000e+00 1.000000000000000000e+00 0.000000000000000000e+00 0.000000000000000000e+00 -1.000000000000000000e+00 -1.000000000000000000e+00
1.130000000000000000e+02 1.801467245792626272e+04 3.585687493857133035e+01 3.501932156198474949e-02 4.013913146985451097e-01 3.160366121602769418e+00 2.266913698677689715e-01 1.570796326794896558e+00 -1.000000000000000000e+00 1.000000000000000000e+00 0.000000000000000000e+00 0.000000000000000000e+00 -1.000000000000000000e+00 -1.000000000000000000e+00
1.170000000000000000e+02 4.046634156401127984e+04 1.352645375358486746e+01 -4.442766253544633975e-02 2.967194716176611458e+00 3.101279056620451335e+00 2.204394034148412784e-01 1.570796326794896558e+00 -1.000000000000000000e+00 1.000000000000000000e+00 0.000000000000000000e+00 0.000000000000000000e+00 -1.000000000000000000e+00 -1.000000000000000000e+00
1.200000000000000000e+02 2.191703632402969106e+03 1.010511122544192375e+01 2.637658824957008277e-03 7.898622208539368694e-01 3.145140087089353553e+00 2.539503240696957542e-01 1.570796326794896558e+00 -1.000000000000000000e+00 1.000000000000000000e+00 0.000000000000000000e+00 0.000000000000000000e+00 -1.000000000000000000e+00 -1.000000000000000000e+00
1.280000000000000000e+02 1.135409145501175590e+04 3.725457891103848596e+01 -3.002101170778133724e-02 3.081564081845983960e+00 3.150864015882163915e+00 2.659505477588132161e-01 1.570796326794896558e+00 -1.000000000000000000e+00 1.000000000000000000e+00 0.000000000000000000e+00 0.000000000000000000e+00 -1.000000000000000000e+00 -1.000000000000000000e+00
1.330000000000000000e+02 3.066629587375233677e+04 1.147568512713273314e+01 -7.494261671808304104e-02 2.409058223729499737e+00 3.165273262505279295e+00 7.755916993273090365e-02 1.570796326794896558e+00 -1.000000000000000000e+00 1.000000000000000000e+00 0.000000000000000000e+00 0.000000000000000000e+00 -1.000000000000000000e+00 -1.000000000000000000e+00
1.350000000000000000e+02 1.807343821984864189e+04 1.018333263589249071e+01 9.345024875583518575e-02 7.593098209957381828e-01 3.147077153685199136e+00 1.658801602882918891e-01 1.570796326794896558e+00 -1.000000000000000000e+00 1.000000000000000000e+00 0.000000000000000000e+00 0.000000000000000000e+00 -1.000000000000000000e+00 -1.000000000000000000e+00
1.400000000000000000e+02 4.580882360966812848e+04 1.446660945363733575e+01 -2.938581641658989385e-01 2.101554156500158754e+00 3.131030830276322341e+00 2.031911297673248684e-01 1.570796326794896558e+00 -1.000000000000000000e+00 1.000000000000000000e+00 0.000000000000000000e+00 0.000000000000000000e+00 -1.000000000000000000e+00 -1.000000000000000000e+00
1.500000000000000000e+02 1.854293546973548246e+03 1.635154518418488934e+01 -8.781239972311065400e-02 2.054550937664052945e+00 3.129359615280295603e+00 1.639047764923170503e-01 1.570796326794896558e+00 -1.000000000000000000e+00 1.000000000000000000e+00 0.000000000000000000e+00 0.000000000000000000e+00 -1.000000000000000000e+00 -1.000000000000000000e+00
1.530000000000000000e+02 4.012910468316411425e+04 1.085401650573067478e+01 -2.016995633818155498e-02 2.872968287596386006e+00 3.100359588584749471e+00 2.728366827585113619e-01 1.570796326794896558e+00 -1.000000000000000000e+00 1.000000000000000000e+00 0.000000000000000000e+00 0.000000000000000000e+00 -1.000000000000000000e+00 -1.000000000000000000e+00
1.730000000000000000e+02 3.834994193479300884e+04 1.273462285497436142e+01 2.245919823223499479e-02 3.547704383889582203e-01 3.111170750138638308e+00 1.766732636749333563e-01 1.570796326794896558e+00 -1.000000000000000000e+00 1.000000000000000000e+00 0.000000000000000000e+00 0.000000000000000000e+00 -1.000000000000000000e+00 -1.000000000000000000e+00
1.860000000000000000e+02 2.921481199588470190e+04 1.729271796188719890e+01 -6.598582098281635666e-02 3.066343953256639665e+00 3.174985387876091636e+00 2.036515188837040302e-01 1.570796326794896558e+00 -1.000000000000000000e+00 1.000000000000000000e+00 0.000000000000000000e+00 0.000000000000000000e+00 -1.000000000000000000e+00 -1.000000000000000000e+00
1.940000000000000000e+02 1.117786744314093266e+04 3.544438322034459077e+01 3.477106212274740787e-02 2.387898658195864998e-01 3.121160955056191177e+00 6.510367657891591442e-02 1.570796326794896558e+00 -1.000000000000000000e+00 1.000000000000000000e+00 0.000000000000000000e+00 0.000000000000000000e+00 -1.000000000000000000e+00 -1.000000000000000000e+00
