# id_num orb_a mass spin spin_angle orb_inc orb_ecc orb_arg_periapse orb_ang_mom gen galaxy time_passed gw_freq gw_strain
2.000000000000000000e+00 2.655632748034933229e+03 1.182181822289842188e+01 -2.621621310151151657e-02 3.004285883910991384e+00 3.142815385850009413e+00 2.545469272076134049e-01 1.570796326794896558e+00 -1.000000000000000000e+00 1.000000000000000000e+00 0.000000000000000000e+00 0.000000000000000000e+00 -1.000000000000000000e+00 -1.000000000000000000e+00
7.000000000000000000e+00 2.209519189574542543e+04 1.514754737911843208e+01 -8.244493882692026376e-02 2.877855210444016265e+00 3.156369084078109122e+00 1.603735695443715414e-01 1.570796326794896558e+00 -1.000000000000000000e+00 1.000000000000000000e+00 0.000000000000000000e+00 0.000000000000000000e+00 -1.000000000000000000e+00 -1.000000000000000000e+00
3.500000000000000000e+01 1.106356539902988698e+04 1.538207841259993991e+01 5.251057129518180155e-02 7.663231004516730671e-01 3.124471885747591937e+00 2.092973905756803921e-01 1.570796326794896558e+00 -1.000000000000000000e+00 1.000000000000000000e+00 0.000000000000000000e+00 0.000000000000000000e+00 -1.000000000000000000e+00 -1.000000000000000000e+00
4.800000000000000000e+01 2.725924620792131827e+04 2.940553769440395726e+01 2.422917779503569458e-01 1.155662296356072538e+00 3.136283424980422563e+00 4.386435325912332872e-02 1.570796326794896558e+00 -1.000000000000000000e+00 1.000000000000000000e+00 0.000000000000000000e+00 0.000000000000000000e+00 -1.000000000000000000e+00 -1.000000000000000000e+00
5.400000000000000000e+01 1.374293606006174559e+04 1.101859231594851884e+01 1.010711028207512685e-01 8.653762933497071153e-01 3.158465934795948282e+00 1.438546827832552222e-01 1.570796326794896558e+00 -1.000000000000000000e+00 1.000000000000000000e+00 0.000000000000000000e+00 0.000000000000000000e+00 -1.000000000000000000e+00 -1.000000000000000000e+00
7.300000000000000000e+01 2.749835414913394925e+04 2.040288640427615263e+01 1.285561693634191573e-02 1.067914991692078264e+00 3.167715280193839078e+00 2.758667952493341069e-01 1.570796326794896558e+00 -1.000000000000000000e+00 1.000000000000000000e+00 0.000000000000000000e+00 0.000000000000000000e+00 -1.000000000000000000e+00 -1.000000000000000000e+00
7.900000000000000000e+01 1.085937804480546583e+04 1.697630663225838177e+01 1.228351058648130545e-01 1.341004985791055537e-01 3.152636654348388134e+00 2.709447848045591356e-01 1.570796326794896558e+00 -1.000000000000000000e+00 1.000000000000000000e+00 0.000000000000000000e+00 0.000000000000000000e+00 -1.000000000000000000e+00 -1.000000000000000000e+00
9.300000000000000000e+01 1.941715381459542186e+04 2.484326038304855189e+01 -1.975674541159905262e-01 2.086885772358574975e+00 3.121944898830789850e+00 2.563728901116172909e-01 1.570796326794896558e+00 -1.000000000000000000e+00 1.000000000000000000e+00 0.000000000000000000e+00 0.000000000000000000e+00 -1.000000000000000000e+00 -1.000000000000000000e+00
1.040000000000000000e+02 3.001663261963774858e+04 1.361637933470952255e+01 -4.451453288541190600e-02 2.095655956076359683e+00 3.120035847014886787e+00 1.904350087416908366e-01 1.570796326794896558e+00 -1.000000000000000000e+00 1.000000000000000000e+00 0.000000000000000000e+00 0.000000000000000000e+00 -1.000000000000000000e+00 -1.000000000000000000e+00
1.050000000000000000e+02 4.468064872685504815e+04 3.449598192711243883e+01 2.658805134350593563e-04 4.350260910804297221e-01 3.118621563443625178e+00 1.718622986882095971e-01 1.570796326794896558e+00 -1.000000000000000000e+00 1.000000000000000000e+00 0.000000000000000000e+00 0.000000000000000000e+00 -1.000000000000000000e+00 -1.000000000000000000e+00
1.060000000000000000e+02 1.042378008772774956e+04 1.189632276856681870e+01 1.369925826844810846e-01 1.227435718030419398e+00 3.123816928381355940e+00 1.975027696899893381e-01 1.570796326794896558e+00 -1.000000000000000000e+00 1.000000000000000000e+00 0.000000000000000000e+00 0.000000000000000000e+00 -1.000000000000000000e+00 -1.000000000000000000e+00
1.110000000000000000e+02 2.780562139500883131e+04 1.133197509759476418e+01 -2.307041562620720798e-01 1.952902825145439003e+00 3.138224809357022416e+00 1.367173075514120373e-01 1.570796326794896558e+00 -1.000000000000000000e+00 1.000000000000000000e+00 0.000000000000000000e+00 0.000000000000000000e+00 -1.000000000000000000e+00 -1.000000000000000000e+00
1.130000000000000000e+02 1.801427245792627582e+04 3.585687493857133035e+01 3.501932156198474949e-02 4.013913146985451097e-01 3.159493456976773196e+00 2.246913698677689419e-01 1.570796326794896558e+00 -1.000000000000000000e+00 1.000000000000000000e+00 0.000000000000000000e+00 0.000000000000000000e+00 -1.000000000000000000e+00 -1.000000000000000000e+00
1.170000000000000000e+02 4.046594156401127839e+04 1.352645375358486746e+01 -4.442766253544633975e-02 2.967194716176611458e+00 3.100406391994455113e+00 2.184394034148412767e-01 1.570796326794896558e+00 -1.000000000000000000e+00 1.000000000000000000e+00 0.000000000000000000e+00 0.000000000000000000e+00 -1.000000000000000000e+00 -1.000000000000000000e+00
1.200000000000000000e+02 2.191303632402969470e+03 1.010511122544192375e+01 2.637658824957008277e-03 7.898622208539368694e-01 3.144267422463355999e+00 2.519503240696959190e-01 1.570796326794896558e+00 -1.000000000000000000e+00 1.000000000000000000e+00 0.000000000000000000e+00 0.000000000000000000e+00 -1.000000000000000000e+00 -1.000000000000000000e+00
1.280000000000000000e+02 1.135369145501175626e+04 3.725457891103848596e+01 -3.002101170778133724e-02 3.081564081845983960e+00 3.149991351256166361e+00 2.639505477588132698e-01 1.570796326794896558e+00 -1.000000000000000000e+00 1.000000000000000000e+00 0.000000000000000000e+00 0.000000000000000000e+00 -1.000000000000000000e+00 -1.000000000000000000e+00
1.330000000000000000e+02 3.066589587375235715e+04 1.147568512713273314e+01 -7.494261671808304104e-02 2.409058223729499737e+00 3.164400597879283072e+00 7.555916993273091575e-02 1.570796326794896558e+00 -1.000000000000000000e+00 1.000000000000000000e+00 0.000000000000000000e+00 0.000000000000000000e+00 -1.000000000000000000e+00 -1.000000000000000000e+00
1.350000000000000000e+02 1.807303821984863316e+04 1.018333263589249071e+01 9.345024875583518575e-02 7.593098209957381828e-01 3.146204489059203357e+00 1.638801602882918595e-01 1.570796326794896558e+00 -1.000000000000000000e+00 1.000000000000000000e+00 0.000000000000000000e+00 0.000000000000000000e+00 -1.000000000000000000e+00 -1.000000000000000000e+00
1.400000000000000000e+02 4.580842360966812703e+04 1.446660945363733575e+01 -2.938581641658989385e-01 2.101554156500158754e+00 3.130158165650325675e+00 2.011911297673248111e-01 1.570796326794896558e+00 -1.000000000000000000e+00 1.000000000000000000e+00 0.000000000000000000e+00 0.000000000000000000e+00 -1.000000000000000000e+00 -1.000000000000000000e+00
1.500000000000000000e+02 1.853893546973548609e+03 1.635154518418488934e+01 -8.781239972311065400e-02 2.054550937664052945e+00 3.128486950654300269e+00 1.619047764923170485e-01 1.570796326794896558e+00 -1.000000000000000000e+00 1.000000000000000000e+00 0.000000000000000000e+00 0.000000000000000000e+00 -1.000000000000000000e+00 -1.000000000000000000e+00
1.530000000000000000e+02 4.012870468316410552e+04 1.085401650573067478e+01 -2.016995633818155498e-02 2.872968287596386006e+00 3.099486923958751916e+00 2.708366827585115821e-01 1.570796326794896558e+00 -1.000000000000000000e+00 1.000000000000000000e+00 0.000000000000000000e+00 0.000000000000000000e+00 -1.000000000000000000e+00 -1.000000000000000000e+00
1.730000000000000000e+02 3.834954193479302921e+04 1.273462285497436142e+01 2.245919823223499479e-02 3.547704383889582203e-01 3.110298085512641197e+00 1.746732636749333545e-01 1.570796326794896558e+00 -1.000000000000000000e+00 1.000000000000000000e+00 0.000000000000000000e+00 0.000000000000000000e+00 -1.000000000000000000e+00 -1.000000000000000000e+00
1.860000000000000000e+02 2.921441199588470408e+04 1.729271796188719890e+01 -6.598582098281635666e-02 3.066343953256639665e+00 3.174112723250093637e+00 2.016515188837039452e-01 1.570796326794896558e+00 -1.000000000000000000e+00 1.000000000000000000e+00 0.000000000000000000e+00 0.000000000000000000e+00 -1.000000000000000000e+00 -1.000000000000000000e+00
1.940000000000000000e+02 1.117746744314093303e+04 3.544438322034459077e+01 3.477106212274740787e-02 2.387898658195864998e-01 3.120288290430194955e+00 6.310367657891592652e-02 1.570796326794896558e+00 -1.000000000000000000e+00 1.000000000000000000e+00 0.000000000000000000e+00 0.000000000000000000e+00 -1.000000000000000000e+00 -1.000000000000000000e+00
