# id_num orb_a mass spin spin_angle orb_inc orb_ecc orb_arg_periapse orb_ang_mom gen galaxy time_passed gw_freq gw_strain
0.000000000000000000e+00 5.000000000000000000e+04 3.085273335143838480e+01 -8.616619935137691255e-02 3.100000000000000089e+00 3.133252108813133319e+00 3.836710953184922085e-02 1.570796326794896558e+00 1.000000000000000000e+00 1.000000000000000000e+00 0.000000000000000000e+00 0.000000000000000000e+00 -1.000000000000000000e+00 -1.000000000000000000e+00
3.000000000000000000e+00 2.223363094291404923e+04 1.338791660656513471e+01 -6.023353669225266910e-02 2.484380981954944723e+00 3.124732758308959468e+00 4.044739119150624757e-02 1.570796326794896558e+00 1.000000000000000000e+00 1.000000000000000000e+00 0.000000000000000000e+00 0.000000000000000000e+00 -1.000000000000000000e+00 -1.000000000000000000e+00
8.000000000000000000e+00 1.493289116521087089e+04 1.138723267601863220e+01 -1.218240365655531704e-01 2.818928624676353856e+00 3.124406234551112771e+00 1.885272517841232384e-02 1.570796326794896558e+00 1.000000000000000000e+00 1.000000000000000000e+00 0.000000000000000000e+00 0.000000000000000000e+00 -1.000000000000000000e+00 -1.000000000000000000e+00
1.100000000000000000e+01 2.351053806794248158e+04 1.655778145286285863e+01 -4.941414337406177526e-02 1.570760899822707835e+00 3.133401767574671481e+00 7.057331944867702156e-02 0.000000000000000000e+00 1.000000000000000000e+00 1.000000000000000000e+00 0.000000000000000000e+00 0.000000000000000000e+00 -1.000000000000000000e+00 -1.000000000000000000e+00
1.200000000000000000e+01 1.184631908169403869e+04 1.077840815583816081e+01 -9.290851304614912431e-02 2.062135133120872155e+00 1.300555170774140602e-02 6.881592515192407056e-02 1.570796326794896558e+00 1.000000000000000000e+00 1.000000000000000000e+00 0.000000000000000000e+00 0.000000000000000000e+00 -1.000000000000000000e+00 -1.000000000000000000e+00
1.900000000000000000e+01 4.227948424679235586e+02 1.509128893687629436e+01 -3.536340876262940303e-02 1.194229026858985243e+00 4.490460830159666641e-03 8.286499852439635494e-02 1.570796326794896558e+00 1.000000000000000000e+00 1.000000000000000000e+00 0.000000000000000000e+00 0.000000000000000000e+00 -1.000000000000000000e+00 -1.000000000000000000e+00
2.000000000000000000e+01 3.183405361284972969e+04 1.026144348225482794e+01 4.587160244903897011e-02 4.973974199891277870e-01 5.218541844311573065e-03 5.756489052558688008e-02 0.000000000000000000e+00 1.000000000000000000e+00 1.000000000000000000e+00 0.000000000000000000e+00 0.000000000000000000e+00 -1.000000000000000000e+00 -1.000000000000000000e+00
2.800000000000000000e+01 4.177028905607338629e+02 1.335176182274272705e+01 -2.800390137208430552e-02 9.759208025676024967e-01 3.138753733673523616e+00 1.624412953804536819e-02 0.000000000000000000e+00 1.000000000000000000e+00 1.000000000000000000e+00 0.000000000000000000e+00 0.000000000000000000e+00 -1.000000000000000000e+00 -1.000000000000000000e+00
2.900000000000000000e+01 2.256738890411295870e+04 1.422618182714486146e+01 -8.837571484587300463e-02 3.100000000000000089e+00 6.436733597794806749e-03 1.037653015110551191e-02 1.570796326794896558e+00 1.000000000000000000e+00 1.000000000000000000e+00 0.000000000000000000e+00 0.000000000000000000e+00 -1.000000000000000000e+00 -1.000000000000000000e+00
3.500000000000000000e+01 1.884421429818210527e+04 1.119955507114467785e+01 2.309419603017918987e-02 1.133845888132272162e+00 -2.917456304777541268e-02 1.000000000000000056e-01 0.000000000000000000e+00 1.000000000000000000e+00 1.000000000000000000e+00 0.000000000000000000e+00 0.000000000000000000e+00 -1.000000000000000000e+00 -1.000000000000000000e+00
3.900000000000000000e+01 2.008457355019191527e+04 2.475939840808926107e+01 1.587665431474850064e-01 6.603586005474691989e-01 3.130835827099521573e+00 1.000000000000000021e-02 1.570796326794896558e+00 1.000000000000000000e+00 1.000000000000000000e+00 0.000000000000000000e+00 0.000000000000000000e+00 -1.000000000000000000e+00 -1.000000000000000000e+00
4.000000000000000000e+01 4.939829825999730383e+04 1.890171719904859415e+01 -6.295053539341123605e-02 3.100000000000000089e+00 -8.672744468606394599e-03 5.957461082037585759e-02 1.570796326794896558e+00 1.000000000000000000e+00 1.000000000000000000e+00 0.000000000000000000e+00 0.000000000000000000e+00 -1.000000000000000000e+00 -1.000000000000000000e+00
4.100000000000000000e+01 2.856807223809305651e+04 1.052359362909679596e+01 -2.572951888823669583e-02 1.233196759731926218e+00 -3.306363610994834945e-02 5.647163911916592421e-02 1.570796326794896558e+00 1.000000000000000000e+00 1.000000000000000000e+00 0.000000000000000000e+00 0.000000000000000000e+00 -1.000000000000000000e+00 -1.000000000000000000e+00
4.200000000000000000e+01 4.227624910511917551e+04 1.265773833980052565e+01 -6.624836248909490855e-02 3.100000000000000089e+00 3.134066994276521356e+00 1.960945748379112896e-02 1.570796326794896558e+00 1.000000000000000000e+00 1.000000000000000000e+00 0.000000000000000000e+00 0.000000000000000000e+00 -1.000000000000000000e+00 -1.000000000000000000e+00
4.400000000000000000e+01 2.081856505062150609e+04 1.383853973603338261e+01 8.152248051793714589e-02 1.267616267888691306e+00 -6.912154784372104808e-03 2.455213000757073410e-02 0.000000000000000000e+00 1.000000000000000000e+00 1.000000000000000000e+00 0.000000000000000000e+00 0.000000000000000000e+00 -1.000000000000000000e+00 -1.000000000000000000e+00
4.600000000000000000e+01 2.790724494923989187e+04 3.070891445926486796e+01 -2.220334567264917180e-01 2.054993522860852906e+00 1.392178552694637878e-03 3.479660739957124438e-02 0.000000000000000000e+00 1.000000000000000000e+00 1.000000000000000000e+00 0.000000000000000000e+00 0.000000000000000000e+00 -1.000000000000000000e+00 -1.000000000000000000e+00
4.800000000000000000e+01 1.063899769700227625e+04 1.034595099113035488e+01 3.597013583527249037e-02 4.352254233634303970e-01 3.169092692592452742e+00 5.113982677965631107e-02 1.570796326794896558e+00 1.000000000000000000e+00 1.000000000000000000e+00 0.000000000000000000e+00 0.000000000000000000e+00 -1.000000000000000000e+00 -1.000000000000000000e+00
5.100000000000000000e+01 4.232820677775718650e+04 3.968372044435954393e+01 3.528760401879567528e-03 1.353864765341972864e+00 8.825305686581987746e-03 1.000000000000000021e-02 0.000000000000000000e+00 1.000000000000000000e+00 1.000000000000000000e+00 0.000000000000000000e+00 0.000000000000000000e+00 -1.000000000000000000e+00 -1.000000000000000000e+00
5.200000000000000000e+01 4.010972604316343109e+02 1.317528247599649127e+01 -1.202798953814870064e-01 2.250494722862006025e+00 1.222812256157714689e-02 8.559739839592442334e-02 0.000000000000000000e+00 1.000000000000000000e+00 1.000000000000000000e+00 0.000000000000000000e+00 0.000000000000000000e+00 -1.000000000000000000e+00 -1.000000000000000000e+00
5.700000000000000000e+01 9.678819471311562666e+03 1.231591209442875545e+01 2.791592211616621133e-02 1.820092673577408782e+00 7.193199942955759429e-03 1.000000000000000021e-02 1.570796326794896558e+00 1.000000000000000000e+00 1.000000000000000000e+00 0.000000000000000000e+00 0.000000000000000000e+00 -1.000000000000000000e+00 -1.000000000000000000e+00
5.900000000000000000e+01 3.783523878469440388e+04 1.216364774947460248e+01 -1.095178902908850727e-01 2.664667417702516250e+00 3.179304412340484998e+00 7.131661482428273968e-02 1.570796326794896558e+00 1.000000000000000000e+00 1.000000000000000000e+00 0.000000000000000000e+00 0.000000000000000000e+00 -1.000000000000000000e+00 -1.000000000000000000e+00
6.600000000000000000e+01 2.532893916698942849e+04 2.562658613735552748e+01 -6.237755905877207657e-02 3.100000000000000089e+00 1.285797348434434585e-02 2.145235552627100181e-02 0.000000000000000000e+00 1.000000000000000000e+00 1.000000000000000000e+00 0.000000000000000000e+00 0.000000000000000000e+00 -1.000000000000000000e+00 -1.000000000000000000e+00
6.800000000000000000e+01 1.569074843421610126e+02 1.287922333698798738e+01 -1.762393500926747736e-01 2.697930362892137168e+00 1.513606552076767961e-02 2.007451566181143454e-01 1.570796326794896558e+00 1.000000000000000000e+00 1.000000000000000000e+00 0.000000000000000000e+00 0.000000000000000000e+00 -1.000000000000000000e+00 -1.000000000000000000e+00
7.000000000000000000e+01 1.982041256942972541e+04 1.390217363252706484e+01 -1.229844722142485469e-02 1.054255652027179968e+00 2.076772939576557522e-02 1.000000000000000021e-02 0.000000000000000000e+00 1.000000000000000000e+00 1.000000000000000000e+00 0.000000000000000000e+00 0.000000000000000000e+00 -1.000000000000000000e+00 -1.000000000000000000e+00
7.600000000000000000e+01 2.906235721555625332e+03 1.387311587318760253e+01 -2.885458099222814599e-01 3.100000000000000089e+00 3.135712452196455224e+00 9.000000000000001055e-02 0.000000000000000000e+00 1.000000000000000000e+00 1.000000000000000000e+00 0.000000000000000000e+00 0.000000000000000000e+00 -1.000000000000000000e+00 -1.000000000000000000e+00
7.700000000000000000e+01 6.664583117777907262e+01 1.131679578933180252e+01 6.908936499349971339e-02 8.878175319462432435e-01 8.503115103644449946e-02 1.419620011284770111e-01 1.570796326794896558e+00 1.000000000000000000e+00 1.000000000000000000e+00 0.000000000000000000e+00 0.000000000000000000e+00 -1.000000000000000000e+00 -1.000000000000000000e+00
7.800000000000000000e+01 4.705942560649044708e+02 1.032880984585395545e+01 -2.137780703456831077e-01 2.700461854878933643e+00 -1.951826230441909907e-02 4.075876962601082676e-02 1.570796326794896558e+00 1.000000000000000000e+00 1.000000000000000000e+00 0.000000000000000000e+00 0.000000000000000000e+00 -1.000000000000000000e+00 -1.000000000000000000e+00
8.100000000000000000e+01 4.497619801472557697e+02 2.853437587813169785e+01 -7.739446017187578963e-02 2.179641367982759981e+00 -1.488245319568361896e-02 4.466003422129657258e-02 1.570796326794896558e+00 1.000000000000000000e+00 1.000000000000000000e+00 0.000000000000000000e+00 0.000000000000000000e+00 -1.000000000000000000e+00 -1.000000000000000000e+00
8.300000000000000000e+01 4.899832872538362426e+04 3.385736312113481716e+01 -1.853590335136220679e-01 2.060452304223648667e+00 -2.405911096727049794e-02 2.043196066758794227e-02 0.000000000000000000e+00 1.000000000000000000e+00 1.000000000000000000e+00 0.000000000000000000e+00 0.000000000000000000e+00 -1.000000000000000000e+00 -1.000000000000000000e+00
8.500000000000000000e+01 2.496189739095688128e+04 3.306689467646906166e+01 -1.851627589178462541e-01 2.291440679884088727e+00 3.162694454712556613e+00 9.000000000000001055e-02 1.570796326794896558e+00 1.000000000000000000e+00 1.000000000000000000e+00 0.000000000000000000e+00 0.000000000000000000e+00 -1.000000000000000000e+00 -1.000000000000000000e+00
8.700000000000000000e+01 5.335499266787180659e+02 1.687982202742593429e+01 -8.069729897980794375e-02 3.100000000000000089e+00 5.775355638151307217e-03 4.059658476266042593e-02 1.570796326794896558e+00 1.000000000000000000e+00 1.000000000000000000e+00 0.000000000000000000e+00 0.000000000000000000e+00 -1.000000000000000000e+00 -1.000000000000000000e+00
9.000000000000000000e+01 3.092331190006732140e+04 1.315251173219196801e+01 -5.457306768269831743e-02 6.714996921982284706e-01 -3.073437083132644909e-02 3.299025976793304449e-02 0.000000000000000000e+00 1.000000000000000000e+00 1.000000000000000000e+00 0.000000000000000000e+00 0.000000000000000000e+00 -1.000000000000000000e+00 -1.000000000000000000e+00
9.600000000000000000e+01 5.000000000000000000e+04 1.569962744824512946e+01 -1.906523034344980577e-02 9.281135450789106400e-01 2.113456898325731526e-02 5.055617698187048897e-02 1.570796326794896558e+00 1.000000000000000000e+00 1.000000000000000000e+00 0.000000000000000000e+00 0.000000000000000000e+00 -1.000000000000000000e+00 -1.000000000000000000e+00
1.050000000000000000e+02 1.269129210966718892e+04 1.362012169724612143e+01 -1.433587777423150356e-01 2.703687582084483232e+00 -1.560654571082419929e-02 1.000000000000000021e-02 0.000000000000000000e+00 1.000000000000000000e+00 1.000000000000000000e+00 0.000000000000000000e+00 0.000000000000000000e+00 -1.000000000000000000e+00 -1.000000000000000000e+00
1.120000000000000000e+02 4.518501761542798363e+02 1.719496494764074512e+01 -5.169922579162183202e-02 1.545184540898904890e+00 3.140574386677855490e+00 1.002978121376370789e-02 0.000000000000000000e+00 1.000000000000000000e+00 1.000000000000000000e+00 0.000000000000000000e+00 0.000000000000000000e+00 -1.000000000000000000e+00 -1.000000000000000000e+00
1.130000000000000000e+02 5.000000000000000000e+04 1.175308270106324571e+01 -4.548149695449705404e-02 8.933334046670213802e-01 3.126406042544731978e+00 2.079389793678320178e-02 1.570796326794896558e+00 1.000000000000000000e+00 1.000000000000000000e+00 0.000000000000000000e+00 0.000000000000000000e+00 -1.000000000000000000e+00 -1.000000000000000000e+00
1.140000000000000000e+02 3.180043967482853986e+04 1.351004616003346115e+01 -4.135969789524401863e-02 1.438664732487062947e+00 3.149783344149969633e+00 2.154429313770087062e-02 1.570796326794896558e+00 1.000000000000000000e+00 1.000000000000000000e+00 0.000000000000000000e+00 0.000000000000000000e+00 -1.000000000000000000e+00 -1.000000000000000000e+00
1.150000000000000000e+02 4.688205006364718429e+04 3.022088466637475079e+01 1.210937787041702074e-02 1.800513394832045089e+00 3.182026353339900471e+00 1.185200311804885873e-02 1.570796326794896558e+00 1.000000000000000000e+00 1.000000000000000000e+00 0.000000000000000000e+00 0.000000000000000000e+00 -1.000000000000000000e+00 -1.000000000000000000e+00
1.160000000000000000e+02 4.608416790521144139e+04 1.495600092488850130e+01 -9.953642702213143234e-02 2.227192644028956003e+00 -5.992645222568736448e-03 2.606326549184458455e-02 1.570796326794896558e+00 1.000000000000000000e+00 1.000000000000000000e+00 0.000000000000000000e+00 0.000000000000000000e+00 -1.000000000000000000e+00 -1.000000000000000000e+00
1.170000000000000000e+02 4.306253688412890187e+04 1.282744141713741293e+01 -2.394804617506142985e-01 2.948611342711630723e+00 3.095551594038553844e+00 6.043997552951761026e-02 0.000000000000000000e+00 1.000000000000000000e+00 1.000000000000000000e+00 0.000000000000000000e+00 0.000000000000000000e+00 -1.000000000000000000e+00 -1.000000000000000000e+00
1.180000000000000000e+02 3.974816799919189361e+04 1.372988355332694255e+01 -7.660315712349499706e-03 1.616490736013461049e+00 3.141037931916422998e+00 6.066073367355759305e-02 0.000000000000000000e+00 1.000000000000000000e+00 1.000000000000000000e+00 0.000000000000000000e+00 0.000000000000000000e+00 -1.000000000000000000e+00 -1.000000000000000000e+00
1.210000000000000000e+02 4.075692458611659822e+04 2.357934192648829352e+01 1.200880263994394126e-01 7.125605308988223197e-01 3.112492937792088910e+00 9.501925236969405164e-02 0.000000000000000000e+00 1.000000000000000000e+00 1.000000000000000000e+00 0.000000000000000000e+00 0.000000000000000000e+00 -1.000000000000000000e+00 -1.000000000000000000e+00
1.230000000000000000e+02 2.164235061267175843e+04 1.690299426910041447e+01 -1.409145304899336870e-01 2.663173854569635068e+00 3.140630520681563009e+00 2.746497820984767843e-02 1.570796326794896558e+00 1.000000000000000000e+00 1.000000000000000000e+00 0.000000000000000000e+00 0.000000000000000000e+00 -1.000000000000000000e+00 -1.000000000000000000e+00
1.250000000000000000e+02 4.535587633574194479e+04 3.746512304753843381e+01 -5.834674110923969426e-02 1.703144717920232587e+00 3.172904765725581111e+00 2.169170530511215986e-02 0.000000000000000000e+00 1.000000000000000000e+00 1.000000000000000000e+00 0.000000000000000000e+00 0.000000000000000000e+00 -1.000000000000000000e+00 -1.000000000000000000e+00
1.260000000000000000e+02 4.065533674459307804e+04 1.334996524635781157e+01 -3.698621326104543916e-02 4.575690284503409755e-01 1.927467235662265813e-02 3.343468095093830167e-02 0.000000000000000000e+00 1.000000000000000000e+00 1.000000000000000000e+00 0.000000000000000000e+00 0.000000000000000000e+00 -1.000000000000000000e+00 -1.000000000000000000e+00
1.290000000000000000e+02 4.822757674716634938e+04 1.551951929109899631e+01 -1.517268615489588690e-01 2.452693560734089839e+00 3.121582415289210211e+00 3.765720368430602871e-02 0.000000000000000000e+00 1.000000000000000000e+00 1.000000000000000000e+00 0.000000000000000000e+00 0.000000000000000000e+00 -1.000000000000000000e+00 -1.000000000000000000e+00
1.330000000000000000e+02 2.080475179785966975e+04 1.998349848729321820e+01 1.616440050676627715e-01 1.697983780204205484e+00 3.113845095952841660e-02 5.434810930431570319e-02 1.570796326794896558e+00 1.000000000000000000e+00 1.000000000000000000e+00 0.000000000000000000e+00 0.000000000000000000e+00 -1.000000000000000000e+00 -1.000000000000000000e+00
1.350000000000000000e+02 5.000000000000000000e+04 3.451711838364504104e+01 -2.459523258398810253e-02 6.536405058466995266e-01 3.128729143025425596e+00 5.866360943634166270e-02 0.000000000000000000e+00 1.000000000000000000e+00 1.000000000000000000e+00 0.000000000000000000e+00 0.000000000000000000e+00 -1.000000000000000000e+00 -1.000000000000000000e+00
1.370000000000000000e+02 3.240638893126449329e+04 1.458560257432668372e+01 6.451845226085134444e-02 1.195363758467082427e+00 4.971729850990205639e-03 2.979469044115918425e-02 1.570796326794896558e+00 1.000000000000000000e+00 1.000000000000000000e+00 0.000000000000000000e+00 0.000000000000000000e+00 -1.000000000000000000e+00 -1.000000000000000000e+00
1.380000000000000000e+02 5.801248722789513295e+02 1.866364642212874259e+01 -2.539227435514794795e-01 3.100000000000000089e+00 3.141511427177239746e+00 2.660708569629188086e-02 1.570796326794896558e+00 1.000000000000000000e+00 1.000000000000000000e+00 0.000000000000000000e+00 0.000000000000000000e+00 -1.000000000000000000e+00 -1.000000000000000000e+00
1.390000000000000000e+02 2.614586489654438628e+04 1.103768367380214599e+01 -1.092091122411706083e-01 2.283737100683633336e+00 3.153964281332546360e+00 6.661240555583546052e-02 0.000000000000000000e+00 1.000000000000000000e+00 1.000000000000000000e+00 0.000000000000000000e+00 0.000000000000000000e+00 -1.000000000000000000e+00 -1.000000000000000000e+00
1.420000000000000000e+02 5.000000000000000000e+04 1.221785403314107832e+01 -1.171186372989908020e-01 2.290017515366759238e+00 3.138459613008520943e+00 5.098557450259565832e-02 1.570796326794896558e+00 1.000000000000000000e+00 1.000000000000000000e+00 0.000000000000000000e+00 0.000000000000000000e+00 -1.000000000000000000e+00 -1.000000000000000000e+00
1.440000000000000000e+02 3.694946789867956977e+04 1.032874303637906443e+01 1.027322336948260362e-01 1.812229795683589328e+00 3.132353646902906963e+00 2.146231526551350272e-02 1.570796326794896558e+00 1.000000000000000000e+00 1.000000000000000000e+00 0.000000000000000000e+00 0.000000000000000000e+00 -1.000000000000000000e+00 -1.000000000000000000e+00
1.480000000000000000e+02 4.115471649173288461e+04 3.446692528887837170e+01 5.764139722436607827e-02 1.379789371428007616e+00 6.945005927032003867e-03 9.298904644552499765e-02 0.000000000000000000e+00 1.000000000000000000e+00 1.000000000000000000e+00 0.000000000000000000e+00 0.000000000000000000e+00 -1.000000000000000000e+00 -1.000000000000000000e+00
1.490000000000000000e+02 5.079046685326382544e+02 1.027625638045682166e+01 -7.229349885059975500e-02 2.998651718475620953e+00 1.005293087836181369e-02 2.323110743619057061e-02 1.570796326794896558e+00 1.000000000000000000e+00 1.000000000000000000e+00 0.000000000000000000e+00 0.000000000000000000e+00 -1.000000000000000000e+00 -1.000000000000000000e+00
1.500000000000000000e+02 1.402171760411387186e+04 1.115507397579594162e+01 1.605082103534220817e-01 9.313414026932230749e-01 3.134608390315690496e+00 6.680715886026081241e-02 0.000000000000000000e+00 1.000000000000000000e+00 1.000000000000000000e+00 0.000000000000000000e+00 0.000000000000000000e+00 -1.000000000000000000e+00 -1.000000000000000000e+00
1.540000000000000000e+02 3.067108913816178028e+04 1.950099574175238359e+01 -4.098174829843545530e-02 1.932701138927819695e+00 3.115826601895564263e+00 1.000000000000000056e-01 1.570796326794896558e+00 1.000000000000000000e+00 1.000000000000000000e+00 0.000000000000000000e+00 0.000000000000000000e+00 -1.000000000000000000e+00 -1.000000000000000000e+00
1.550000000000000000e+02 1.928606416607656229e+02 1.018188255215083338e+01 -7.958035428194257244e-02 3.100000000000000089e+00 6.765465061134928737e-02 1.081486942606480102e-02 0.000000000000000000e+00 1.000000000000000000e+00 1.000000000000000000e+00 0.000000000000000000e+00 0.000000000000000000e+00 -1.000000000000000000e+00 -1.000000000000000000e+00
1.560000000000000000e+02 2.226647273321677858e+04 1.734187694381691358e+01 1.849618165688800275e-02 1.372409984833089514e+00 1.694547353345471005e-02 1.000000000000000021e-02 0.000000000000000000e+00 1.000000000000000000e+00 1.000000000000000000e+00 0.000000000000000000e+00 0.000000000000000000e+00 -1.000000000000000000e+00 -1.000000000000000000e+00
1.580000000000000000e+02 6.747285842813118961e+02 3.374158845522893557e+01 -2.359050897661160162e-01 3.100000000000000089e+00 6.189770975687981618e-03 9.000000000000001055e-02 1.570796326794896558e+00 1.000000000000000000e+00 1.000000000000000000e+00 0.000000000000000000e+00 0.000000000000000000e+00 -1.000000000000000000e+00 -1.000000000000000000e+00
1.590000000000000000e+02 5.443177936065474114e+02 1.216126883408891324e+01 -8.663172420298508036e-03 1.006288986324734180e+00 3.134869078759106031e+00 7.722840630410310325e-02 0.000000000000000000e+00 1.000000000000000000e+00 1.000000000000000000e+00 0.000000000000000000e+00 0.000000000000000000e+00 -1.000000000000000000e+00 -1.000000000000000000e+00
1.610000000000000000e+02 3.449633569266078848e+04 1.254405838400388795e+01 -9.609933044659448031e-02 2.299300979307183468e+00 5.120928709206859324e-03 1.572985230851702554e-01 0.000000000000000000e+00 1.000000000000000000e+00 1.000000000000000000e+00 0.000000000000000000e+00 0.000000000000000000e+00 -1.000000000000000000e+00 -1.000000000000000000e+00
1.620000000000000000e+02 4.364103127984852472e+04 2.933478196212828237e+01 -2.355613949436821120e-01 3.100000000000000089e+00 3.143459386859975613e+00 3.302142284886098317e-02 0.000000000000000000e+00 1.000000000000000000e+00 1.000000000000000000e+00 0.000000000000000000e+00 0.000000000000000000e+00 -1.000000000000000000e+00 -1.000000000000000000e+00
1.660000000000000000e+02 4.604356237412573682e+04 1.028449276429100578e+01 6.536052888596155519e-02 1.940311323271329158e+00 3.146553387686178205e+00 1.559893357729962293e-01 1.570796326794896558e+00 1.000000000000000000e+00 1.000000000000000000e+00 0.000000000000000000e+00 0.000000000000000000e+00 -1.000000000000000000e+00 -1.000000000000000000e+00
1.680000000000000000e+02 2.047733303054606222e+04 1.050487607384055266e+01 -2.582839691204011356e-02 1.463075548125723824e+00 -1.893206934676902597e-02 3.318469662760817340e-02 0.000000000000000000e+00 1.000000000000000000e+00 1.000000000000000000e+00 0.000000000000000000e+00 0.000000000000000000e+00 -1.000000000000000000e+00 -1.000000000000000000e+00
1.690000000000000000e+02 3.655854787805527303e+04 1.487491511657060705e+01 1.240253326883743179e-02 1.460379721154027255e+00 3.140003960273905825e+00 7.687401881337790899e-02 1.570796326794896558e+00 1.000000000000000000e+00 1.000000000000000000e+00 0.000000000000000000e+00 0.000000000000000000e+00 -1.000000000000000000e+00 -1.000000000000000000e+00
1.710000000000000000e+02 3.060915911207890895e+04 1.587409967873986005e+01 -5.056897667388528250e-02 4.904193531661930616e-01 2.285011418719170087e-02 5.338655224738842603e-02 1.570796326794896558e+00 1.000000000000000000e+00 1.000000000000000000e+00 0.000000000000000000e+00 0.000000000000000000e+00 -1.000000000000000000e+00 -1.000000000000000000e+00
1.720000000000000000e+02 3.145171660406065348e+04 1.291342436608790223e+01 -8.882046433979480515e-02 3.100000000000000089e+00 3.138148470912061949e+00 4.648476832646440682e-02 0.000000000000000000e+00 1.000000000000000000e+00 1.000000000000000000e+00 0.000000000000000000e+00 0.000000000000000000e+00 -1.000000000000000000e+00 -1.000000000000000000e+00
1.740000000000000000e+02 4.040450215479519829e+04 1.135945582132359988e+01 8.440844393724863948e-02 1.954454443287343857e+00 3.424832692299011744e-02 2.892658745935396819e-02 0.000000000000000000e+00 1.000000000000000000e+00 1.000000000000000000e+00 0.000000000000000000e+00 0.000000000000000000e+00 -1.000000000000000000e+00 -1.000000000000000000e+00
1.790000000000000000e+02 3.392985199553186249e+04 1.860949140402403401e+01 -3.160887183753675889e-02 4.403179177109043385e-01 -1.591760294967500735e-03 4.819770494717188353e-02 0.000000000000000000e+00 1.000000000000000000e+00 1.000000000000000000e+00 0.000000000000000000e+00 0.000000000000000000e+00 -1.000000000000000000e+00 -1.000000000000000000e+00
1.810000000000000000e+02 2.933993960051520480e+04 1.167483358243661762e+01 2.401098887511843305e-02 9.948225466357196733e-01 4.255511871152529990e-02 4.356082164088464354e-02 1.570796326794896558e+00 1.000000000000000000e+00 1.000000000000000000e+00 0.000000000000000000e+00 0.000000000000000000e+00 -1.000000000000000000e+00 -1.000000000000000000e+00
1.830000000000000000e+02 1.900361096715742315e+04 1.121609613553826357e+01 -8.934680066124353615e-02 2.663314134202447114e+00 1.056804074940541132e-03 2.115024424703442277e-02 1.570796326794896558e+00 1.000000000000000000e+00 1.000000000000000000e+00 0.000000000000000000e+00 0.000000000000000000e+00 -1.000000000000000000e+00 -1.000000000000000000e+00
1.850000000000000000e+02 4.125521195411330700e+04 1.202020486492268780e+01 4.532699106210553996e-02 1.273867778133564554e+00 7.543267162186438092e-03 1.000000000000000021e-02 1.570796326794896558e+00 1.000000000000000000e+00 1.000000000000000000e+00 0.000000000000000000e+00 0.000000000000000000e+00 -1.000000000000000000e+00 -1.000000000000000000e+00
1.860000000000000000e+02 1.487634309762925659e+04 1.077229711151231228e+01 -1.394682973905182061e-02 7.048785582661615257e-01 -4.204791088105726098e-03 5.277882786161709749e-02 1.570796326794896558e+00 1.000000000000000000e+00 1.000000000000000000e+00 0.000000000000000000e+00 0.000000000000000000e+00 -1.000000000000000000e+00 -1.000000000000000000e+00
1.870000000000000000e+02 5.000000000000000000e+04 2.937062105962190373e+01 -1.484636452079322599e-01 2.711062600676534373e+00 3.160855918080266669e+00 1.000000000000000021e-02 1.570796326794896558e+00 1.000000000000000000e+00 1.000000000000000000e+00 0.000000000000000000e+00 0.000000000000000000e+00 -1.000000000000000000e+00 -1.000000000000000000e+00
1.880000000000000000e+02 4.156048602136789123e+04 1.036417630738049134e+01 -1.969056054417475943e-01 2.402379716427476275e+00 1.326405938135757998e-03 5.613286026201151635e-02 1.570796326794896558e+00 1.000000000000000000e+00 1.000000000000000000e+00 0.000000000000000000e+00 0.000000000000000000e+00 -1.000000000000000000e+00 -1.000000000000000000e+00
1.890000000000000000e+02 5.000000000000000000e+04 1.088689179399566065e+01 -2.738040531013788970e-01 2.541738916053494002e+00 3.091020739725411026e+00 5.541130521018321903e-02 1.570796326794896558e+00 1.000000000000000000e+00 1.000000000000000000e+00 0.000000000000000000e+00 0.000000000000000000e+00 -1.000000000000000000e+00 -1.000000000000000000e+00
1.920000000000000000e+02 3.149666207147645036e+04 1.056308797452014048e+01 1.473257223480468614e-01 8.030984975970497652e-01 3.797532578030544947e-02 3.141083608277636663e-02 0.000000000000000000e+00 1.000000000000000000e+00 1.000000000000000000e+00 0.000000000000000000e+00 0.000000000000000000e+00 -1.000000000000000000e+00 -1.000000000000000000e+00
1.940000000000000000e+02 6.314699727489977477e+02 1.498662277003559673e+01 -1.455095538381552533e-01 2.638634323882248722e+00 1.137585511806789816e-02 3.969780811472647247e-02 0.000000000000000000e+00 1.000000000000000000e+00 1.000000000000000000e+00 0.000000000000000000e+00 0.000000000000000000e+00 -1.000000000000000000e+00 -1.000000000000000000e+00
1.950000000000000000e+02 5.000000000000000000e+04 3.192200513367244241e+01 1.378200973838189514e-02 1.562756654460873973e+00 3.182123583533698064e+00 2.443316615277779311e-02 0.000000000000000000e+00 1.000000000000000000e+00 1.000000000000000000e+00 0.000000000000000000e+00 0.000000000000000000e+00 -1.000000000000000000e+00 -1.000000000000000000e+00
1.960000000000000000e+02 2.986955848778057043e+04 1.268108671037045809e+01 1.251829643299560979e-02 1.034038659895110568e+00 3.131302140661481825e+00 1.227019628337671156e-02 0.000000000000000000e+00 1.000000000000000000e+00 1.000000000000000000e+00 0.000000000000000000e+00 0.000000000000000000e+00 -1.000000000000000000e+00 -1.000000000000000000e+00
1.980000000000000000e+02 4.806524193104565347e+04 1.280987679294363701e+01 -5.859809368187649317e-03 8.359467707041060569e-01 3.091733873681323352e+00 6.248124442745755375e-02 0.000000000000000000e+00 1.000000000000000000e+00 1.000000000000000000e+00 0.000000000000000000e+00 0.000000000000000000e+00 -1.000000000000000000e+00 -1.000000000000000000e+00
2.000000000000000000e+02 4.665926741441603372e+04 1.238736143208866380e+01 -5.845406458492893170e-02 1.900800109690486295e+00 3.174577155805847983e+00 1.460600216515678222e-02 0.000000000000000000e+00 1.000000000000000000e+00 1.000000000000000000e+00 0.000000000000000000e+00 0.000000000000000000e+00 -1.000000000000000000e+00 -1.000000000000000000e+00
6.000000000000000000e+00 1.529471915873886064e+04 1.025464545679667161e+01 -1.375524011092412735e-01 2.610125437152142069e+00 0.000000000000000000e+00 1.662926853120840973e-02 1.570796326794896558e+00 1.000000000000000000e+00 1.000000000000000000e+00 0.000000000000000000e+00 0.000000000000000000e+00 -1.000000000000000000e+00 -1.000000000000000000e+00
9.000000000000000000e+00 5.000000000000000000e+04 1.400352215883553164e+01 -3.286133201673378107e-02 1.589852214707063505e+00 0.000000000000000000e+00 4.746504547108686134e-02 1.570796326794896558e+00 1.000000000000000000e+00 1.000000000000000000e+00 0.000000000000000000e+00 0.000000000000000000e+00 -1.000000000000000000e+00 -1.000000000000000000e+00
1.000000000000000000e+01 3.787633127646477806e+04 1.068756691653104340e+01 -5.580921176825669877e-02 7.027481613365744728e-01 0.000000000000000000e+00 1.642247091793250235e-02 1.570796326794896558e+00 1.000000000000000000e+00 1.000000000000000000e+00 0.000000000000000000e+00 0.000000000000000000e+00 -1.000000000000000000e+00 -1.000000000000000000e+00
3.400000000000000000e+01 9.762000857827757500e+03 1.233569664967935431e+01 -6.569575047400860734e-02 3.093020000000000103e+00 0.000000000000000000e+00 1.000000000000000021e-02 1.570796326794896558e+00 1.000000000000000000e+00 1.000000000000000000e+00 0.000000000000000000e+00 0.000000000000000000e+00 -1.000000000000000000e+00 -1.000000000000000000e+00
4.300000000000000000e+01 3.874902952017537609e+04 1.152275133567967558e+01 -6.597303155202727254e-02 3.009419184197712926e+00 1.456364318157657043e-03 7.162467376059593327e-02 1.570796326794896558e+00 1.000000000000000000e+00 1.000000000000000000e+00 0.000000000000000000e+00 0.000000000000000000e+00 -1.000000000000000000e+00 -1.000000000000000000e+00
5.500000000000000000e+01 4.113875355947334901e+04 1.597689385093803693e+01 -1.252430965373433347e-01 2.267189366511247695e+00 4.376390168451829016e-02 1.636284684470666606e-01 1.570796326794896558e+00 1.000000000000000000e+00 1.000000000000000000e+00 0.000000000000000000e+00 0.000000000000000000e+00 -1.000000000000000000e+00 -1.000000000000000000e+00
5.800000000000000000e+01 2.312562864996464486e+04 1.235227610978843416e+01 -9.475440482749999949e-02 2.858979702544296231e+00 2.419085151206916764e-02 6.849045389992611255e-02 1.570796326794896558e+00 1.000000000000000000e+00 1.000000000000000000e+00 0.000000000000000000e+00 0.000000000000000000e+00 -1.000000000000000000e+00 -1.000000000000000000e+00
6.100000000000000000e+01 3.024798678138164905e+04 1.130098752325583256e+01 2.426058970177004392e-02 5.952012441302635404e-01 2.505774434331779765e-02 3.837377274779638775e-02 1.570796326794896558e+00 1.000000000000000000e+00 1.000000000000000000e+00 0.000000000000000000e+00 0.000000000000000000e+00 -1.000000000000000000e+00 -1.000000000000000000e+00
6.400000000000000000e+01 6.198364544568777319e+02 1.164147704855017373e+01 5.561162436937626408e-02 6.436274871329474845e-01 1.147526321657706995e-02 1.000000000000000056e-01 1.570796326794896558e+00 1.000000000000000000e+00 1.000000000000000000e+00 0.000000000000000000e+00 0.000000000000000000e+00 -1.000000000000000000e+00 -1.000000000000000000e+00
7.200000000000000000e+01 2.112685753650926199e+04 1.173462077026414718e+01 -9.242674480989963859e-02 3.100000000000000089e+00 0.000000000000000000e+00 2.283271184926680478e-02 1.570796326794896558e+00 1.000000000000000000e+00 1.000000000000000000e+00 0.000000000000000000e+00 0.000000000000000000e+00 -1.000000000000000000e+00 -1.000000000000000000e+00
7.500000000000000000e+01 1.424457716817898290e+04 1.302367797159891438e+01 1.422664527044131544e-01 6.123121554867784200e-01 0.000000000000000000e+00 1.147369641657515656e-02 1.570796326794896558e+00 1.000000000000000000e+00 1.000000000000000000e+00 0.000000000000000000e+00 0.000000000000000000e+00 -1.000000000000000000e+00 -1.000000000000000000e+00
8.000000000000000000e+01 6.813583546535447795e+02 1.762556130111974895e+01 1.126103779510020664e-01 1.205781999275357119e+00 1.193392306506950613e-02 1.000000000000000056e-01 1.570796326794896558e+00 1.000000000000000000e+00 1.000000000000000000e+00 0.000000000000000000e+00 0.000000000000000000e+00 -1.000000000000000000e+00 -1.000000000000000000e+00
8.200000000000000000e+01 1.637392964806237069e+04 1.025225436327032469e+01 -1.206434361651162190e-01 2.043109638602254030e+00 0.000000000000000000e+00 1.000000000000000021e-02 1.570796326794896558e+00 1.000000000000000000e+00 1.000000000000000000e+00 0.000000000000000000e+00 0.000000000000000000e+00 -1.000000000000000000e+00 -1.000000000000000000e+00
8.400000000000000000e+01 2.698778590313825043e+04 1.044206788833291277e+01 6.636759826014915209e-02 1.852102881127326794e+00 2.836222909351833812e-02 6.185201350768039508e-02 1.570796326794896558e+00 1.000000000000000000e+00 1.000000000000000000e+00 0.000000000000000000e+00 0.000000000000000000e+00 -1.000000000000000000e+00 -1.000000000000000000e+00
8.600000000000000000e+01 1.791816961198560602e+04 1.365590334089669433e+01 -1.376037417146985797e-02 4.978674707846197922e-01 0.000000000000000000e+00 1.000000000000000056e-01 1.570796326794896558e+00 1.000000000000000000e+00 1.000000000000000000e+00 0.000000000000000000e+00 0.000000000000000000e+00 -1.000000000000000000e+00 -1.000000000000000000e+00
9.100000000000000000e+01 3.527869327116860222e+04 1.602558923868598129e+01 -8.928828516698922302e-02 2.942952877926066524e+00 8.313932336244173786e-04 7.994585743436949388e-02 1.570796326794896558e+00 1.000000000000000000e+00 1.000000000000000000e+00 0.000000000000000000e+00 0.000000000000000000e+00 -1.000000000000000000e+00 -1.000000000000000000e+00
9.900000000000000000e+01 1.812980305647070418e+04 3.224020366888592548e+01 6.623740065948313660e-02 1.271820162395981280e+00 0.000000000000000000e+00 6.023809132996247456e-02 1.570796326794896558e+00 1.000000000000000000e+00 1.000000000000000000e+00 0.000000000000000000e+00 0.000000000000000000e+00 -1.000000000000000000e+00 -1.000000000000000000e+00
1.000000000000000000e+02 3.568614038786929450e+04 2.101437579181396842e+01 3.330590703611518988e-02 9.777928006043661302e-01 1.219853599419971901e-03 7.072380589431023767e-02 1.570796326794896558e+00 1.000000000000000000e+00 1.000000000000000000e+00 0.000000000000000000e+00 0.000000000000000000e+00 -1.000000000000000000e+00 -1.000000000000000000e+00
1.060000000000000000e+02 2.975780977463012096e+04 3.579928328644833613e+01 -1.563607783494824488e-01 2.511379380185785326e+00 0.000000000000000000e+00 2.585174599037922891e-02 1.570796326794896558e+00 1.000000000000000000e+00 1.000000000000000000e+00 0.000000000000000000e+00 0.000000000000000000e+00 -1.000000000000000000e+00 -1.000000000000000000e+00
1.080000000000000000e+02 1.259099303357951976e+04 1.235031450452269830e+01 8.984001346067349569e-02 4.006550946973682081e-01 1.299724564165564110e-02 3.101680912402978232e-02 1.570796326794896558e+00 1.000000000000000000e+00 1.000000000000000000e+00 0.000000000000000000e+00 0.000000000000000000e+00 -1.000000000000000000e+00 -1.000000000000000000e+00
1.190000000000000000e+02 4.198585519716138515e+04 3.539273001534080265e+01 -1.879911200954642314e-01 3.042151665589507115e+00 0.000000000000000000e+00 1.537059816121996714e-02 1.570796326794896558e+00 1.000000000000000000e+00 1.000000000000000000e+00 0.000000000000000000e+00 0.000000000000000000e+00 -1.000000000000000000e+00 -1.000000000000000000e+00
1.280000000000000000e+02 3.777808064442102477e+04 1.544149563142531356e+01 -2.776067047200674390e-02 1.880331074604663089e+00 0.000000000000000000e+00 1.909994914510233441e-02 1.570796326794896558e+00 1.000000000000000000e+00 1.000000000000000000e+00 0.000000000000000000e+00 0.000000000000000000e+00 -1.000000000000000000e+00 -1.000000000000000000e+00
1.310000000000000000e+02 1.828681986206469082e+04 1.047744944131369493e+01 -1.181537883920620591e-01 3.100000000000000089e+00 1.437151486391457546e-02 2.941125773728883036e-02 1.570796326794896558e+00 1.000000000000000000e+00 1.000000000000000000e+00 0.000000000000000000e+00 0.000000000000000000e+00 -1.000000000000000000e+00 -1.000000000000000000e+00
1.530000000000000000e+02 3.383693836324222502e+04 1.552161626089321089e+01 -1.092734768898344366e-01 2.161467299698645039e+00 0.000000000000000000e+00 5.940010588273603870e-02 1.570796326794896558e+00 1.000000000000000000e+00 1.000000000000000000e+00 0.000000000000000000e+00 0.000000000000000000e+00 -1.000000000000000000e+00 -1.000000000000000000e+00
1.570000000000000000e+02 7.107958938859092086e+02 1.106931909976306194e+01 -3.360398079869091753e-02 1.579220423963189290e+00 1.045696586165216838e-02 1.000000000000000056e-01 1.570796326794896558e+00 1.000000000000000000e+00 1.000000000000000000e+00 0.000000000000000000e+00 0.000000000000000000e+00 -1.000000000000000000e+00 -1.000000000000000000e+00
1.650000000000000000e+02 2.125976830903939845e+04 1.860203417716749996e+01 4.413223017976178331e-02 1.519859254460868003e+00 2.747579592216064029e-02 2.676131288587358173e-02 1.570796326794896558e+00 1.000000000000000000e+00 1.000000000000000000e+00 0.000000000000000000e+00 0.000000000000000000e+00 -1.000000000000000000e+00 -1.000000000000000000e+00
1.760000000000000000e+02 7.749718884309178293e+02 1.303672489927907918e+01 -5.409186866977572228e-02 1.444306321686325667e+00 0.000000000000000000e+00 9.000000000000001055e-02 1.570796326794896558e+00 1.000000000000000000e+00 1.000000000000000000e+00 0.000000000000000000e+00 0.000000000000000000e+00 -1.000000000000000000e+00 -1.000000000000000000e+00
1.780000000000000000e+02 5.000000000000000000e+04 1.537197219093907563e+01 8.412209144961946272e-02 1.732390964108776465e+00 2.455921653838094923e-02 1.919477821081127522e-01 1.570796326794896558e+00 1.000000000000000000e+00 1.000000000000000000e+00 0.000000000000000000e+00 0.000000000000000000e+00 -1.000000000000000000e+00 -1.000000000000000000e+00
1.900000000000000000e+02 2.506933479141106727e+04 1.486666859478958180e+01 1.893154338269026349e-02 1.197545459160044956e+00 0.000000000000000000e+00 3.498852131972461643e-02 1.570796326794896558e+00 1.000000000000000000e+00 1.000000000000000000e+00 0.000000000000000000e+00 0.000000000000000000e+00 -1.000000000000000000e+00 -1.000000000000000000e+00
2.000000000000000000e+00 8.901521872102106499e+03 1.013786552558765131e+01 1.911340749353790391e-02 8.661059731155387187e-01 0.000000000000000000e+00 9.000000000000001055e-02 0.000000000000000000e+00 1.000000000000000000e+00 1.000000000000000000e+00 0.000000000000000000e+00 0.000000000000000000e+00 -1.000000000000000000e+00 -1.000000000000000000e+00
3.300000000000000000e+01 1.314157322101456521e+04 2.632245325434367444e+01 -6.460373296377246166e-02 2.382790628202982930e+00 0.000000000000000000e+00 9.000000000000001055e-02 0.000000000000000000e+00 1.000000000000000000e+00 1.000000000000000000e+00 0.000000000000000000e+00 0.000000000000000000e+00 -1.000000000000000000e+00 -1.000000000000000000e+00
5.400000000000000000e+01 9.406254381351474876e+03 3.218365126797039721e+01 -3.669347875389154801e-02 4.835580402834581126e-01 0.000000000000000000e+00 1.000000000000000021e-02 0.000000000000000000e+00 1.000000000000000000e+00 1.000000000000000000e+00 0.000000000000000000e+00 0.000000000000000000e+00 -1.000000000000000000e+00 -1.000000000000000000e+00
6.000000000000000000e+01 7.214214238288279830e+02 1.681418608446978169e+01 2.559567821833981516e-02 1.579862345853850769e+00 0.000000000000000000e+00 1.895825296613584676e-02 0.000000000000000000e+00 1.000000000000000000e+00 1.000000000000000000e+00 0.000000000000000000e+00 0.000000000000000000e+00 -1.000000000000000000e+00 -1.000000000000000000e+00
6.300000000000000000e+01 5.027614270861900877e+03 1.345879113399567828e+01 -2.692249146265077164e-02 7.591893973657435346e-01 0.000000000000000000e+00 1.000000000000000021e-02 0.000000000000000000e+00 1.000000000000000000e+00 1.000000000000000000e+00 0.000000000000000000e+00 0.000000000000000000e+00 -1.000000000000000000e+00 -1.000000000000000000e+00
7.100000000000000000e+01 5.284159757436766085e+03 1.323427464579741475e+01 -9.402971517413312441e-02 2.331068849092064355e+00 0.000000000000000000e+00 1.044642471365280108e-02 0.000000000000000000e+00 1.000000000000000000e+00 1.000000000000000000e+00 0.000000000000000000e+00 0.000000000000000000e+00 -1.000000000000000000e+00 -1.000000000000000000e+00
8.900000000000000000e+01 5.644311817142838663e+02 2.472095455296106792e+01 -2.854577550952207277e-02 1.827857567960932350e+00 0.000000000000000000e+00 1.917911469342944292e-02 0.000000000000000000e+00 1.000000000000000000e+00 1.000000000000000000e+00 0.000000000000000000e+00 0.000000000000000000e+00 -1.000000000000000000e+00 -1.000000000000000000e+00
9.500000000000000000e+01 7.150873537066391918e+02 2.747903419047032969e+01 -8.240784633698824968e-02 3.100000000000000089e+00 0.000000000000000000e+00 8.100000000000001643e-02 0.000000000000000000e+00 1.000000000000000000e+00 1.000000000000000000e+00 0.000000000000000000e+00 0.000000000000000000e+00 -1.000000000000000000e+00 -1.000000000000000000e+00
1.360000000000000000e+02 6.506983407715849353e+03 1.229911050731495159e+01 4.968786733757651897e-02 8.000376914456318600e-01 0.000000000000000000e+00 1.000000000000000021e-02 0.000000000000000000e+00 1.000000000000000000e+00 1.000000000000000000e+00 0.000000000000000000e+00 0.000000000000000000e+00 -1.000000000000000000e+00 -1.000000000000000000e+00
1.450000000000000000e+02 3.661299006840225502e+03 1.140515658897354534e+01 1.419481192286184135e-01 5.004429927931102196e-01 0.000000000000000000e+00 1.110495251675524576e-02 0.000000000000000000e+00 1.000000000000000000e+00 1.000000000000000000e+00 0.000000000000000000e+00 0.000000000000000000e+00 -1.000000000000000000e+00 -1.000000000000000000e+00
1.470000000000000000e+02 8.078816549837650200e+03 1.188061141444443081e+01 -1.569588088865682962e-01 2.733772771980601313e+00 0.000000000000000000e+00 3.224627553902405935e-02 0.000000000000000000e+00 1.000000000000000000e+00 1.000000000000000000e+00 0.000000000000000000e+00 0.000000000000000000e+00 -1.000000000000000000e+00 -1.000000000000000000e+00
1.510000000000000000e+02 1.324099691000781604e+04 2.454109425492897145e+01 -1.070084091067903115e-01 3.100000000000000089e+00 0.000000000000000000e+00 1.000000000000000021e-02 0.000000000000000000e+00 1.000000000000000000e+00 1.000000000000000000e+00 0.000000000000000000e+00 0.000000000000000000e+00 -1.000000000000000000e+00 -1.000000000000000000e+00
1.750000000000000000e+02 2.861928616215097009e+03 1.141776992751721842e+01 -1.641110635017591357e-01 2.995604393925164199e+00 0.000000000000000000e+00 5.417151877677610639e-01 0.000000000000000000e+00 1.000000000000000000e+00 1.000000000000000000e+00 0.000000000000000000e+00 0.000000000000000000e+00 -1.000000000000000000e+00 -1.000000000000000000e+00
1.930000000000000000e+02 7.226940267898083221e+03 1.314091255818425452e+01 -1.118521667043021472e-01 2.277794413277171248e+00 0.000000000000000000e+00 2.334066845648467142e-02 0.000000000000000000e+00 1.000000000000000000e+00 1.000000000000000000e+00 0.000000000000000000e+00 0.000000000000000000e+00 -1.000000000000000000e+00 -1.000000000000000000e+00
3.660000000000000000e+02 8.079328309288675882e+02 1.237765153618248881e+01 2.477729394883082525e-02 1.554933686054373654e+00 0.000000000000000000e+00 9.000000000000001055e-02 -1.000000000000000000e+00 1.000000000000000000e+00 1.000000000000000000e+00 2.200000000000000000e+01 1.000000000000000000e+05 -1.000000000000000000e+00 -1.000000000000000000e+00
3.670000000000000000e+02 3.774515421938488657e+02 1.094346127830886850e+01 1.339692080092636517e-01 7.933938189051870093e-01 0.000000000000000000e+00 3.106664015802560602e-02 -1.000000000000000000e+00 1.000000000000000000e+00 1.000000000000000000e+00 2.200000000000000000e+01 2.000000000000000000e+05 -1.000000000000000000e+00 -1.000000000000000000e+00
3.680000000000000000e+02 2.116096927289464986e+02 1.024163814928109240e+01 -2.155678927249675136e-01 2.174731927511986740e+00 0.000000000000000000e+00 8.800634218361030880e-02 -1.000000000000000000e+00 1.000000000000000000e+00 1.000000000000000000e+00 2.200000000000000000e+01 3.000000000000000000e+05 -1.000000000000000000e+00 -1.000000000000000000e+00
3.720000000000000000e+02 8.303563312021324236e+02 3.259157007315319987e+01 -1.120982194612622634e-01 2.554671953028867737e+00 0.000000000000000000e+00 9.000000000000001055e-02 -1.000000000000000000e+00 1.000000000000000000e+00 1.000000000000000000e+00 2.200000000000000000e+01 4.000000000000000000e+05 -1.000000000000000000e+00 -1.000000000000000000e+00
3.690000000000000000e+02 2.646497548318035479e+04 3.664254277199568577e+01 6.679100711403747059e-01 0.000000000000000000e+00 0.000000000000000000e+00 7.816878092596829530e-02 -1.000000000000000000e+00 1.000000000000000000e+00 2.000000000000000000e+00 2.200000000000000000e+01 4.700000000000000000e+05 -1.000000000000000000e+00 -1.000000000000000000e+00
3.770000000000000000e+02 8.877429862203183575e+02 3.377770498624236950e+01 -1.108813493576028542e-01 2.718338417348266312e+00 0.000000000000000000e+00 1.000000000000000056e-01 -1.000000000000000000e+00 1.000000000000000000e+00 1.000000000000000000e+00 2.200000000000000000e+01 5.000000000000000000e+05 -1.000000000000000000e+00 -1.000000000000000000e+00
3.730000000000000000e+02 1.919660944335814929e+04 2.756171335362561692e+01 6.635482987054773796e-01 0.000000000000000000e+00 0.000000000000000000e+00 1.000000000000000021e-02 -1.000000000000000000e+00 1.000000000000000000e+00 2.000000000000000000e+00 2.200000000000000000e+01 5.100000000000000000e+05 -1.000000000000000000e+00 -1.000000000000000000e+00
