# id_num orb_a mass spin spin_angle orb_inc orb_ecc orb_arg_periapse orb_ang_mom gen galaxy time_passed star_X star_Y star_Z radius
2.370000000000000000e+02 3.716631488189266719e+01 1.290739184440790268e+03 9.249999999999999334e-01 4.229307811839396192e-01 0.000000000000000000e+00 5.992039930095743872e-01 1.570796326794896558e+00 1.039639698648657280e+18 1.000000000000000000e+00 0.000000000000000000e+00 0.000000000000000000e+00 7.273999999999999355e-01 2.637999999999999790e-01 8.800000000000000530e-03 3.049269609253815929e+02
2.400000000000000000e+02 5.529990514312838457e+01 1.916529938245959784e+03 9.249999999999999334e-01 1.222365595766792268e+00 0.000000000000000000e+00 4.218103246690179525e-02 1.570796326794896558e+00 1.576457355668855296e+18 1.000000000000000000e+00 0.000000000000000000e+00 0.000000000000000000e+00 7.273999999999999355e-01 2.637999999999999790e-01 8.800000000000000530e-03 4.183478254505930067e+02
2.420000000000000000e+02 3.630948199469318638e+01 1.880020698671185983e+03 9.249999999999999334e-01 1.938011410724698624e+00 0.000000000000000000e+00 5.699576892470115119e-01 0.000000000000000000e+00 1.568867924611992832e+18 1.000000000000000000e+00 0.000000000000000000e+00 0.000000000000000000e+00 7.273999999999999355e-01 2.637999999999999790e-01 8.800000000000000530e-03 4.119600804550946691e+02
2.430000000000000000e+02 4.644587553864803198e+01 1.945607127196217789e+03 9.249999999999999334e-01 1.953633081970227225e+00 0.000000000000000000e+00 4.248078095624421846e-01 0.000000000000000000e+00 1.635225565030348800e+18 1.000000000000000000e+00 0.000000000000000000e+00 0.000000000000000000e+00 7.273999999999999355e-01 2.637999999999999790e-01 8.800000000000000530e-03 4.234178362285003914e+02
2.460000000000000000e+02 4.820200626090711893e+01 1.819881099774911036e+03 9.249999999999999334e-01 7.485771301690010704e-01 0.000000000000000000e+00 4.700787529117205765e-01 0.000000000000000000e+00 1.562962988137577216e+18 1.000000000000000000e+00 0.000000000000000000e+00 0.000000000000000000e+00 7.273999999999999355e-01 2.637999999999999790e-01 8.800000000000000530e-03 4.013834314137603769e+02
2.470000000000000000e+02 4.458580102246751409e+01 2.350971254438631149e+03 9.249999999999999334e-01 1.605279968233782384e+00 0.000000000000000000e+00 4.898837422834718125e-01 1.570796326794896558e+00 2.034371976648769280e+18 1.000000000000000000e+00 0.000000000000000000e+00 0.000000000000000000e+00 7.273999999999999355e-01 2.637999999999999790e-01 8.800000000000000530e-03 4.926323015923194930e+02
2.490000000000000000e+02 4.537483519031900414e+01 2.083284953174324073e+03 9.249999999999999334e-01 1.944700539288355401e+00 0.000000000000000000e+00 6.081364148413803683e-01 1.570796326794896558e+00 1.829432828204553728e+18 1.000000000000000000e+00 0.000000000000000000e+00 0.000000000000000000e+00 7.273999999999999355e-01 2.637999999999999790e-01 8.800000000000000530e-03 4.472228360515360350e+02
2.520000000000000000e+02 7.791748546756726057e+01 2.415138353410367927e+03 9.249999999999999334e-01 1.510689151188067125e+00 0.000000000000000000e+00 5.789293628280867826e-02 1.570796326794896558e+00 2.167965732091470336e+18 1.000000000000000000e+00 0.000000000000000000e+00 0.000000000000000000e+00 7.273999999999999355e-01 2.637999999999999790e-01 8.800000000000000530e-03 5.033599310618982372e+02
2.540000000000000000e+02 7.466952501461521763e+01 2.670710291168715230e+03 9.249999999999999334e-01 1.187191178248604206e+00 0.000000000000000000e+00 1.810290470372142441e-02 0.000000000000000000e+00 2.434549616738893312e+18 1.000000000000000000e+00 0.000000000000000000e+00 0.000000000000000000e+00 7.273999999999999355e-01 2.637999999999999790e-01 8.800000000000000530e-03 5.455398168779644266e+02
2.570000000000000000e+02 5.378349788827356548e+01 2.841915871594065720e+03 9.249999999999999334e-01 1.071988931247527477e+00 0.000000000000000000e+00 3.724194498637234396e-01 0.000000000000000000e+00 2.649626547580820992e+18 1.000000000000000000e+00 0.000000000000000000e+00 0.000000000000000000e+00 7.273999999999999355e-01 2.637999999999999790e-01 8.800000000000000530e-03 5.733423255468273965e+02
2.630000000000000000e+02 7.715853755463319885e+01 3.693097702731106438e+03 9.249999999999999334e-01 1.592450231359876733e+00 0.000000000000000000e+00 4.703193347493595661e-02 0.000000000000000000e+00 3.609597787621016576e+18 1.000000000000000000e+00 0.000000000000000000e+00 0.000000000000000000e+00 7.273999999999999355e-01 2.637999999999999790e-01 8.800000000000000530e-03 7.070297163026399403e+02
2.650000000000000000e+02 8.867005170341776932e+01 4.029003103458027908e+03 9.249999999999999334e-01 1.928950427631675346e+00 0.000000000000000000e+00 1.389223867990841549e-02 0.000000000000000000e+00 3.999632202685339648e+18 1.000000000000000000e+00 0.000000000000000000e+00 0.000000000000000000e+00 7.273999999999999355e-01 2.637999999999999790e-01 8.800000000000000530e-03 7.580242705892713957e+02
2.660000000000000000e+02 6.016082655102199084e+01 4.173145576969308422e+03 9.249999999999999334e-01 6.075496334967671608e-01 0.000000000000000000e+00 2.030198982048088130e-01 0.000000000000000000e+00 4.177385425115032576e+18 1.000000000000000000e+00 0.000000000000000000e+00 0.000000000000000000e+00 7.273999999999999355e-01 2.637999999999999790e-01 8.800000000000000530e-03 7.796431323374047224e+02
2.700000000000000000e+02 7.956751860296805035e+01 5.083681917809730294e+03 9.249999999999999334e-01 1.864538360544434559e+00 0.000000000000000000e+00 3.330169488019797674e-02 1.570796326794896558e+00 5.256724117858999296e+18 1.000000000000000000e+00 0.000000000000000000e+00 0.000000000000000000e+00 7.273999999999999355e-01 2.637999999999999790e-01 8.800000000000000530e-03 9.129935829239065015e+02
2.710000000000000000e+02 9.131611391264127064e+01 4.711644019039398700e+03 9.249999999999999334e-01 1.334126531719713071e+00 0.000000000000000000e+00 1.853877940416981396e-02 1.570796326794896558e+00 4.912060508178209792e+18 1.000000000000000000e+00 0.000000000000000000e+00 0.000000000000000000e+00 7.273999999999999355e-01 2.637999999999999790e-01 8.800000000000000530e-03 8.591381536022360024e+02
2.730000000000000000e+02 1.168802007343289944e+02 5.482763865853165044e+03 9.249999999999999334e-01 7.292303877580490479e-01 0.000000000000000000e+00 1.661442206874047881e-02 1.570796326794896558e+00 5.811751977297036288e+18 1.000000000000000000e+00 0.000000000000000000e+00 0.000000000000000000e+00 7.273999999999999355e-01 2.637999999999999790e-01 8.800000000000000530e-03 9.698948720600101296e+02
2.740000000000000000e+02 1.018315537454996331e+02 5.293166017993729838e+03 9.269999999999999352e-01 1.359841346779991245e+00 0.000000000000000000e+00 4.301219644748816712e-02 1.570796326794896558e+00 5.658587233117402112e+18 1.000000000000000000e+00 0.000000000000000000e+00 0.000000000000000000e+00 7.273999999999999355e-01 2.637999999999999790e-01 8.800000000000000530e-03 9.429690577734253338e+02
2.770000000000000000e+02 1.322720462300498525e+02 6.772334302112764817e+03 9.249999999999999334e-01 6.420362197093052448e-01 0.000000000000000000e+00 1.000000000000000056e-01 1.570796326794896558e+00 7.426422156521505792e+18 1.000000000000000000e+00 0.000000000000000000e+00 0.000000000000000000e+00 7.273999999999999355e-01 2.637999999999999790e-01 8.800000000000000530e-03 1.148459646753496372e+03
2.780000000000000000e+02 1.033079248506982424e+02 6.974610725079347503e+03 9.249999999999999334e-01 1.271722108717975086e+00 0.000000000000000000e+00 1.365314829880810363e-02 1.570796326794896558e+00 7.711589663239760896e+18 1.000000000000000000e+00 0.000000000000000000e+00 0.000000000000000000e+00 7.273999999999999355e-01 2.637999999999999790e-01 8.800000000000000530e-03 1.175820447478512506e+03
2.800000000000000000e+02 1.382236560918272232e+02 7.591177011794186001e+03 9.249999999999999334e-01 1.162170468423034952e+00 0.000000000000000000e+00 6.513617500204567368e-02 1.570796326794896558e+00 8.539948947840809984e+18 1.000000000000000000e+00 0.000000000000000000e+00 0.000000000000000000e+00 7.273999999999999355e-01 2.637999999999999790e-01 8.800000000000000530e-03 1.258265602712852797e+03
2.810000000000000000e+02 1.354484950264826750e+02 7.601724027834365188e+03 9.249999999999999334e-01 7.673922012847147478e-01 0.000000000000000000e+00 1.202484192278961868e-02 0.000000000000000000e+00 8.627210226203899904e+18 1.000000000000000000e+00 0.000000000000000000e+00 0.000000000000000000e+00 7.273999999999999355e-01 2.637999999999999790e-01 8.800000000000000530e-03 1.259663973970578581e+03
2.820000000000000000e+02 1.216114731812341461e+02 7.353692942744435641e+03 9.249999999999999334e-01 8.091709308094199304e-01 0.000000000000000000e+00 3.325396135416841537e-02 0.000000000000000000e+00 8.418276968695403520e+18 1.000000000000000000e+00 0.000000000000000000e+00 0.000000000000000000e+00 7.273999999999999355e-01 2.637999999999999790e-01 8.800000000000000530e-03 1.226674742180156272e+03
2.850000000000000000e+02 1.226686333372659732e+02 9.276906123612197916e+03 9.249999999999999334e-01 1.891124583044655250e+00 0.000000000000000000e+00 2.956514628986850468e-02 0.000000000000000000e+00 1.090573862782244454e+19 1.000000000000000000e+00 0.000000000000000000e+00 0.000000000000000000e+00 7.273999999999999355e-01 2.637999999999999790e-01 8.800000000000000530e-03 1.477228096159390134e+03
2.860000000000000000e+02 1.559379339225380932e+02 9.194479040809444996e+03 9.249999999999999334e-01 1.125446774161146246e+00 0.000000000000000000e+00 6.897847322770797596e-02 1.570796326794896558e+00 1.090843917291462861e+19 1.000000000000000000e+00 0.000000000000000000e+00 0.000000000000000000e+00 7.273999999999999355e-01 2.637999999999999790e-01 8.800000000000000530e-03 1.466718370035945782e+03
2.880000000000000000e+02 1.608815398283531977e+02 1.027768306811313778e+04 9.249999999999999334e-01 8.189285061760597229e-01 0.000000000000000000e+00 1.000000000000000056e-01 1.570796326794896558e+00 1.241211067546270720e+19 1.000000000000000000e+00 0.000000000000000000e+00 0.000000000000000000e+00 7.273999999999999355e-01 2.637999999999999790e-01 8.800000000000000530e-03 1.603397516805291389e+03
2.910000000000000000e+02 1.450858425838192716e+02 1.146775823245250649e+04 9.249999999999999334e-01 1.492631133026830481e+00 0.000000000000000000e+00 1.000000000000000056e-01 1.570796326794896558e+00 1.423592623787694899e+19 1.000000000000000000e+00 0.000000000000000000e+00 0.000000000000000000e+00 7.273999999999999355e-01 2.637999999999999790e-01 8.800000000000000530e-03 1.750281298294655471e+03
2.930000000000000000e+02 1.445933607536334478e+02 1.265354148724186598e+04 9.249999999999999334e-01 8.087968591898303528e-01 0.000000000000000000e+00 3.567515722871979905e-02 0.000000000000000000e+00 1.600623750213331968e+19 1.000000000000000000e+00 0.000000000000000000e+00 0.000000000000000000e+00 7.273999999999999355e-01 2.637999999999999790e-01 8.800000000000000530e-03 1.893628164389365338e+03
2.960000000000000000e+02 1.425207621308945249e+02 1.386164418630529508e+04 9.249999999999999334e-01 7.181046540242101983e-01 0.000000000000000000e+00 4.365084143168681402e-02 1.570796326794896558e+00 1.803534622271817523e+19 1.000000000000000000e+00 0.000000000000000000e+00 0.000000000000000000e+00 7.273999999999999355e-01 2.637999999999999790e-01 8.800000000000000530e-03 2.036933388883552198e+03
3.000000000000000000e+02 1.949412982912386951e+02 1.768428066336488337e+04 9.249999999999999334e-01 1.336843211878302684e+00 0.000000000000000000e+00 1.520016162211255614e-02 1.570796326794896558e+00 2.391709783399957709e+19 1.000000000000000000e+00 0.000000000000000000e+00 0.000000000000000000e+00 7.273999999999999355e-01 2.637999999999999790e-01 8.800000000000000530e-03 2.475112530117471124e+03
3.060000000000000000e+02 1.589484811978121286e+02 2.340680955270550839e+04 9.249999999999999334e-01 1.903062359985961294e+00 0.000000000000000000e+00 4.102551386266182348e-02 0.000000000000000000e+00 3.360164806080540262e+19 1.000000000000000000e+00 0.000000000000000000e+00 0.000000000000000000e+00 7.273999999999999355e-01 2.637999999999999790e-01 8.800000000000000530e-03 3.097410789960112197e+03
3.090000000000000000e+02 3.070374017614536228e+02 2.550836408991372446e+04 9.249999999999999334e-01 1.164478764962805668e+00 0.000000000000000000e+00 9.000000000000001055e-02 0.000000000000000000e+00 3.776223540682264576e+19 1.000000000000000000e+00 0.000000000000000000e+00 0.000000000000000000e+00 7.273999999999999355e-01 2.637999999999999790e-01 8.800000000000000530e-03 3.317959766051628321e+03
3.100000000000000000e+02 2.110186075616948074e+02 2.734378588864446283e+04 9.249999999999999334e-01 1.002659959777732590e+00 0.000000000000000000e+00 1.000000000000000056e-01 1.570796326794896558e+00 4.090394606521828147e+19 1.000000000000000000e+00 0.000000000000000000e+00 0.000000000000000000e+00 7.273999999999999355e-01 2.637999999999999790e-01 8.800000000000000530e-03 3.507615216441422945e+03
3.120000000000000000e+02 2.273799314944149899e+02 3.113239271257816654e+04 9.249999999999999334e-01 7.347069190972664865e-01 0.000000000000000000e+00 9.000000000000001055e-02 0.000000000000000000e+00 4.755901540633912934e+19 1.000000000000000000e+00 0.000000000000000000e+00 0.000000000000000000e+00 7.273999999999999355e-01 2.637999999999999790e-01 8.800000000000000530e-03 3.891302828714348834e+03
3.140000000000000000e+02 1.579821995041413913e+02 3.326059396465179452e+04 9.249999999999999334e-01 1.754460635863213103e+00 0.000000000000000000e+00 2.479593613072548358e-02 1.570796326794896558e+00 5.189410653665248870e+19 1.000000000000000000e+00 0.000000000000000000e+00 0.000000000000000000e+00 7.273999999999999355e-01 2.637999999999999790e-01 8.800000000000000530e-03 4.102693091528370132e+03
3.150000000000000000e+02 2.144149239982267261e+02 3.409573579881104524e+04 9.249999999999999334e-01 7.892918770528555283e-01 0.000000000000000000e+00 1.000000000000000056e-01 0.000000000000000000e+00 5.377719894746321715e+19 1.000000000000000000e+00 0.000000000000000000e+00 0.000000000000000000e+00 7.273999999999999355e-01 2.637999999999999790e-01 8.800000000000000530e-03 4.184899986088157675e+03
3.160000000000000000e+02 3.119265474787317203e+02 3.669977203175870090e+04 9.249999999999999334e-01 0.000000000000000000e+00 0.000000000000000000e+00 9.000000000000001055e-02 1.570796326794896558e+00 5.851630298853991219e+19 1.000000000000000000e+00 0.000000000000000000e+00 0.000000000000000000e+00 7.273999999999999355e-01 2.637999999999999790e-01 8.800000000000000530e-03 4.438699281474135205e+03
3.180000000000000000e+02 2.893952932841482948e+02 4.197853183185738453e+04 9.249999999999999334e-01 1.454844044342481046e+00 0.000000000000000000e+00 9.000000000000001055e-02 1.570796326794896558e+00 6.842041748353284506e+19 1.000000000000000000e+00 0.000000000000000000e+00 0.000000000000000000e+00 7.273999999999999355e-01 2.637999999999999790e-01 8.800000000000000530e-03 4.942501684083691543e+03
3.210000000000000000e+02 2.770761191197228186e+02 4.690145229603703774e+04 9.249999999999999334e-01 8.962756797488574678e-01 0.000000000000000000e+00 9.000000000000001055e-02 1.570796326794896558e+00 7.903512416496117350e+19 1.000000000000000000e+00 0.000000000000000000e+00 0.000000000000000000e+00 7.273999999999999355e-01 2.637999999999999790e-01 8.800000000000000530e-03 5.400998569876725924e+03
3.220000000000000000e+02 1.568103528173218137e+02 5.083002846326019062e+04 9.249999999999999334e-01 1.875226778779089498e+00 0.000000000000000000e+00 1.198449684218702571e-02 0.000000000000000000e+00 8.661850348227731456e+19 1.000000000000000000e+00 0.000000000000000000e+00 0.000000000000000000e+00 7.273999999999999355e-01 2.637999999999999790e-01 8.800000000000000530e-03 5.759984463218519522e+03
3.240000000000000000e+02 1.965130533467076361e+02 5.555115545282902895e+04 9.249999999999999334e-01 1.748591248832345180e+00 0.000000000000000000e+00 1.000000000000000056e-01 0.000000000000000000e+00 9.686721329784253645e+19 1.000000000000000000e+00 0.000000000000000000e+00 0.000000000000000000e+00 7.273999999999999355e-01 2.637999999999999790e-01 8.800000000000000530e-03 6.184142764226859072e+03
3.250000000000000000e+02 2.076633947132799847e+02 5.928613444162635278e+04 9.249999999999999334e-01 1.452871361558015106e+00 0.000000000000000000e+00 9.000000000000001055e-02 0.000000000000000000e+00 1.045809157629216522e+20 1.000000000000000000e+00 0.000000000000000000e+00 0.000000000000000000e+00 7.273999999999999355e-01 2.637999999999999790e-01 8.800000000000000530e-03 6.514596734767786074e+03
3.260000000000000000e+02 2.276636387441503757e+02 6.299769209026093449e+04 9.249999999999999334e-01 6.509419072592328437e-01 0.000000000000000000e+00 1.000000000000000056e-01 0.000000000000000000e+00 1.124240774024093696e+20 1.000000000000000000e+00 0.000000000000000000e+00 0.000000000000000000e+00 7.273999999999999355e-01 2.637999999999999790e-01 8.800000000000000530e-03 6.838876187000928439e+03
3.290000000000000000e+02 1.847564011929298715e+02 7.035757757944262994e+04 9.249999999999999334e-01 9.864376304189313993e-01 0.000000000000000000e+00 1.000000000000000056e-01 0.000000000000000000e+00 1.300725737513868165e+20 1.000000000000000000e+00 0.000000000000000000e+00 0.000000000000000000e+00 7.273999999999999355e-01 2.637999999999999790e-01 8.800000000000000530e-03 7.470913915714621908e+03
3.310000000000000000e+02 1.761513019031998226e+02 8.298367490252207790e+04 9.249999999999999334e-01 1.495591984555179055e+00 0.000000000000000000e+00 2.287679245496101327e-02 0.000000000000000000e+00 1.571441577504287293e+20 1.000000000000000000e+00 0.000000000000000000e+00 0.000000000000000000e+00 7.273999999999999355e-01 2.637999999999999790e-01 8.800000000000000530e-03 8.525486292295776366e+03
3.320000000000000000e+02 7.700000000000001137e+02 8.824576170809006726e+04 9.249999999999999334e-01 1.346371978886162335e+00 0.000000000000000000e+00 1.000000000000000056e-01 0.000000000000000000e+00 1.691764291512956027e+20 1.000000000000000000e+00 0.000000000000000000e+00 0.000000000000000000e+00 7.273999999999999355e-01 2.637999999999999790e-01 8.800000000000000530e-03 8.955299492826443384e+03
3.340000000000000000e+02 7.700000000000001137e+02 9.749425417483672209e+04 9.249999999999999334e-01 1.559103513729192203e+00 0.000000000000000000e+00 1.000000000000000056e-01 0.000000000000000000e+00 1.915735201728998605e+20 1.000000000000000000e+00 0.000000000000000000e+00 0.000000000000000000e+00 7.273999999999999355e-01 2.637999999999999790e-01 8.800000000000000530e-03 9.698582104057148172e+03
3.370000000000000000e+02 7.700000000000001137e+02 1.143355035703047470e+05 9.249999999999999334e-01 1.471175637979290185e+00 0.000000000000000000e+00 1.000000000000000056e-01 1.570796326794896558e+00 2.332955300774427361e+20 1.000000000000000000e+00 0.000000000000000000e+00 0.000000000000000000e+00 7.273999999999999355e-01 2.637999999999999790e-01 8.800000000000000530e-03 1.101716659847586743e+04
3.400000000000000000e+02 7.700000000000001137e+02 1.376953682374780183e+05 9.249999999999999334e-01 1.433200677289171665e+00 0.000000000000000000e+00 1.000000000000000056e-01 0.000000000000000000e+00 2.920370266375971799e+20 1.000000000000000000e+00 0.000000000000000000e+00 0.000000000000000000e+00 7.273999999999999355e-01 2.637999999999999790e-01 8.800000000000000530e-03 1.278381552845473743e+04
3.420000000000000000e+02 7.700000000000001137e+02 1.549347159345185210e+05 9.249999999999999334e-01 8.336706469204839820e-01 0.000000000000000000e+00 1.000000000000000056e-01 1.570796326794896558e+00 3.373471029596768829e+20 1.000000000000000000e+00 0.000000000000000000e+00 0.000000000000000000e+00 7.273999999999999355e-01 2.637999999999999790e-01 8.800000000000000530e-03 1.404895501341186718e+04
3.450000000000000000e+02 7.700000000000001137e+02 1.899729717656208086e+05 9.249999999999999334e-01 5.557090023479137608e-01 0.000000000000000000e+00 1.000000000000000056e-01 0.000000000000000000e+00 4.305989428477622354e+20 1.000000000000000000e+00 0.000000000000000000e+00 0.000000000000000000e+00 7.273999999999999355e-01 2.637999999999999790e-01 8.800000000000000530e-03 1.653782845956904930e+04
3.460000000000000000e+02 7.700000000000001137e+02 2.012283500283283647e+05 9.249999999999999334e-01 6.906385065532358869e-01 0.000000000000000000e+00 1.000000000000000056e-01 0.000000000000000000e+00 4.624155151021922714e+20 1.000000000000000000e+00 0.000000000000000000e+00 0.000000000000000000e+00 7.273999999999999355e-01 2.637999999999999790e-01 8.800000000000000530e-03 1.731714776042326048e+04
3.480000000000000000e+02 7.700000000000001137e+02 2.319473795121164876e+05 9.249999999999999334e-01 8.266240245053118052e-01 0.000000000000000000e+00 1.000000000000000056e-01 1.570796326794896558e+00 5.479650448239217869e+20 1.000000000000000000e+00 0.000000000000000000e+00 0.000000000000000000e+00 7.273999999999999355e-01 2.637999999999999790e-01 8.800000000000000530e-03 1.940155797816789345e+04
3.500000000000000000e+02 7.700000000000001137e+02 2.601691711395758321e+05 9.249999999999999334e-01 1.510302046843784218e+00 0.000000000000000000e+00 1.000000000000000056e-01 1.570796326794896558e+00 6.321464966512751411e+20 1.000000000000000000e+00 0.000000000000000000e+00 0.000000000000000000e+00 7.273999999999999355e-01 2.637999999999999790e-01 8.800000000000000530e-03 2.126814910383899405e+04
3.520000000000000000e+02 7.700000000000001137e+02 3.004969185681216186e+05 9.249999999999999334e-01 7.781569163963523161e-01 0.000000000000000000e+00 1.000000000000000056e-01 1.570796326794896558e+00 7.513398195309570949e+20 1.000000000000000000e+00 0.000000000000000000e+00 0.000000000000000000e+00 7.273999999999999355e-01 2.637999999999999790e-01 8.800000000000000530e-03 2.386695685282552586e+04
3.540000000000000000e+02 7.700000000000001137e+02 3.474652602530897711e+05 9.249999999999999334e-01 8.791482661727716419e-01 0.000000000000000000e+00 1.000000000000000056e-01 1.570796326794896558e+00 8.944907184093965844e+20 1.000000000000000000e+00 0.000000000000000000e+00 0.000000000000000000e+00 7.273999999999999355e-01 2.637999999999999790e-01 8.800000000000000530e-03 2.680736587441422671e+04
3.550000000000000000e+02 7.700000000000001137e+02 3.674867204912127345e+05 9.249999999999999334e-01 1.779932099770080933e+00 0.000000000000000000e+00 1.000000000000000056e-01 1.570796326794896558e+00 9.600778805043348111e+20 1.000000000000000000e+00 0.000000000000000000e+00 0.000000000000000000e+00 7.273999999999999355e-01 2.637999999999999790e-01 8.800000000000000530e-03 2.803614837226737291e+04
3.610000000000000000e+02 7.700000000000001137e+02 5.646261176114134723e+05 9.249999999999999334e-01 1.739795547101976814e+00 0.000000000000000000e+00 1.000000000000000056e-01 0.000000000000000000e+00 1.616526819545141477e+21 1.000000000000000000e+00 0.000000000000000000e+00 0.000000000000000000e+00 7.273999999999999355e-01 2.637999999999999790e-01 8.800000000000000530e-03 3.953063586820503406e+04
