# id_num orb_a mass spin spin_angle orb_inc orb_ecc orb_arg_periapse orb_ang_mom gen galaxy time_passed gw_freq gw_strain
1.000000000000000000e+00 3.921527757979146554e+04 2.155515899376266375e+01 -7.850035204448044257e-02 1.625098780811463861e+00 3.119486190611050258e+00 2.277804409656963291e-01 1.570796326794896558e+00 1.000000000000000000e+00 1.000000000000000000e+00 0.000000000000000000e+00 0.000000000000000000e+00 -1.000000000000000000e+00 -1.000000000000000000e+00
2.000000000000000000e+00 4.267341385806034668e+04 1.467776653496846784e+01 -1.852773651938130137e-02 2.906788185748033992e+00 3.141321034023786485e+00 1.096608983834678613e-01 0.000000000000000000e+00 1.000000000000000000e+00 1.000000000000000000e+00 0.000000000000000000e+00 0.000000000000000000e+00 -1.000000000000000000e+00 -1.000000000000000000e+00
3.000000000000000000e+00 1.025866581137150024e+04 1.296478966735482885e+01 2.440271100117446038e-02 1.215322618815436462e+00 1.830894812514671441e-02 9.000000000000001055e-02 0.000000000000000000e+00 1.000000000000000000e+00 1.000000000000000000e+00 0.000000000000000000e+00 0.000000000000000000e+00 -1.000000000000000000e+00 -1.000000000000000000e+00
4.000000000000000000e+00 4.839538549123080884e+03 1.590009507371732767e+01 -7.883771888554902407e-02 1.951262579689758914e+00 1.978418663052268489e-02 5.664093785676260068e-02 0.000000000000000000e+00 1.000000000000000000e+00 1.000000000000000000e+00 0.000000000000000000e+00 0.000000000000000000e+00 -1.000000000000000000e+00 -1.000000000000000000e+00
5.000000000000000000e+00 1.217167689211989455e+04 1.956812147773771215e+01 5.052755609411068403e-03 8.592209531794364752e-01 1.776782799413231806e-02 5.230642642783812912e-02 1.570796326794896558e+00 1.000000000000000000e+00 1.000000000000000000e+00 0.000000000000000000e+00 0.000000000000000000e+00 -1.000000000000000000e+00 -1.000000000000000000e+00
6.000000000000000000e+00 4.833778173604950280e+04 1.555957112773907802e+01 1.005915080914598775e-01 1.370163668819933234e+00 9.264382618637321751e-03 8.237550848392387326e-02 1.570796326794896558e+00 1.000000000000000000e+00 1.000000000000000000e+00 0.000000000000000000e+00 0.000000000000000000e+00 -1.000000000000000000e+00 -1.000000000000000000e+00
7.000000000000000000e+00 5.000000000000000000e+04 2.046107714638207753e+01 8.749282580065642634e-02 4.334972263743332999e-01 2.815487432032004814e-02 5.380426174671695816e-02 0.000000000000000000e+00 1.000000000000000000e+00 1.000000000000000000e+00 0.000000000000000000e+00 0.000000000000000000e+00 -1.000000000000000000e+00 -1.000000000000000000e+00
8.000000000000000000e+00 4.398801294890236750e+04 2.982866004272933935e+01 -8.653963565978836647e-02 1.983050045605953882e+00 3.252460706432377946e-02 2.677723277450264061e-01 1.570796326794896558e+00 1.000000000000000000e+00 1.000000000000000000e+00 0.000000000000000000e+00 0.000000000000000000e+00 -1.000000000000000000e+00 -1.000000000000000000e+00
1.000000000000000000e+01 4.946592726502934238e+04 3.744912521776414138e+01 -5.089792192314086111e-02 2.812336726597260306e+00 5.189573024380145227e-02 1.556612566079516313e-01 1.570796326794896558e+00 1.000000000000000000e+00 1.000000000000000000e+00 0.000000000000000000e+00 0.000000000000000000e+00 -1.000000000000000000e+00 -1.000000000000000000e+00
1.300000000000000000e+01 2.467575116562808034e+04 2.882003814074155201e+01 2.112274021672820579e-03 1.232843882514880196e+00 3.104781754768487279e+00 2.940572061647546420e-02 1.570796326794896558e+00 1.000000000000000000e+00 1.000000000000000000e+00 0.000000000000000000e+00 0.000000000000000000e+00 -1.000000000000000000e+00 -1.000000000000000000e+00
1.400000000000000000e+01 8.692647784473276261e+03 2.282625945275345103e+01 2.657304774902188860e-02 1.461858027539654437e+00 -1.346950346466188088e-02 8.389576187412635389e-02 1.570796326794896558e+00 1.000000000000000000e+00 1.000000000000000000e+00 0.000000000000000000e+00 0.000000000000000000e+00 -1.000000000000000000e+00 -1.000000000000000000e+00
1.900000000000000000e+01 3.836632217084016884e+04 3.710775316855893635e+01 1.089115842201419798e-01 1.091256368410903344e+00 -1.054931187654006147e-02 7.036930046301174968e-02 0.000000000000000000e+00 1.000000000000000000e+00 1.000000000000000000e+00 0.000000000000000000e+00 0.000000000000000000e+00 -1.000000000000000000e+00 -1.000000000000000000e+00
2.000000000000000000e+01 4.546467613118772715e+04 1.362437266000145719e+01 5.185558675627784109e-02 9.742346442199135703e-01 3.160059661159585698e+00 1.334147298846030949e-01 0.000000000000000000e+00 1.000000000000000000e+00 1.000000000000000000e+00 0.000000000000000000e+00 0.000000000000000000e+00 -1.000000000000000000e+00 -1.000000000000000000e+00
2.100000000000000000e+01 5.381525371257570441e+03 1.153977935571453983e+01 1.383014455184668201e-02 7.695920558840654291e-01 -1.652731870539305911e-02 1.275135830679994531e-01 1.570796326794896558e+00 1.000000000000000000e+00 1.000000000000000000e+00 0.000000000000000000e+00 0.000000000000000000e+00 -1.000000000000000000e+00 -1.000000000000000000e+00
2.200000000000000000e+01 4.246154383784712263e+04 1.116907779047160965e+01 9.142768797142552389e-03 1.372472611515861640e+00 -2.099032002520787032e-02 2.396992632535916712e-01 0.000000000000000000e+00 1.000000000000000000e+00 1.000000000000000000e+00 0.000000000000000000e+00 0.000000000000000000e+00 -1.000000000000000000e+00 -1.000000000000000000e+00
2.400000000000000000e+01 1.045536301654354065e+04 1.629521828077482937e+01 -1.427822843146873966e-01 2.102998325709926508e+00 2.144425019068085109e-02 4.996150680577848835e-02 0.000000000000000000e+00 1.000000000000000000e+00 1.000000000000000000e+00 0.000000000000000000e+00 0.000000000000000000e+00 -1.000000000000000000e+00 -1.000000000000000000e+00
2.600000000000000000e+01 5.000000000000000000e+04 1.083794656454534788e+01 -1.007374678544223495e-01 1.983888767978863710e+00 3.113831282760414432e+00 9.553147365134034841e-02 1.570796326794896558e+00 1.000000000000000000e+00 1.000000000000000000e+00 0.000000000000000000e+00 0.000000000000000000e+00 -1.000000000000000000e+00 -1.000000000000000000e+00
2.800000000000000000e+01 4.493054613513802906e+04 1.380201255767704893e+01 -4.861127661088731310e-03 1.969036965607485090e+00 -9.944103141016898822e-03 1.945101349740131214e-01 0.000000000000000000e+00 1.000000000000000000e+00 1.000000000000000000e+00 0.000000000000000000e+00 0.000000000000000000e+00 -1.000000000000000000e+00 -1.000000000000000000e+00
3.200000000000000000e+01 8.020997381360813279e+02 2.339638366304572159e+01 8.514638614304141651e-02 7.742143607369031955e-01 3.147766579911693174e+00 9.000000000000001055e-02 0.000000000000000000e+00 1.000000000000000000e+00 1.000000000000000000e+00 0.000000000000000000e+00 0.000000000000000000e+00 -1.000000000000000000e+00 -1.000000000000000000e+00
3.900000000000000000e+01 1.732520634881046135e+04 1.313923201594586132e+01 -1.631016161928735553e-01 2.486343878708061172e+00 -1.536992490671767152e-02 1.530346462457291348e-02 0.000000000000000000e+00 1.000000000000000000e+00 1.000000000000000000e+00 0.000000000000000000e+00 0.000000000000000000e+00 -1.000000000000000000e+00 -1.000000000000000000e+00
4.000000000000000000e+01 7.432511543396722118e+03 2.061344171644114098e+01 1.584345675608294646e-01 4.728068017604464268e-01 1.011770891656883081e-02 9.000000000000001055e-02 0.000000000000000000e+00 1.000000000000000000e+00 1.000000000000000000e+00 0.000000000000000000e+00 0.000000000000000000e+00 -1.000000000000000000e+00 -1.000000000000000000e+00
4.100000000000000000e+01 4.414803265646123327e+04 1.004650215474702257e+01 -2.958713678977193534e-02 2.638681064112210262e+00 3.128794635727929041e+00 5.692712822116663407e-02 1.570796326794896558e+00 1.000000000000000000e+00 1.000000000000000000e+00 0.000000000000000000e+00 0.000000000000000000e+00 -1.000000000000000000e+00 -1.000000000000000000e+00
4.200000000000000000e+01 3.008687835378415184e+04 3.287691201932413065e+01 -9.912776907080051575e-03 2.608014875272583133e+00 -1.731477739749483560e-02 1.056795524376235966e-02 1.570796326794896558e+00 1.000000000000000000e+00 1.000000000000000000e+00 0.000000000000000000e+00 0.000000000000000000e+00 -1.000000000000000000e+00 -1.000000000000000000e+00
4.400000000000000000e+01 8.077781616314539860e+03 1.179289486006689813e+01 7.250935437202414048e-03 1.446368918154450789e+00 3.160516252762016087e+00 1.000000000000000056e-01 1.570796326794896558e+00 1.000000000000000000e+00 1.000000000000000000e+00 0.000000000000000000e+00 0.000000000000000000e+00 -1.000000000000000000e+00 -1.000000000000000000e+00
4.600000000000000000e+01 2.031092376656564738e+04 1.130209383908562870e+01 2.549806255239135400e-01 5.183063127502595124e-01 3.164036582262503394e+00 6.972349815440259668e-02 0.000000000000000000e+00 1.000000000000000000e+00 1.000000000000000000e+00 0.000000000000000000e+00 0.000000000000000000e+00 -1.000000000000000000e+00 -1.000000000000000000e+00
4.800000000000000000e+01 2.955633004553978390e+04 1.152969658292478883e+01 3.556053202852207246e-02 9.396972051091639910e-01 3.174055659479549263e+00 1.368951403909958453e-01 0.000000000000000000e+00 1.000000000000000000e+00 1.000000000000000000e+00 0.000000000000000000e+00 0.000000000000000000e+00 -1.000000000000000000e+00 -1.000000000000000000e+00
4.900000000000000000e+01 1.199369254247802564e+04 1.780961668938399711e+01 9.826838189573855464e-02 6.503321562807293788e-01 -1.376941945331996812e-02 5.462014509139734297e-02 1.570796326794896558e+00 1.000000000000000000e+00 1.000000000000000000e+00 0.000000000000000000e+00 0.000000000000000000e+00 -1.000000000000000000e+00 -1.000000000000000000e+00
5.200000000000000000e+01 1.258211359087135861e+04 2.412676877390783048e+01 1.586139876502598300e-01 1.329560495048996094e+00 3.134738164979634423e+00 8.259495588038838487e-02 1.570796326794896558e+00 1.000000000000000000e+00 1.000000000000000000e+00 0.000000000000000000e+00 0.000000000000000000e+00 -1.000000000000000000e+00 -1.000000000000000000e+00
5.300000000000000000e+01 2.595114841025304122e+04 1.813992312342912072e+01 1.707585101977302511e-01 1.542554407420083429e+00 -2.263344929397761301e-02 7.530424122209926352e-02 1.570796326794896558e+00 1.000000000000000000e+00 1.000000000000000000e+00 0.000000000000000000e+00 0.000000000000000000e+00 -1.000000000000000000e+00 -1.000000000000000000e+00
5.400000000000000000e+01 3.644790812032865506e+04 1.093013956336898573e+01 -4.010166237535845585e-02 1.914747058084777631e+00 -4.960362710787002451e-03 1.741752447490367561e-01 0.000000000000000000e+00 1.000000000000000000e+00 1.000000000000000000e+00 0.000000000000000000e+00 0.000000000000000000e+00 -1.000000000000000000e+00 -1.000000000000000000e+00
5.500000000000000000e+01 1.610409090012726847e+04 1.096946100096246290e+01 -2.285865243213338338e-01 2.577565567615665909e+00 2.010449115827245628e-02 1.569953266028486019e-02 0.000000000000000000e+00 1.000000000000000000e+00 1.000000000000000000e+00 0.000000000000000000e+00 0.000000000000000000e+00 -1.000000000000000000e+00 -1.000000000000000000e+00
5.700000000000000000e+01 3.175605548528753570e+04 3.339132990597460804e+01 -1.318845613153515339e-01 3.063744845535246952e+00 1.396558319974091841e-02 4.512223338444380782e-02 0.000000000000000000e+00 1.000000000000000000e+00 1.000000000000000000e+00 0.000000000000000000e+00 0.000000000000000000e+00 -1.000000000000000000e+00 -1.000000000000000000e+00
6.400000000000000000e+01 1.746662365278499055e+04 1.361350277829463984e+01 8.069240925993065305e-02 8.638584749126877460e-01 3.131811101176800172e+00 1.537385427463136001e-01 1.570796326794896558e+00 1.000000000000000000e+00 1.000000000000000000e+00 0.000000000000000000e+00 0.000000000000000000e+00 -1.000000000000000000e+00 -1.000000000000000000e+00
6.500000000000000000e+01 3.718477788774039800e+04 1.028785185575755712e+01 7.019863860003865315e-03 1.422228518674163444e+00 3.149722155557131309e+00 4.372748925107687590e-02 0.000000000000000000e+00 1.000000000000000000e+00 1.000000000000000000e+00 0.000000000000000000e+00 0.000000000000000000e+00 -1.000000000000000000e+00 -1.000000000000000000e+00
6.800000000000000000e+01 4.758847277800641677e+03 1.423358185263690778e+01 -1.067530957911375505e-01 2.752390956375557529e+00 3.136108296850543375e+00 1.817541796548716448e-01 1.570796326794896558e+00 1.000000000000000000e+00 1.000000000000000000e+00 0.000000000000000000e+00 0.000000000000000000e+00 -1.000000000000000000e+00 -1.000000000000000000e+00
6.900000000000000000e+01 3.699922712252498604e+04 1.078373280433341463e+01 1.055041938695202436e-01 8.934298700270305871e-02 3.156003205675780521e+00 1.747277228389433890e-01 1.570796326794896558e+00 1.000000000000000000e+00 1.000000000000000000e+00 0.000000000000000000e+00 0.000000000000000000e+00 -1.000000000000000000e+00 -1.000000000000000000e+00
7.200000000000000000e+01 5.000000000000000000e+04 1.452777057848606468e+01 1.663215000555668954e-01 9.101088943041762969e-01 3.144874629489921691e+00 9.405616404755788584e-02 1.570796326794896558e+00 1.000000000000000000e+00 1.000000000000000000e+00 0.000000000000000000e+00 0.000000000000000000e+00 -1.000000000000000000e+00 -1.000000000000000000e+00
8.200000000000000000e+01 3.842754484581704310e+04 2.430203442491851362e+01 6.336552612832729511e-03 4.769643775617489756e-01 1.586149429554161924e-02 2.261685722498052789e-02 0.000000000000000000e+00 1.000000000000000000e+00 1.000000000000000000e+00 0.000000000000000000e+00 0.000000000000000000e+00 -1.000000000000000000e+00 -1.000000000000000000e+00
8.300000000000000000e+01 1.916682791276679927e+04 1.028419195680291942e+01 1.189246668206409424e-01 1.557268699719226990e-01 3.110575902237415313e+00 2.874198097400009269e-02 1.570796326794896558e+00 1.000000000000000000e+00 1.000000000000000000e+00 0.000000000000000000e+00 0.000000000000000000e+00 -1.000000000000000000e+00 -1.000000000000000000e+00
8.600000000000000000e+01 1.137935377910487296e+04 1.668119779109821010e+01 -4.271161163537447875e-02 1.679570149919066946e+00 3.127675874106930820e+00 2.031055002641765292e-02 1.570796326794896558e+00 1.000000000000000000e+00 1.000000000000000000e+00 0.000000000000000000e+00 0.000000000000000000e+00 -1.000000000000000000e+00 -1.000000000000000000e+00
8.700000000000000000e+01 2.424483175721918087e+04 1.116691407096696054e+01 1.192949336473906330e-01 1.036542530303221188e+00 -1.282177506358167345e-02 8.649483493177773097e-02 1.570796326794896558e+00 1.000000000000000000e+00 1.000000000000000000e+00 0.000000000000000000e+00 0.000000000000000000e+00 -1.000000000000000000e+00 -1.000000000000000000e+00
8.900000000000000000e+01 1.475179793029565917e+04 1.244475228414722956e+01 1.460684010365516650e-01 1.412364009400400633e+00 1.016151988297730319e-02 5.287262877641879522e-02 1.570796326794896558e+00 1.000000000000000000e+00 1.000000000000000000e+00 0.000000000000000000e+00 0.000000000000000000e+00 -1.000000000000000000e+00 -1.000000000000000000e+00
9.100000000000000000e+01 4.678680321993822145e+04 2.245953156340189238e+01 -2.216699090491420499e-01 2.632325710029357779e+00 3.003914387643619177e-02 9.949575995463988409e-02 0.000000000000000000e+00 1.000000000000000000e+00 1.000000000000000000e+00 0.000000000000000000e+00 0.000000000000000000e+00 -1.000000000000000000e+00 -1.000000000000000000e+00
9.500000000000000000e+01 4.795772905791066296e+04 1.005169731577576009e+01 4.858027460603656089e-02 1.487476506355071892e+00 3.126313318245729445e+00 1.598369648306380564e-01 0.000000000000000000e+00 1.000000000000000000e+00 1.000000000000000000e+00 0.000000000000000000e+00 0.000000000000000000e+00 -1.000000000000000000e+00 -1.000000000000000000e+00
9.700000000000000000e+01 1.609632206897006427e+03 1.210923319707898393e+01 3.050485572340511098e-02 1.602528631572286977e-01 -1.732678542544204524e-03 9.000000000000001055e-02 0.000000000000000000e+00 1.000000000000000000e+00 1.000000000000000000e+00 0.000000000000000000e+00 0.000000000000000000e+00 -1.000000000000000000e+00 -1.000000000000000000e+00
9.800000000000000000e+01 1.278689046087155475e+03 1.400632939129047116e+01 -9.853878547411146216e-02 2.175894812673093703e+00 4.490093440999023446e-03 9.000000000000001055e-02 1.570796326794896558e+00 1.000000000000000000e+00 1.000000000000000000e+00 0.000000000000000000e+00 0.000000000000000000e+00 -1.000000000000000000e+00 -1.000000000000000000e+00
9.900000000000000000e+01 2.840415246801426110e+04 1.209194557075222143e+01 6.145376294347537627e-02 2.497159543209769295e-01 -6.022420287429851304e-03 4.191652104763010644e-02 0.000000000000000000e+00 1.000000000000000000e+00 1.000000000000000000e+00 0.000000000000000000e+00 0.000000000000000000e+00 -1.000000000000000000e+00 -1.000000000000000000e+00
1.000000000000000000e+02 1.713049482552566406e+04 1.351483054339571055e+01 2.009270484707704682e-02 9.640673166445264952e-01 3.150285279198466348e+00 7.879382579952450005e-02 0.000000000000000000e+00 1.000000000000000000e+00 1.000000000000000000e+00 0.000000000000000000e+00 0.000000000000000000e+00 -1.000000000000000000e+00 -1.000000000000000000e+00
1.010000000000000000e+02 3.317615631755101640e+04 2.270517900148383816e+01 -1.181685605632373098e-01 2.213261463699121911e+00 3.164826859973703943e+00 3.025093260553226443e-02 1.570796326794896558e+00 1.000000000000000000e+00 1.000000000000000000e+00 0.000000000000000000e+00 0.000000000000000000e+00 -1.000000000000000000e+00 -1.000000000000000000e+00
1.040000000000000000e+02 1.439771645365022414e+04 3.441473193336040737e+01 1.127742646459642117e-01 1.277385530493068799e+00 -6.607834302317920627e-03 4.288119472031361179e-02 0.000000000000000000e+00 1.000000000000000000e+00 1.000000000000000000e+00 0.000000000000000000e+00 0.000000000000000000e+00 -1.000000000000000000e+00 -1.000000000000000000e+00
1.080000000000000000e+02 1.159722438174836316e+04 1.211312066380540386e+01 -1.476187434522395758e-01 1.830847526488691646e+00 3.139259287397235809e+00 1.000000000000000056e-01 0.000000000000000000e+00 1.000000000000000000e+00 1.000000000000000000e+00 0.000000000000000000e+00 0.000000000000000000e+00 -1.000000000000000000e+00 -1.000000000000000000e+00
1.090000000000000000e+02 6.529038643620542643e+02 1.005107623643019288e+01 1.761379038492923987e-01 1.459109793617558770e+00 1.900340985700206542e-02 9.000000000000001055e-02 0.000000000000000000e+00 1.000000000000000000e+00 1.000000000000000000e+00 0.000000000000000000e+00 0.000000000000000000e+00 -1.000000000000000000e+00 -1.000000000000000000e+00
1.130000000000000000e+02 1.656398867555339530e+04 1.012121367897295698e+01 -6.303598918737177148e-02 3.091958370935916633e+00 -1.387823131642000087e-03 2.115064857464089010e-01 0.000000000000000000e+00 1.000000000000000000e+00 1.000000000000000000e+00 0.000000000000000000e+00 0.000000000000000000e+00 -1.000000000000000000e+00 -1.000000000000000000e+00
1.150000000000000000e+02 4.748772582924592280e+04 1.229246802439748443e+01 -7.585813414968292645e-02 2.448748589980525914e+00 -1.544528555846718179e-02 2.806439361531722909e-01 1.570796326794896558e+00 1.000000000000000000e+00 1.000000000000000000e+00 0.000000000000000000e+00 0.000000000000000000e+00 -1.000000000000000000e+00 -1.000000000000000000e+00
1.170000000000000000e+02 2.498485197125035847e+04 1.095194446430528323e+01 9.017279974302998269e-02 1.217794562590848617e+00 3.637119707161283466e-02 4.510362893249737076e-02 0.000000000000000000e+00 1.000000000000000000e+00 1.000000000000000000e+00 0.000000000000000000e+00 0.000000000000000000e+00 -1.000000000000000000e+00 -1.000000000000000000e+00
1.180000000000000000e+02 1.351500973946308841e+04 3.305956884078690905e+01 2.848821047878600382e-02 3.798657582887488560e-01 3.160353279658413950e+00 1.513255303595904544e-01 0.000000000000000000e+00 1.000000000000000000e+00 1.000000000000000000e+00 0.000000000000000000e+00 0.000000000000000000e+00 -1.000000000000000000e+00 -1.000000000000000000e+00
1.200000000000000000e+02 3.895884660555018490e+04 2.947002615252414515e+01 8.566285264007210409e-02 1.825290544557109929e-01 4.340612588885729012e-02 1.950526379580931335e-01 0.000000000000000000e+00 1.000000000000000000e+00 1.000000000000000000e+00 0.000000000000000000e+00 0.000000000000000000e+00 -1.000000000000000000e+00 -1.000000000000000000e+00
1.230000000000000000e+02 2.484672380765449634e+04 1.524798626952126845e+01 -2.672623976653205613e-01 1.643074616899052653e+00 3.137100586749024700e+00 7.668570293498461199e-02 1.570796326794896558e+00 1.000000000000000000e+00 1.000000000000000000e+00 0.000000000000000000e+00 0.000000000000000000e+00 -1.000000000000000000e+00 -1.000000000000000000e+00
1.250000000000000000e+02 1.882293501161593667e+04 3.754068417094589449e+01 -1.700755742329541353e-01 3.096708784207906628e+00 1.488280925993677381e-02 2.140545777628102483e-02 1.570796326794896558e+00 1.000000000000000000e+00 1.000000000000000000e+00 0.000000000000000000e+00 0.000000000000000000e+00 -1.000000000000000000e+00 -1.000000000000000000e+00
1.290000000000000000e+02 3.701267280495478917e+04 1.160070837088034956e+01 -1.408166473085070008e-03 1.553825704177686173e+00 3.127356920818173069e+00 5.387795837345580457e-02 0.000000000000000000e+00 1.000000000000000000e+00 1.000000000000000000e+00 0.000000000000000000e+00 0.000000000000000000e+00 -1.000000000000000000e+00 -1.000000000000000000e+00
1.330000000000000000e+02 6.908281197307792354e+03 1.268975189069516496e+01 4.813938876712597209e-02 4.934018405595968493e-01 3.135319559429782021e+00 1.000000000000000056e-01 0.000000000000000000e+00 1.000000000000000000e+00 1.000000000000000000e+00 0.000000000000000000e+00 0.000000000000000000e+00 -1.000000000000000000e+00 -1.000000000000000000e+00
1.340000000000000000e+02 8.356790762843931589e+03 2.768358061359447220e+01 -7.221534429722660520e-02 1.619319252210946081e+00 3.155954068698053838e+00 1.713017319464492927e-01 0.000000000000000000e+00 1.000000000000000000e+00 1.000000000000000000e+00 0.000000000000000000e+00 0.000000000000000000e+00 -1.000000000000000000e+00 -1.000000000000000000e+00
1.350000000000000000e+02 6.877660026904128244e+03 1.192355834772405920e+01 1.386102923685069432e-01 2.719226998601178003e-01 1.387607306605591166e-02 3.962089733093215188e-02 1.570796326794896558e+00 1.000000000000000000e+00 1.000000000000000000e+00 0.000000000000000000e+00 0.000000000000000000e+00 -1.000000000000000000e+00 -1.000000000000000000e+00
1.360000000000000000e+02 9.538640051043596031e+03 1.065238148882430913e+01 -3.204939858991869700e-02 2.213012398844859341e+00 -1.568289502898848747e-02 5.918654359544736621e-02 1.570796326794896558e+00 1.000000000000000000e+00 1.000000000000000000e+00 0.000000000000000000e+00 0.000000000000000000e+00 -1.000000000000000000e+00 -1.000000000000000000e+00
1.370000000000000000e+02 7.572080359113386294e+03 1.321124790375014513e+01 5.992196431615934293e-02 8.990579745767630637e-01 3.133662320637502052e+00 2.185601297872645232e-01 1.570796326794896558e+00 1.000000000000000000e+00 1.000000000000000000e+00 0.000000000000000000e+00 0.000000000000000000e+00 -1.000000000000000000e+00 -1.000000000000000000e+00
1.380000000000000000e+02 6.178826991644497866e+03 1.673266743330472295e+01 -7.251691760783381124e-02 2.252284104166315082e+00 -3.783327857318323061e-03 2.094491996614522566e-02 0.000000000000000000e+00 1.000000000000000000e+00 1.000000000000000000e+00 0.000000000000000000e+00 0.000000000000000000e+00 -1.000000000000000000e+00 -1.000000000000000000e+00
1.400000000000000000e+02 1.382079029605747019e+04 3.300866104949873403e+01 1.300264098522614653e-01 1.028401149614201621e-01 -2.611839688746626226e-02 8.421695318161330490e-02 1.570796326794896558e+00 1.000000000000000000e+00 1.000000000000000000e+00 0.000000000000000000e+00 0.000000000000000000e+00 -1.000000000000000000e+00 -1.000000000000000000e+00
1.410000000000000000e+02 1.738753874598227048e+04 1.417100324837766046e+01 -2.170749586741577419e-01 3.100000000000000089e+00 1.522893984264556827e-02 2.800532651477596890e-01 1.570796326794896558e+00 1.000000000000000000e+00 1.000000000000000000e+00 0.000000000000000000e+00 0.000000000000000000e+00 -1.000000000000000000e+00 -1.000000000000000000e+00
1.420000000000000000e+02 3.282903072191444517e+04 1.160607679625722533e+01 -1.854337995678872475e-01 1.875824529602023505e+00 3.135889524087421609e+00 2.834935274792592108e-01 0.000000000000000000e+00 1.000000000000000000e+00 1.000000000000000000e+00 0.000000000000000000e+00 0.000000000000000000e+00 -1.000000000000000000e+00 -1.000000000000000000e+00
1.430000000000000000e+02 1.472186087287988630e+04 1.926412275762022475e+01 1.063910023398616581e-02 7.339705919518588750e-01 3.168262362402780141e+00 1.081461229008833826e-02 1.570796326794896558e+00 1.000000000000000000e+00 1.000000000000000000e+00 0.000000000000000000e+00 0.000000000000000000e+00 -1.000000000000000000e+00 -1.000000000000000000e+00
1.450000000000000000e+02 4.090420685362195218e+04 1.071538984672812234e+01 -3.919598759611299041e-03 8.733336335435659681e-01 2.020064795156820830e-03 2.516584909859415076e-01 1.570796326794896558e+00 1.000000000000000000e+00 1.000000000000000000e+00 0.000000000000000000e+00 0.000000000000000000e+00 -1.000000000000000000e+00 -1.000000000000000000e+00
1.470000000000000000e+02 3.067396938584962118e+04 2.240942542644348023e+01 -1.069188552676115650e-01 2.019065226622226206e+00 3.139968906366149781e+00 1.950390153378031219e-02 0.000000000000000000e+00 1.000000000000000000e+00 1.000000000000000000e+00 0.000000000000000000e+00 0.000000000000000000e+00 -1.000000000000000000e+00 -1.000000000000000000e+00
1.510000000000000000e+02 2.670089728584115073e+04 1.341879662646659455e+01 2.563512436155166579e-02 7.787503453412688570e-01 3.132705068722924313e+00 8.019380261841051183e-02 1.570796326794896558e+00 1.000000000000000000e+00 1.000000000000000000e+00 0.000000000000000000e+00 0.000000000000000000e+00 -1.000000000000000000e+00 -1.000000000000000000e+00
1.530000000000000000e+02 8.965060144458954028e+02 3.820235911870473444e+01 1.219661988851269419e-01 9.101885110467381468e-01 2.766018983442768923e-03 9.000000000000001055e-02 0.000000000000000000e+00 1.000000000000000000e+00 1.000000000000000000e+00 0.000000000000000000e+00 0.000000000000000000e+00 -1.000000000000000000e+00 -1.000000000000000000e+00
1.560000000000000000e+02 5.000000000000000000e+04 1.522480055581415037e+01 -8.211644499252475360e-02 1.972351274536086496e+00 3.156770893470943751e+00 1.150350582655435411e-01 1.570796326794896558e+00 1.000000000000000000e+00 1.000000000000000000e+00 0.000000000000000000e+00 0.000000000000000000e+00 -1.000000000000000000e+00 -1.000000000000000000e+00
1.570000000000000000e+02 8.255133881387467909e+02 1.509508187034377968e+01 3.146019943291441384e-02 8.017333808948438056e-01 1.018184740057120723e-03 1.003884536086953501e-02 0.000000000000000000e+00 1.000000000000000000e+00 1.000000000000000000e+00 0.000000000000000000e+00 0.000000000000000000e+00 -1.000000000000000000e+00 -1.000000000000000000e+00
1.580000000000000000e+02 3.111746224867865749e+04 1.512422307277542544e+01 -5.295894194015560164e-02 2.664898236353367089e+00 1.399590816615025983e-02 6.655806764286420485e-02 0.000000000000000000e+00 1.000000000000000000e+00 1.000000000000000000e+00 0.000000000000000000e+00 0.000000000000000000e+00 -1.000000000000000000e+00 -1.000000000000000000e+00
1.590000000000000000e+02 2.376508724869879006e+04 2.598979611167935744e+01 -2.875263811079178944e-02 1.867889895184681404e+00 3.156159519094429822e+00 3.910870013835550385e-02 1.570796326794896558e+00 1.000000000000000000e+00 1.000000000000000000e+00 0.000000000000000000e+00 0.000000000000000000e+00 -1.000000000000000000e+00 -1.000000000000000000e+00
1.600000000000000000e+02 4.255375617886547116e+04 1.999156918012155870e+01 1.957785203549701480e-01 7.680000077381650136e-01 1.275904437602548742e-02 9.582334383315159465e-02 1.570796326794896558e+00 1.000000000000000000e+00 1.000000000000000000e+00 0.000000000000000000e+00 0.000000000000000000e+00 -1.000000000000000000e+00 -1.000000000000000000e+00
1.610000000000000000e+02 1.721950898754580521e+03 3.362018665384592708e+01 -2.235264251804440494e-01 2.657977692728528574e+00 3.145110179479316592e+00 9.000000000000001055e-02 0.000000000000000000e+00 1.000000000000000000e+00 1.000000000000000000e+00 0.000000000000000000e+00 0.000000000000000000e+00 -1.000000000000000000e+00 -1.000000000000000000e+00
1.620000000000000000e+02 3.958445706087858707e+04 1.008167604140243334e+01 -2.318342448269591557e-02 2.217227732556793285e+00 3.113626982090718087e+00 2.538428662664724555e-01 1.570796326794896558e+00 1.000000000000000000e+00 1.000000000000000000e+00 0.000000000000000000e+00 0.000000000000000000e+00 -1.000000000000000000e+00 -1.000000000000000000e+00
1.640000000000000000e+02 1.473412750006328451e+03 1.759110379067325525e+01 1.047836667322988441e-01 4.170842822339744793e-01 3.137709529580080758e+00 9.000000000000001055e-02 1.570796326794896558e+00 1.000000000000000000e+00 1.000000000000000000e+00 0.000000000000000000e+00 0.000000000000000000e+00 -1.000000000000000000e+00 -1.000000000000000000e+00
1.650000000000000000e+02 4.260993662319398572e+04 1.011372109428419286e+01 5.199267334665850365e-02 1.053776167055016533e+00 2.254623133437942684e-02 1.552782095249240213e-01 1.570796326794896558e+00 1.000000000000000000e+00 1.000000000000000000e+00 0.000000000000000000e+00 0.000000000000000000e+00 -1.000000000000000000e+00 -1.000000000000000000e+00
1.660000000000000000e+02 2.460760313517690520e+04 1.705099246031541327e+01 2.316788376758636969e-02 5.845900152071774603e-01 3.114051880808855977e+00 1.926538326084390740e-01 0.000000000000000000e+00 1.000000000000000000e+00 1.000000000000000000e+00 0.000000000000000000e+00 0.000000000000000000e+00 -1.000000000000000000e+00 -1.000000000000000000e+00
1.710000000000000000e+02 6.685636990787525974e+03 1.113231330041824840e+01 1.149730830232519319e-01 6.477279420062229676e-01 1.033360189258513730e-02 1.000000000000000056e-01 1.570796326794896558e+00 1.000000000000000000e+00 1.000000000000000000e+00 0.000000000000000000e+00 0.000000000000000000e+00 -1.000000000000000000e+00 -1.000000000000000000e+00
1.750000000000000000e+02 2.273474292122245606e+04 2.101649484524936895e+01 7.960181337139421442e-02 1.290247442281891310e-01 3.111288610478931016e+00 2.610758135013922093e-02 0.000000000000000000e+00 1.000000000000000000e+00 1.000000000000000000e+00 0.000000000000000000e+00 0.000000000000000000e+00 -1.000000000000000000e+00 -1.000000000000000000e+00
1.760000000000000000e+02 2.577864731180881427e+04 1.699815923686052344e+01 6.216883665023325775e-03 2.798688974836842647e-01 3.159438648269844663e+00 2.342851537775481746e-02 0.000000000000000000e+00 1.000000000000000000e+00 1.000000000000000000e+00 0.000000000000000000e+00 0.000000000000000000e+00 -1.000000000000000000e+00 -1.000000000000000000e+00
1.770000000000000000e+02 1.122870677392447578e+04 2.172859480553468359e+01 -9.824763128340793794e-02 1.755152348819158048e+00 -1.267148612628800353e-02 1.000000000000000056e-01 1.570796326794896558e+00 1.000000000000000000e+00 1.000000000000000000e+00 0.000000000000000000e+00 0.000000000000000000e+00 -1.000000000000000000e+00 -1.000000000000000000e+00
1.790000000000000000e+02 2.605429611096530425e+04 1.587818655984981397e+01 -1.184325792642053621e-01 1.611618711087076106e+00 3.154379490357600790e+00 2.301902673612793992e-01 0.000000000000000000e+00 1.000000000000000000e+00 1.000000000000000000e+00 0.000000000000000000e+00 0.000000000000000000e+00 -1.000000000000000000e+00 -1.000000000000000000e+00
1.800000000000000000e+02 4.525758110245279386e+04 2.016460749354497040e+01 -1.052756442990773200e-01 2.023845098772501405e+00 3.143858234410339847e+00 2.660125672232675487e-01 1.570796326794896558e+00 1.000000000000000000e+00 1.000000000000000000e+00 0.000000000000000000e+00 0.000000000000000000e+00 -1.000000000000000000e+00 -1.000000000000000000e+00
1.810000000000000000e+02 3.543709826826628705e+04 3.599558251670958242e+01 2.356319052146662804e-02 5.619322621205237178e-01 8.321509783687064399e-03 2.628317430958970746e-01 0.000000000000000000e+00 1.000000000000000000e+00 1.000000000000000000e+00 0.000000000000000000e+00 0.000000000000000000e+00 -1.000000000000000000e+00 -1.000000000000000000e+00
1.850000000000000000e+02 3.034300388797036430e+04 1.093551199097322346e+01 -8.785963336602808926e-02 2.685575959570523974e+00 3.100905256699959089e+00 1.131061292308894878e-01 1.570796326794896558e+00 1.000000000000000000e+00 1.000000000000000000e+00 0.000000000000000000e+00 0.000000000000000000e+00 -1.000000000000000000e+00 -1.000000000000000000e+00
1.880000000000000000e+02 4.096831589460885880e+04 1.044051018970190547e+01 1.213279717711285011e-01 9.536055495730156872e-01 3.181189337515145876e+00 6.668307635339189299e-02 0.000000000000000000e+00 1.000000000000000000e+00 1.000000000000000000e+00 0.000000000000000000e+00 0.000000000000000000e+00 -1.000000000000000000e+00 -1.000000000000000000e+00
1.890000000000000000e+02 1.928586620900034541e+04 1.221178401284271686e+01 -1.380238071632403085e-02 2.981132840716258947e+00 3.169259327671385851e+00 2.332159809716678744e-01 1.570796326794896558e+00 1.000000000000000000e+00 1.000000000000000000e+00 0.000000000000000000e+00 0.000000000000000000e+00 -1.000000000000000000e+00 -1.000000000000000000e+00
1.930000000000000000e+02 4.443939529014235450e+04 1.043576038703279707e+01 1.152762324053603210e-01 1.025065601794064030e+00 4.592048563591920145e-03 9.104620405950769602e-02 1.570796326794896558e+00 1.000000000000000000e+00 1.000000000000000000e+00 0.000000000000000000e+00 0.000000000000000000e+00 -1.000000000000000000e+00 -1.000000000000000000e+00
1.950000000000000000e+02 2.917036064947038540e+03 1.872251742442167455e+01 5.342889098887163707e-02 3.064463779039269253e-01 3.147319790132721007e+00 9.000000000000001055e-02 0.000000000000000000e+00 1.000000000000000000e+00 1.000000000000000000e+00 0.000000000000000000e+00 0.000000000000000000e+00 -1.000000000000000000e+00 -1.000000000000000000e+00
1.990000000000000000e+02 7.131918102983802328e+02 2.926735920599835694e+01 2.304947839925004238e-01 8.192193447165957432e-02 3.160835292085674375e+00 9.000000000000001055e-02 1.570796326794896558e+00 1.000000000000000000e+00 1.000000000000000000e+00 0.000000000000000000e+00 0.000000000000000000e+00 -1.000000000000000000e+00 -1.000000000000000000e+00
3.650000000000000000e+02 1.091169026835339224e+02 1.774574694389386664e+01 -1.412884251909959088e-01 2.262626104416975981e+00 0.000000000000000000e+00 8.946183213535925660e-02 -1.000000000000000000e+00 1.000000000000000000e+00 1.000000000000000000e+00 9.900000000000000000e+01 0.000000000000000000e+00 -1.000000000000000000e+00 -1.000000000000000000e+00
1.200000000000000000e+01 4.600628419123467756e+04 1.290424887251922392e+01 1.439285083659238296e-01 2.519474728566937216e-01 1.595110530751373337e-02 1.341909455053205413e-01 1.570796326794896558e+00 1.000000000000000000e+00 1.000000000000000000e+00 0.000000000000000000e+00 0.000000000000000000e+00 -1.000000000000000000e+00 -1.000000000000000000e+00
1.600000000000000000e+01 2.262366862928951014e+04 2.673954365265769439e+01 -2.744936751152091473e-02 1.965889668091749032e+00 1.923812310867322253e-02 1.189334449832607152e-02 1.570796326794896558e+00 1.000000000000000000e+00 1.000000000000000000e+00 0.000000000000000000e+00 0.000000000000000000e+00 -1.000000000000000000e+00 -1.000000000000000000e+00
1.800000000000000000e+01 3.265367824662572821e+04 1.162847188047783042e+01 -9.018491200323813795e-02 2.263195870323013725e+00 1.169247886487682041e-02 2.565990801635910645e-01 1.570796326794896558e+00 1.000000000000000000e+00 1.000000000000000000e+00 0.000000000000000000e+00 0.000000000000000000e+00 -1.000000000000000000e+00 -1.000000000000000000e+00
3.600000000000000000e+01 1.504646679371208120e+04 1.063274337565615291e+01 1.533107499593268086e-01 2.469218660166395130e-01 1.410024759620718410e-02 5.425983946355010523e-02 1.570796326794896558e+00 1.000000000000000000e+00 1.000000000000000000e+00 0.000000000000000000e+00 0.000000000000000000e+00 -1.000000000000000000e+00 -1.000000000000000000e+00
5.900000000000000000e+01 8.491484177295935297e+03 1.535689683186819110e+01 -6.425253327135983794e-02 2.982815451578780142e+00 5.918713572094207870e-03 2.688203469219542230e-01 1.570796326794896558e+00 1.000000000000000000e+00 1.000000000000000000e+00 0.000000000000000000e+00 0.000000000000000000e+00 -1.000000000000000000e+00 -1.000000000000000000e+00
6.000000000000000000e+01 7.058147447008648669e+03 1.977558283515227799e+01 -2.808221677723584872e-02 1.765927528276892478e+00 4.229316089375608802e-03 1.821878348963619498e-01 1.570796326794896558e+00 1.000000000000000000e+00 1.000000000000000000e+00 0.000000000000000000e+00 0.000000000000000000e+00 -1.000000000000000000e+00 -1.000000000000000000e+00
6.100000000000000000e+01 4.303963572572729026e+04 1.307988791117083771e+01 -2.357656311600883070e-01 2.630610271743461848e+00 1.682936658703947791e-02 1.790511988254272213e-01 1.570796326794896558e+00 1.000000000000000000e+00 1.000000000000000000e+00 0.000000000000000000e+00 0.000000000000000000e+00 -1.000000000000000000e+00 -1.000000000000000000e+00
6.200000000000000000e+01 2.541057130060158306e+04 1.436903380784657003e+01 3.265179032399245784e-02 1.471449924559714351e+00 0.000000000000000000e+00 1.319095291198899289e-01 1.570796326794896558e+00 1.000000000000000000e+00 1.000000000000000000e+00 0.000000000000000000e+00 0.000000000000000000e+00 -1.000000000000000000e+00 -1.000000000000000000e+00
7.300000000000000000e+01 9.771836271824437063e+03 1.194375201701820721e+01 -6.885203222306456039e-02 1.604316813858506219e+00 1.120095683147371429e-02 2.499571228814568558e-01 1.570796326794896558e+00 1.000000000000000000e+00 1.000000000000000000e+00 0.000000000000000000e+00 0.000000000000000000e+00 -1.000000000000000000e+00 -1.000000000000000000e+00
7.900000000000000000e+01 4.209808474866631150e+04 1.243086219378488444e+01 -5.376635711550716012e-02 1.657986012148947808e+00 5.859635961656314666e-03 1.979339117612219368e-01 1.570796326794896558e+00 1.000000000000000000e+00 1.000000000000000000e+00 0.000000000000000000e+00 0.000000000000000000e+00 -1.000000000000000000e+00 -1.000000000000000000e+00
8.000000000000000000e+01 3.659877838879318915e+03 2.510987834085413084e+01 -6.961635493591068063e-03 2.197103872584811324e+00 1.031722667645279187e-02 9.000000000000001055e-02 1.570796326794896558e+00 1.000000000000000000e+00 1.000000000000000000e+00 0.000000000000000000e+00 0.000000000000000000e+00 -1.000000000000000000e+00 -1.000000000000000000e+00
8.400000000000000000e+01 2.782251022958172598e+03 3.223049777915419867e+01 -1.069345011512912169e-01 2.578834883152095525e+00 4.372324279557182440e-03 9.000000000000001055e-02 1.570796326794896558e+00 1.000000000000000000e+00 1.000000000000000000e+00 0.000000000000000000e+00 0.000000000000000000e+00 -1.000000000000000000e+00 -1.000000000000000000e+00
8.800000000000000000e+01 3.324448210986231425e+04 1.486918827769173923e+01 -1.120861071863520422e-02 3.024179434626414142e+00 0.000000000000000000e+00 2.870103037531170909e-01 1.570796326794896558e+00 1.000000000000000000e+00 1.000000000000000000e+00 0.000000000000000000e+00 0.000000000000000000e+00 -1.000000000000000000e+00 -1.000000000000000000e+00
9.200000000000000000e+01 3.361881908921337890e+04 1.195351569374637535e+01 -1.908041853766143381e-01 2.082384025588801091e+00 2.379404121560585797e-02 1.316627669591172445e-01 1.570796326794896558e+00 1.000000000000000000e+00 1.000000000000000000e+00 0.000000000000000000e+00 0.000000000000000000e+00 -1.000000000000000000e+00 -1.000000000000000000e+00
9.300000000000000000e+01 3.971650813145693974e+04 1.019219792133214675e+01 -9.477494158106655742e-02 1.707872133194127118e+00 4.965969292166813945e-03 6.382016726550286678e-02 1.570796326794896558e+00 1.000000000000000000e+00 1.000000000000000000e+00 0.000000000000000000e+00 0.000000000000000000e+00 -1.000000000000000000e+00 -1.000000000000000000e+00
9.400000000000000000e+01 2.470176467189811774e+03 1.592284946927939160e+01 -1.512710767530488776e-01 2.113829072357768180e+00 0.000000000000000000e+00 9.000000000000001055e-02 1.570796326794896558e+00 1.000000000000000000e+00 1.000000000000000000e+00 0.000000000000000000e+00 0.000000000000000000e+00 -1.000000000000000000e+00 -1.000000000000000000e+00
1.020000000000000000e+02 3.606424590428733791e+04 2.950408253021849703e+01 9.502266006058443515e-02 8.732458075751681204e-01 0.000000000000000000e+00 9.862104505054831993e-02 1.570796326794896558e+00 1.000000000000000000e+00 1.000000000000000000e+00 0.000000000000000000e+00 0.000000000000000000e+00 -1.000000000000000000e+00 -1.000000000000000000e+00
1.140000000000000000e+02 4.196619222998341138e+04 1.041432876956065634e+01 -1.059396577280071611e-02 2.362891250890552186e+00 2.871658552716590748e-02 3.358485469990039884e-02 1.570796326794896558e+00 1.000000000000000000e+00 1.000000000000000000e+00 0.000000000000000000e+00 0.000000000000000000e+00 -1.000000000000000000e+00 -1.000000000000000000e+00
1.160000000000000000e+02 4.222891449377342360e+04 3.684411074700901167e+01 -1.836564342869614203e-02 1.917072037083896952e+00 2.152873342338554319e-02 2.788492426876235109e-01 1.570796326794896558e+00 1.000000000000000000e+00 1.000000000000000000e+00 0.000000000000000000e+00 0.000000000000000000e+00 -1.000000000000000000e+00 -1.000000000000000000e+00
1.190000000000000000e+02 1.748988443985169579e+04 1.531278302602118302e+01 -1.056080380155016291e-01 3.100000000000000089e+00 6.719945301799516539e-03 2.612834784378732095e-02 1.570796326794896558e+00 1.000000000000000000e+00 1.000000000000000000e+00 0.000000000000000000e+00 0.000000000000000000e+00 -1.000000000000000000e+00 -1.000000000000000000e+00
1.220000000000000000e+02 3.552748564145717864e+03 1.134434012816407922e+01 -1.205678668248033880e-01 2.249800168421787649e+00 1.033506787252171100e-02 9.000000000000001055e-02 1.570796326794896558e+00 1.000000000000000000e+00 1.000000000000000000e+00 0.000000000000000000e+00 0.000000000000000000e+00 -1.000000000000000000e+00 -1.000000000000000000e+00
1.280000000000000000e+02 3.099446562831863776e+04 1.162149247460582835e+01 1.519442226372850202e-01 2.376371413295572110e-01 3.114205388977389286e-02 3.086561088254372032e-02 1.570796326794896558e+00 1.000000000000000000e+00 1.000000000000000000e+00 0.000000000000000000e+00 0.000000000000000000e+00 -1.000000000000000000e+00 -1.000000000000000000e+00
1.390000000000000000e+02 3.649009754675902514e+04 1.328414910023178663e+01 -3.036903608651835285e-01 2.209653725971622684e+00 1.345421523321951515e-02 1.581082780136187638e-01 1.570796326794896558e+00 1.000000000000000000e+00 1.000000000000000000e+00 0.000000000000000000e+00 0.000000000000000000e+00 -1.000000000000000000e+00 -1.000000000000000000e+00
1.490000000000000000e+02 2.620721625483215030e+04 1.879848181569393617e+01 -3.179713833073518486e-02 2.110421918211498937e+00 0.000000000000000000e+00 2.378592842177932043e-01 1.570796326794896558e+00 1.000000000000000000e+00 1.000000000000000000e+00 0.000000000000000000e+00 0.000000000000000000e+00 -1.000000000000000000e+00 -1.000000000000000000e+00
1.540000000000000000e+02 4.246893471179979679e+04 3.198151598609566904e+01 3.422280783341339894e-01 5.402776035314176273e-01 0.000000000000000000e+00 5.529132855376219652e-02 1.570796326794896558e+00 1.000000000000000000e+00 1.000000000000000000e+00 0.000000000000000000e+00 0.000000000000000000e+00 -1.000000000000000000e+00 -1.000000000000000000e+00
1.730000000000000000e+02 1.228873876132834266e+04 1.208962129070845393e+01 -7.841103326931059270e-02 2.761999599349267864e+00 0.000000000000000000e+00 1.000000000000000056e-01 1.570796326794896558e+00 1.000000000000000000e+00 1.000000000000000000e+00 0.000000000000000000e+00 0.000000000000000000e+00 -1.000000000000000000e+00 -1.000000000000000000e+00
1.820000000000000000e+02 2.422313017529469289e+04 1.082788228468178815e+01 1.267255681367178699e-01 1.444299592495469797e+00 0.000000000000000000e+00 2.223207475876146644e-01 1.570796326794896558e+00 1.000000000000000000e+00 1.000000000000000000e+00 0.000000000000000000e+00 0.000000000000000000e+00 -1.000000000000000000e+00 -1.000000000000000000e+00
1.920000000000000000e+02 3.918309001480289589e+04 2.125990391348135589e+01 -6.786445420857242783e-02 1.747785565364836202e+00 4.484927867802913914e-02 1.376090247424331114e-01 1.570796326794896558e+00 1.000000000000000000e+00 1.000000000000000000e+00 0.000000000000000000e+00 0.000000000000000000e+00 -1.000000000000000000e+00 -1.000000000000000000e+00
1.940000000000000000e+02 1.426494233992314912e+04 1.590210338679532853e+01 -1.455902427837751645e-01 1.809306607805566847e+00 0.000000000000000000e+00 1.011242736025294575e-01 1.570796326794896558e+00 1.000000000000000000e+00 1.000000000000000000e+00 0.000000000000000000e+00 0.000000000000000000e+00 -1.000000000000000000e+00 -1.000000000000000000e+00
7.100000000000000000e+01 2.792954397040241020e+04 2.388066825989942998e+01 -3.053699901359013466e-02 2.902891453789039566e+00 0.000000000000000000e+00 9.996555253698596877e-01 0.000000000000000000e+00 1.000000000000000000e+00 1.000000000000000000e+00 0.000000000000000000e+00 0.000000000000000000e+00 -1.000000000000000000e+00 -1.000000000000000000e+00
7.400000000000000000e+01 3.110086443712277833e+04 1.047991888631558410e+01 -1.451148685861011478e-01 1.602141454370154428e+00 0.000000000000000000e+00 9.998706938034941372e-01 0.000000000000000000e+00 1.000000000000000000e+00 1.000000000000000000e+00 0.000000000000000000e+00 0.000000000000000000e+00 -1.000000000000000000e+00 -1.000000000000000000e+00
8.100000000000000000e+01 3.931261411437160132e+04 1.013578082641130429e+01 -9.469646131607906137e-02 3.007995666755925335e+00 0.000000000000000000e+00 8.999310388732504329e-01 0.000000000000000000e+00 1.000000000000000000e+00 1.000000000000000000e+00 0.000000000000000000e+00 0.000000000000000000e+00 -1.000000000000000000e+00 -1.000000000000000000e+00
8.500000000000000000e+01 1.533571682212879750e+03 1.659750562739055013e+01 -1.301811709112078164e-01 2.244907194678858797e+00 0.000000000000000000e+00 9.881408879195420214e-01 0.000000000000000000e+00 1.000000000000000000e+00 1.000000000000000000e+00 0.000000000000000000e+00 0.000000000000000000e+00 -1.000000000000000000e+00 -1.000000000000000000e+00
1.050000000000000000e+02 3.484173389965583920e+04 1.324094892241575927e+01 4.507637008068885592e-02 1.139891756804417344e+00 0.000000000000000000e+00 9.998613565281746496e-01 0.000000000000000000e+00 1.000000000000000000e+00 1.000000000000000000e+00 0.000000000000000000e+00 0.000000000000000000e+00 -1.000000000000000000e+00 -1.000000000000000000e+00
1.070000000000000000e+02 2.158531770869484535e+04 1.915575008374398536e+01 1.021953438189626695e-01 1.525330190481958281e+00 0.000000000000000000e+00 9.995983143784173963e-01 0.000000000000000000e+00 1.000000000000000000e+00 1.000000000000000000e+00 0.000000000000000000e+00 0.000000000000000000e+00 -1.000000000000000000e+00 -1.000000000000000000e+00
1.120000000000000000e+02 3.205111874605578851e+04 1.009552551739798076e+01 7.193960111873919094e-02 9.468101542549653971e-01 0.000000000000000000e+00 9.998807462517300682e-01 0.000000000000000000e+00 1.000000000000000000e+00 1.000000000000000000e+00 0.000000000000000000e+00 0.000000000000000000e+00 -1.000000000000000000e+00 -1.000000000000000000e+00
1.310000000000000000e+02 1.712151529718827078e+04 1.038243328032208801e+01 1.127664960600397934e-02 1.362242467358108167e+00 0.000000000000000000e+00 9.996948396244081936e-01 0.000000000000000000e+00 1.000000000000000000e+00 1.000000000000000000e+00 0.000000000000000000e+00 0.000000000000000000e+00 -1.000000000000000000e+00 -1.000000000000000000e+00
1.320000000000000000e+02 1.066684688251173793e+04 1.006432608620413127e+01 -2.216182041779484746e-01 2.120151691092840629e+00 0.000000000000000000e+00 9.994086616702148040e-01 0.000000000000000000e+00 1.000000000000000000e+00 1.000000000000000000e+00 0.000000000000000000e+00 0.000000000000000000e+00 -1.000000000000000000e+00 -1.000000000000000000e+00
1.690000000000000000e+02 1.437596637012551582e+04 1.136591406300930274e+01 3.061128635774006818e-02 6.444745622115746198e-01 0.000000000000000000e+00 9.995687222472587896e-01 0.000000000000000000e+00 1.000000000000000000e+00 1.000000000000000000e+00 0.000000000000000000e+00 0.000000000000000000e+00 -1.000000000000000000e+00 -1.000000000000000000e+00
1.720000000000000000e+02 4.034442288696868491e+04 1.774773520056062992e+01 2.187360780858779163e-01 2.972300791384740459e-01 0.000000000000000000e+00 9.998495534442664034e-01 0.000000000000000000e+00 1.000000000000000000e+00 1.000000000000000000e+00 0.000000000000000000e+00 0.000000000000000000e+00 -1.000000000000000000e+00 -1.000000000000000000e+00
1.740000000000000000e+02 2.253510635060745699e+04 1.434772575387339977e+01 -3.819375965548971186e-02 2.073259708275712487e+00 0.000000000000000000e+00 9.997174276282404515e-01 0.000000000000000000e+00 1.000000000000000000e+00 1.000000000000000000e+00 0.000000000000000000e+00 0.000000000000000000e+00 -1.000000000000000000e+00 -1.000000000000000000e+00
1.840000000000000000e+02 3.855491518855684990e+04 1.740288828034746871e+01 -2.052160042821830066e-01 2.503029258935279167e+00 0.000000000000000000e+00 9.998425193851082637e-01 0.000000000000000000e+00 1.000000000000000000e+00 1.000000000000000000e+00 0.000000000000000000e+00 0.000000000000000000e+00 -1.000000000000000000e+00 -1.000000000000000000e+00
1.860000000000000000e+02 3.234524556335938905e+04 3.563173797198685833e+01 -6.364126309202462750e-02 1.716060969268910830e+00 0.000000000000000000e+00 9.995842508420303973e-01 0.000000000000000000e+00 1.000000000000000000e+00 1.000000000000000000e+00 0.000000000000000000e+00 0.000000000000000000e+00 -1.000000000000000000e+00 -1.000000000000000000e+00
1.910000000000000000e+02 5.046067424262297209e+03 1.026910973979252617e+01 2.749245958171037119e-01 3.025445222814534055e-02 0.000000000000000000e+00 9.981902625661455142e-01 0.000000000000000000e+00 1.000000000000000000e+00 1.000000000000000000e+00 0.000000000000000000e+00 0.000000000000000000e+00 -1.000000000000000000e+00 -1.000000000000000000e+00
1.960000000000000000e+02 1.677016293591841895e+04 1.577516298908388315e+01 -4.166917644688415689e-02 2.669558164561578462e+00 0.000000000000000000e+00 9.995221199015401625e-01 0.000000000000000000e+00 1.000000000000000000e+00 1.000000000000000000e+00 0.000000000000000000e+00 0.000000000000000000e+00 -1.000000000000000000e+00 -1.000000000000000000e+00
