# id_num orb_a mass spin spin_angle orb_inc orb_ecc orb_arg_periapse orb_ang_mom gen galaxy time_passed star_X star_Y star_Z radius
2.380000000000000000e+02 4.605379507135994999e+01 1.418338143150888072e+03 9.699999999999999734e-01 7.945299334846979145e-01 0.000000000000000000e+00 8.508772155961031869e-01 0.000000000000000000e+00 1.162438806526891520e+18 1.000000000000000000e+00 0.000000000000000000e+00 0.000000000000000000e+00 7.273999999999999355e-01 2.637999999999999790e-01 8.800000000000000530e-03 3.315467796680320589e+02
2.420000000000000000e+02 5.445974084227437118e+01 1.785765838082226992e+03 9.699999999999999734e-01 2.244929374950729861e-01 0.000000000000000000e+00 5.969627894991195172e-01 1.570796326794896558e+00 1.506420189639038208e+18 1.000000000000000000e+00 0.000000000000000000e+00 0.000000000000000000e+00 7.273999999999999355e-01 2.637999999999999790e-01 8.800000000000000530e-03 3.986397450866975873e+02
2.430000000000000000e+02 5.513964108527714103e+01 1.597523839630647444e+03 9.699999999999999734e-01 1.310590799011703389e+00 0.000000000000000000e+00 5.971994828521715037e-01 1.570796326794896558e+00 1.356509767105752320e+18 1.000000000000000000e+00 0.000000000000000000e+00 0.000000000000000000e+00 7.273999999999999355e-01 2.637999999999999790e-01 8.800000000000000530e-03 3.646522236246900093e+02
2.450000000000000000e+02 5.689949174823449596e+01 1.929345893174320281e+03 9.699999999999999734e-01 3.843867677671045091e-01 0.000000000000000000e+00 1.065455476372841465e-01 0.000000000000000000e+00 1.661622696423726592e+18 1.000000000000000000e+00 0.000000000000000000e+00 0.000000000000000000e+00 7.273999999999999355e-01 2.637999999999999790e-01 8.800000000000000530e-03 4.240812427770656541e+02
2.470000000000000000e+02 5.288097565388555665e+01 2.113635258341095778e+03 9.699999999999999734e-01 1.428717149460502212e+00 0.000000000000000000e+00 6.664192493089644564e-01 0.000000000000000000e+00 1.847437235463394304e+18 1.000000000000000000e+00 0.000000000000000000e+00 0.000000000000000000e+00 7.273999999999999355e-01 2.637999999999999790e-01 8.800000000000000530e-03 4.561892257667034301e+02
2.500000000000000000e+02 5.527616329357391578e+01 2.561530769138159485e+03 9.699999999999999734e-01 8.977962830304528907e-01 0.000000000000000000e+00 7.991627838898911484e-01 1.570796326794896558e+00 2.288307788008005376e+18 1.000000000000000000e+00 0.000000000000000000e+00 0.000000000000000000e+00 7.273999999999999355e-01 2.637999999999999790e-01 8.800000000000000530e-03 5.320110460461145294e+02
2.510000000000000000e+02 6.257002433471264169e+01 2.142396327205242414e+03 9.699999999999999734e-01 1.060150997616257085e+00 0.000000000000000000e+00 3.773070556522561958e-01 0.000000000000000000e+00 1.929243075489876736e+18 1.000000000000000000e+00 0.000000000000000000e+00 0.000000000000000000e+00 7.273999999999999355e-01 2.637999999999999790e-01 8.800000000000000530e-03 4.611485422136951229e+02
2.530000000000000000e+02 6.487308959755846161e+01 2.632191340237756322e+03 9.699999999999999734e-01 1.246614924868535645e+00 0.000000000000000000e+00 3.533611286160495690e-01 0.000000000000000000e+00 2.405706826213592576e+18 1.000000000000000000e+00 0.000000000000000000e+00 0.000000000000000000e+00 7.273999999999999355e-01 2.637999999999999790e-01 8.800000000000000530e-03 5.437195549665696035e+02
2.540000000000000000e+02 6.596062981966640848e+01 2.706176629567728014e+03 9.699999999999999734e-01 1.310539018555444968e-01 0.000000000000000000e+00 6.046870017369887496e-02 1.570796326794896558e+00 2.491641565802544128e+18 1.000000000000000000e+00 0.000000000000000000e+00 0.000000000000000000e+00 7.273999999999999355e-01 2.637999999999999790e-01 8.800000000000000530e-03 5.559118085344821338e+02
2.550000000000000000e+02 6.733173274479766235e+01 3.112374263541125401e+03 9.699999999999999734e-01 1.399942267246426231e-01 0.000000000000000000e+00 2.481674125046110999e-02 0.000000000000000000e+00 2.887162666100796416e+18 1.000000000000000000e+00 0.000000000000000000e+00 0.000000000000000000e+00 7.273999999999999355e-01 2.637999999999999790e-01 8.800000000000000530e-03 6.217194302225988167e+02
2.590000000000000000e+02 7.170749076802226796e+01 2.704608993357773215e+03 9.699999999999999734e-01 7.919663304457911224e-01 0.000000000000000000e+00 5.262003314372099699e-02 0.000000000000000000e+00 2.587853498650374656e+18 1.000000000000000000e+00 0.000000000000000000e+00 0.000000000000000000e+00 7.273999999999999355e-01 2.637999999999999790e-01 8.800000000000000530e-03 5.556541703699311938e+02
2.600000000000000000e+02 7.369193874277297596e+01 3.485199397672617579e+03 9.699999999999999734e-01 2.255466694912005576e-01 0.000000000000000000e+00 2.985708086846777798e-01 1.570796326794896558e+00 3.360146687419106816e+18 1.000000000000000000e+00 0.000000000000000000e+00 0.000000000000000000e+00 7.273999999999999355e-01 2.637999999999999790e-01 8.800000000000000530e-03 6.806174698373871479e+02
2.610000000000000000e+02 7.489020191020021855e+01 3.324484079714078234e+03 9.699999999999999734e-01 2.445044192603175737e-01 0.000000000000000000e+00 2.154846734203776926e-01 0.000000000000000000e+00 3.231481600752978432e+18 1.000000000000000000e+00 0.000000000000000000e+00 0.000000000000000000e+00 7.273999999999999355e-01 2.637999999999999790e-01 8.800000000000000530e-03 6.553908804210381049e+02
2.620000000000000000e+02 7.677682578404905200e+01 3.844015585180919970e+03 9.699999999999999734e-01 6.089404042552012397e-01 0.000000000000000000e+00 1.452536969813836114e-02 1.570796326794896558e+00 3.764726268851986944e+18 1.000000000000000000e+00 0.000000000000000000e+00 0.000000000000000000e+00 7.273999999999999355e-01 2.637999999999999790e-01 8.800000000000000530e-03 7.361208175961215829e+02
2.670000000000000000e+02 6.712118303709613087e+01 4.279164760223970006e+03 9.699999999999999734e-01 1.557927325652844086e+00 0.000000000000000000e+00 3.879334172368710254e-01 1.570796326794896558e+00 4.361444350752092672e+18 1.000000000000000000e+00 0.000000000000000000e+00 0.000000000000000000e+00 7.273999999999999355e-01 2.637999999999999790e-01 8.800000000000000530e-03 8.020624687487425035e+02
2.680000000000000000e+02 6.171966635800231415e+01 4.480456114821008669e+03 9.699999999999999734e-01 9.402061594697024294e-01 0.000000000000000000e+00 5.915246540481986504e-01 1.570796326794896558e+00 4.604452163047237632e+18 1.000000000000000000e+00 0.000000000000000000e+00 0.000000000000000000e+00 7.273999999999999355e-01 2.637999999999999790e-01 8.800000000000000530e-03 8.321062235904784075e+02
2.700000000000000000e+02 8.216580042730436162e+01 5.170121999651388251e+03 9.699999999999999734e-01 7.338037150643921258e-01 0.000000000000000000e+00 1.150775247005227653e-01 1.570796326794896558e+00 5.401011627622993920e+18 1.000000000000000000e+00 0.000000000000000000e+00 0.000000000000000000e+00 7.273999999999999355e-01 2.637999999999999790e-01 8.800000000000000530e-03 9.330858875556361909e+02
2.710000000000000000e+02 9.359741938594468991e+01 5.121985389793491777e+03 9.699999999999999734e-01 8.463135310071431272e-01 0.000000000000000000e+00 3.038196319952011365e-02 1.570796326794896558e+00 5.395155724832400384e+18 1.000000000000000000e+00 0.000000000000000000e+00 0.000000000000000000e+00 7.273999999999999355e-01 2.637999999999999790e-01 8.800000000000000530e-03 9.261293682771691920e+02
2.720000000000000000e+02 1.153585386466946261e+02 5.323122735708901018e+03 9.699999999999999734e-01 7.615337130917604336e-01 0.000000000000000000e+00 9.000000000000001055e-02 0.000000000000000000e+00 5.652481673941369856e+18 1.000000000000000000e+00 0.000000000000000000e+00 0.000000000000000000e+00 7.273999999999999355e-01 2.637999999999999790e-01 8.800000000000000530e-03 9.551117147367608595e+02
2.770000000000000000e+02 9.699716691047946426e+01 6.358669237222730771e+03 9.699999999999999734e-01 4.280830822429929072e-01 0.000000000000000000e+00 6.175923017738755433e-02 1.570796326794896558e+00 7.042300640646036480e+18 1.000000000000000000e+00 0.000000000000000000e+00 0.000000000000000000e+00 7.273999999999999355e-01 2.637999999999999790e-01 8.800000000000000530e-03 1.101067580667281163e+03
2.780000000000000000e+02 1.193235464184554218e+02 6.194090216306256480e+03 9.699999999999999734e-01 1.063728926702320665e+00 0.000000000000000000e+00 3.690255123361685374e-02 1.570796326794896558e+00 6.920842235143776256e+18 1.000000000000000000e+00 0.000000000000000000e+00 0.000000000000000000e+00 7.273999999999999355e-01 2.637999999999999790e-01 8.800000000000000530e-03 1.078209140386541549e+03
2.830000000000000000e+02 1.282094873612639958e+02 8.018431164114280364e+03 9.699999999999999734e-01 8.915579040857816162e-01 0.000000000000000000e+00 3.727536804060240655e-02 0.000000000000000000e+00 9.355362865813790720e+18 1.000000000000000000e+00 0.000000000000000000e+00 0.000000000000000000e+00 7.273999999999999355e-01 2.637999999999999790e-01 8.800000000000000530e-03 1.325539006451503383e+03
2.840000000000000000e+02 7.334255916277058418e+01 8.343980635891381098e+03 9.699999999999999734e-01 7.347357692037413956e-01 0.000000000000000000e+00 3.823822720281576659e-01 0.000000000000000000e+00 9.822127766136664064e+18 1.000000000000000000e+00 0.000000000000000000e+00 0.000000000000000000e+00 7.273999999999999355e-01 2.637999999999999790e-01 8.800000000000000530e-03 1.368420646110893358e+03
2.850000000000000000e+02 1.311411749525233574e+02 9.293308937610800058e+03 9.699999999999999734e-01 1.196600569958407245e+00 0.000000000000000000e+00 3.996258904516636346e-02 1.570796326794896558e+00 1.103727861798165504e+19 1.000000000000000000e+00 0.000000000000000000e+00 0.000000000000000000e+00 7.273999999999999355e-01 2.637999999999999790e-01 8.800000000000000530e-03 1.491616873962834461e+03
2.870000000000000000e+02 8.841528031216030570e+01 8.864485592924826051e+03 9.699999999999999734e-01 1.331623742423893253e+00 0.000000000000000000e+00 3.610442671179796004e-01 0.000000000000000000e+00 1.071815456978450227e+19 1.000000000000000000e+00 0.000000000000000000e+00 0.000000000000000000e+00 7.273999999999999355e-01 2.637999999999999790e-01 8.800000000000000530e-03 1.436295562741441017e+03
2.880000000000000000e+02 1.431004522370866425e+02 1.045150981374166258e+04 9.699999999999999734e-01 1.387358776228544199e+00 0.000000000000000000e+00 9.000000000000001055e-02 0.000000000000000000e+00 1.275013991034668646e+19 1.000000000000000000e+00 0.000000000000000000e+00 0.000000000000000000e+00 7.273999999999999355e-01 2.637999999999999790e-01 8.800000000000000530e-03 1.638567037737464943e+03
2.900000000000000000e+02 1.051206997750351917e+02 1.088148571079070462e+04 9.699999999999999734e-01 1.277591842944962419e+00 0.000000000000000000e+00 1.000000000000000056e-01 0.000000000000000000e+00 1.351946420754213478e+19 1.000000000000000000e+00 0.000000000000000000e+00 0.000000000000000000e+00 7.273999999999999355e-01 2.637999999999999790e-01 8.800000000000000530e-03 1.692277362078738179e+03
2.910000000000000000e+02 1.017133456812979944e+02 1.171996851780451289e+04 9.699999999999999734e-01 1.334255865567315791e+00 0.000000000000000000e+00 3.690024375092073039e-01 1.570796326794896558e+00 1.469769853939882803e+19 1.000000000000000000e+00 0.000000000000000000e+00 0.000000000000000000e+00 7.273999999999999355e-01 2.637999999999999790e-01 8.800000000000000530e-03 1.795817271117516157e+03
2.980000000000000000e+02 1.742508220786654078e+02 1.554880541176168299e+04 9.699999999999999734e-01 3.030157073425782110e-01 0.000000000000000000e+00 1.198030349261427867e-02 1.570796326794896558e+00 2.082999266346080666e+19 1.000000000000000000e+00 0.000000000000000000e+00 0.000000000000000000e+00 7.273999999999999355e-01 2.637999999999999790e-01 8.800000000000000530e-03 2.251534524918103216e+03
3.000000000000000000e+02 1.332092365053586605e+02 1.672371168660357944e+04 9.699999999999999734e-01 8.676604093913099502e-01 0.000000000000000000e+00 6.561000000000001553e-02 1.570796326794896558e+00 2.284199131895252992e+19 1.000000000000000000e+00 0.000000000000000000e+00 0.000000000000000000e+00 7.273999999999999355e-01 2.637999999999999790e-01 8.800000000000000530e-03 2.386641155665201495e+03
3.010000000000000000e+02 1.876887439265956061e+02 1.784870886197092841e+04 9.699999999999999734e-01 1.459952242917881726e+00 0.000000000000000000e+00 9.000000000000001055e-02 0.000000000000000000e+00 2.462458511334468813e+19 1.000000000000000000e+00 0.000000000000000000e+00 0.000000000000000000e+00 7.273999999999999355e-01 2.637999999999999790e-01 8.800000000000000530e-03 2.514238269086428318e+03
3.020000000000000000e+02 2.145203621048824516e+02 1.828076918022114114e+04 9.699999999999999734e-01 2.608042478213228321e-01 0.000000000000000000e+00 2.137441682172763757e-02 1.570796326794896558e+00 2.547062914452988314e+19 1.000000000000000000e+00 0.000000000000000000e+00 0.000000000000000000e+00 7.273999999999999355e-01 2.637999999999999790e-01 8.800000000000000530e-03 2.562810885996780144e+03
3.040000000000000000e+02 2.039657962745227167e+02 2.110347322081441598e+04 9.699999999999999734e-01 5.881207274931886664e-01 0.000000000000000000e+00 1.000000000000000056e-01 1.570796326794896558e+00 2.998839120941366067e+19 1.000000000000000000e+00 0.000000000000000000e+00 0.000000000000000000e+00 7.273999999999999355e-01 2.637999999999999790e-01 8.800000000000000530e-03 2.874776844261132737e+03
3.060000000000000000e+02 1.634447414855755198e+02 2.182979222484424099e+04 9.699999999999999734e-01 1.250152205037929898e+00 0.000000000000000000e+00 1.410959036263632199e-02 1.570796326794896558e+00 3.165894663408013722e+19 1.000000000000000000e+00 0.000000000000000000e+00 0.000000000000000000e+00 7.273999999999999355e-01 2.637999999999999790e-01 8.800000000000000530e-03 2.953661143084181276e+03
3.090000000000000000e+02 2.554265344177587735e+02 2.620686715358337824e+04 9.699999999999999734e-01 1.474317860981355865e+00 0.000000000000000000e+00 9.000000000000001055e-02 0.000000000000000000e+00 3.918467149069203046e+19 1.000000000000000000e+00 0.000000000000000000e+00 0.000000000000000000e+00 7.273999999999999355e-01 2.637999999999999790e-01 8.800000000000000530e-03 3.418637669354922309e+03
3.100000000000000000e+02 2.228083303685697558e+02 2.701984325388086290e+04 9.699999999999999734e-01 1.460010837223454372e+00 0.000000000000000000e+00 9.000000000000001055e-02 0.000000000000000000e+00 4.082918596953347686e+19 1.000000000000000000e+00 0.000000000000000000e+00 0.000000000000000000e+00 7.273999999999999355e-01 2.637999999999999790e-01 8.800000000000000530e-03 3.503218681981142709e+03
3.110000000000000000e+02 2.020939112949627656e+02 2.802047542806862475e+04 9.699999999999999734e-01 8.762863276227723652e-01 0.000000000000000000e+00 1.000000000000000056e-01 0.000000000000000000e+00 4.278561942177121894e+19 1.000000000000000000e+00 0.000000000000000000e+00 0.000000000000000000e+00 7.273999999999999355e-01 2.637999999999999790e-01 8.800000000000000530e-03 3.606628313680752399e+03
3.130000000000000000e+02 1.374701632810434830e+02 2.970544719115431144e+04 9.699999999999999734e-01 1.308761207256204928e+00 0.000000000000000000e+00 2.474234441982861576e-02 0.000000000000000000e+00 4.632280450152837939e+19 1.000000000000000000e+00 0.000000000000000000e+00 0.000000000000000000e+00 7.273999999999999355e-01 2.637999999999999790e-01 8.800000000000000530e-03 3.779112875567943320e+03
3.200000000000000000e+02 2.065373231066507174e+02 4.570852701736997551e+04 9.699999999999999734e-01 1.945145774387166959e-01 0.000000000000000000e+00 9.000000000000001055e-02 0.000000000000000000e+00 7.693128202165311898e+19 1.000000000000000000e+00 0.000000000000000000e+00 0.000000000000000000e+00 7.273999999999999355e-01 2.637999999999999790e-01 8.800000000000000530e-03 5.334807694303048265e+03
3.220000000000000000e+02 1.819340571820564207e+02 4.886404972557476867e+04 9.699999999999999734e-01 1.301043501671734992e+00 0.000000000000000000e+00 1.259562989492027558e-02 0.000000000000000000e+00 8.412207203874150810e+19 1.000000000000000000e+00 0.000000000000000000e+00 0.000000000000000000e+00 7.273999999999999355e-01 2.637999999999999790e-01 8.800000000000000530e-03 5.627461776681395349e+03
3.230000000000000000e+02 2.633017761824499416e+02 5.335621296824502497e+04 9.699999999999999734e-01 5.235731408891443062e-01 0.000000000000000000e+00 9.000000000000001055e-02 1.570796326794896558e+00 9.289684143628088115e+19 1.000000000000000000e+00 0.000000000000000000e+00 0.000000000000000000e+00 7.273999999999999355e-01 2.637999999999999790e-01 8.800000000000000530e-03 6.037664629221068026e+03
3.240000000000000000e+02 1.749228739323602042e+02 5.504446278140493087e+04 9.699999999999999734e-01 1.131778862719319267e+00 0.000000000000000000e+00 1.201221524401166474e-02 0.000000000000000000e+00 9.694839253606457344e+19 1.000000000000000000e+00 0.000000000000000000e+00 0.000000000000000000e+00 7.273999999999999355e-01 2.637999999999999790e-01 8.800000000000000530e-03 6.190017801142947974e+03
3.260000000000000000e+02 2.038576292438643236e+02 6.189976694508329820e+04 9.699999999999999734e-01 1.406612961298879805e-01 0.000000000000000000e+00 1.000000000000000056e-01 0.000000000000000000e+00 1.115756155855546122e+20 1.000000000000000000e+00 0.000000000000000000e+00 0.000000000000000000e+00 7.273999999999999355e-01 2.637999999999999790e-01 8.800000000000000530e-03 6.799425177796818389e+03
3.270000000000000000e+02 1.686648598762739653e+02 6.569877533993621182e+04 9.699999999999999734e-01 6.228580430498672493e-01 0.000000000000000000e+00 1.000000000000000056e-01 0.000000000000000000e+00 1.198208478519819469e+20 1.000000000000000000e+00 0.000000000000000000e+00 0.000000000000000000e+00 7.273999999999999355e-01 2.637999999999999790e-01 8.800000000000000530e-03 7.131268809993838659e+03
3.280000000000000000e+02 1.585361717128798489e+02 6.850518014641194895e+04 9.699999999999999734e-01 1.976487437592714946e-01 0.000000000000000000e+00 2.058911320946491333e-02 0.000000000000000000e+00 1.264280287051538268e+20 1.000000000000000000e+00 0.000000000000000000e+00 0.000000000000000000e+00 7.273999999999999355e-01 2.637999999999999790e-01 8.800000000000000530e-03 7.373942013887151916e+03
3.300000000000000000e+02 7.700000000000001137e+02 7.539064525961328764e+04 9.699999999999999734e-01 1.730346749660187089e-01 0.000000000000000000e+00 1.000000000000000056e-01 0.000000000000000000e+00 1.424982931270745784e+20 1.000000000000000000e+00 0.000000000000000000e+00 0.000000000000000000e+00 7.273999999999999355e-01 2.637999999999999790e-01 8.800000000000000530e-03 7.961134409967026841e+03
3.310000000000000000e+02 7.700000000000001137e+02 8.134830302533926442e+04 9.699999999999999734e-01 1.092712427374597173e+00 0.000000000000000000e+00 1.000000000000000056e-01 1.570796326794896558e+00 1.556189736576104858e+20 1.000000000000000000e+00 0.000000000000000000e+00 0.000000000000000000e+00 7.273999999999999355e-01 2.637999999999999790e-01 8.800000000000000530e-03 8.460573177724749257e+03
3.320000000000000000e+02 7.700000000000001137e+02 8.591925379715526651e+04 9.699999999999999734e-01 8.825769526106332918e-01 0.000000000000000000e+00 1.000000000000000056e-01 1.570796326794896558e+00 1.663889649281717371e+20 1.000000000000000000e+00 0.000000000000000000e+00 0.000000000000000000e+00 7.273999999999999355e-01 2.637999999999999790e-01 8.800000000000000530e-03 8.838801591585832284e+03
3.390000000000000000e+02 7.700000000000001137e+02 1.309484713816097064e+05 9.699999999999999734e-01 1.427774815663540586e-01 0.000000000000000000e+00 1.000000000000000056e-01 1.570796326794896558e+00 2.769119319246424965e+20 1.000000000000000000e+00 0.000000000000000000e+00 0.000000000000000000e+00 7.273999999999999355e-01 2.637999999999999790e-01 8.800000000000000530e-03 1.238230035600228439e+04
3.400000000000000000e+02 7.700000000000001137e+02 1.369388148637308914e+05 9.699999999999999734e-01 1.040110143952286847e+00 0.000000000000000000e+00 1.000000000000000056e-01 0.000000000000000000e+00 2.933553126360839291e+20 1.000000000000000000e+00 0.000000000000000000e+00 0.000000000000000000e+00 7.273999999999999355e-01 2.637999999999999790e-01 8.800000000000000530e-03 1.283341504299497319e+04
3.430000000000000000e+02 7.700000000000001137e+02 1.682613107174217002e+05 9.699999999999999734e-01 1.642493042857089858e+00 0.000000000000000000e+00 1.000000000000000056e-01 0.000000000000000000e+00 3.749826784600238326e+20 1.000000000000000000e+00 0.000000000000000000e+00 0.000000000000000000e+00 7.273999999999999355e-01 2.637999999999999790e-01 8.800000000000000530e-03 1.513242053885651148e+04
3.500000000000000000e+02 7.700000000000001137e+02 2.589473823291640147e+05 9.699999999999999734e-01 9.059420839275195148e-01 0.000000000000000000e+00 1.000000000000000056e-01 0.000000000000000000e+00 6.354657354990908867e+20 1.000000000000000000e+00 0.000000000000000000e+00 0.000000000000000000e+00 7.273999999999999355e-01 2.637999999999999790e-01 8.800000000000000530e-03 2.136437577363526725e+04
3.510000000000000000e+02 7.700000000000001137e+02 2.797384712595656165e+05 9.699999999999999734e-01 1.039707611063200643e+00 0.000000000000000000e+00 1.000000000000000056e-01 0.000000000000000000e+00 6.963441303028177306e+20 1.000000000000000000e+00 0.000000000000000000e+00 0.000000000000000000e+00 7.273999999999999355e-01 2.637999999999999790e-01 8.800000000000000530e-03 2.272598657092224676e+04
3.530000000000000000e+02 7.700000000000001137e+02 3.174865231679701246e+05 9.699999999999999734e-01 9.178280848810458359e-01 0.000000000000000000e+00 1.000000000000000056e-01 0.000000000000000000e+00 8.134799644892761948e+20 1.000000000000000000e+00 0.000000000000000000e+00 0.000000000000000000e+00 7.273999999999999355e-01 2.637999999999999790e-01 8.800000000000000530e-03 2.514787099753385701e+04
3.560000000000000000e+02 7.700000000000001137e+02 3.921191203019481618e+05 9.699999999999999734e-01 1.001074246121554712e+00 0.000000000000000000e+00 1.000000000000000056e-01 0.000000000000000000e+00 1.050221262421702738e+21 1.000000000000000000e+00 0.000000000000000000e+00 0.000000000000000000e+00 7.273999999999999355e-01 2.637999999999999790e-01 8.800000000000000530e-03 2.977524911424314269e+04
3.570000000000000000e+02 7.700000000000001137e+02 4.186091000419761986e+05 9.699999999999999734e-01 1.500108248324424798e+00 0.000000000000000000e+00 1.000000000000000056e-01 1.570796326794896558e+00 1.138204650816758088e+21 1.000000000000000000e+00 0.000000000000000000e+00 0.000000000000000000e+00 7.273999999999999355e-01 2.637999999999999790e-01 8.800000000000000530e-03 3.137385753019194817e+04
3.580000000000000000e+02 7.700000000000001137e+02 4.508095744857870159e+05 9.699999999999999734e-01 8.209397953664081538e-01 0.000000000000000000e+00 1.000000000000000056e-01 1.570796326794896558e+00 1.244446905419099537e+21 1.000000000000000000e+00 0.000000000000000000e+00 0.000000000000000000e+00 7.273999999999999355e-01 2.637999999999999790e-01 8.800000000000000530e-03 3.329013013986488659e+04
3.590000000000000000e+02 7.700000000000001137e+02 4.851362669516728492e+05 9.699999999999999734e-01 6.188133163778292145e-01 0.000000000000000000e+00 1.000000000000000056e-01 1.570796326794896558e+00 1.359906444988231713e+21 1.000000000000000000e+00 0.000000000000000000e+00 0.000000000000000000e+00 7.273999999999999355e-01 2.637999999999999790e-01 8.800000000000000530e-03 3.530302998811602447e+04
3.630000000000000000e+02 7.700000000000001137e+02 6.474151698903806973e+05 9.699999999999999734e-01 1.401761666323102729e+00 0.000000000000000000e+00 1.000000000000000056e-01 1.570796326794896558e+00 1.932258418040863457e+21 1.000000000000000000e+00 0.000000000000000000e+00 0.000000000000000000e+00 7.273999999999999355e-01 2.637999999999999790e-01 8.800000000000000530e-03 4.447001593235181645e+04
