# id_num orb_a mass spin spin_angle orb_inc orb_ecc orb_arg_periapse orb_ang_mom gen galaxy time_passed star_X star_Y star_Z radius
2.370000000000000000e+02 3.730223811652323462e+01 1.542267150056371975e+03 9.169999999999999263e-01 1.598664039431729744e+00 0.000000000000000000e+00 6.729323974488528037e-01 0.000000000000000000e+00 1.239694519376444416e+18 1.000000000000000000e+00 0.000000000000000000e+00 0.000000000000000000e+00 7.273999999999999355e-01 2.637999999999999790e-01 8.800000000000000530e-03 3.510859378034214728e+02
2.400000000000000000e+02 4.432802768611435340e+01 1.810263223122462023e+03 9.169999999999999263e-01 1.564035704502011015e+00 0.000000000000000000e+00 2.343465673736849775e-01 0.000000000000000000e+00 1.486534102637951232e+18 1.000000000000000000e+00 0.000000000000000000e+00 0.000000000000000000e+00 7.273999999999999355e-01 2.637999999999999790e-01 8.800000000000000530e-03 3.990976136309886897e+02
2.420000000000000000e+02 5.777012050221726014e+01 1.925767957851937126e+03 9.169999999999999263e-01 1.143270151154970549e+00 0.000000000000000000e+00 4.191355500732754646e-02 0.000000000000000000e+00 1.603689101884227328e+18 1.000000000000000000e+00 0.000000000000000000e+00 0.000000000000000000e+00 7.273999999999999355e-01 2.637999999999999790e-01 8.800000000000000530e-03 4.193425321215597137e+02
2.430000000000000000e+02 4.701426036423814736e+01 2.043274990329544835e+03 9.169999999999999263e-01 1.431752084098621092e+00 0.000000000000000000e+00 2.256544553685728427e-01 1.570796326794896558e+00 1.713876966859942912e+18 1.000000000000000000e+00 0.000000000000000000e+00 0.000000000000000000e+00 7.273999999999999355e-01 2.637999999999999790e-01 8.800000000000000530e-03 4.396906227990345428e+02
2.470000000000000000e+02 4.505406218512496963e+01 2.183829884362308348e+03 9.169999999999999263e-01 1.736575882139195226e+00 0.000000000000000000e+00 2.674147937101089556e-01 0.000000000000000000e+00 1.885944404273515264e+18 1.000000000000000000e+00 0.000000000000000000e+00 0.000000000000000000e+00 7.273999999999999355e-01 2.637999999999999790e-01 8.800000000000000530e-03 4.637253012041958868e+02
2.480000000000000000e+02 6.520932995795021725e+01 2.364746876529755355e+03 9.169999999999999263e-01 1.550509705169644370e+00 0.000000000000000000e+00 9.000000000000001055e-02 1.570796326794896558e+00 2.057393945417963008e+18 1.000000000000000000e+00 0.000000000000000000e+00 0.000000000000000000e+00 7.273999999999999355e-01 2.637999999999999790e-01 8.800000000000000530e-03 4.942122164995912499e+02
2.490000000000000000e+02 6.662683221809744794e+01 2.233971350438053832e+03 9.169999999999999263e-01 1.718947169061169511e+00 0.000000000000000000e+00 1.761355748153108775e-02 0.000000000000000000e+00 1.957424111586551296e+18 1.000000000000000000e+00 0.000000000000000000e+00 0.000000000000000000e+00 7.273999999999999355e-01 2.637999999999999790e-01 8.800000000000000530e-03 4.722237520302240341e+02
2.500000000000000000e+02 4.217444102238466996e+01 2.366262204088483486e+03 9.169999999999999263e-01 1.626701345936756971e+00 0.000000000000000000e+00 4.360981716586933010e-01 0.000000000000000000e+00 2.088942388971350528e+18 1.000000000000000000e+00 0.000000000000000000e+00 0.000000000000000000e+00 7.273999999999999355e-01 2.637999999999999790e-01 8.800000000000000530e-03 4.944655528451368696e+02
2.520000000000000000e+02 4.855041322296205664e+01 2.563789008202853893e+03 9.169999999999999263e-01 7.765393267796509846e-01 0.000000000000000000e+00 5.571996979635327474e-01 0.000000000000000000e+00 2.296806744061705984e+18 1.000000000000000000e+00 0.000000000000000000e+00 0.000000000000000000e+00 7.273999999999999355e-01 2.637999999999999790e-01 8.800000000000000530e-03 5.272196314279248099e+02
2.540000000000000000e+02 5.155325059995215753e+01 3.122941696521299946e+03 9.169999999999999263e-01 1.523654494472362453e+00 0.000000000000000000e+00 3.111783081522906391e-01 0.000000000000000000e+00 2.840146623138637824e+18 1.000000000000000000e+00 0.000000000000000000e+00 0.000000000000000000e+00 7.273999999999999355e-01 2.637999999999999790e-01 8.800000000000000530e-03 6.173576715006403219e+02
2.550000000000000000e+02 6.901993892425015531e+01 2.897546697994278020e+03 9.169999999999999263e-01 1.436606113845931620e+00 0.000000000000000000e+00 2.338613042765561034e-02 0.000000000000000000e+00 2.656306168627634176e+18 1.000000000000000000e+00 0.000000000000000000e+00 0.000000000000000000e+00 7.273999999999999355e-01 2.637999999999999790e-01 8.800000000000000530e-03 5.814469588200329326e+02
2.560000000000000000e+02 8.003928410501062274e+01 2.836366441465920161e+03 9.169999999999999263e-01 7.803564649458861746e-01 0.000000000000000000e+00 6.753384414556812265e-02 1.570796326794896558e+00 2.618963319505012224e+18 1.000000000000000000e+00 0.000000000000000000e+00 0.000000000000000000e+00 7.273999999999999355e-01 2.637999999999999790e-01 8.800000000000000530e-03 5.716044733167825598e+02
2.570000000000000000e+02 5.488753380773494683e+01 3.196531179601827716e+03 9.169999999999999263e-01 8.517916236078040271e-01 0.000000000000000000e+00 3.216901126518192933e-01 0.000000000000000000e+00 2.975053809683944448e+18 1.000000000000000000e+00 0.000000000000000000e+00 0.000000000000000000e+00 7.273999999999999355e-01 2.637999999999999790e-01 8.800000000000000530e-03 6.289685123326079292e+02
2.580000000000000000e+02 4.425820647185903312e+01 3.302583112641559637e+03 9.169999999999999263e-01 9.122370558175981747e-01 0.000000000000000000e+00 3.065520527251582306e-01 0.000000000000000000e+00 3.097094116650190336e+18 1.000000000000000000e+00 0.000000000000000000e+00 0.000000000000000000e+00 7.273999999999999355e-01 2.637999999999999790e-01 8.800000000000000530e-03 6.456077764116868138e+02
2.620000000000000000e+02 5.375220546197012794e+01 3.401046845753921389e+03 9.169999999999999263e-01 1.531964889502377636e+00 0.000000000000000000e+00 3.036745557569370813e-01 1.570796326794896558e+00 3.290245762141966848e+18 1.000000000000000000e+00 0.000000000000000000e+00 0.000000000000000000e+00 7.273999999999999355e-01 2.637999999999999790e-01 8.800000000000000530e-03 6.609610070201129020e+02
2.650000000000000000e+02 8.649971693378630277e+01 3.991854730109409047e+03 9.169999999999999263e-01 1.477699477875700884e+00 0.000000000000000000e+00 3.236021833024296801e-02 0.000000000000000000e+00 3.955485919172362752e+18 1.000000000000000000e+00 0.000000000000000000e+00 0.000000000000000000e+00 7.273999999999999355e-01 2.637999999999999790e-01 8.800000000000000530e-03 7.513210050171184093e+02
2.670000000000000000e+02 7.127738875568070398e+01 4.239793115376303831e+03 9.169999999999999263e-01 1.140079806391819828e+00 0.000000000000000000e+00 2.023788735537555492e-02 0.000000000000000000e+00 4.270262737965568000e+18 1.000000000000000000e+00 0.000000000000000000e+00 0.000000000000000000e+00 7.273999999999999355e-01 2.637999999999999790e-01 8.800000000000000530e-03 7.884269854348258377e+02
2.690000000000000000e+02 8.712786819301892649e+01 4.276322194898597445e+03 9.169999999999999263e-01 1.651604965524894553e+00 0.000000000000000000e+00 1.124339339419899372e-02 1.570796326794896558e+00 4.375965655113744384e+18 1.000000000000000000e+00 0.000000000000000000e+00 0.000000000000000000e+00 7.273999999999999355e-01 2.637999999999999790e-01 8.800000000000000530e-03 7.938566434434525263e+02
2.700000000000000000e+02 8.311307251823986064e+01 4.552049019556142412e+03 9.189999999999999281e-01 8.772765534738953264e-01 0.000000000000000000e+00 2.436301931525993933e-02 1.570796326794896558e+00 4.696358089387924480e+18 1.000000000000000000e+00 0.000000000000000000e+00 0.000000000000000000e+00 7.273999999999999355e-01 2.637999999999999790e-01 8.800000000000000530e-03 8.345479455159804729e+02
2.730000000000000000e+02 7.659551787590100957e+01 5.528872859706357303e+03 9.169999999999999263e-01 6.793522239526358364e-01 0.000000000000000000e+00 5.583012006391910309e-02 0.000000000000000000e+00 5.847137214230938624e+18 1.000000000000000000e+00 0.000000000000000000e+00 0.000000000000000000e+00 7.273999999999999355e-01 2.637999999999999790e-01 8.800000000000000530e-03 9.749784817195052256e+02
2.740000000000000000e+02 9.970649855098200476e+01 6.007169838858663752e+03 9.169999999999999263e-01 5.681662641685272241e-01 0.000000000000000000e+00 1.201633337681104127e-02 1.570796326794896558e+00 6.408609557027192832e+18 1.000000000000000000e+00 0.000000000000000000e+00 0.000000000000000000e+00 7.273999999999999355e-01 2.637999999999999790e-01 8.800000000000000530e-03 1.041889537224812784e+03
2.780000000000000000e+02 9.727666439152736189e+01 6.513318635833408734e+03 9.189999999999999281e-01 1.721585403209879406e+00 0.000000000000000000e+00 2.674952678278066584e-02 0.000000000000000000e+00 7.186642143128120320e+18 1.000000000000000000e+00 0.000000000000000000e+00 0.000000000000000000e+00 7.273999999999999355e-01 2.637999999999999790e-01 8.800000000000000530e-03 1.111546429343488171e+03
2.790000000000000000e+02 1.039621049082892483e+02 8.014966168813049990e+03 9.169999999999999263e-01 1.377696866473520743e+00 0.000000000000000000e+00 2.526021003935618667e-02 0.000000000000000000e+00 8.920182765262683136e+18 1.000000000000000000e+00 0.000000000000000000e+00 0.000000000000000000e+00 7.273999999999999355e-01 2.637999999999999790e-01 8.800000000000000530e-03 1.312221360598227193e+03
2.800000000000000000e+02 9.338751185563712909e+01 6.412968592570281544e+03 9.169999999999999263e-01 9.226164510118280981e-01 0.000000000000000000e+00 9.000000000000001055e-02 0.000000000000000000e+00 7.200797371693699072e+18 1.000000000000000000e+00 0.000000000000000000e+00 0.000000000000000000e+00 7.273999999999999355e-01 2.637999999999999790e-01 8.800000000000000530e-03 1.097824803120811339e+03
2.820000000000000000e+02 1.108904103465777666e+02 7.837393415941553940e+03 9.189999999999999281e-01 8.852646949543830912e-01 0.000000000000000000e+00 9.000000000000001055e-02 1.570796326794896558e+00 8.953943273023320064e+18 1.000000000000000000e+00 0.000000000000000000e+00 0.000000000000000000e+00 7.273999999999999355e-01 2.637999999999999790e-01 8.800000000000000530e-03 1.288911404333946848e+03
2.830000000000000000e+02 1.030187748672324659e+02 8.153949034700583979e+03 9.169999999999999263e-01 1.937253269753328455e+00 0.000000000000000000e+00 2.509530679757903879e-02 0.000000000000000000e+00 9.397790942231738368e+18 1.000000000000000000e+00 0.000000000000000000e+00 0.000000000000000000e+00 7.273999999999999355e-01 2.637999999999999790e-01 8.800000000000000530e-03 1.330393585537583249e+03
2.860000000000000000e+02 1.131609105944249904e+02 9.157082748389033441e+03 9.169999999999999263e-01 2.008517749258499130e+00 0.000000000000000000e+00 9.000000000000001055e-02 1.570796326794896558e+00 1.083742994754469888e+19 1.000000000000000000e+00 0.000000000000000000e+00 0.000000000000000000e+00 7.273999999999999355e-01 2.637999999999999790e-01 8.800000000000000530e-03 1.459793613005352427e+03
2.880000000000000000e+02 1.173737848604807255e+02 1.008305094133145576e+04 9.189999999999999281e-01 1.245287327449814185e+00 0.000000000000000000e+00 1.000000000000000056e-01 1.570796326794896558e+00 1.215629530930367283e+19 1.000000000000000000e+00 0.000000000000000000e+00 0.000000000000000000e+00 7.273999999999999355e-01 2.637999999999999790e-01 8.800000000000000530e-03 1.576737211537985786e+03
2.890000000000000000e+02 1.393822260369554442e+02 1.136319426275853220e+04 9.169999999999999263e-01 1.740198411799927625e+00 0.000000000000000000e+00 2.499189355865413451e-02 0.000000000000000000e+00 1.382137968380247859e+19 1.000000000000000000e+00 0.000000000000000000e+00 0.000000000000000000e+00 7.273999999999999355e-01 2.637999999999999790e-01 8.800000000000000530e-03 1.734946524481743836e+03
2.900000000000000000e+02 1.382121341925664808e+02 1.097312990381023519e+04 9.169999999999999263e-01 1.752458570398380155e+00 0.000000000000000000e+00 1.674814125641433532e-02 0.000000000000000000e+00 1.346792530807685734e+19 1.000000000000000000e+00 0.000000000000000000e+00 0.000000000000000000e+00 7.273999999999999355e-01 2.637999999999999790e-01 8.800000000000000530e-03 1.687136280330034651e+03
2.930000000000000000e+02 1.448274953927505067e+02 1.280783176870988791e+04 9.169999999999999263e-01 1.047693017628502643e+00 0.000000000000000000e+00 2.065529076107717327e-02 1.570796326794896558e+00 1.616463192549774131e+19 1.000000000000000000e+00 0.000000000000000000e+00 0.000000000000000000e+00 7.273999999999999355e-01 2.637999999999999790e-01 8.800000000000000530e-03 1.909265125168080658e+03
2.940000000000000000e+02 1.453460999541011347e+02 1.274147708157162015e+04 9.189999999999999281e-01 9.029679019649811123e-01 0.000000000000000000e+00 2.381205459742014030e-02 1.570796326794896558e+00 1.623382181274541670e+19 1.000000000000000000e+00 0.000000000000000000e+00 0.000000000000000000e+00 7.273999999999999355e-01 2.637999999999999790e-01 8.800000000000000530e-03 1.901347815603834761e+03
2.990000000000000000e+02 1.555868969011458205e+02 1.612812678168237471e+04 9.169999999999999263e-01 1.286255769758575473e+00 0.000000000000000000e+00 2.599782661375309861e-02 0.000000000000000000e+00 2.155484742999005184e+19 1.000000000000000000e+00 0.000000000000000000e+00 0.000000000000000000e+00 7.273999999999999355e-01 2.637999999999999790e-01 8.800000000000000530e-03 2.295899593538734734e+03
3.000000000000000000e+02 1.594400403240313722e+02 1.782912099509988548e+04 9.169999999999999263e-01 1.182010806120544100e+00 0.000000000000000000e+00 4.608786447393205254e-02 0.000000000000000000e+00 2.405999413453775667e+19 1.000000000000000000e+00 0.000000000000000000e+00 0.000000000000000000e+00 7.273999999999999355e-01 2.637999999999999790e-01 8.800000000000000530e-03 2.487652387209719109e+03
3.010000000000000000e+02 1.545485887779542793e+02 1.753097203946207446e+04 9.189999999999999281e-01 1.129018644910428026e+00 0.000000000000000000e+00 1.000000000000000056e-01 1.570796326794896558e+00 2.389301750514197709e+19 1.000000000000000000e+00 0.000000000000000000e+00 0.000000000000000000e+00 7.273999999999999355e-01 2.637999999999999790e-01 8.800000000000000530e-03 2.454316379951091676e+03
3.020000000000000000e+02 2.762261582663248305e+02 1.855256781756619966e+04 9.169999999999999263e-01 4.823125935066001624e-01 0.000000000000000000e+00 9.000000000000001055e-02 0.000000000000000000e+00 2.553503971658260890e+19 1.000000000000000000e+00 0.000000000000000000e+00 0.000000000000000000e+00 7.273999999999999355e-01 2.637999999999999790e-01 8.800000000000000530e-03 2.568082494249347292e+03
3.030000000000000000e+02 1.246804293417107772e+02 1.872355450561730686e+04 9.169999999999999263e-01 4.684324289225143545e-01 0.000000000000000000e+00 9.000000000000001055e-02 1.570796326794896558e+00 2.602624860544697549e+19 1.000000000000000000e+00 0.000000000000000000e+00 0.000000000000000000e+00 7.273999999999999355e-01 2.637999999999999790e-01 8.800000000000000530e-03 2.586999755190000542e+03
3.040000000000000000e+02 1.911815217254662116e+02 1.950459649048172651e+04 9.169999999999999263e-01 4.880012703173716160e-01 0.000000000000000000e+00 8.100000000000001643e-02 1.570796326794896558e+00 2.738177869505143603e+19 1.000000000000000000e+00 0.000000000000000000e+00 0.000000000000000000e+00 7.273999999999999355e-01 2.637999999999999790e-01 8.800000000000000530e-03 2.672977630423359642e+03
3.050000000000000000e+02 3.554395160218419392e+02 2.140971834638689688e+04 9.209999999999999298e-01 4.749479153102259543e-01 0.000000000000000000e+00 9.000000000000001055e-02 0.000000000000000000e+00 3.036390252493876429e+19 1.000000000000000000e+00 0.000000000000000000e+00 0.000000000000000000e+00 7.273999999999999355e-01 2.637999999999999790e-01 8.800000000000000530e-03 2.879880793157455173e+03
3.060000000000000000e+02 2.153278020291639621e+02 2.216914588697596992e+04 9.169999999999999263e-01 1.833224416443379745e+00 0.000000000000000000e+00 1.481243407376315636e-02 0.000000000000000000e+00 3.176030242092854477e+19 1.000000000000000000e+00 0.000000000000000000e+00 0.000000000000000000e+00 7.273999999999999355e-01 2.637999999999999790e-01 8.800000000000000530e-03 2.961317119045239451e+03
3.070000000000000000e+02 2.541963762289449562e+02 2.304936312190566605e+04 9.169999999999999263e-01 7.599519302803142695e-01 0.000000000000000000e+00 9.000000000000001055e-02 0.000000000000000000e+00 3.335755670760661402e+19 1.000000000000000000e+00 0.000000000000000000e+00 0.000000000000000000e+00 7.273999999999999355e-01 2.637999999999999790e-01 8.800000000000000530e-03 3.055011800265472175e+03
3.090000000000000000e+02 1.579218112056261702e+02 2.551933025053056190e+04 9.169999999999999263e-01 1.759396567156611413e+00 0.000000000000000000e+00 1.000000000000000056e-01 0.000000000000000000e+00 3.769831090881542554e+19 1.000000000000000000e+00 0.000000000000000000e+00 0.000000000000000000e+00 7.273999999999999355e-01 2.637999999999999790e-01 8.800000000000000530e-03 3.314218719365737797e+03
3.100000000000000000e+02 1.970741777471690455e+02 2.574476546691053227e+04 9.169999999999999263e-01 5.791304389169950051e-01 0.000000000000000000e+00 1.000000000000000056e-01 1.570796326794896558e+00 3.843021404358113690e+19 1.000000000000000000e+00 0.000000000000000000e+00 0.000000000000000000e+00 7.273999999999999355e-01 2.637999999999999790e-01 8.800000000000000530e-03 3.337620083282457472e+03
3.110000000000000000e+02 2.046587769412496414e+02 2.879285486015870993e+04 9.169999999999999263e-01 9.381200883021167947e-01 0.000000000000000000e+00 1.498375095388759272e-02 0.000000000000000000e+00 4.342942943540720435e+19 1.000000000000000000e+00 0.000000000000000000e+00 0.000000000000000000e+00 7.273999999999999355e-01 2.637999999999999790e-01 8.800000000000000530e-03 3.650173691541348035e+03
3.120000000000000000e+02 2.088228656311310374e+02 2.951890354591259165e+04 9.169999999999999263e-01 1.246975464309562742e+00 0.000000000000000000e+00 1.038946116764990352e-02 0.000000000000000000e+00 4.499938072895964774e+19 1.000000000000000000e+00 0.000000000000000000e+00 0.000000000000000000e+00 7.273999999999999355e-01 2.637999999999999790e-01 8.800000000000000530e-03 3.723624899701274444e+03
3.130000000000000000e+02 1.853304114855068860e+02 3.080592814045509294e+04 9.169999999999999263e-01 6.643770994076330094e-01 0.000000000000000000e+00 9.000000000000001055e-02 1.570796326794896558e+00 4.746242724198495027e+19 1.000000000000000000e+00 0.000000000000000000e+00 0.000000000000000000e+00 7.273999999999999355e-01 2.637999999999999790e-01 8.800000000000000530e-03 3.852948344720457499e+03
3.140000000000000000e+02 2.011497340884103266e+02 3.355239206690786523e+04 9.169999999999999263e-01 9.990085137401649718e-01 0.000000000000000000e+00 8.100000000000001643e-02 0.000000000000000000e+00 5.224565506358376858e+19 1.000000000000000000e+00 0.000000000000000000e+00 0.000000000000000000e+00 7.273999999999999355e-01 2.637999999999999790e-01 8.800000000000000530e-03 4.125385507393434636e+03
3.160000000000000000e+02 6.260803429508752060e+02 3.692402580557615147e+04 9.169999999999999263e-01 1.768204510040261912e+00 0.000000000000000000e+00 9.000000000000001055e-02 0.000000000000000000e+00 5.875425631775049318e+19 1.000000000000000000e+00 0.000000000000000000e+00 0.000000000000000000e+00 7.273999999999999355e-01 2.637999999999999790e-01 8.800000000000000530e-03 4.453823319459163031e+03
3.220000000000000000e+02 2.485622758740653637e+02 5.053501475029447465e+04 9.169999999999999263e-01 1.398701353794431279e+00 0.000000000000000000e+00 1.000000000000000056e-01 1.570796326794896558e+00 8.594290995801051955e+19 1.000000000000000000e+00 0.000000000000000000e+00 0.000000000000000000e+00 7.273999999999999355e-01 2.637999999999999790e-01 8.800000000000000530e-03 5.724791388755313164e+03
3.230000000000000000e+02 1.541390246313173691e+02 5.382159505277110293e+04 9.169999999999999263e-01 1.147055704076502813e+00 0.000000000000000000e+00 1.000000000000000056e-01 1.570796326794896558e+00 9.258281466594531738e+19 1.000000000000000000e+00 0.000000000000000000e+00 0.000000000000000000e+00 7.273999999999999355e-01 2.637999999999999790e-01 8.800000000000000530e-03 6.020755618902782771e+03
3.240000000000000000e+02 2.343545981449902058e+02 5.553796973456349951e+04 9.169999999999999263e-01 1.655793068251960598e+00 0.000000000000000000e+00 1.000000000000000056e-01 1.570796326794896558e+00 9.663067951589144986e+19 1.000000000000000000e+00 0.000000000000000000e+00 0.000000000000000000e+00 7.273999999999999355e-01 2.637999999999999790e-01 8.800000000000000530e-03 6.173873799058424993e+03
3.250000000000000000e+02 1.289202115565625490e+02 5.915180405914064613e+04 9.169999999999999263e-01 7.353184233739296083e-01 0.000000000000000000e+00 9.000000000000001055e-02 1.570796326794896558e+00 1.041286963318228582e+20 1.000000000000000000e+00 0.000000000000000000e+00 0.000000000000000000e+00 7.273999999999999355e-01 2.637999999999999790e-01 8.800000000000000530e-03 6.493220391939343244e+03
3.270000000000000000e+02 1.284142990874326813e+02 6.484138679214841250e+04 9.169999999999999263e-01 1.407909945687039199e+00 0.000000000000000000e+00 1.667718169966658087e-02 0.000000000000000000e+00 1.168218580704581550e+20 1.000000000000000000e+00 0.000000000000000000e+00 0.000000000000000000e+00 7.273999999999999355e-01 2.637999999999999790e-01 8.800000000000000530e-03 6.988236335162439900e+03
3.310000000000000000e+02 7.700000000000001137e+02 8.455603161713591544e+04 9.169999999999999263e-01 8.065325382964817491e-01 0.000000000000000000e+00 1.000000000000000056e-01 1.570796326794896558e+00 1.598078864865962557e+20 1.000000000000000000e+00 0.000000000000000000e+00 0.000000000000000000e+00 7.273999999999999355e-01 2.637999999999999790e-01 8.800000000000000530e-03 8.641744505052822205e+03
3.320000000000000000e+02 7.700000000000001137e+02 8.608285776424738287e+04 9.169999999999999263e-01 1.206431129936654356e+00 0.000000000000000000e+00 1.000000000000000056e-01 0.000000000000000000e+00 1.646759847317056717e+20 1.000000000000000000e+00 0.000000000000000000e+00 0.000000000000000000e+00 7.273999999999999355e-01 2.637999999999999790e-01 8.800000000000000530e-03 8.766355714352175710e+03
3.410000000000000000e+02 7.700000000000001137e+02 1.516905197415108269e+05 9.169999999999999263e-01 1.392574021496276959e+00 0.000000000000000000e+00 1.000000000000000056e-01 1.570796326794896558e+00 3.252441779759585690e+20 1.000000000000000000e+00 0.000000000000000000e+00 0.000000000000000000e+00 7.273999999999999355e-01 2.637999999999999790e-01 8.800000000000000530e-03 1.379280193201586553e+04
3.430000000000000000e+02 7.700000000000001137e+02 1.686734828187722596e+05 9.169999999999999263e-01 5.086282767412921846e-01 0.000000000000000000e+00 1.000000000000000056e-01 1.570796326794896558e+00 3.713885243997051945e+20 1.000000000000000000e+00 0.000000000000000000e+00 0.000000000000000000e+00 7.273999999999999355e-01 2.637999999999999790e-01 8.800000000000000530e-03 1.501492606911089752e+04
3.450000000000000000e+02 7.700000000000001137e+02 1.891023521870139812e+05 9.169999999999999263e-01 1.347237530580963405e+00 0.000000000000000000e+00 1.000000000000000056e-01 1.570796326794896558e+00 4.277080166172514714e+20 1.000000000000000000e+00 0.000000000000000000e+00 0.000000000000000000e+00 7.273999999999999355e-01 2.637999999999999790e-01 8.800000000000000530e-03 1.645293162724464128e+04
3.480000000000000000e+02 7.700000000000001137e+02 2.312955447110948735e+05 9.169999999999999263e-01 4.732878688272468826e-01 0.000000000000000000e+00 1.000000000000000056e-01 1.570796326794896558e+00 5.452330377541174559e+20 1.000000000000000000e+00 0.000000000000000000e+00 0.000000000000000000e+00 7.273999999999999355e-01 2.637999999999999790e-01 8.800000000000000530e-03 1.932945290428243970e+04
3.500000000000000000e+02 7.700000000000001137e+02 2.607731735492607986e+05 9.169999999999999263e-01 1.054340930775544694e+00 0.000000000000000000e+00 1.000000000000000056e-01 0.000000000000000000e+00 6.322647899123068436e+20 1.000000000000000000e+00 0.000000000000000000e+00 0.000000000000000000e+00 7.273999999999999355e-01 2.637999999999999790e-01 8.800000000000000530e-03 2.127629866196269359e+04
3.520000000000000000e+02 7.700000000000001137e+02 2.978050958817275823e+05 9.169999999999999263e-01 0.000000000000000000e+00 0.000000000000000000e+00 1.000000000000000056e-01 1.570796326794896558e+00 7.430288571788363039e+20 1.000000000000000000e+00 0.000000000000000000e+00 0.000000000000000000e+00 7.273999999999999355e-01 2.637999999999999790e-01 8.800000000000000530e-03 2.366091024475387530e+04
3.540000000000000000e+02 7.700000000000001137e+02 3.468944796339237946e+05 9.169999999999999263e-01 1.279455791847392554e+00 0.000000000000000000e+00 1.000000000000000056e-01 0.000000000000000000e+00 8.911093900704996393e+20 1.000000000000000000e+00 0.000000000000000000e+00 0.000000000000000000e+00 7.273999999999999355e-01 2.637999999999999790e-01 8.800000000000000530e-03 2.673275136411532003e+04
3.550000000000000000e+02 7.700000000000001137e+02 3.710503453618399799e+05 9.169999999999999263e-01 5.024414321321063470e-01 0.000000000000000000e+00 1.000000000000000056e-01 1.570796326794896558e+00 9.672617684039560069e+20 1.000000000000000000e+00 0.000000000000000000e+00 0.000000000000000000e+00 7.273999999999999355e-01 2.637999999999999790e-01 8.800000000000000530e-03 2.821187950695817199e+04
3.570000000000000000e+02 7.700000000000001137e+02 4.249329912863423233e+05 9.169999999999999263e-01 1.998412347425801538e+00 0.000000000000000000e+00 1.000000000000000056e-01 0.000000000000000000e+00 1.141478064094182506e+21 1.000000000000000000e+00 0.000000000000000000e+00 0.000000000000000000e+00 7.273999999999999355e-01 2.637999999999999790e-01 8.800000000000000530e-03 3.144431285104631024e+04
3.590000000000000000e+02 7.700000000000001137e+02 4.939454623529369710e+05 9.169999999999999263e-01 1.447558547588374767e+00 0.000000000000000000e+00 1.000000000000000056e-01 1.570796326794896558e+00 1.367815128241732583e+21 1.000000000000000000e+00 0.000000000000000000e+00 0.000000000000000000e+00 7.273999999999999355e-01 2.637999999999999790e-01 8.800000000000000530e-03 3.546736695449492981e+04
3.600000000000000000e+02 7.700000000000001137e+02 5.292257507808665978e+05 9.169999999999999263e-01 1.153851143666003942e+00 0.000000000000000000e+00 1.000000000000000056e-01 0.000000000000000000e+00 1.488451381861874139e+21 1.000000000000000000e+00 0.000000000000000000e+00 0.000000000000000000e+00 7.273999999999999355e-01 2.637999999999999790e-01 8.800000000000000530e-03 3.747990853171385970e+04
3.610000000000000000e+02 7.700000000000001137e+02 5.690180669868052937e+05 9.169999999999999263e-01 1.042103941224806096e+00 0.000000000000000000e+00 1.000000000000000056e-01 1.570796326794896558e+00 1.625493308825736839e+21 1.000000000000000000e+00 0.000000000000000000e+00 0.000000000000000000e+00 7.273999999999999355e-01 2.637999999999999790e-01 8.800000000000000530e-03 3.971792880151013378e+04
3.620000000000000000e+02 7.700000000000001137e+02 6.157858077026079409e+05 9.169999999999999263e-01 1.606864211774584605e+00 0.000000000000000000e+00 1.000000000000000056e-01 1.570796326794896558e+00 1.786989430947799368e+21 1.000000000000000000e+00 0.000000000000000000e+00 0.000000000000000000e+00 7.273999999999999355e-01 2.637999999999999790e-01 8.800000000000000530e-03 4.230868122251511522e+04
3.640000000000000000e+02 7.700000000000001137e+02 3.102612340414382634e+05 9.169999999999999263e-01 1.294042039438290770e+00 0.000000000000000000e+00 1.000000000000000056e-01 1.570796326794896558e+00 9.270830436937207644e+20 1.000000000000000000e+00 0.000000000000000000e+00 0.000000000000000000e+00 7.273999999999999355e-01 2.637999999999999790e-01 8.800000000000000530e-03 2.444937493737438126e+04
