# id_num orb_a mass spin spin_angle orb_inc orb_ecc orb_arg_periapse orb_ang_mom gen galaxy time_passed star_X star_Y star_Z radius
2.370000000000000000e+02 4.088656855250078337e+01 1.524632670434787087e+03 9.669999999999999707e-01 1.249664039431730433e+00 0.000000000000000000e+00 7.779877612176533397e-01 0.000000000000000000e+00 1.239694519376444416e+18 1.000000000000000000e+00 0.000000000000000000e+00 0.000000000000000000e+00 7.273999999999999355e-01 2.637999999999999790e-01 8.800000000000000530e-03 3.510859378034214728e+02
2.400000000000000000e+02 5.297324431053003480e+01 1.789564442164383991e+03 9.669999999999999707e-01 1.215035704502011704e+00 0.000000000000000000e+00 4.804405411113087943e-01 0.000000000000000000e+00 1.486534102637951232e+18 1.000000000000000000e+00 0.000000000000000000e+00 0.000000000000000000e+00 7.273999999999999355e-01 2.637999999999999790e-01 8.800000000000000530e-03 3.990976136309886897e+02
2.420000000000000000e+02 5.458556876998694918e+01 1.903748481000991205e+03 9.669999999999999707e-01 7.942701511549711269e-01 0.000000000000000000e+00 3.349213605182649323e-01 0.000000000000000000e+00 1.603689101884227328e+18 1.000000000000000000e+00 0.000000000000000000e+00 0.000000000000000000e+00 7.273999999999999355e-01 2.637999999999999790e-01 8.800000000000000530e-03 4.193425321215597137e+02
2.430000000000000000e+02 5.546671613965963132e+01 2.019911923057482227e+03 9.669999999999999707e-01 1.082752084098621781e+00 0.000000000000000000e+00 5.234749693361511191e-01 1.570796326794896558e+00 1.713876966859942912e+18 1.000000000000000000e+00 0.000000000000000000e+00 0.000000000000000000e+00 7.273999999999999355e-01 2.637999999999999790e-01 8.800000000000000530e-03 4.396906227990345428e+02
2.470000000000000000e+02 5.304336342079397326e+01 2.158859694475695051e+03 9.669999999999999707e-01 1.387575882139195915e+00 0.000000000000000000e+00 5.436451492292960763e-01 0.000000000000000000e+00 1.885944404273515264e+18 1.000000000000000000e+00 0.000000000000000000e+00 0.000000000000000000e+00 7.273999999999999355e-01 2.637999999999999790e-01 8.800000000000000530e-03 4.637253012041958868e+02
2.480000000000000000e+02 6.010149136306826989e+01 2.337708058642177093e+03 9.669999999999999707e-01 1.201509705169645059e+00 0.000000000000000000e+00 1.547601939552248063e-01 1.570796326794896558e+00 2.057393945417963008e+18 1.000000000000000000e+00 0.000000000000000000e+00 0.000000000000000000e+00 7.273999999999999355e-01 2.637999999999999790e-01 8.800000000000000530e-03 4.942122164995912499e+02
2.490000000000000000e+02 6.093645979671556745e+01 2.208427836622653558e+03 9.669999999999999707e-01 1.369947169061170200e+00 0.000000000000000000e+00 6.691772869234524634e-02 0.000000000000000000e+00 1.957424111586551296e+18 1.000000000000000000e+00 0.000000000000000000e+00 0.000000000000000000e+00 7.273999999999999355e-01 2.637999999999999790e-01 8.800000000000000530e-03 4.722237520302240341e+02
2.500000000000000000e+02 4.993411198664798434e+01 2.339206059752011697e+03 9.669999999999999707e-01 1.277701345936757660e+00 0.000000000000000000e+00 6.616249657801260842e-01 0.000000000000000000e+00 2.088942388971350528e+18 1.000000000000000000e+00 0.000000000000000000e+00 0.000000000000000000e+00 7.273999999999999355e-01 2.637999999999999790e-01 8.800000000000000530e-03 4.944655528451368696e+02
2.520000000000000000e+02 5.145932984131289345e+01 2.534474317153678385e+03 9.669999999999999707e-01 4.275393267796516739e-01 0.000000000000000000e+00 7.331732209916823617e-01 0.000000000000000000e+00 2.296806744061705984e+18 1.000000000000000000e+00 0.000000000000000000e+00 0.000000000000000000e+00 7.273999999999999355e-01 2.637999999999999790e-01 8.800000000000000530e-03 5.272196314279248099e+02
2.540000000000000000e+02 4.834190993146697224e+01 3.087233582200969977e+03 9.669999999999999707e-01 1.174654494472363142e+00 0.000000000000000000e+00 5.701852018892382690e-01 0.000000000000000000e+00 2.840146623138637824e+18 1.000000000000000000e+00 0.000000000000000000e+00 0.000000000000000000e+00 7.273999999999999355e-01 2.637999999999999790e-01 8.800000000000000530e-03 6.173576715006403219e+02
2.550000000000000000e+02 6.778616198623896594e+01 2.864415778881786991e+03 9.669999999999999707e-01 1.087606113845932310e+00 0.000000000000000000e+00 3.732924995889522202e-01 0.000000000000000000e+00 2.656306168627634176e+18 1.000000000000000000e+00 0.000000000000000000e+00 0.000000000000000000e+00 7.273999999999999355e-01 2.637999999999999790e-01 8.800000000000000530e-03 5.814469588200329326e+02
2.560000000000000000e+02 6.881879658283683909e+01 2.803935065222481171e+03 9.669999999999999707e-01 4.313564649458868638e-01 0.000000000000000000e+00 5.189626249642401157e-02 1.570796326794896558e+00 2.618963319505012224e+18 1.000000000000000000e+00 0.000000000000000000e+00 0.000000000000000000e+00 7.273999999999999355e-01 2.637999999999999790e-01 8.800000000000000530e-03 5.716044733167825598e+02
2.570000000000000000e+02 5.635333391862801733e+01 3.159981633730747035e+03 9.669999999999999707e-01 5.027916236078047163e-01 0.000000000000000000e+00 6.657292436775820166e-01 0.000000000000000000e+00 2.975053809683944448e+18 1.000000000000000000e+00 0.000000000000000000e+00 0.000000000000000000e+00 7.273999999999999355e-01 2.637999999999999790e-01 8.800000000000000530e-03 6.289685123326079292e+02
2.580000000000000000e+02 5.725354553516095280e+01 3.264820955419746042e+03 9.669999999999999707e-01 5.632370558175988640e-01 0.000000000000000000e+00 6.976243837221232091e-01 0.000000000000000000e+00 3.097094116650190336e+18 1.000000000000000000e+00 0.000000000000000000e+00 0.000000000000000000e+00 7.273999999999999355e-01 2.637999999999999790e-01 8.800000000000000530e-03 6.456077764116868138e+02
2.620000000000000000e+02 5.496737139234819125e+01 3.362158841628754544e+03 9.669999999999999707e-01 1.182964889502378325e+00 0.000000000000000000e+00 6.582119788963378682e-01 1.570796326794896558e+00 3.290245762141966848e+18 1.000000000000000000e+00 0.000000000000000000e+00 0.000000000000000000e+00 7.273999999999999355e-01 2.637999999999999790e-01 8.800000000000000530e-03 6.609610070201129020e+02
2.650000000000000000e+02 9.155852423814873475e+01 3.946211353157585108e+03 9.669999999999999707e-01 1.128699477875701573e+00 0.000000000000000000e+00 1.771750337610775508e-02 0.000000000000000000e+00 3.955485919172362752e+18 1.000000000000000000e+00 0.000000000000000000e+00 0.000000000000000000e+00 7.273999999999999355e-01 2.637999999999999790e-01 8.800000000000000530e-03 7.513210050171184093e+02
2.670000000000000000e+02 6.117796510171650226e+01 4.191314779252693370e+03 9.669999999999999707e-01 7.910798063918204059e-01 0.000000000000000000e+00 5.483101255123306039e-01 0.000000000000000000e+00 4.270262737965568000e+18 1.000000000000000000e+00 0.000000000000000000e+00 0.000000000000000000e+00 7.273999999999999355e-01 2.637999999999999790e-01 8.800000000000000530e-03 7.884269854348258377e+02
2.690000000000000000e+02 8.067284179548776990e+01 4.227426180613058932e+03 9.669999999999999707e-01 1.302604965524895242e+00 0.000000000000000000e+00 1.226445221268011865e-01 1.570796326794896558e+00 4.375965655113744384e+18 1.000000000000000000e+00 0.000000000000000000e+00 0.000000000000000000e+00 7.273999999999999355e-01 2.637999999999999790e-01 8.800000000000000530e-03 7.938566434434525263e+02
2.700000000000000000e+02 1.017147071291074525e+02 4.500000309532798383e+03 9.669999999999999707e-01 5.422365534738959880e-01 0.000000000000000000e+00 4.334617723691785995e-02 1.570796326794896558e+00 4.696358089387924480e+18 1.000000000000000000e+00 0.000000000000000000e+00 0.000000000000000000e+00 7.273999999999999355e-01 2.637999999999999790e-01 8.800000000000000530e-03 8.345479455159804729e+02
2.730000000000000000e+02 1.085485187806509089e+02 5.465655021103456420e+03 9.669999999999999707e-01 3.303522239526365256e-01 0.000000000000000000e+00 3.560887832874192610e-02 0.000000000000000000e+00 5.847137214230938624e+18 1.000000000000000000e+00 0.000000000000000000e+00 0.000000000000000000e+00 7.273999999999999355e-01 2.637999999999999790e-01 8.800000000000000530e-03 9.749784817195052256e+02
2.740000000000000000e+02 1.036580745651231865e+02 5.938483091492699714e+03 9.669999999999999707e-01 2.191662641685279134e-01 0.000000000000000000e+00 1.000000000000000056e-01 1.570796326794896558e+00 6.408609557027192832e+18 1.000000000000000000e+00 0.000000000000000000e+00 0.000000000000000000e+00 7.273999999999999355e-01 2.637999999999999790e-01 8.800000000000000530e-03 1.041889537224812784e+03
2.780000000000000000e+02 1.245960528246566241e+02 6.438844518461271946e+03 9.669999999999999707e-01 1.386545403209880067e+00 0.000000000000000000e+00 1.757920488033517040e-02 0.000000000000000000e+00 7.186642143128120320e+18 1.000000000000000000e+00 0.000000000000000000e+00 0.000000000000000000e+00 7.273999999999999355e-01 2.637999999999999790e-01 8.800000000000000530e-03 1.111546429343488171e+03
2.790000000000000000e+02 8.647871809588491487e+01 7.923322021710224362e+03 9.669999999999999707e-01 1.028696866473521432e+00 0.000000000000000000e+00 1.378784930755649618e-01 0.000000000000000000e+00 8.920182765262683136e+18 1.000000000000000000e+00 0.000000000000000000e+00 0.000000000000000000e+00 7.273999999999999355e-01 2.637999999999999790e-01 8.800000000000000530e-03 1.312221360598227193e+03
2.800000000000000000e+02 6.611526131109674509e+01 6.339641890412741304e+03 9.669999999999999707e-01 5.736164510118287874e-01 0.000000000000000000e+00 4.102174351285064469e-01 0.000000000000000000e+00 7.200797371693699072e+18 1.000000000000000000e+00 0.000000000000000000e+00 0.000000000000000000e+00 7.273999999999999355e-01 2.637999999999999790e-01 8.800000000000000530e-03 1.097824803120811339e+03
2.820000000000000000e+02 1.296866708154875596e+02 7.747779658380345609e+03 9.669999999999999707e-01 5.502246949543837529e-01 0.000000000000000000e+00 4.013064827986703026e-02 1.570796326794896558e+00 8.953943273023320064e+18 1.000000000000000000e+00 0.000000000000000000e+00 0.000000000000000000e+00 7.273999999999999355e-01 2.637999999999999790e-01 8.800000000000000530e-03 1.288911404333946848e+03
2.830000000000000000e+02 9.945683416158775003e+01 8.060715739753852176e+03 9.669999999999999707e-01 1.588253269753329144e+00 0.000000000000000000e+00 3.463916395736280768e-02 0.000000000000000000e+00 9.397790942231738368e+18 1.000000000000000000e+00 0.000000000000000000e+00 0.000000000000000000e+00 7.273999999999999355e-01 2.637999999999999790e-01 8.800000000000000530e-03 1.330393585537583249e+03
2.860000000000000000e+02 1.283925519737048546e+02 9.052379494407567108e+03 9.669999999999999707e-01 1.659517749258499597e+00 0.000000000000000000e+00 4.707311543513079816e-02 1.570796326794896558e+00 1.083742994754469888e+19 1.000000000000000000e+00 0.000000000000000000e+00 0.000000000000000000e+00 7.273999999999999355e-01 2.637999999999999790e-01 8.800000000000000530e-03 1.459793613005352427e+03
2.880000000000000000e+02 1.098410981586098103e+02 9.967760048737518446e+03 9.669999999999999707e-01 9.102473274498147360e-01 0.000000000000000000e+00 1.872653016844879476e-02 1.570796326794896558e+00 1.215629530930367283e+19 1.000000000000000000e+00 0.000000000000000000e+00 0.000000000000000000e+00 7.273999999999999355e-01 2.637999999999999790e-01 8.800000000000000530e-03 1.576737211537985786e+03
2.890000000000000000e+02 1.247859338274940058e+02 1.123326604788642362e+04 9.669999999999999707e-01 1.391198411799928314e+00 0.000000000000000000e+00 1.826944956480474475e-02 0.000000000000000000e+00 1.382137968380247859e+19 1.000000000000000000e+00 0.000000000000000000e+00 0.000000000000000000e+00 7.273999999999999355e-01 2.637999999999999790e-01 8.800000000000000530e-03 1.734946524481743836e+03
2.900000000000000000e+02 1.556718878597828564e+02 1.084766173464987151e+04 9.669999999999999707e-01 1.403458570398380845e+00 0.000000000000000000e+00 1.000000000000000056e-01 0.000000000000000000e+00 1.346792530807685734e+19 1.000000000000000000e+00 0.000000000000000000e+00 0.000000000000000000e+00 7.273999999999999355e-01 2.637999999999999790e-01 8.800000000000000530e-03 1.687136280330034651e+03
2.930000000000000000e+02 1.516344752346932694e+02 1.266138538403928396e+04 9.669999999999999707e-01 6.986930176285032212e-01 0.000000000000000000e+00 1.000000000000000056e-01 1.570796326794896558e+00 1.616463192549774131e+19 1.000000000000000000e+00 0.000000000000000000e+00 0.000000000000000000e+00 7.273999999999999355e-01 2.637999999999999790e-01 8.800000000000000530e-03 1.909265125168080658e+03
2.940000000000000000e+02 1.788564477319775108e+02 1.259578940487070031e+04 9.669999999999999707e-01 5.679279019649817739e-01 0.000000000000000000e+00 1.802966007227426934e-02 1.570796326794896558e+00 1.623382181274541670e+19 1.000000000000000000e+00 0.000000000000000000e+00 0.000000000000000000e+00 7.273999999999999355e-01 2.637999999999999790e-01 8.800000000000000530e-03 1.901347815603834761e+03
2.990000000000000000e+02 1.284573522380179895e+02 1.594371571965883777e+04 9.669999999999999707e-01 9.372557697585761627e-01 0.000000000000000000e+00 1.000000000000000056e-01 0.000000000000000000e+00 2.155484742999005184e+19 1.000000000000000000e+00 0.000000000000000000e+00 0.000000000000000000e+00 7.273999999999999355e-01 2.637999999999999790e-01 8.800000000000000530e-03 2.295899593538734734e+03
3.000000000000000000e+02 1.536824560473100121e+02 1.762526054793459116e+04 9.669999999999999707e-01 8.330108061205446779e-01 0.000000000000000000e+00 8.100000000000001643e-02 0.000000000000000000e+00 2.405999413453775667e+19 1.000000000000000000e+00 0.000000000000000000e+00 0.000000000000000000e+00 7.273999999999999355e-01 2.637999999999999790e-01 8.800000000000000530e-03 2.487652387209719109e+03
3.010000000000000000e+02 1.561102543356882393e+02 1.733052066554468911e+04 9.669999999999999707e-01 7.939786449104286881e-01 0.000000000000000000e+00 1.000000000000000056e-01 1.570796326794896558e+00 2.389301750514197709e+19 1.000000000000000000e+00 0.000000000000000000e+00 0.000000000000000000e+00 7.273999999999999355e-01 2.637999999999999790e-01 8.800000000000000530e-03 2.454316379951091676e+03
3.020000000000000000e+02 1.499849547334206932e+02 1.834043538701096259e+04 9.669999999999999707e-01 1.333125935066008516e-01 0.000000000000000000e+00 2.467886386759047743e-02 0.000000000000000000e+00 2.553503971658260890e+19 1.000000000000000000e+00 0.000000000000000000e+00 0.000000000000000000e+00 7.273999999999999355e-01 2.637999999999999790e-01 8.800000000000000530e-03 2.568082494249347292e+03
3.030000000000000000e+02 1.643192293101758708e+02 1.850946699142700527e+04 9.669999999999999707e-01 1.194324289225150298e-01 0.000000000000000000e+00 8.100000000000001643e-02 1.570796326794896558e+00 2.602624860544697549e+19 1.000000000000000000e+00 0.000000000000000000e+00 0.000000000000000000e+00 7.273999999999999355e-01 2.637999999999999790e-01 8.800000000000000530e-03 2.586999755190000542e+03
3.040000000000000000e+02 1.943644048863250475e+02 1.928157844245674642e+04 9.669999999999999707e-01 1.390012703173723052e-01 0.000000000000000000e+00 3.334845005350091374e-02 1.570796326794896558e+00 2.738177869505143603e+19 1.000000000000000000e+00 0.000000000000000000e+00 0.000000000000000000e+00 7.273999999999999355e-01 2.637999999999999790e-01 8.800000000000000530e-03 2.672977630423359642e+03
3.050000000000000000e+02 1.706028747824267953e+02 2.116491689167821824e+04 9.669999999999999707e-01 1.538679153102265884e-01 0.000000000000000000e+00 4.730312645449889775e-02 0.000000000000000000e+00 3.036390252493876429e+19 1.000000000000000000e+00 0.000000000000000000e+00 0.000000000000000000e+00 7.273999999999999355e-01 2.637999999999999790e-01 8.800000000000000530e-03 2.879880793157455173e+03
3.060000000000000000e+02 2.265701783640640201e+02 2.191566104074973919e+04 9.669999999999999707e-01 1.484224416443380434e+00 0.000000000000000000e+00 9.000000000000001055e-02 0.000000000000000000e+00 3.176030242092854477e+19 1.000000000000000000e+00 0.000000000000000000e+00 0.000000000000000000e+00 7.273999999999999355e-01 2.637999999999999790e-01 8.800000000000000530e-03 2.961317119045239451e+03
3.070000000000000000e+02 1.792244045733640974e+02 2.278581375936566474e+04 9.669999999999999707e-01 4.109519302803149032e-01 0.000000000000000000e+00 1.000000000000000056e-01 0.000000000000000000e+00 3.335755670760661402e+19 1.000000000000000000e+00 0.000000000000000000e+00 0.000000000000000000e+00 7.273999999999999355e-01 2.637999999999999790e-01 8.800000000000000530e-03 3.055011800265472175e+03
3.090000000000000000e+02 2.527554405799692177e+02 2.522753896829842779e+04 9.669999999999999707e-01 1.410396567156612102e+00 0.000000000000000000e+00 9.000000000000001055e-02 0.000000000000000000e+00 3.769831090881542554e+19 1.000000000000000000e+00 0.000000000000000000e+00 0.000000000000000000e+00 7.273999999999999355e-01 2.637999999999999790e-01 8.800000000000000530e-03 3.314218719365737797e+03
3.100000000000000000e+02 1.876095669231976899e+02 2.545039652961448155e+04 9.669999999999999707e-01 2.301304389169956943e-01 0.000000000000000000e+00 2.891913268180038715e-02 1.570796326794896558e+00 3.843021404358113690e+19 1.000000000000000000e+00 0.000000000000000000e+00 0.000000000000000000e+00 7.273999999999999355e-01 2.637999999999999790e-01 8.800000000000000530e-03 3.337620083282457472e+03
3.110000000000000000e+02 1.693003136206881720e+02 2.846363367934049893e+04 9.669999999999999707e-01 5.891200883021174839e-01 0.000000000000000000e+00 3.673574251189945516e-02 0.000000000000000000e+00 4.342942943540720435e+19 1.000000000000000000e+00 0.000000000000000000e+00 0.000000000000000000e+00 7.273999999999999355e-01 2.637999999999999790e-01 8.800000000000000530e-03 3.650173691541348035e+03
3.120000000000000000e+02 1.699819926824941945e+02 2.918138063166723441e+04 9.669999999999999707e-01 8.979754643095634314e-01 0.000000000000000000e+00 3.572928548053923292e-02 0.000000000000000000e+00 4.499938072895964774e+19 1.000000000000000000e+00 0.000000000000000000e+00 0.000000000000000000e+00 7.273999999999999355e-01 2.637999999999999790e-01 8.800000000000000530e-03 3.723624899701274444e+03
3.130000000000000000e+02 1.623806834257104867e+02 3.045368922257566373e+04 9.669999999999999707e-01 3.153770994076336986e-01 0.000000000000000000e+00 1.000000000000000056e-01 1.570796326794896558e+00 4.746242724198495027e+19 1.000000000000000000e+00 0.000000000000000000e+00 0.000000000000000000e+00 7.273999999999999355e-01 2.637999999999999790e-01 8.800000000000000530e-03 3.852948344720457499e+03
3.140000000000000000e+02 1.669425145543495148e+02 3.316874972962687752e+04 9.669999999999999707e-01 6.500085137401656610e-01 0.000000000000000000e+00 3.122587932697655846e-02 0.000000000000000000e+00 5.224565506358376858e+19 1.000000000000000000e+00 0.000000000000000000e+00 0.000000000000000000e+00 7.273999999999999355e-01 2.637999999999999790e-01 8.800000000000000530e-03 4.125385507393434636e+03
3.160000000000000000e+02 1.917253098990331921e+02 3.650183177739399980e+04 9.669999999999999707e-01 1.419204510040262601e+00 0.000000000000000000e+00 1.528366751281168452e-02 0.000000000000000000e+00 5.875425631775049318e+19 1.000000000000000000e+00 0.000000000000000000e+00 0.000000000000000000e+00 7.273999999999999355e-01 2.637999999999999790e-01 8.800000000000000530e-03 4.453823319459163031e+03
3.220000000000000000e+02 1.155728691786894160e+02 4.995719093568623066e+04 9.669999999999999707e-01 1.049701353794431968e+00 0.000000000000000000e+00 1.500946352969992348e-02 1.570796326794896558e+00 8.594290995801051955e+19 1.000000000000000000e+00 0.000000000000000000e+00 0.000000000000000000e+00 7.273999999999999355e-01 2.637999999999999790e-01 8.800000000000000530e-03 5.724791388755313164e+03
3.230000000000000000e+02 7.700000000000001137e+02 5.320619205911686004e+04 9.669999999999999707e-01 7.980557040765035026e-01 0.000000000000000000e+00 1.000000000000000056e-01 1.570796326794896558e+00 9.258281466594531738e+19 1.000000000000000000e+00 0.000000000000000000e+00 0.000000000000000000e+00 7.273999999999999355e-01 2.637999999999999790e-01 8.800000000000000530e-03 6.020755618902782771e+03
3.240000000000000000e+02 7.700000000000001137e+02 5.490294149352722889e+04 9.669999999999999707e-01 1.306793068251961287e+00 0.000000000000000000e+00 1.000000000000000056e-01 1.570796326794896558e+00 9.663067951589144986e+19 1.000000000000000000e+00 0.000000000000000000e+00 0.000000000000000000e+00 7.273999999999999355e-01 2.637999999999999790e-01 8.800000000000000530e-03 6.173873799058424993e+03
3.250000000000000000e+02 2.901883129702362680e+02 5.847545477476230735e+04 9.669999999999999707e-01 3.863184233739302975e-01 0.000000000000000000e+00 9.000000000000001055e-02 1.570796326794896558e+00 1.041286963318228582e+20 1.000000000000000000e+00 0.000000000000000000e+00 0.000000000000000000e+00 7.273999999999999355e-01 2.637999999999999790e-01 8.800000000000000530e-03 6.493220391939343244e+03
3.270000000000000000e+02 1.911205982193590103e+02 6.409998209194481751e+04 9.669999999999999707e-01 1.058909945687039889e+00 0.000000000000000000e+00 1.000000000000000056e-01 0.000000000000000000e+00 1.168218580704581550e+20 1.000000000000000000e+00 0.000000000000000000e+00 0.000000000000000000e+00 7.273999999999999355e-01 2.637999999999999790e-01 8.800000000000000530e-03 6.988236335162439900e+03
3.310000000000000000e+02 2.017764833639097617e+02 8.358920714941647020e+04 9.669999999999999707e-01 4.575325382964823828e-01 0.000000000000000000e+00 1.000000000000000056e-01 1.570796326794896558e+00 1.598078864865962557e+20 1.000000000000000000e+00 0.000000000000000000e+00 0.000000000000000000e+00 7.273999999999999355e-01 2.637999999999999790e-01 8.800000000000000530e-03 8.641744505052822205e+03
3.320000000000000000e+02 7.700000000000001137e+02 8.509857537130665150e+04 9.669999999999999707e-01 8.574311299366550454e-01 0.000000000000000000e+00 1.000000000000000056e-01 0.000000000000000000e+00 1.646759847317056717e+20 1.000000000000000000e+00 0.000000000000000000e+00 0.000000000000000000e+00 7.273999999999999355e-01 2.637999999999999790e-01 8.800000000000000530e-03 8.766355714352175710e+03
3.410000000000000000e+02 7.700000000000001137e+02 1.499560709600065893e+05 9.669999999999999707e-01 1.043574021496277648e+00 0.000000000000000000e+00 1.000000000000000056e-01 1.570796326794896558e+00 3.252441779759585690e+20 1.000000000000000000e+00 0.000000000000000000e+00 0.000000000000000000e+00 7.273999999999999355e-01 2.637999999999999790e-01 8.800000000000000530e-03 1.379280193201586553e+04
3.430000000000000000e+02 7.700000000000001137e+02 1.667448486678337213e+05 9.669999999999999707e-01 1.596282767412928738e-01 0.000000000000000000e+00 1.000000000000000056e-01 1.570796326794896558e+00 3.713885243997051945e+20 1.000000000000000000e+00 0.000000000000000000e+00 0.000000000000000000e+00 7.273999999999999355e-01 2.637999999999999790e-01 8.800000000000000530e-03 1.501492606911089752e+04
3.450000000000000000e+02 7.700000000000001137e+02 1.869401317338883237e+05 9.669999999999999707e-01 9.982375305809640942e-01 0.000000000000000000e+00 1.000000000000000056e-01 1.570796326794896558e+00 4.277080166172514714e+20 1.000000000000000000e+00 0.000000000000000000e+00 0.000000000000000000e+00 7.273999999999999355e-01 2.637999999999999790e-01 8.800000000000000530e-03 1.645293162724464128e+04
3.480000000000000000e+02 7.700000000000001137e+02 2.286508819043807744e+05 9.669999999999999707e-01 1.242878688272475440e-01 0.000000000000000000e+00 1.000000000000000056e-01 1.570796326794896558e+00 5.452330377541174559e+20 1.000000000000000000e+00 0.000000000000000000e+00 0.000000000000000000e+00 7.273999999999999355e-01 2.637999999999999790e-01 8.800000000000000530e-03 1.932945290428243970e+04
3.500000000000000000e+02 7.700000000000001137e+02 2.577914597685826884e+05 9.669999999999999707e-01 7.053409307755452717e-01 0.000000000000000000e+00 1.000000000000000056e-01 0.000000000000000000e+00 6.322647899123068436e+20 1.000000000000000000e+00 0.000000000000000000e+00 0.000000000000000000e+00 7.273999999999999355e-01 2.637999999999999790e-01 8.800000000000000530e-03 2.127629866196269359e+04
3.520000000000000000e+02 7.700000000000001137e+02 2.943999543701946968e+05 9.669999999999999707e-01 0.000000000000000000e+00 0.000000000000000000e+00 1.000000000000000056e-01 1.570796326794896558e+00 7.430288571788363039e+20 1.000000000000000000e+00 0.000000000000000000e+00 0.000000000000000000e+00 7.273999999999999355e-01 2.637999999999999790e-01 8.800000000000000530e-03 2.366091024475387530e+04
3.540000000000000000e+02 7.700000000000001137e+02 3.429280438372974168e+05 9.669999999999999707e-01 9.304557918473932432e-01 0.000000000000000000e+00 1.000000000000000056e-01 0.000000000000000000e+00 8.911093900704996393e+20 1.000000000000000000e+00 0.000000000000000000e+00 0.000000000000000000e+00 7.273999999999999355e-01 2.637999999999999790e-01 8.800000000000000530e-03 2.673275136411532003e+04
3.550000000000000000e+02 7.700000000000001137e+02 3.668077083105184720e+05 9.669999999999999707e-01 1.534414321321070362e-01 0.000000000000000000e+00 1.000000000000000056e-01 1.570796326794896558e+00 9.672617684039560069e+20 1.000000000000000000e+00 0.000000000000000000e+00 0.000000000000000000e+00 7.273999999999999355e-01 2.637999999999999790e-01 8.800000000000000530e-03 2.821187950695817199e+04
3.570000000000000000e+02 7.700000000000001137e+02 4.200742531778997509e+05 9.669999999999999707e-01 1.649412347425802228e+00 0.000000000000000000e+00 1.000000000000000056e-01 0.000000000000000000e+00 1.141478064094182506e+21 1.000000000000000000e+00 0.000000000000000000e+00 0.000000000000000000e+00 7.273999999999999355e-01 2.637999999999999790e-01 8.800000000000000530e-03 3.144431285104631024e+04
3.590000000000000000e+02 7.700000000000001137e+02 4.882976268338320660e+05 9.669999999999999707e-01 1.098558547588375456e+00 0.000000000000000000e+00 1.000000000000000056e-01 1.570796326794896558e+00 1.367815128241732583e+21 1.000000000000000000e+00 0.000000000000000000e+00 0.000000000000000000e+00 7.273999999999999355e-01 2.637999999999999790e-01 8.800000000000000530e-03 3.546736695449492981e+04
3.600000000000000000e+02 7.700000000000001137e+02 5.231745159367464948e+05 9.669999999999999707e-01 8.048511436660045204e-01 0.000000000000000000e+00 1.000000000000000056e-01 0.000000000000000000e+00 1.488451381861874139e+21 1.000000000000000000e+00 0.000000000000000000e+00 0.000000000000000000e+00 7.273999999999999355e-01 2.637999999999999790e-01 8.800000000000000530e-03 3.747990853171385970e+04
3.610000000000000000e+02 7.700000000000001137e+02 5.625118417156351497e+05 9.669999999999999707e-01 6.931039412248067855e-01 0.000000000000000000e+00 1.000000000000000056e-01 1.570796326794896558e+00 1.625493308825736839e+21 1.000000000000000000e+00 0.000000000000000000e+00 0.000000000000000000e+00 7.273999999999999355e-01 2.637999999999999790e-01 8.800000000000000530e-03 3.971792880151013378e+04
3.620000000000000000e+02 7.700000000000001137e+02 6.087448341094173957e+05 9.669999999999999707e-01 1.257864211774585295e+00 0.000000000000000000e+00 1.000000000000000056e-01 1.570796326794896558e+00 1.786989430947799368e+21 1.000000000000000000e+00 0.000000000000000000e+00 0.000000000000000000e+00 7.273999999999999355e-01 2.637999999999999790e-01 8.800000000000000530e-03 4.230868122251511522e+04
3.640000000000000000e+02 7.700000000000001137e+02 3.067136674548900337e+05 9.669999999999999707e-01 9.450420394382914591e-01 0.000000000000000000e+00 1.000000000000000056e-01 1.570796326794896558e+00 9.270830436937207644e+20 1.000000000000000000e+00 0.000000000000000000e+00 0.000000000000000000e+00 7.273999999999999355e-01 2.637999999999999790e-01 8.800000000000000530e-03 2.444937493737438126e+04
