# id_num orb_a mass spin spin_angle orb_inc orb_ecc orb_arg_periapse orb_ang_mom gen galaxy time_passed gw_freq gw_strain
3.000000000000000000e+00 3.804504223614658258e+02 3.290521832842908623e+01 -2.390981445371807151e-02 9.697787760014974223e-01 -9.880128942003813669e-03 2.999617374246136073e-02 1.570796326794896558e+00 1.000000000000000000e+00 1.000000000000000000e+00 0.000000000000000000e+00 0.000000000000000000e+00 -1.000000000000000000e+00 -1.000000000000000000e+00
5.000000000000000000e+00 5.000000000000000000e+04 1.475507517104855459e+01 -4.089196525577836611e-02 8.183947808342180164e-01 -4.162029724586893686e-02 1.656326024325286209e-02 1.570796326794896558e+00 1.000000000000000000e+00 1.000000000000000000e+00 0.000000000000000000e+00 0.000000000000000000e+00 -1.000000000000000000e+00 -1.000000000000000000e+00
7.000000000000000000e+00 9.048207227372104171e+03 1.146297484694981961e+01 9.336816649313567362e-02 1.217614064160646992e+00 3.118640854183575506e+00 9.000000000000001055e-02 0.000000000000000000e+00 1.000000000000000000e+00 1.000000000000000000e+00 0.000000000000000000e+00 0.000000000000000000e+00 -1.000000000000000000e+00 -1.000000000000000000e+00
8.000000000000000000e+00 3.615410967719851760e+04 1.146351755232126912e+01 -7.251745206002999100e-02 2.557754024840079854e+00 3.177326604553563527e+00 5.562979795521621335e-02 0.000000000000000000e+00 1.000000000000000000e+00 1.000000000000000000e+00 0.000000000000000000e+00 0.000000000000000000e+00 -1.000000000000000000e+00 -1.000000000000000000e+00
9.000000000000000000e+00 3.850637677868637638e+02 1.734800300222780578e+01 -1.476250034241972098e-01 2.928023686985901985e+00 -5.945666400630227402e-03 4.846589222701862265e-02 0.000000000000000000e+00 1.000000000000000000e+00 1.000000000000000000e+00 0.000000000000000000e+00 0.000000000000000000e+00 -1.000000000000000000e+00 -1.000000000000000000e+00
1.000000000000000000e+01 1.298386417956647711e+04 1.421754759268111989e+01 2.787338347991928922e-01 1.593411164555094794e+00 -1.583439312985750191e-02 1.000000000000000021e-02 0.000000000000000000e+00 1.000000000000000000e+00 1.000000000000000000e+00 0.000000000000000000e+00 0.000000000000000000e+00 -1.000000000000000000e+00 -1.000000000000000000e+00
1.100000000000000000e+01 3.440259091478479968e+04 2.001674950932341090e+01 -1.262418884726277668e-01 3.100000000000000089e+00 3.125223720715407438e+00 1.127291374326365100e-02 0.000000000000000000e+00 1.000000000000000000e+00 1.000000000000000000e+00 0.000000000000000000e+00 0.000000000000000000e+00 -1.000000000000000000e+00 -1.000000000000000000e+00
1.400000000000000000e+01 1.334453714247893686e+03 1.311577590357421919e+01 1.048593486871221558e-02 1.532066914136265501e+00 3.124776395822931097e+00 9.000000000000001055e-02 1.570796326794896558e+00 1.000000000000000000e+00 1.000000000000000000e+00 0.000000000000000000e+00 0.000000000000000000e+00 -1.000000000000000000e+00 -1.000000000000000000e+00
1.800000000000000000e+01 1.753556930279457083e+04 1.535568286651653125e+01 1.533137937892528058e-01 5.972049612546140862e-01 3.156336250556242007e+00 1.586921879524304246e-02 1.570796326794896558e+00 1.000000000000000000e+00 1.000000000000000000e+00 0.000000000000000000e+00 0.000000000000000000e+00 -1.000000000000000000e+00 -1.000000000000000000e+00
2.100000000000000000e+01 4.833275223205912334e+04 3.631367079306387069e+01 -9.499861141104791462e-02 3.100000000000000089e+00 3.181240514489780402e+00 4.370037419430230358e-02 0.000000000000000000e+00 1.000000000000000000e+00 1.000000000000000000e+00 0.000000000000000000e+00 0.000000000000000000e+00 -1.000000000000000000e+00 -1.000000000000000000e+00
2.400000000000000000e+01 7.127225158421322703e+03 1.305817763158246159e+01 -1.232820706967936719e-01 3.052477312730306647e+00 1.776803606740685187e-02 2.287436834697491664e-02 1.570796326794896558e+00 1.000000000000000000e+00 1.000000000000000000e+00 0.000000000000000000e+00 0.000000000000000000e+00 -1.000000000000000000e+00 -1.000000000000000000e+00
2.500000000000000000e+01 5.000000000000000000e+04 1.492989166541194734e+01 -1.208970175463976726e-01 3.021086495432175667e+00 3.403476385566573531e-02 2.094351771516961974e-02 1.570796326794896558e+00 1.000000000000000000e+00 1.000000000000000000e+00 0.000000000000000000e+00 0.000000000000000000e+00 -1.000000000000000000e+00 -1.000000000000000000e+00
2.700000000000000000e+01 9.315192229331029012e+03 1.715052653382737091e+01 -9.109670099119573927e-02 3.058120000000000172e+00 3.132370687990779778e+00 1.000000000000000021e-02 1.570796326794896558e+00 1.000000000000000000e+00 1.000000000000000000e+00 0.000000000000000000e+00 0.000000000000000000e+00 -1.000000000000000000e+00 -1.000000000000000000e+00
2.900000000000000000e+01 1.037352777596087634e+02 1.036358406055189185e+01 -2.905055162152052062e-01 2.975960866282036932e+00 -5.725894493736449070e-02 1.131676823385177194e-01 0.000000000000000000e+00 1.000000000000000000e+00 1.000000000000000000e+00 0.000000000000000000e+00 0.000000000000000000e+00 -1.000000000000000000e+00 -1.000000000000000000e+00
3.100000000000000000e+01 3.781837426531820256e+03 1.733289187714932211e+01 8.066281258622026717e-02 7.300264270546529266e-01 3.148316921067120244e+00 9.000000000000001055e-02 0.000000000000000000e+00 1.000000000000000000e+00 1.000000000000000000e+00 0.000000000000000000e+00 0.000000000000000000e+00 -1.000000000000000000e+00 -1.000000000000000000e+00
3.500000000000000000e+01 4.143026084346099083e+02 3.724457088806653360e+01 -5.393349460262231165e-02 1.290213282859393518e+00 4.550005221533837477e-03 5.650277914325108064e-02 0.000000000000000000e+00 1.000000000000000000e+00 1.000000000000000000e+00 0.000000000000000000e+00 0.000000000000000000e+00 -1.000000000000000000e+00 -1.000000000000000000e+00
3.700000000000000000e+01 1.961570250212341125e+04 1.197368293243280135e+01 -6.134926938601083235e-02 2.604249854848226686e+00 7.063109262596814659e-03 7.461600490042157030e-02 1.570796326794896558e+00 1.000000000000000000e+00 1.000000000000000000e+00 0.000000000000000000e+00 0.000000000000000000e+00 -1.000000000000000000e+00 -1.000000000000000000e+00
3.800000000000000000e+01 4.438270569252338191e+02 1.443664286308574951e+01 -5.997780626132235421e-02 1.625041142670011540e+00 1.009803311470281774e-02 1.029262727084974752e-02 1.570796326794896558e+00 1.000000000000000000e+00 1.000000000000000000e+00 0.000000000000000000e+00 0.000000000000000000e+00 -1.000000000000000000e+00 -1.000000000000000000e+00
3.900000000000000000e+01 2.491807003535765034e+04 1.222831974759082740e+01 -6.044463863209996457e-02 1.218893892398358325e+00 2.445790550617004538e-02 4.271458035585595781e-02 1.570796326794896558e+00 1.000000000000000000e+00 1.000000000000000000e+00 0.000000000000000000e+00 0.000000000000000000e+00 -1.000000000000000000e+00 -1.000000000000000000e+00
4.000000000000000000e+01 5.000000000000000000e+04 1.171708661123549788e+01 3.692798428862087423e-02 1.510267660789782473e+00 3.090657040749264617e+00 2.062808896783560053e-01 0.000000000000000000e+00 1.000000000000000000e+00 1.000000000000000000e+00 0.000000000000000000e+00 0.000000000000000000e+00 -1.000000000000000000e+00 -1.000000000000000000e+00
4.100000000000000000e+01 5.000000000000000000e+04 1.640856322728421901e+01 -2.827917976799172901e-03 1.034287299000491211e+00 3.156919468419784547e+00 2.302933744779009709e-02 0.000000000000000000e+00 1.000000000000000000e+00 1.000000000000000000e+00 0.000000000000000000e+00 0.000000000000000000e+00 -1.000000000000000000e+00 -1.000000000000000000e+00
4.200000000000000000e+01 4.105866387104197202e+02 1.270046276783333461e+01 -8.139663011354801581e-02 2.850857771303653365e+00 4.574142427572375734e-03 6.732347554679671275e-02 1.570796326794896558e+00 1.000000000000000000e+00 1.000000000000000000e+00 0.000000000000000000e+00 0.000000000000000000e+00 -1.000000000000000000e+00 -1.000000000000000000e+00
4.400000000000000000e+01 4.742830574972832255e+04 1.301579480507031583e+01 -1.817813892582081925e-01 2.855184198997052114e+00 3.154572737298559471e+00 2.895984625834168921e-02 0.000000000000000000e+00 1.000000000000000000e+00 1.000000000000000000e+00 0.000000000000000000e+00 0.000000000000000000e+00 -1.000000000000000000e+00 -1.000000000000000000e+00
4.600000000000000000e+01 3.138128141542186131e+04 1.151523883803881532e+01 -8.318260956810963336e-02 3.011372591828279432e+00 3.167388776150287022e+00 7.493789785967122641e-02 1.570796326794896558e+00 1.000000000000000000e+00 1.000000000000000000e+00 0.000000000000000000e+00 0.000000000000000000e+00 -1.000000000000000000e+00 -1.000000000000000000e+00
4.800000000000000000e+01 2.699891094971773055e+04 2.759953195868833475e+01 -1.762366961319439262e-01 2.011681787953544465e+00 -1.395533529354675388e-02 8.380558473302926470e-02 0.000000000000000000e+00 1.000000000000000000e+00 1.000000000000000000e+00 0.000000000000000000e+00 0.000000000000000000e+00 -1.000000000000000000e+00 -1.000000000000000000e+00
5.000000000000000000e+01 2.639112371849863848e+04 1.077370102350796088e+01 1.495583841903175004e-01 1.574519624293986952e+00 3.157777046781542474e+00 4.311418611011049590e-02 1.570796326794896558e+00 1.000000000000000000e+00 1.000000000000000000e+00 0.000000000000000000e+00 0.000000000000000000e+00 -1.000000000000000000e+00 -1.000000000000000000e+00
5.200000000000000000e+01 2.338942868111715143e+04 1.560763584770614010e+01 -7.455279985770331408e-02 2.258373579938203424e+00 3.122624720484711069e+00 6.420382470656793572e-02 1.570796326794896558e+00 1.000000000000000000e+00 1.000000000000000000e+00 0.000000000000000000e+00 0.000000000000000000e+00 -1.000000000000000000e+00 -1.000000000000000000e+00
5.800000000000000000e+01 3.262149623754373533e+04 1.062277435389519376e+01 -6.174238200186756703e-02 1.690609575697789468e+00 3.467658000232824028e-02 1.047089714801393255e-02 1.570796326794896558e+00 1.000000000000000000e+00 1.000000000000000000e+00 0.000000000000000000e+00 0.000000000000000000e+00 -1.000000000000000000e+00 -1.000000000000000000e+00
5.900000000000000000e+01 8.692764473107230515e+03 1.160599764412522106e+01 -3.869078566554030874e-02 2.997153432037781950e+00 3.162049361557242033e+00 1.000000000000000021e-02 1.570796326794896558e+00 1.000000000000000000e+00 1.000000000000000000e+00 0.000000000000000000e+00 0.000000000000000000e+00 -1.000000000000000000e+00 -1.000000000000000000e+00
6.000000000000000000e+01 5.000000000000000000e+04 1.073657927656589806e+01 -6.247517435648466261e-02 1.422531290357725187e+00 3.100898962565298067e+00 8.447855986494261227e-02 0.000000000000000000e+00 1.000000000000000000e+00 1.000000000000000000e+00 0.000000000000000000e+00 0.000000000000000000e+00 -1.000000000000000000e+00 -1.000000000000000000e+00
6.100000000000000000e+01 4.535440637935716222e+04 3.228342807649657686e+01 1.212137119579597411e-01 1.898275931345076106e+00 -2.738015349012441063e-02 8.318244108245732849e-02 1.570796326794896558e+00 1.000000000000000000e+00 1.000000000000000000e+00 0.000000000000000000e+00 0.000000000000000000e+00 -1.000000000000000000e+00 -1.000000000000000000e+00
6.600000000000000000e+01 4.303218933466877934e+04 1.648547959454977629e+01 6.553060924405970655e-02 1.296467389153542316e+00 -8.644982845711905728e-03 5.977294942504159103e-02 0.000000000000000000e+00 1.000000000000000000e+00 1.000000000000000000e+00 0.000000000000000000e+00 0.000000000000000000e+00 -1.000000000000000000e+00 -1.000000000000000000e+00
7.000000000000000000e+01 2.092626335644145365e+04 1.113334594244767750e+01 -7.493815158805131049e-02 3.100000000000000089e+00 3.134083055188459088e+00 1.507308597060903407e-02 0.000000000000000000e+00 1.000000000000000000e+00 1.000000000000000000e+00 0.000000000000000000e+00 0.000000000000000000e+00 -1.000000000000000000e+00 -1.000000000000000000e+00
7.100000000000000000e+01 4.086883577328577667e+04 3.653508951600286991e+01 -9.880513956013005361e-02 2.360393333418964623e+00 3.168717335484164010e+00 1.849097191594512024e-02 1.570796326794896558e+00 1.000000000000000000e+00 1.000000000000000000e+00 0.000000000000000000e+00 0.000000000000000000e+00 -1.000000000000000000e+00 -1.000000000000000000e+00
7.300000000000000000e+01 4.761182033781862992e+04 1.033916797460881121e+01 -6.722202251214973168e-02 2.693079697070315692e+00 8.796817937435750731e-03 6.222861268850753830e-02 0.000000000000000000e+00 1.000000000000000000e+00 1.000000000000000000e+00 0.000000000000000000e+00 0.000000000000000000e+00 -1.000000000000000000e+00 -1.000000000000000000e+00
7.500000000000000000e+01 4.686093311118122801e+04 2.218637735895310925e+01 -8.227113004961772447e-02 2.651878439602470383e+00 9.902596464918138330e-03 3.964151393797443745e-02 1.570796326794896558e+00 1.000000000000000000e+00 1.000000000000000000e+00 0.000000000000000000e+00 0.000000000000000000e+00 -1.000000000000000000e+00 -1.000000000000000000e+00
7.700000000000000000e+01 4.947865633199208241e+04 1.328653261544954667e+01 -5.502379298485247233e-02 1.963049768915372084e+00 -4.871481812762409880e-02 5.756143919898939337e-02 0.000000000000000000e+00 1.000000000000000000e+00 1.000000000000000000e+00 0.000000000000000000e+00 0.000000000000000000e+00 -1.000000000000000000e+00 -1.000000000000000000e+00
7.800000000000000000e+01 1.868225925072316386e+04 1.060718751882292565e+01 1.026363741468112600e-01 1.353057379913245484e+00 2.192299768901149332e-02 5.537505432620132978e-02 0.000000000000000000e+00 1.000000000000000000e+00 1.000000000000000000e+00 0.000000000000000000e+00 0.000000000000000000e+00 -1.000000000000000000e+00 -1.000000000000000000e+00
8.000000000000000000e+01 1.190911095906591254e+04 1.318148410291443895e+01 -2.000786021930233693e-01 2.219096559882102415e+00 9.298256113733355602e-03 1.000000000000000056e-01 1.570796326794896558e+00 1.000000000000000000e+00 1.000000000000000000e+00 0.000000000000000000e+00 0.000000000000000000e+00 -1.000000000000000000e+00 -1.000000000000000000e+00
8.200000000000000000e+01 1.124699914242006162e+04 1.089716424850917598e+01 4.017713209765270271e-03 5.942720638525514909e-01 1.266818357988891593e-02 1.000000000000000021e-02 1.570796326794896558e+00 1.000000000000000000e+00 1.000000000000000000e+00 0.000000000000000000e+00 0.000000000000000000e+00 -1.000000000000000000e+00 -1.000000000000000000e+00
8.300000000000000000e+01 8.627448951488943294e+02 1.031852075824932946e+01 -1.747063027651216960e-01 2.764466513942750669e+00 3.136158399977790445e+00 1.624280106200983939e-02 1.570796326794896558e+00 1.000000000000000000e+00 1.000000000000000000e+00 0.000000000000000000e+00 0.000000000000000000e+00 -1.000000000000000000e+00 -1.000000000000000000e+00
8.800000000000000000e+01 3.086140676586491099e+04 2.069648909968891815e+01 -1.349204036242180813e-03 0.000000000000000000e+00 3.127955306692134840e+00 3.873993226111158150e-02 1.570796326794896558e+00 1.000000000000000000e+00 1.000000000000000000e+00 0.000000000000000000e+00 0.000000000000000000e+00 -1.000000000000000000e+00 -1.000000000000000000e+00
9.200000000000000000e+01 2.243219169567569043e+04 2.423953856363371528e+01 -1.864815680676081833e-01 2.830929885741946705e+00 3.144809017791819539e+00 1.770429169775817116e-02 0.000000000000000000e+00 1.000000000000000000e+00 1.000000000000000000e+00 0.000000000000000000e+00 0.000000000000000000e+00 -1.000000000000000000e+00 -1.000000000000000000e+00
9.300000000000000000e+01 1.702015564013392577e+04 1.341128197989349147e+01 1.494528179683539924e-03 1.379428655702893858e+00 3.134893726322021124e+00 1.092901352700474324e-02 1.570796326794896558e+00 1.000000000000000000e+00 1.000000000000000000e+00 0.000000000000000000e+00 0.000000000000000000e+00 -1.000000000000000000e+00 -1.000000000000000000e+00
9.400000000000000000e+01 2.917911908573444452e+04 2.769981803612085614e+01 -2.331530021392095309e-01 2.572147022796174909e+00 1.163113251792837356e-03 9.000000000000001055e-02 1.570796326794896558e+00 1.000000000000000000e+00 1.000000000000000000e+00 0.000000000000000000e+00 0.000000000000000000e+00 -1.000000000000000000e+00 -1.000000000000000000e+00
9.500000000000000000e+01 3.751012914041840122e+04 1.871527516198295871e+01 6.649281046776313667e-03 7.921121477776449371e-01 3.160621781832832600e+00 6.171414419915770277e-02 0.000000000000000000e+00 1.000000000000000000e+00 1.000000000000000000e+00 0.000000000000000000e+00 0.000000000000000000e+00 -1.000000000000000000e+00 -1.000000000000000000e+00
9.700000000000000000e+01 4.698059957004571743e+02 1.427697790187865223e+01 4.190568773612933506e-02 1.926997425913403950e+00 5.410902306564868529e-03 4.154196398289130426e-02 1.570796326794896558e+00 1.000000000000000000e+00 1.000000000000000000e+00 0.000000000000000000e+00 0.000000000000000000e+00 -1.000000000000000000e+00 -1.000000000000000000e+00
9.800000000000000000e+01 3.551718247264969250e+04 2.231187721568105786e+01 1.580300354661437999e-03 7.525585949398267971e-01 3.124576586810377421e+00 4.188030681287399637e-02 0.000000000000000000e+00 1.000000000000000000e+00 1.000000000000000000e+00 0.000000000000000000e+00 0.000000000000000000e+00 -1.000000000000000000e+00 -1.000000000000000000e+00
1.020000000000000000e+02 4.309138491643894668e+04 2.178291500854919249e+01 -8.618845494462887280e-02 3.055852604233232128e+00 3.121729242253246994e+00 2.221084270571518915e-02 0.000000000000000000e+00 1.000000000000000000e+00 1.000000000000000000e+00 0.000000000000000000e+00 0.000000000000000000e+00 -1.000000000000000000e+00 -1.000000000000000000e+00
1.040000000000000000e+02 3.179150417224081320e+04 2.607812961075459413e+01 -1.962021447659847706e-01 2.976127286902665148e+00 -3.062222947713599819e-02 1.223144866498521513e-02 1.570796326794896558e+00 1.000000000000000000e+00 1.000000000000000000e+00 0.000000000000000000e+00 0.000000000000000000e+00 -1.000000000000000000e+00 -1.000000000000000000e+00
1.050000000000000000e+02 4.944582354705820535e+02 1.140701508119412289e+01 -1.741125264369565440e-01 2.276765366600713492e+00 -4.203699216859974074e-04 1.000000000000000056e-01 1.570796326794896558e+00 1.000000000000000000e+00 1.000000000000000000e+00 0.000000000000000000e+00 0.000000000000000000e+00 -1.000000000000000000e+00 -1.000000000000000000e+00
1.060000000000000000e+02 3.502242130749311764e+04 1.280997617971024916e+01 -4.377766094393896294e-03 8.775448036775389538e-01 3.157729554269423922e+00 9.588683367066093421e-02 0.000000000000000000e+00 1.000000000000000000e+00 1.000000000000000000e+00 0.000000000000000000e+00 0.000000000000000000e+00 -1.000000000000000000e+00 -1.000000000000000000e+00
1.080000000000000000e+02 5.000000000000000000e+04 3.864779423635047095e+01 -3.128924201897632096e-01 2.815541518106801533e+00 3.145802840608638018e+00 3.568144798132190376e-02 0.000000000000000000e+00 1.000000000000000000e+00 1.000000000000000000e+00 0.000000000000000000e+00 0.000000000000000000e+00 -1.000000000000000000e+00 -1.000000000000000000e+00
1.090000000000000000e+02 3.446133016178265825e+04 2.721201863099469520e+01 -7.730535945026768829e-02 2.529228158267281312e+00 -2.029769248943583907e-03 4.044527216909615808e-02 1.570796326794896558e+00 1.000000000000000000e+00 1.000000000000000000e+00 0.000000000000000000e+00 0.000000000000000000e+00 -1.000000000000000000e+00 -1.000000000000000000e+00
1.100000000000000000e+02 4.938442675898187008e+04 1.301446108240389599e+01 -6.811711103229345365e-02 2.290725758798813683e+00 -2.346570670868313585e-02 2.119435314930660091e-02 0.000000000000000000e+00 1.000000000000000000e+00 1.000000000000000000e+00 0.000000000000000000e+00 0.000000000000000000e+00 -1.000000000000000000e+00 -1.000000000000000000e+00
1.120000000000000000e+02 5.337334141386016881e+02 1.430331046812723272e+01 -1.079369414134786209e-01 2.702805029717198160e+00 3.149567285246713588e+00 7.590926280196037823e-02 0.000000000000000000e+00 1.000000000000000000e+00 1.000000000000000000e+00 0.000000000000000000e+00 0.000000000000000000e+00 -1.000000000000000000e+00 -1.000000000000000000e+00
1.140000000000000000e+02 5.474297395652046134e+02 1.153864270145608550e+01 -1.636757051311540090e-01 2.976642086999822467e+00 -3.585837110673061566e-03 1.278179212696949930e-02 0.000000000000000000e+00 1.000000000000000000e+00 1.000000000000000000e+00 0.000000000000000000e+00 0.000000000000000000e+00 -1.000000000000000000e+00 -1.000000000000000000e+00
1.160000000000000000e+02 1.998367945302133376e+04 1.965166255110473870e+01 8.127929240075768003e-02 1.166047406731183234e+00 -2.974418609278817877e-02 1.274981028494897792e-02 1.570796326794896558e+00 1.000000000000000000e+00 1.000000000000000000e+00 0.000000000000000000e+00 0.000000000000000000e+00 -1.000000000000000000e+00 -1.000000000000000000e+00
1.170000000000000000e+02 5.000000000000000000e+04 1.559430996155231952e+01 -2.974650039829096135e-02 6.906031741816057723e-01 3.122414761254641125e+00 6.597986237857057790e-02 1.570796326794896558e+00 1.000000000000000000e+00 1.000000000000000000e+00 0.000000000000000000e+00 0.000000000000000000e+00 -1.000000000000000000e+00 -1.000000000000000000e+00
1.180000000000000000e+02 3.307312867163043120e+04 1.677885231904510022e+01 6.354411840476287265e-02 1.908524767124256449e+00 3.141055950105800409e+00 3.019016095291717633e-02 1.570796326794896558e+00 1.000000000000000000e+00 1.000000000000000000e+00 0.000000000000000000e+00 0.000000000000000000e+00 -1.000000000000000000e+00 -1.000000000000000000e+00
1.210000000000000000e+02 2.504714757209330492e+04 1.765663925796446065e+01 -5.059554769268446994e-02 9.937218048740674714e-01 3.104915843563780697e+00 7.477471620493099380e-02 0.000000000000000000e+00 1.000000000000000000e+00 1.000000000000000000e+00 0.000000000000000000e+00 0.000000000000000000e+00 -1.000000000000000000e+00 -1.000000000000000000e+00
1.250000000000000000e+02 1.261701503118056280e+04 1.110517925026514696e+01 6.997975296001560964e-03 7.951944999429750860e-01 1.009760264368443324e-03 3.620761299907151315e-02 1.570796326794896558e+00 1.000000000000000000e+00 1.000000000000000000e+00 0.000000000000000000e+00 0.000000000000000000e+00 -1.000000000000000000e+00 -1.000000000000000000e+00
1.260000000000000000e+02 3.870337357520437945e+04 3.482998263327575472e+01 -1.190856714840708847e-01 3.100000000000000089e+00 3.694806254969889431e-02 1.220062987658086795e-02 1.570796326794896558e+00 1.000000000000000000e+00 1.000000000000000000e+00 0.000000000000000000e+00 0.000000000000000000e+00 -1.000000000000000000e+00 -1.000000000000000000e+00
1.290000000000000000e+02 4.038519199605062749e+04 3.615528817524766225e+01 -4.857167217082733468e-02 8.172801571159333811e-01 -3.320214349356621214e-02 2.488299835717908484e-02 1.570796326794896558e+00 1.000000000000000000e+00 1.000000000000000000e+00 0.000000000000000000e+00 0.000000000000000000e+00 -1.000000000000000000e+00 -1.000000000000000000e+00
1.300000000000000000e+02 5.000000000000000000e+04 1.438826335714869842e+01 6.807423864008109796e-03 8.991481432771732951e-01 3.154869123164162625e-02 1.387072492198283304e-02 1.570796326794896558e+00 1.000000000000000000e+00 1.000000000000000000e+00 0.000000000000000000e+00 0.000000000000000000e+00 -1.000000000000000000e+00 -1.000000000000000000e+00
1.310000000000000000e+02 3.853896676237610518e+04 1.622000455225825633e+01 -2.471752118459832337e-01 3.100000000000000089e+00 -4.311036824646235360e-02 1.110646096395989831e-02 1.570796326794896558e+00 1.000000000000000000e+00 1.000000000000000000e+00 0.000000000000000000e+00 0.000000000000000000e+00 -1.000000000000000000e+00 -1.000000000000000000e+00
1.320000000000000000e+02 5.000000000000000000e+04 1.488153690675665963e+01 -2.688858244167235262e-02 1.233859532004646820e+00 6.750385095899686869e-03 2.475164267050499606e-02 1.570796326794896558e+00 1.000000000000000000e+00 1.000000000000000000e+00 0.000000000000000000e+00 0.000000000000000000e+00 -1.000000000000000000e+00 -1.000000000000000000e+00
1.330000000000000000e+02 1.862519826366387497e+04 1.034235088309436001e+01 1.355380509766686281e-02 1.243297641185561853e+00 3.155589502371965782e+00 6.881864773308690730e-02 0.000000000000000000e+00 1.000000000000000000e+00 1.000000000000000000e+00 0.000000000000000000e+00 0.000000000000000000e+00 -1.000000000000000000e+00 -1.000000000000000000e+00
1.350000000000000000e+02 5.356917116101370084e+03 1.730147933946015470e+01 8.938767491774128604e-03 1.686519624168166365e+00 1.100430139778029240e-02 9.000000000000001055e-02 1.570796326794896558e+00 1.000000000000000000e+00 1.000000000000000000e+00 0.000000000000000000e+00 0.000000000000000000e+00 -1.000000000000000000e+00 -1.000000000000000000e+00
1.360000000000000000e+02 4.617079344743298134e+04 1.210669759740365059e+01 -1.229726619859410203e-01 2.707710850746304576e+00 1.933450004317964488e-02 6.662307218442918566e-02 0.000000000000000000e+00 1.000000000000000000e+00 1.000000000000000000e+00 0.000000000000000000e+00 0.000000000000000000e+00 -1.000000000000000000e+00 -1.000000000000000000e+00
1.420000000000000000e+02 3.090533057058283157e+04 1.261217835199238735e+01 -2.413105223772935293e-01 3.100000000000000089e+00 1.666153135944099459e-02 4.088451745945196475e-02 1.570796326794896558e+00 1.000000000000000000e+00 1.000000000000000000e+00 0.000000000000000000e+00 0.000000000000000000e+00 -1.000000000000000000e+00 -1.000000000000000000e+00
1.470000000000000000e+02 2.303330886055107112e+04 1.040091525130413963e+01 -8.665896270472406293e-02 2.300683325234575527e+00 3.170531239656571021e+00 1.000000000000000056e-01 0.000000000000000000e+00 1.000000000000000000e+00 1.000000000000000000e+00 0.000000000000000000e+00 0.000000000000000000e+00 -1.000000000000000000e+00 -1.000000000000000000e+00
1.490000000000000000e+02 1.962889666779366598e+04 2.011627347948169131e+01 -1.164581539928292581e-01 2.770477317497844982e+00 -2.242196059548505829e-02 2.565554957482716128e-02 0.000000000000000000e+00 1.000000000000000000e+00 1.000000000000000000e+00 0.000000000000000000e+00 0.000000000000000000e+00 -1.000000000000000000e+00 -1.000000000000000000e+00
1.510000000000000000e+02 4.951593315752937633e+04 3.096628848520509436e+01 -2.623176189981058504e-01 2.081893533090611648e+00 3.129524783931558751e+00 1.504478172376865104e-02 0.000000000000000000e+00 1.000000000000000000e+00 1.000000000000000000e+00 0.000000000000000000e+00 0.000000000000000000e+00 -1.000000000000000000e+00 -1.000000000000000000e+00
1.580000000000000000e+02 3.368648511228099960e+04 1.034696476184653413e+01 1.419574444297133642e-02 1.992144940564302802e+00 -2.611292014503741737e-02 1.327801625644972096e-02 1.570796326794896558e+00 1.000000000000000000e+00 1.000000000000000000e+00 0.000000000000000000e+00 0.000000000000000000e+00 -1.000000000000000000e+00 -1.000000000000000000e+00
1.600000000000000000e+02 2.171004490768731921e+04 1.105439409023488828e+01 8.669540572246947630e-03 8.857451204282824619e-01 -3.658805187904674849e-02 4.603155938507368788e-02 0.000000000000000000e+00 1.000000000000000000e+00 1.000000000000000000e+00 0.000000000000000000e+00 0.000000000000000000e+00 -1.000000000000000000e+00 -1.000000000000000000e+00
1.610000000000000000e+02 2.600890974514014306e+04 1.911970102086394974e+01 -1.213682687701926055e-01 2.234753015402027643e+00 3.118265000501040163e+00 3.701410651958880749e-02 1.570796326794896558e+00 1.000000000000000000e+00 1.000000000000000000e+00 0.000000000000000000e+00 0.000000000000000000e+00 -1.000000000000000000e+00 -1.000000000000000000e+00
1.620000000000000000e+02 3.408065791411546525e+04 1.217914543358626922e+01 1.108171392763129814e-01 5.070266207832404559e-01 3.120284049978085061e+00 4.004601863790360761e-02 1.570796326794896558e+00 1.000000000000000000e+00 1.000000000000000000e+00 0.000000000000000000e+00 0.000000000000000000e+00 -1.000000000000000000e+00 -1.000000000000000000e+00
1.640000000000000000e+02 4.601244429850792699e+02 2.946880351343687465e+01 -5.088145004782258091e-02 1.677168813457339480e+00 3.131887894614278078e+00 3.877715905280369052e-02 0.000000000000000000e+00 1.000000000000000000e+00 1.000000000000000000e+00 0.000000000000000000e+00 0.000000000000000000e+00 -1.000000000000000000e+00 -1.000000000000000000e+00
1.670000000000000000e+02 2.475315664347142956e+04 1.242786603935002177e+01 2.411906385579065323e-03 1.348090984384858748e+00 1.853867803202695341e-02 3.320260598108904643e-02 0.000000000000000000e+00 1.000000000000000000e+00 1.000000000000000000e+00 0.000000000000000000e+00 0.000000000000000000e+00 -1.000000000000000000e+00 -1.000000000000000000e+00
1.680000000000000000e+02 2.540116097587499826e+04 1.551156686680532282e+01 8.242763654400994677e-02 7.803659191523570904e-01 4.431244054135309064e-03 2.976466864877262697e-02 1.570796326794896558e+00 1.000000000000000000e+00 1.000000000000000000e+00 0.000000000000000000e+00 0.000000000000000000e+00 -1.000000000000000000e+00 -1.000000000000000000e+00
1.700000000000000000e+02 4.600190190402566805e+04 1.840890478074321379e+01 -2.255022672619828583e-01 2.742612992585445664e+00 3.101107593927746375e+00 1.377772490309276676e-01 0.000000000000000000e+00 1.000000000000000000e+00 1.000000000000000000e+00 0.000000000000000000e+00 0.000000000000000000e+00 -1.000000000000000000e+00 -1.000000000000000000e+00
1.720000000000000000e+02 3.438811079754168168e+04 1.661577552439336003e+01 -1.790223520565235316e-01 3.006815429466222156e+00 -2.148792545780508004e-02 1.627964107915708808e-02 0.000000000000000000e+00 1.000000000000000000e+00 1.000000000000000000e+00 0.000000000000000000e+00 0.000000000000000000e+00 -1.000000000000000000e+00 -1.000000000000000000e+00
1.770000000000000000e+02 4.423535947650968592e+04 1.832285051603991732e+01 -1.637931367953290029e-01 2.412962651945649739e+00 3.127028529418423464e+00 6.369284800979316263e-02 0.000000000000000000e+00 1.000000000000000000e+00 1.000000000000000000e+00 0.000000000000000000e+00 0.000000000000000000e+00 -1.000000000000000000e+00 -1.000000000000000000e+00
1.790000000000000000e+02 3.209920410673179504e+04 1.077181360899932905e+01 8.787962096329571260e-02 1.419178506054404654e+00 3.119852109925175032e+00 1.687524621382558571e-02 0.000000000000000000e+00 1.000000000000000000e+00 1.000000000000000000e+00 0.000000000000000000e+00 0.000000000000000000e+00 -1.000000000000000000e+00 -1.000000000000000000e+00
1.800000000000000000e+02 2.938336121973873742e+04 1.070075823669762549e+01 2.759235225704569083e-02 1.898947447822848966e+00 3.143717758055386557e+00 8.401513673476090904e-02 1.570796326794896558e+00 1.000000000000000000e+00 1.000000000000000000e+00 0.000000000000000000e+00 0.000000000000000000e+00 -1.000000000000000000e+00 -1.000000000000000000e+00
1.810000000000000000e+02 3.086487868397403145e+04 2.416265188290078925e+01 -4.467335659844353518e-02 7.549738098752837301e-01 3.159891686828592228e+00 1.564678679068086387e-02 0.000000000000000000e+00 1.000000000000000000e+00 1.000000000000000000e+00 0.000000000000000000e+00 0.000000000000000000e+00 -1.000000000000000000e+00 -1.000000000000000000e+00
1.850000000000000000e+02 4.151629951545422227e+04 1.094618801926956486e+01 7.101741891610017544e-03 6.788672235648159914e-01 -3.011947393612064011e-02 3.305743401757463285e-02 0.000000000000000000e+00 1.000000000000000000e+00 1.000000000000000000e+00 0.000000000000000000e+00 0.000000000000000000e+00 -1.000000000000000000e+00 -1.000000000000000000e+00
1.870000000000000000e+02 5.571971742409673425e+02 1.506506457133369636e+01 -1.413818115795855979e-01 2.878105154547577538e+00 -7.407521239597918790e-04 5.731270331319013311e-02 0.000000000000000000e+00 1.000000000000000000e+00 1.000000000000000000e+00 0.000000000000000000e+00 0.000000000000000000e+00 -1.000000000000000000e+00 -1.000000000000000000e+00
1.880000000000000000e+02 5.000000000000000000e+04 1.663596057524583927e+01 -7.010040124338681733e-02 3.100000000000000089e+00 3.095971580650099142e+00 7.399745626784948183e-02 0.000000000000000000e+00 1.000000000000000000e+00 1.000000000000000000e+00 0.000000000000000000e+00 0.000000000000000000e+00 -1.000000000000000000e+00 -1.000000000000000000e+00
1.900000000000000000e+02 1.374883960961607409e+04 1.265968507863013848e+01 -1.249100267113951446e-01 3.100000000000000089e+00 3.153173332730966477e-02 1.000000000000000021e-02 1.570796326794896558e+00 1.000000000000000000e+00 1.000000000000000000e+00 0.000000000000000000e+00 0.000000000000000000e+00 -1.000000000000000000e+00 -1.000000000000000000e+00
1.930000000000000000e+02 5.148850227942564288e+02 1.255180567007998249e+01 -1.099001256511940861e-01 2.378647860278245041e+00 1.469440562249811622e-02 4.603548383719276854e-02 1.570796326794896558e+00 1.000000000000000000e+00 1.000000000000000000e+00 0.000000000000000000e+00 0.000000000000000000e+00 -1.000000000000000000e+00 -1.000000000000000000e+00
1.960000000000000000e+02 3.065945659591574440e+03 1.117025961613961194e+01 -8.008398985260550829e-02 2.453826349360016312e+00 -1.661794733509149545e-03 9.000000000000001055e-02 1.570796326794896558e+00 1.000000000000000000e+00 1.000000000000000000e+00 0.000000000000000000e+00 0.000000000000000000e+00 -1.000000000000000000e+00 -1.000000000000000000e+00
3.650000000000000000e+02 5.857526527463800221e+02 3.925818492946832805e+01 -3.213025814575116990e-02 2.004019120217853445e+00 0.000000000000000000e+00 8.100000000000001643e-02 -1.000000000000000000e+00 1.000000000000000000e+00 1.000000000000000000e+00 4.800000000000000000e+01 0.000000000000000000e+00 -1.000000000000000000e+00 -1.000000000000000000e+00
1.200000000000000000e+01 5.000000000000000000e+04 3.719326943518316142e+01 -9.537138598973972370e-02 2.180273269581981754e+00 3.283800815048993488e-02 1.053685818342186414e-02 1.570796326794896558e+00 1.000000000000000000e+00 1.000000000000000000e+00 0.000000000000000000e+00 0.000000000000000000e+00 -1.000000000000000000e+00 -1.000000000000000000e+00
2.300000000000000000e+01 4.224965744680992793e+04 3.199533316828635066e+01 4.160343677389639894e-02 6.680220323329612020e-01 2.215341263607642497e-02 6.937873695703036803e-02 1.570796326794896558e+00 1.000000000000000000e+00 1.000000000000000000e+00 0.000000000000000000e+00 0.000000000000000000e+00 -1.000000000000000000e+00 -1.000000000000000000e+00
2.600000000000000000e+01 2.723586228432855205e+04 1.145055009347445640e+01 -7.783006639202381949e-02 3.100000000000000089e+00 0.000000000000000000e+00 5.901073869958798485e-02 1.570796326794896558e+00 1.000000000000000000e+00 1.000000000000000000e+00 0.000000000000000000e+00 0.000000000000000000e+00 -1.000000000000000000e+00 -1.000000000000000000e+00
3.200000000000000000e+01 3.252416414654969049e+04 1.509831336626769094e+01 -9.425826973693997302e-02 3.053442183218951556e+00 0.000000000000000000e+00 5.046860836745484941e-02 1.570796326794896558e+00 1.000000000000000000e+00 1.000000000000000000e+00 0.000000000000000000e+00 0.000000000000000000e+00 -1.000000000000000000e+00 -1.000000000000000000e+00
3.300000000000000000e+01 4.784685350320977159e+04 3.772389795933551682e+01 -1.188610947806747684e-03 1.729613828358480543e+00 2.100751357648508039e-02 9.412421389967148833e-02 1.570796326794896558e+00 1.000000000000000000e+00 1.000000000000000000e+00 0.000000000000000000e+00 0.000000000000000000e+00 -1.000000000000000000e+00 -1.000000000000000000e+00
4.500000000000000000e+01 2.679192096960732306e+04 2.202023108633091653e+01 -7.365455517560705323e-02 3.100000000000000089e+00 2.575247626623450997e-02 1.396400457639800433e-02 1.570796326794896558e+00 1.000000000000000000e+00 1.000000000000000000e+00 0.000000000000000000e+00 0.000000000000000000e+00 -1.000000000000000000e+00 -1.000000000000000000e+00
5.100000000000000000e+01 3.820292938779546967e+04 3.581084096901000891e+01 -2.096184690878988288e-01 3.037511115662534955e+00 2.226958160218817095e-02 6.469764305780957570e-02 1.570796326794896558e+00 1.000000000000000000e+00 1.000000000000000000e+00 0.000000000000000000e+00 0.000000000000000000e+00 -1.000000000000000000e+00 -1.000000000000000000e+00
5.700000000000000000e+01 4.225844812894193456e+04 3.929779071884787811e+01 -1.081732114719968219e-01 2.769297033447501555e+00 7.486549787306348049e-03 2.641551014521807683e-02 1.570796326794896558e+00 1.000000000000000000e+00 1.000000000000000000e+00 0.000000000000000000e+00 0.000000000000000000e+00 -1.000000000000000000e+00 -1.000000000000000000e+00
6.200000000000000000e+01 1.518425297343512284e+04 1.584884968648523973e+01 -1.036992623781423650e-01 2.090414834873384642e+00 1.781988047308528250e-02 9.000000000000001055e-02 1.570796326794896558e+00 1.000000000000000000e+00 1.000000000000000000e+00 0.000000000000000000e+00 0.000000000000000000e+00 -1.000000000000000000e+00 -1.000000000000000000e+00
7.200000000000000000e+01 6.108893201901397561e+02 2.509094995102401171e+01 -4.021704400709301408e-02 9.614050662513455858e-01 0.000000000000000000e+00 9.000000000000001055e-02 1.570796326794896558e+00 1.000000000000000000e+00 1.000000000000000000e+00 0.000000000000000000e+00 0.000000000000000000e+00 -1.000000000000000000e+00 -1.000000000000000000e+00
7.400000000000000000e+01 2.151832023451226996e+04 1.227278957589406261e+01 -1.002541489603111791e-01 3.045992226324149676e+00 3.448695782854156039e-02 2.017416141262403859e-02 1.570796326794896558e+00 1.000000000000000000e+00 1.000000000000000000e+00 0.000000000000000000e+00 0.000000000000000000e+00 -1.000000000000000000e+00 -1.000000000000000000e+00
8.600000000000000000e+01 1.849219696433237186e+04 2.603899290413845335e+01 -4.092797418100721507e-02 3.030200000000000227e+00 1.937405897356697659e-02 1.000000000000000021e-02 1.570796326794896558e+00 1.000000000000000000e+00 1.000000000000000000e+00 0.000000000000000000e+00 0.000000000000000000e+00 -1.000000000000000000e+00 -1.000000000000000000e+00
9.000000000000000000e+01 4.803055386415504472e+04 3.827115111295131555e+01 -6.494230546731095954e-02 2.703186139174214464e+00 0.000000000000000000e+00 4.266009464532269368e-02 1.570796326794896558e+00 1.000000000000000000e+00 1.000000000000000000e+00 0.000000000000000000e+00 0.000000000000000000e+00 -1.000000000000000000e+00 -1.000000000000000000e+00
9.900000000000000000e+01 4.988208805250111618e+04 1.381734394787055287e+01 -1.567602330461805582e-01 3.100000000000000089e+00 0.000000000000000000e+00 3.861143269459713784e-02 1.570796326794896558e+00 1.000000000000000000e+00 1.000000000000000000e+00 0.000000000000000000e+00 0.000000000000000000e+00 -1.000000000000000000e+00 -1.000000000000000000e+00
1.030000000000000000e+02 3.793728425882020383e+04 1.357478886090189718e+01 -1.607559839402676605e-01 3.022189141723061745e+00 0.000000000000000000e+00 1.238643467630941297e-02 1.570796326794896558e+00 1.000000000000000000e+00 1.000000000000000000e+00 0.000000000000000000e+00 0.000000000000000000e+00 -1.000000000000000000e+00 -1.000000000000000000e+00
1.070000000000000000e+02 3.279565004938287166e+04 1.081159752636621008e+01 -1.299356926574721793e-01 3.050033622826537005e+00 1.844415365949562957e-02 3.836637408556314160e-02 1.570796326794896558e+00 1.000000000000000000e+00 1.000000000000000000e+00 0.000000000000000000e+00 0.000000000000000000e+00 -1.000000000000000000e+00 -1.000000000000000000e+00
1.220000000000000000e+02 3.043828210647645028e+04 1.047132228992957437e+01 -2.415636252211328383e-02 1.487002842171519790e+00 0.000000000000000000e+00 1.304680043309676130e-01 1.570796326794896558e+00 1.000000000000000000e+00 1.000000000000000000e+00 0.000000000000000000e+00 0.000000000000000000e+00 -1.000000000000000000e+00 -1.000000000000000000e+00
1.280000000000000000e+02 7.244072143382320519e+02 1.332807094001096893e+01 -1.381186085415452708e-02 6.499505272452708038e-01 1.037520483459805068e-03 1.000000000000000056e-01 1.570796326794896558e+00 1.000000000000000000e+00 1.000000000000000000e+00 0.000000000000000000e+00 0.000000000000000000e+00 -1.000000000000000000e+00 -1.000000000000000000e+00
1.370000000000000000e+02 3.904663875638513127e+04 2.089046307547195980e+01 -1.186429741070760963e-02 1.902083794727545296e+00 1.129050645788022555e-02 6.597866669374399806e-02 1.570796326794896558e+00 1.000000000000000000e+00 1.000000000000000000e+00 0.000000000000000000e+00 0.000000000000000000e+00 -1.000000000000000000e+00 -1.000000000000000000e+00
1.430000000000000000e+02 4.672398238061231677e+04 1.034922188895051498e+01 -2.916170277258431365e-02 8.522226663212083553e-01 2.557922308377728968e-03 6.928136036699986122e-02 1.570796326794896558e+00 1.000000000000000000e+00 1.000000000000000000e+00 0.000000000000000000e+00 0.000000000000000000e+00 -1.000000000000000000e+00 -1.000000000000000000e+00
1.590000000000000000e+02 9.509808552862446959e+03 1.208975841966871023e+01 2.165790193198564861e-02 9.579611804249692497e-01 0.000000000000000000e+00 4.151007340914488614e-02 1.570796326794896558e+00 1.000000000000000000e+00 1.000000000000000000e+00 0.000000000000000000e+00 0.000000000000000000e+00 -1.000000000000000000e+00 -1.000000000000000000e+00
1.690000000000000000e+02 2.272507901364849749e+04 3.812824794946737228e+01 -1.549144882069445894e-01 2.988892932892462273e+00 0.000000000000000000e+00 1.000000000000000021e-02 1.570796326794896558e+00 1.000000000000000000e+00 1.000000000000000000e+00 0.000000000000000000e+00 0.000000000000000000e+00 -1.000000000000000000e+00 -1.000000000000000000e+00
1.730000000000000000e+02 2.848209887582135343e+04 1.019385466003923568e+01 1.486850975902087590e-01 1.305687048874327960e+00 8.640363609497967584e-03 6.783140534897677543e-02 1.570796326794896558e+00 1.000000000000000000e+00 1.000000000000000000e+00 0.000000000000000000e+00 0.000000000000000000e+00 -1.000000000000000000e+00 -1.000000000000000000e+00
1.740000000000000000e+02 6.058964560043464189e+02 1.193316655298015938e+01 -2.592238588589974579e-01 3.100000000000000089e+00 0.000000000000000000e+00 4.798816979472683708e-02 1.570796326794896558e+00 1.000000000000000000e+00 1.000000000000000000e+00 0.000000000000000000e+00 0.000000000000000000e+00 -1.000000000000000000e+00 -1.000000000000000000e+00
1.970000000000000000e+02 1.605178956359046970e+04 1.471296826260657831e+01 -1.977097590062488752e-01 1.917360372688676096e+00 0.000000000000000000e+00 1.000000000000000021e-02 1.570796326794896558e+00 1.000000000000000000e+00 1.000000000000000000e+00 0.000000000000000000e+00 0.000000000000000000e+00 -1.000000000000000000e+00 -1.000000000000000000e+00
3.600000000000000000e+01 2.832755698882296656e+03 1.073106680587368089e+01 2.616130421963380401e-03 1.393218504333941565e+00 0.000000000000000000e+00 9.000000000000001055e-02 0.000000000000000000e+00 1.000000000000000000e+00 1.000000000000000000e+00 0.000000000000000000e+00 0.000000000000000000e+00 -1.000000000000000000e+00 -1.000000000000000000e+00
5.400000000000000000e+01 7.309774911347301440e+02 3.656373424716000642e+01 -9.300101828863188702e-02 2.841449590995197116e+00 0.000000000000000000e+00 9.000000000000001055e-02 0.000000000000000000e+00 1.000000000000000000e+00 1.000000000000000000e+00 0.000000000000000000e+00 0.000000000000000000e+00 -1.000000000000000000e+00 -1.000000000000000000e+00
6.800000000000000000e+01 4.372080565000248498e+03 1.172592097636887232e+01 -8.375661746859187906e-02 1.974737792603084019e+00 0.000000000000000000e+00 9.000000000000001055e-02 0.000000000000000000e+00 1.000000000000000000e+00 1.000000000000000000e+00 0.000000000000000000e+00 0.000000000000000000e+00 -1.000000000000000000e+00 -1.000000000000000000e+00
8.500000000000000000e+01 5.626228809647113849e+03 3.328158460700397825e+01 -2.542231134600990150e-01 3.100000000000000089e+00 0.000000000000000000e+00 9.000000000000001055e-02 0.000000000000000000e+00 1.000000000000000000e+00 1.000000000000000000e+00 0.000000000000000000e+00 0.000000000000000000e+00 -1.000000000000000000e+00 -1.000000000000000000e+00
8.900000000000000000e+01 6.664595493123765664e+03 1.150592989597435789e+01 -1.033243567235343219e-01 2.511626166711205421e+00 0.000000000000000000e+00 2.367604147409437670e-02 0.000000000000000000e+00 1.000000000000000000e+00 1.000000000000000000e+00 0.000000000000000000e+00 0.000000000000000000e+00 -1.000000000000000000e+00 -1.000000000000000000e+00
1.130000000000000000e+02 3.601412808242836036e+03 1.520951249922950055e+01 -2.547317900727937706e-02 8.901007187403725540e-01 0.000000000000000000e+00 9.000000000000001055e-02 0.000000000000000000e+00 1.000000000000000000e+00 1.000000000000000000e+00 0.000000000000000000e+00 0.000000000000000000e+00 -1.000000000000000000e+00 -1.000000000000000000e+00
1.540000000000000000e+02 2.223043244557283742e+03 1.159645437807727575e+01 -7.536034468840192846e-02 2.194162332810603910e+00 0.000000000000000000e+00 9.000000000000001055e-02 0.000000000000000000e+00 1.000000000000000000e+00 1.000000000000000000e+00 0.000000000000000000e+00 0.000000000000000000e+00 -1.000000000000000000e+00 -1.000000000000000000e+00
1.560000000000000000e+02 7.604199220167595286e+02 1.018805060878888646e+01 -7.518033946400023981e-02 2.255800810193913541e+00 0.000000000000000000e+00 1.000000000000000056e-01 0.000000000000000000e+00 1.000000000000000000e+00 1.000000000000000000e+00 0.000000000000000000e+00 0.000000000000000000e+00 -1.000000000000000000e+00 -1.000000000000000000e+00
1.890000000000000000e+02 7.901493433805170525e+02 3.129504060542138788e+01 5.954797964692680468e-02 1.251797967689715962e+00 0.000000000000000000e+00 9.000000000000001055e-02 0.000000000000000000e+00 1.000000000000000000e+00 1.000000000000000000e+00 0.000000000000000000e+00 0.000000000000000000e+00 -1.000000000000000000e+00 -1.000000000000000000e+00
3.660000000000000000e+02 5.161178522194657035e+02 1.121804309021242396e+01 -1.063323605848002090e-01 3.007066637852871427e+00 0.000000000000000000e+00 2.369789388559629534e-02 -1.000000000000000000e+00 1.000000000000000000e+00 1.000000000000000000e+00 4.800000000000000000e+01 1.000000000000000000e+05 -1.000000000000000000e+00 -1.000000000000000000e+00
3.670000000000000000e+02 2.417563584280779025e+02 1.089705903661691622e+01 -2.041664193247473003e-01 3.100000000000000089e+00 0.000000000000000000e+00 8.292053215031257307e-02 -1.000000000000000000e+00 1.000000000000000000e+00 1.000000000000000000e+00 4.800000000000000000e+01 2.000000000000000000e+05 -1.000000000000000000e+00 -1.000000000000000000e+00
3.680000000000000000e+02 8.550813242748024550e+02 1.337985261725943609e+01 -3.713787371046855385e-02 3.100000000000000089e+00 0.000000000000000000e+00 2.134438913171085583e-02 -1.000000000000000000e+00 1.000000000000000000e+00 1.000000000000000000e+00 4.800000000000000000e+01 3.000000000000000000e+05 -1.000000000000000000e+00 -1.000000000000000000e+00
3.700000000000000000e+02 2.705124440721147607e+02 1.936364888799608153e+01 -1.313202579133271874e-01 2.201597577861174493e+00 0.000000000000000000e+00 6.447873669692361087e-02 -1.000000000000000000e+00 1.000000000000000000e+00 1.000000000000000000e+00 4.800000000000000000e+01 4.000000000000000000e+05 -1.000000000000000000e+00 -1.000000000000000000e+00
3.740000000000000000e+02 3.311278824026943539e+02 1.428385122265550500e+01 -6.226665931307633767e-02 2.432632392120801956e+00 0.000000000000000000e+00 7.740498947636746674e-02 -1.000000000000000000e+00 1.000000000000000000e+00 1.000000000000000000e+00 4.800000000000000000e+01 5.000000000000000000e+05 -1.000000000000000000e+00 -1.000000000000000000e+00
3.710000000000000000e+02 2.788254888625749663e+04 4.046751929583393093e+01 5.834579911063972890e-01 0.000000000000000000e+00 0.000000000000000000e+00 4.060768528530334792e-02 -1.000000000000000000e+00 1.000000000000000000e+00 2.000000000000000000e+00 4.800000000000000000e+01 5.300000000000000000e+05 -1.000000000000000000e+00 -1.000000000000000000e+00
3.730000000000000000e+02 1.603144639932004793e+04 2.660564635297954794e+01 6.291366588182589759e-01 0.000000000000000000e+00 0.000000000000000000e+00 9.000000000000001055e-02 -1.000000000000000000e+00 1.000000000000000000e+00 2.000000000000000000e+00 4.800000000000000000e+01 5.700000000000000000e+05 -1.000000000000000000e+00 -1.000000000000000000e+00
3.720000000000000000e+02 1.157932066141630639e+04 2.719197964963782255e+01 6.771978789752731709e-01 0.000000000000000000e+00 0.000000000000000000e+00 9.000000000000001055e-02 -1.000000000000000000e+00 1.000000000000000000e+00 2.000000000000000000e+00 4.800000000000000000e+01 5.900000000000000000e+05 -1.000000000000000000e+00 -1.000000000000000000e+00
3.760000000000000000e+02 2.957000830464480532e+04 4.032366513042280332e+01 5.254699159623363869e-01 0.000000000000000000e+00 0.000000000000000000e+00 2.368316782045198562e-02 -1.000000000000000000e+00 1.000000000000000000e+00 2.000000000000000000e+00 4.800000000000000000e+01 6.000000000000000000e+05 -1.000000000000000000e+00 -1.000000000000000000e+00
3.770000000000000000e+02 7.406113821406459863e+01 2.280443626370585619e+01 -9.155480546016107890e-02 2.417844132574543003e+00 0.000000000000000000e+00 8.922206662245450726e-02 -1.000000000000000000e+00 1.000000000000000000e+00 1.000000000000000000e+00 4.800000000000000000e+01 6.000000000000000000e+05 -1.000000000000000000e+00 -1.000000000000000000e+00
