# id_num orb_a mass spin spin_angle orb_inc orb_ecc orb_arg_periapse orb_ang_mom gen galaxy time_passed gw_freq gw_strain
1.000000000000000000e+00 3.822883724195011018e+04 1.188989495036674882e+01 -4.405770340213167185e-02 5.535040424629514844e-01 6.786188599809239025e-03 1.509920992588552162e-02 0.000000000000000000e+00 1.000000000000000000e+00 1.000000000000000000e+00 0.000000000000000000e+00 0.000000000000000000e+00 -1.000000000000000000e+00 -1.000000000000000000e+00
1.200000000000000000e+01 4.452711727796231571e+04 1.177132343952617965e+01 -1.324592676002504799e-02 8.277142483758844760e-01 3.149818673702291960e+00 8.444088612582004161e-02 1.570796326794896558e+00 1.000000000000000000e+00 1.000000000000000000e+00 0.000000000000000000e+00 0.000000000000000000e+00 -1.000000000000000000e+00 -1.000000000000000000e+00
1.300000000000000000e+01 2.137958315167062028e+04 1.050810029801034240e+01 1.526969220083442547e-01 1.388607462497123191e+00 -3.913204817933864724e-03 1.675396632565686814e-02 0.000000000000000000e+00 1.000000000000000000e+00 1.000000000000000000e+00 0.000000000000000000e+00 0.000000000000000000e+00 -1.000000000000000000e+00 -1.000000000000000000e+00
1.500000000000000000e+01 4.768820707962955203e+04 2.893565553776210919e+01 -7.273220753537436301e-02 3.100000000000000089e+00 -2.882186239694843957e-02 7.618736107685473991e-02 1.570796326794896558e+00 1.000000000000000000e+00 1.000000000000000000e+00 0.000000000000000000e+00 0.000000000000000000e+00 -1.000000000000000000e+00 -1.000000000000000000e+00
1.800000000000000000e+01 1.624958746765082651e+04 2.632938425600888976e+01 -1.183028933515820752e-02 1.669180821098661394e+00 3.132427546567765120e+00 5.973333315665019239e-02 1.570796326794896558e+00 1.000000000000000000e+00 1.000000000000000000e+00 0.000000000000000000e+00 0.000000000000000000e+00 -1.000000000000000000e+00 -1.000000000000000000e+00
1.900000000000000000e+01 2.762412665185808874e+04 1.991805013385143752e+01 1.004384904689835656e-01 1.700617565265204245e+00 -2.099367473296359990e-02 1.209022256004544695e-02 1.570796326794896558e+00 1.000000000000000000e+00 1.000000000000000000e+00 0.000000000000000000e+00 0.000000000000000000e+00 -1.000000000000000000e+00 -1.000000000000000000e+00
2.200000000000000000e+01 4.044248033459622093e+04 2.952324921130362867e+01 -3.140311022047277689e-02 1.122010659320308745e+00 1.130638957072130878e-02 3.543870792838970524e-02 0.000000000000000000e+00 1.000000000000000000e+00 1.000000000000000000e+00 0.000000000000000000e+00 0.000000000000000000e+00 -1.000000000000000000e+00 -1.000000000000000000e+00
2.400000000000000000e+01 2.377447250432162400e+04 2.811177264559558253e+01 8.733247197719880284e-02 1.432026931404372760e+00 -1.914885630429114666e-02 1.000000000000000021e-02 0.000000000000000000e+00 1.000000000000000000e+00 1.000000000000000000e+00 0.000000000000000000e+00 0.000000000000000000e+00 -1.000000000000000000e+00 -1.000000000000000000e+00
2.700000000000000000e+01 4.087542993630559067e+04 1.282217358424699505e+01 -2.913354176300184117e-01 2.613791902088033137e+00 3.144101487363557546e+00 1.329568982023396177e-02 0.000000000000000000e+00 1.000000000000000000e+00 1.000000000000000000e+00 0.000000000000000000e+00 0.000000000000000000e+00 -1.000000000000000000e+00 -1.000000000000000000e+00
3.000000000000000000e+01 1.458599744891263015e+02 1.815084825618957964e+01 -8.300791659327375061e-02 2.272803848946109539e+00 3.066549165711780489e+00 3.835882135486143318e-02 0.000000000000000000e+00 1.000000000000000000e+00 1.000000000000000000e+00 0.000000000000000000e+00 0.000000000000000000e+00 -1.000000000000000000e+00 -1.000000000000000000e+00
3.200000000000000000e+01 2.539435659464584023e+04 1.409297683935721501e+01 -1.772482064543448588e-02 1.090378315807148057e+00 3.146809644452993382e+00 1.753323141435856464e-02 1.570796326794896558e+00 1.000000000000000000e+00 1.000000000000000000e+00 0.000000000000000000e+00 0.000000000000000000e+00 -1.000000000000000000e+00 -1.000000000000000000e+00
3.300000000000000000e+01 7.005704315549022567e+02 1.359684560458289759e+01 1.195649431261736340e-01 8.579106342857756307e-01 3.141988680675793955e+00 1.574149118693493957e-02 0.000000000000000000e+00 1.000000000000000000e+00 1.000000000000000000e+00 0.000000000000000000e+00 0.000000000000000000e+00 -1.000000000000000000e+00 -1.000000000000000000e+00
3.400000000000000000e+01 3.875422802694789425e+04 1.101173551598193079e+01 -7.754977681973300452e-03 1.573614631567598732e+00 -4.567680755501830892e-02 1.068525497651771489e-01 1.570796326794896558e+00 1.000000000000000000e+00 1.000000000000000000e+00 0.000000000000000000e+00 0.000000000000000000e+00 -1.000000000000000000e+00 -1.000000000000000000e+00
3.600000000000000000e+01 7.461562095477368530e+03 1.525928592760680580e+01 1.400989844246094129e-01 1.487239616513533758e+00 -1.701775945182507771e-03 2.023754093164266410e-02 0.000000000000000000e+00 1.000000000000000000e+00 1.000000000000000000e+00 0.000000000000000000e+00 0.000000000000000000e+00 -1.000000000000000000e+00 -1.000000000000000000e+00
4.300000000000000000e+01 2.514719851261501753e+04 2.976672844870812895e+01 -2.620531644585862019e-02 1.364506686539678881e+00 3.133520299418386834e+00 1.000000000000000021e-02 0.000000000000000000e+00 1.000000000000000000e+00 1.000000000000000000e+00 0.000000000000000000e+00 0.000000000000000000e+00 -1.000000000000000000e+00 -1.000000000000000000e+00
4.500000000000000000e+01 1.715655260409477341e+04 1.057413592132868985e+01 -1.205064509522082300e-02 1.050647284283182215e+00 -1.518376581067833013e-02 1.435762728373461694e-02 0.000000000000000000e+00 1.000000000000000000e+00 1.000000000000000000e+00 0.000000000000000000e+00 0.000000000000000000e+00 -1.000000000000000000e+00 -1.000000000000000000e+00
4.600000000000000000e+01 2.691004195061536302e+04 1.496353851264460921e+01 -3.230730254559079084e-02 1.401412088522234978e+00 -6.594700922529119283e-03 3.218526468107422295e-02 1.570796326794896558e+00 1.000000000000000000e+00 1.000000000000000000e+00 0.000000000000000000e+00 0.000000000000000000e+00 -1.000000000000000000e+00 -1.000000000000000000e+00
4.700000000000000000e+01 3.273167024071330161e+04 2.107202565428470820e+01 -3.280126195052263660e-01 2.706336201595348268e+00 3.102225761208691424e+00 1.837995127338269696e-02 1.570796326794896558e+00 1.000000000000000000e+00 1.000000000000000000e+00 0.000000000000000000e+00 0.000000000000000000e+00 -1.000000000000000000e+00 -1.000000000000000000e+00
4.800000000000000000e+01 3.577086204246607667e+04 3.825418151915962994e+01 8.942056123598868256e-02 1.839128767316311919e+00 3.118836717928522351e+00 4.206164849653409865e-02 1.570796326794896558e+00 1.000000000000000000e+00 1.000000000000000000e+00 0.000000000000000000e+00 0.000000000000000000e+00 -1.000000000000000000e+00 -1.000000000000000000e+00
4.900000000000000000e+01 3.856687703770055668e+04 1.913104405830526389e+01 -1.272120379247615729e-01 3.100000000000000089e+00 3.100093168432640933e+00 2.476877157780003197e-02 0.000000000000000000e+00 1.000000000000000000e+00 1.000000000000000000e+00 0.000000000000000000e+00 0.000000000000000000e+00 -1.000000000000000000e+00 -1.000000000000000000e+00
5.300000000000000000e+01 1.789685043659049188e+04 1.461690069966062921e+01 -8.577968752373946182e-02 2.528138185233869351e+00 3.152420592341617755e+00 1.211849755820880795e-02 1.570796326794896558e+00 1.000000000000000000e+00 1.000000000000000000e+00 0.000000000000000000e+00 0.000000000000000000e+00 -1.000000000000000000e+00 -1.000000000000000000e+00
5.400000000000000000e+01 4.074505241689738614e+04 3.568139641772260973e+01 -2.188657890115300875e-01 2.051547282963428920e+00 3.112506352939422793e+00 1.574273664142619364e-02 0.000000000000000000e+00 1.000000000000000000e+00 1.000000000000000000e+00 0.000000000000000000e+00 0.000000000000000000e+00 -1.000000000000000000e+00 -1.000000000000000000e+00
5.500000000000000000e+01 1.288986616029210199e+04 1.448236111721509367e+01 -2.871078391978939548e-01 2.838892027147884356e+00 -2.777701715757683806e-02 1.555139121312316963e-02 1.570796326794896558e+00 1.000000000000000000e+00 1.000000000000000000e+00 0.000000000000000000e+00 0.000000000000000000e+00 -1.000000000000000000e+00 -1.000000000000000000e+00
5.600000000000000000e+01 3.844111056865027786e+04 1.207802864377359775e+01 -7.425498954428522147e-02 3.001552821112822400e+00 3.180512126743498147e+00 2.078948748686892944e-02 0.000000000000000000e+00 1.000000000000000000e+00 1.000000000000000000e+00 0.000000000000000000e+00 0.000000000000000000e+00 -1.000000000000000000e+00 -1.000000000000000000e+00
5.800000000000000000e+01 4.362614612487596605e+04 1.368447576352915895e+01 1.757877891758324873e-02 4.750932256555572275e-01 -2.667306145739275353e-02 2.026230079353109198e-02 0.000000000000000000e+00 1.000000000000000000e+00 1.000000000000000000e+00 0.000000000000000000e+00 0.000000000000000000e+00 -1.000000000000000000e+00 -1.000000000000000000e+00
6.100000000000000000e+01 5.000000000000000000e+04 3.243958472564543172e+01 -9.332724892958323137e-02 3.100000000000000089e+00 -3.205752700602801375e-02 2.442975789214291496e-02 1.570796326794896558e+00 1.000000000000000000e+00 1.000000000000000000e+00 0.000000000000000000e+00 0.000000000000000000e+00 -1.000000000000000000e+00 -1.000000000000000000e+00
6.200000000000000000e+01 4.772972527366755094e+04 2.440934261387453930e+01 -9.389869212214209393e-02 2.532817980449760142e+00 3.340551438635392528e-02 6.434210107668410228e-02 0.000000000000000000e+00 1.000000000000000000e+00 1.000000000000000000e+00 0.000000000000000000e+00 0.000000000000000000e+00 -1.000000000000000000e+00 -1.000000000000000000e+00
6.300000000000000000e+01 2.954870479882222207e+04 1.045302191646061729e+01 -9.542623791251809984e-02 3.100000000000000089e+00 -3.705503786566999302e-02 1.760263454143834450e-02 0.000000000000000000e+00 1.000000000000000000e+00 1.000000000000000000e+00 0.000000000000000000e+00 0.000000000000000000e+00 -1.000000000000000000e+00 -1.000000000000000000e+00
6.700000000000000000e+01 4.709000024162729824e+04 1.219238400575662240e+01 9.853103568527463163e-03 9.684892137917349153e-01 -1.625214185849134865e-02 1.976868405990455865e-02 0.000000000000000000e+00 1.000000000000000000e+00 1.000000000000000000e+00 0.000000000000000000e+00 0.000000000000000000e+00 -1.000000000000000000e+00 -1.000000000000000000e+00
6.800000000000000000e+01 3.506419808853429276e+04 1.014474401839609108e+01 2.758227576575050799e-02 1.733669247555912341e+00 -4.635998618342804592e-03 3.162133558929063754e-02 1.570796326794896558e+00 1.000000000000000000e+00 1.000000000000000000e+00 0.000000000000000000e+00 0.000000000000000000e+00 -1.000000000000000000e+00 -1.000000000000000000e+00
7.000000000000000000e+01 3.593513563552674555e+02 1.545074886846077789e+01 -4.320290507413992835e-03 1.269375337449423435e+00 3.153830136876595969e+00 6.467930070967070622e-02 1.570796326794896558e+00 1.000000000000000000e+00 1.000000000000000000e+00 0.000000000000000000e+00 0.000000000000000000e+00 -1.000000000000000000e+00 -1.000000000000000000e+00
7.200000000000000000e+01 1.571052218451227600e+04 2.933080270577424997e+01 -1.087793959787796000e-01 2.695008210548430316e+00 3.135283010739720488e+00 9.000000000000001055e-02 1.570796326794896558e+00 1.000000000000000000e+00 1.000000000000000000e+00 0.000000000000000000e+00 0.000000000000000000e+00 -1.000000000000000000e+00 -1.000000000000000000e+00
7.300000000000000000e+01 3.012814544572686282e+04 2.776039683279536163e+01 -6.079881068550627848e-02 2.164655583403116257e+00 3.167278979422717189e+00 2.147465462123608615e-02 1.570796326794896558e+00 1.000000000000000000e+00 1.000000000000000000e+00 0.000000000000000000e+00 0.000000000000000000e+00 -1.000000000000000000e+00 -1.000000000000000000e+00
7.400000000000000000e+01 3.157424845453832313e+04 1.293013708328434497e+01 7.566260946439051782e-02 1.827565920003127786e+00 -2.328812421471131155e-02 1.000000000000000021e-02 1.570796326794896558e+00 1.000000000000000000e+00 1.000000000000000000e+00 0.000000000000000000e+00 0.000000000000000000e+00 -1.000000000000000000e+00 -1.000000000000000000e+00
7.900000000000000000e+01 2.508537262194661162e+04 1.238086941669383556e+01 9.458401635880731018e-02 1.348399923317438631e+00 3.101054317901241308e+00 4.197094282874395954e-02 0.000000000000000000e+00 1.000000000000000000e+00 1.000000000000000000e+00 0.000000000000000000e+00 0.000000000000000000e+00 -1.000000000000000000e+00 -1.000000000000000000e+00
8.000000000000000000e+01 1.289299577268816392e+04 1.068116706287844409e+01 -1.824333470374675803e-01 2.649572267490508004e+00 -1.769219974119516300e-02 1.214586227740967021e-02 0.000000000000000000e+00 1.000000000000000000e+00 1.000000000000000000e+00 0.000000000000000000e+00 0.000000000000000000e+00 -1.000000000000000000e+00 -1.000000000000000000e+00
8.100000000000000000e+01 4.778856294302068272e+04 1.737074691154314365e+01 -2.154488007403048133e-01 3.100000000000000089e+00 3.119922864757618708e+00 2.413508703399411953e-02 1.570796326794896558e+00 1.000000000000000000e+00 1.000000000000000000e+00 0.000000000000000000e+00 0.000000000000000000e+00 -1.000000000000000000e+00 -1.000000000000000000e+00
8.200000000000000000e+01 4.979128490896142125e+02 2.337132325470279071e+01 -1.230545286301766572e-01 3.075253780789227065e+00 6.916687223268775352e-03 9.000000000000001055e-02 0.000000000000000000e+00 1.000000000000000000e+00 1.000000000000000000e+00 0.000000000000000000e+00 0.000000000000000000e+00 -1.000000000000000000e+00 -1.000000000000000000e+00
8.300000000000000000e+01 4.205992281609106271e+02 1.135875912788918640e+01 -1.212984364888293476e-01 2.581148241077964922e+00 3.150382363305211264e+00 4.344705855716704535e-02 0.000000000000000000e+00 1.000000000000000000e+00 1.000000000000000000e+00 0.000000000000000000e+00 0.000000000000000000e+00 -1.000000000000000000e+00 -1.000000000000000000e+00
8.600000000000000000e+01 5.148351741002679773e+02 1.870026501829224941e+01 -5.946557407750208135e-02 2.070687210029683811e+00 3.145414539092490802e+00 9.000000000000001055e-02 0.000000000000000000e+00 1.000000000000000000e+00 1.000000000000000000e+00 0.000000000000000000e+00 0.000000000000000000e+00 -1.000000000000000000e+00 -1.000000000000000000e+00
8.700000000000000000e+01 3.358425494214102218e+04 1.537410300819650999e+01 -1.619151461777726397e-01 3.058120000000000172e+00 -3.641062729547564492e-02 1.000000000000000021e-02 0.000000000000000000e+00 1.000000000000000000e+00 1.000000000000000000e+00 0.000000000000000000e+00 0.000000000000000000e+00 -1.000000000000000000e+00 -1.000000000000000000e+00
8.900000000000000000e+01 1.136753184317240630e+04 1.514997168653385806e+01 -1.673226629116392195e-01 3.093020000000000103e+00 3.128000091802560334e+00 1.000000000000000056e-01 1.570796326794896558e+00 1.000000000000000000e+00 1.000000000000000000e+00 0.000000000000000000e+00 0.000000000000000000e+00 -1.000000000000000000e+00 -1.000000000000000000e+00
9.200000000000000000e+01 1.725642507281627331e+04 1.351035402936469154e+01 -2.260908255776124809e-01 2.950833058911788598e+00 3.119609719561617922e+00 1.000000000000000056e-01 0.000000000000000000e+00 1.000000000000000000e+00 1.000000000000000000e+00 0.000000000000000000e+00 0.000000000000000000e+00 -1.000000000000000000e+00 -1.000000000000000000e+00
9.500000000000000000e+01 5.000000000000000000e+04 1.108189802740012375e+01 -3.929592644955876013e-02 1.185930599461479051e+00 3.173920581119499040e+00 1.200756986587145220e-01 0.000000000000000000e+00 1.000000000000000000e+00 1.000000000000000000e+00 0.000000000000000000e+00 0.000000000000000000e+00 -1.000000000000000000e+00 -1.000000000000000000e+00
9.600000000000000000e+01 2.917523941164481221e+04 1.050828386007073689e+01 -1.122330357105641718e-01 2.209923192840220985e+00 3.911406491985711803e-02 2.745955587357964620e-02 0.000000000000000000e+00 1.000000000000000000e+00 1.000000000000000000e+00 0.000000000000000000e+00 0.000000000000000000e+00 -1.000000000000000000e+00 -1.000000000000000000e+00
9.700000000000000000e+01 4.045410400159966957e+04 1.290917678997068130e+01 1.456919382707953792e-02 1.548953052098627436e+00 3.101039971582152166e+00 6.438418559343940528e-02 0.000000000000000000e+00 1.000000000000000000e+00 1.000000000000000000e+00 0.000000000000000000e+00 0.000000000000000000e+00 -1.000000000000000000e+00 -1.000000000000000000e+00
9.900000000000000000e+01 1.384006244253400655e+04 1.388666412564027652e+01 -9.592461594681339632e-02 1.946827667735930190e+00 3.142589074979303732e+00 1.000000000000000021e-02 0.000000000000000000e+00 1.000000000000000000e+00 1.000000000000000000e+00 0.000000000000000000e+00 0.000000000000000000e+00 -1.000000000000000000e+00 -1.000000000000000000e+00
1.000000000000000000e+02 1.484044001194904922e+04 1.496437828165310613e+01 -3.735419858954643069e-02 1.244065549313878805e+00 3.141482219579775137e+00 5.726070403571642542e-02 0.000000000000000000e+00 1.000000000000000000e+00 1.000000000000000000e+00 0.000000000000000000e+00 0.000000000000000000e+00 -1.000000000000000000e+00 -1.000000000000000000e+00
1.030000000000000000e+02 5.269863346852584982e+02 1.026740234529644979e+01 3.027123064769152161e-02 8.435786306839168081e-01 -1.156580394702475499e-02 5.315770636061881854e-02 1.570796326794896558e+00 1.000000000000000000e+00 1.000000000000000000e+00 0.000000000000000000e+00 0.000000000000000000e+00 -1.000000000000000000e+00 -1.000000000000000000e+00
1.040000000000000000e+02 3.334593502240178350e+04 1.424764949542669079e+01 -1.532450053327780864e-02 8.549765700534776025e-01 -3.321584380793554669e-02 4.534071846246828102e-02 1.570796326794896558e+00 1.000000000000000000e+00 1.000000000000000000e+00 0.000000000000000000e+00 0.000000000000000000e+00 -1.000000000000000000e+00 -1.000000000000000000e+00
1.050000000000000000e+02 4.425129469218346640e+04 1.105985565718458297e+01 -2.937486663018899491e-01 3.100000000000000089e+00 2.568286674893477742e-02 4.449435993707708675e-02 1.570796326794896558e+00 1.000000000000000000e+00 1.000000000000000000e+00 0.000000000000000000e+00 0.000000000000000000e+00 -1.000000000000000000e+00 -1.000000000000000000e+00
1.060000000000000000e+02 3.054444783337412082e+04 1.845966808260502034e+01 -8.331135634152457559e-02 3.100000000000000089e+00 3.119576888760822619e+00 2.843959918363258080e-02 1.570796326794896558e+00 1.000000000000000000e+00 1.000000000000000000e+00 0.000000000000000000e+00 0.000000000000000000e+00 -1.000000000000000000e+00 -1.000000000000000000e+00
1.090000000000000000e+02 5.143593947474607830e+02 1.040278652625173983e+01 -1.662200449949264025e-01 2.902318651662382010e+00 7.291852867818847742e-03 1.148693527489058619e-02 1.570796326794896558e+00 1.000000000000000000e+00 1.000000000000000000e+00 0.000000000000000000e+00 0.000000000000000000e+00 -1.000000000000000000e+00 -1.000000000000000000e+00
1.100000000000000000e+02 2.873653088250582005e+04 2.514792034571205548e+01 7.317819863846153350e-02 8.096510114676508385e-01 3.135362385202191238e+00 2.063836747403886840e-02 1.570796326794896558e+00 1.000000000000000000e+00 1.000000000000000000e+00 0.000000000000000000e+00 0.000000000000000000e+00 -1.000000000000000000e+00 -1.000000000000000000e+00
1.130000000000000000e+02 4.651156630301882979e+04 2.058212173151235191e+01 1.342677520704055327e-01 5.444442298929664803e-01 3.182773635656377387e+00 1.515510728811077790e-01 0.000000000000000000e+00 1.000000000000000000e+00 1.000000000000000000e+00 0.000000000000000000e+00 0.000000000000000000e+00 -1.000000000000000000e+00 -1.000000000000000000e+00
1.150000000000000000e+02 2.799873284793891798e+04 1.299414463653749685e+01 -6.017305339417272636e-02 2.483779257103727822e+00 3.107579228585072961e+00 1.629220872125982517e-02 1.570796326794896558e+00 1.000000000000000000e+00 1.000000000000000000e+00 0.000000000000000000e+00 0.000000000000000000e+00 -1.000000000000000000e+00 -1.000000000000000000e+00
1.180000000000000000e+02 2.369128811854522780e+02 1.049011317122991827e+01 -1.855657683647065626e-01 2.426883724327436820e+00 3.166542232881343288e+00 1.966729867913185603e-01 1.570796326794896558e+00 1.000000000000000000e+00 1.000000000000000000e+00 0.000000000000000000e+00 0.000000000000000000e+00 -1.000000000000000000e+00 -1.000000000000000000e+00
1.210000000000000000e+02 1.977959667927825194e+03 3.608206190205151387e+01 1.076624829363806712e-01 1.225197748287515154e+00 6.457492631653688128e-03 9.000000000000001055e-02 1.570796326794896558e+00 1.000000000000000000e+00 1.000000000000000000e+00 0.000000000000000000e+00 0.000000000000000000e+00 -1.000000000000000000e+00 -1.000000000000000000e+00
1.220000000000000000e+02 2.787306946233943381e+04 1.034839106688872867e+01 -1.439524418528350669e-01 2.407045911206566746e+00 3.123837700630768044e+00 6.092053633429628939e-02 0.000000000000000000e+00 1.000000000000000000e+00 1.000000000000000000e+00 0.000000000000000000e+00 0.000000000000000000e+00 -1.000000000000000000e+00 -1.000000000000000000e+00
1.240000000000000000e+02 2.364532892727371291e+04 1.042360269949490004e+01 4.692333008011680129e-02 6.492484475982697179e-01 -1.230104327335017171e-02 2.262891583776941579e-02 0.000000000000000000e+00 1.000000000000000000e+00 1.000000000000000000e+00 0.000000000000000000e+00 0.000000000000000000e+00 -1.000000000000000000e+00 -1.000000000000000000e+00
1.250000000000000000e+02 3.546420244906192238e+04 1.154983673763894814e+01 4.469828127735496481e-02 6.318372732234939226e-01 3.176434696654292456e+00 1.116640035553032387e-02 0.000000000000000000e+00 1.000000000000000000e+00 1.000000000000000000e+00 0.000000000000000000e+00 0.000000000000000000e+00 -1.000000000000000000e+00 -1.000000000000000000e+00
1.260000000000000000e+02 5.000000000000000000e+04 1.850395866314599758e+01 -1.821280206909851596e-01 2.432672761440137776e+00 3.095200837834576113e+00 6.623451026493762384e-02 1.570796326794896558e+00 1.000000000000000000e+00 1.000000000000000000e+00 0.000000000000000000e+00 0.000000000000000000e+00 -1.000000000000000000e+00 -1.000000000000000000e+00
1.270000000000000000e+02 1.829016945159530951e+04 1.035530819735097019e+01 -2.289213639394142574e-01 2.761933057191535479e+00 3.172246701059065810e+00 6.341422394470426493e-02 1.570796326794896558e+00 1.000000000000000000e+00 1.000000000000000000e+00 0.000000000000000000e+00 0.000000000000000000e+00 -1.000000000000000000e+00 -1.000000000000000000e+00
1.280000000000000000e+02 2.734442995188568966e+04 2.223316310353383685e+01 4.986640087833278667e-02 1.316486051870166651e+00 -1.018747392683506080e-02 1.579457844363455626e-02 1.570796326794896558e+00 1.000000000000000000e+00 1.000000000000000000e+00 0.000000000000000000e+00 0.000000000000000000e+00 -1.000000000000000000e+00 -1.000000000000000000e+00
1.300000000000000000e+02 2.006330924851695818e+04 1.179458404530077509e+01 5.449916124793847960e-02 9.689037582427271200e-01 -1.211141699642336207e-02 1.008680380786890554e-02 0.000000000000000000e+00 1.000000000000000000e+00 1.000000000000000000e+00 0.000000000000000000e+00 0.000000000000000000e+00 -1.000000000000000000e+00 -1.000000000000000000e+00
1.330000000000000000e+02 2.669212242298457204e+04 1.344957992560887838e+01 -2.688335161959398145e-01 2.687257361614689977e+00 2.858813024533851666e-02 1.391163692916465473e-02 1.570796326794896558e+00 1.000000000000000000e+00 1.000000000000000000e+00 0.000000000000000000e+00 0.000000000000000000e+00 -1.000000000000000000e+00 -1.000000000000000000e+00
1.370000000000000000e+02 1.315387661384272178e+03 1.060000727569171275e+01 -1.107623136198053193e-01 2.552467170399259189e+00 -3.304142290090857949e-03 9.000000000000001055e-02 0.000000000000000000e+00 1.000000000000000000e+00 1.000000000000000000e+00 0.000000000000000000e+00 0.000000000000000000e+00 -1.000000000000000000e+00 -1.000000000000000000e+00
1.400000000000000000e+02 3.646739249727632705e+04 1.107671056646546681e+01 -2.453726943724857945e-01 2.754391008552510289e+00 -3.374641866736427520e-02 3.126136792569894629e-02 1.570796326794896558e+00 1.000000000000000000e+00 1.000000000000000000e+00 0.000000000000000000e+00 0.000000000000000000e+00 -1.000000000000000000e+00 -1.000000000000000000e+00
1.430000000000000000e+02 5.601511737760923779e+02 1.272837892176544372e+01 -4.557290895726606728e-02 1.111472847091621308e+00 -4.164234680032702189e-03 1.159152473359205751e-02 1.570796326794896558e+00 1.000000000000000000e+00 1.000000000000000000e+00 0.000000000000000000e+00 0.000000000000000000e+00 -1.000000000000000000e+00 -1.000000000000000000e+00
1.440000000000000000e+02 1.265131382396111258e+04 3.583672904541374038e+01 2.678872122428173352e-02 4.669416826698083445e-01 -1.140305437131046602e-02 1.000000000000000021e-02 1.570796326794896558e+00 1.000000000000000000e+00 1.000000000000000000e+00 0.000000000000000000e+00 0.000000000000000000e+00 -1.000000000000000000e+00 -1.000000000000000000e+00
1.450000000000000000e+02 4.941456429055381159e+04 2.088561014393704696e+01 -5.769891605431878845e-02 1.208009995034777351e+00 3.112420572851283040e+00 2.290199485217462444e-02 1.570796326794896558e+00 1.000000000000000000e+00 1.000000000000000000e+00 0.000000000000000000e+00 0.000000000000000000e+00 -1.000000000000000000e+00 -1.000000000000000000e+00
1.500000000000000000e+02 3.251360867240842344e+04 1.354334829420823638e+01 -1.820131715407244388e-01 2.101495663334460584e+00 3.116478466543977532e+00 9.473633736628203628e-02 0.000000000000000000e+00 1.000000000000000000e+00 1.000000000000000000e+00 0.000000000000000000e+00 0.000000000000000000e+00 -1.000000000000000000e+00 -1.000000000000000000e+00
1.520000000000000000e+02 2.445905447676548647e+04 1.410484205903202160e+01 -2.721541798575559390e-02 9.073895330674420778e-01 3.160231788287951815e+00 1.000000000000000021e-02 0.000000000000000000e+00 1.000000000000000000e+00 1.000000000000000000e+00 0.000000000000000000e+00 0.000000000000000000e+00 -1.000000000000000000e+00 -1.000000000000000000e+00
1.530000000000000000e+02 4.049194568171432184e+04 1.088262117219083969e+01 -5.805474731475399747e-02 1.131353631617948663e+00 -2.475663811474277526e-02 1.498275973956024118e-02 1.570796326794896558e+00 1.000000000000000000e+00 1.000000000000000000e+00 0.000000000000000000e+00 0.000000000000000000e+00 -1.000000000000000000e+00 -1.000000000000000000e+00
1.550000000000000000e+02 2.805656549251309116e+04 1.589737856401385940e+01 2.695894828272585309e-02 8.484040858567717391e-01 3.133951487013928006e+00 1.101990345554834314e-02 1.570796326794896558e+00 1.000000000000000000e+00 1.000000000000000000e+00 0.000000000000000000e+00 0.000000000000000000e+00 -1.000000000000000000e+00 -1.000000000000000000e+00
1.590000000000000000e+02 2.408209264649709075e+04 1.188163852183728686e+01 -1.873323653819799206e-01 2.596594972217589170e+00 3.127199003074808470e+00 1.049343463129500387e-01 1.570796326794896558e+00 1.000000000000000000e+00 1.000000000000000000e+00 0.000000000000000000e+00 0.000000000000000000e+00 -1.000000000000000000e+00 -1.000000000000000000e+00
1.610000000000000000e+02 5.000000000000000000e+04 3.966753831434326827e+01 1.258252598884044005e-01 8.430930564725962473e-01 -2.397778361526071295e-02 2.628959393588071319e-02 1.570796326794896558e+00 1.000000000000000000e+00 1.000000000000000000e+00 0.000000000000000000e+00 0.000000000000000000e+00 -1.000000000000000000e+00 -1.000000000000000000e+00
1.620000000000000000e+02 3.964058126038577029e+04 1.985939472270733575e+01 5.748154335805946528e-03 1.681011703167688109e+00 -3.277804967197488900e-02 2.369483378563216891e-02 1.570796326794896558e+00 1.000000000000000000e+00 1.000000000000000000e+00 0.000000000000000000e+00 0.000000000000000000e+00 -1.000000000000000000e+00 -1.000000000000000000e+00
1.630000000000000000e+02 2.049416517074897638e+04 1.251230622013033233e+01 1.199389565143785807e-01 1.030898020499370515e+00 -1.816054162608402023e-02 8.591870072775109612e-02 0.000000000000000000e+00 1.000000000000000000e+00 1.000000000000000000e+00 0.000000000000000000e+00 0.000000000000000000e+00 -1.000000000000000000e+00 -1.000000000000000000e+00
1.650000000000000000e+02 3.428661754589221528e+04 1.731337942586747758e+01 2.162451769222240028e-02 7.961646927513320593e-01 1.913226445752346785e-03 3.845610119329820331e-02 0.000000000000000000e+00 1.000000000000000000e+00 1.000000000000000000e+00 0.000000000000000000e+00 0.000000000000000000e+00 -1.000000000000000000e+00 -1.000000000000000000e+00
1.660000000000000000e+02 4.094982617233462224e+04 3.370499849141574344e+01 -2.783383162837926167e-02 6.682354357251923949e-01 -3.502366394350756723e-02 8.531148791317583191e-02 1.570796326794896558e+00 1.000000000000000000e+00 1.000000000000000000e+00 0.000000000000000000e+00 0.000000000000000000e+00 -1.000000000000000000e+00 -1.000000000000000000e+00
1.670000000000000000e+02 3.687297371793296770e+04 1.144134366438814787e+01 -1.346093588464384039e-01 2.260406828334253770e+00 -2.413474370320778731e-02 8.017645801673166372e-02 1.570796326794896558e+00 1.000000000000000000e+00 1.000000000000000000e+00 0.000000000000000000e+00 0.000000000000000000e+00 -1.000000000000000000e+00 -1.000000000000000000e+00
1.720000000000000000e+02 2.199974839842473375e+04 1.253184363650023947e+01 -2.038007176259012954e-01 2.482266499361054812e+00 3.136609754831773955e+00 5.321360423650402238e-02 1.570796326794896558e+00 1.000000000000000000e+00 1.000000000000000000e+00 0.000000000000000000e+00 0.000000000000000000e+00 -1.000000000000000000e+00 -1.000000000000000000e+00
1.730000000000000000e+02 9.057399032607845584e+03 1.055657571604025691e+01 -4.046244702593167902e-02 5.315557629560421216e-01 -2.270313194595167255e-02 4.291133131053700284e-02 0.000000000000000000e+00 1.000000000000000000e+00 1.000000000000000000e+00 0.000000000000000000e+00 0.000000000000000000e+00 -1.000000000000000000e+00 -1.000000000000000000e+00
1.750000000000000000e+02 6.278631917699993892e+02 2.018681183049789496e+01 -1.519208286332321689e-01 2.349496232089302250e+00 5.857716443698625375e-03 3.070910945431300915e-02 1.570796326794896558e+00 1.000000000000000000e+00 1.000000000000000000e+00 0.000000000000000000e+00 0.000000000000000000e+00 -1.000000000000000000e+00 -1.000000000000000000e+00
1.760000000000000000e+02 3.074927648752802270e+04 2.429260972104320970e+01 5.350148856255759755e-02 9.948135869895811112e-01 2.814694090861123363e-02 1.766863811574696103e-02 0.000000000000000000e+00 1.000000000000000000e+00 1.000000000000000000e+00 0.000000000000000000e+00 0.000000000000000000e+00 -1.000000000000000000e+00 -1.000000000000000000e+00
1.770000000000000000e+02 4.497020475137595349e+04 2.990769980856716259e+01 1.901091297951142955e-01 1.336490615960489459e+00 3.116274161942593768e+00 2.962381717916712232e-02 1.570796326794896558e+00 1.000000000000000000e+00 1.000000000000000000e+00 0.000000000000000000e+00 0.000000000000000000e+00 -1.000000000000000000e+00 -1.000000000000000000e+00
1.790000000000000000e+02 4.632456926662140904e+04 1.590535076043761187e+01 8.231201383400929550e-03 1.201747176553713325e+00 -1.312263964220164794e-02 5.561751594391358550e-02 0.000000000000000000e+00 1.000000000000000000e+00 1.000000000000000000e+00 0.000000000000000000e+00 0.000000000000000000e+00 -1.000000000000000000e+00 -1.000000000000000000e+00
1.800000000000000000e+02 1.215828500477623857e+04 1.235939226914733879e+01 -6.670294736576709571e-02 2.110987492000933052e+00 3.119826526632982766e+00 9.000000000000001055e-02 0.000000000000000000e+00 1.000000000000000000e+00 1.000000000000000000e+00 0.000000000000000000e+00 0.000000000000000000e+00 -1.000000000000000000e+00 -1.000000000000000000e+00
1.820000000000000000e+02 1.821232666785634501e+04 1.157691807259736549e+01 2.548338891386163485e-02 1.878251554049012340e+00 -2.733270275748077988e-02 1.020636590831037679e-02 1.570796326794896558e+00 1.000000000000000000e+00 1.000000000000000000e+00 0.000000000000000000e+00 0.000000000000000000e+00 -1.000000000000000000e+00 -1.000000000000000000e+00
1.830000000000000000e+02 2.185217172104805650e+04 1.382770664396009508e+01 -8.867591706179205058e-02 2.277345944416897083e+00 3.136674728633434217e+00 2.336969208874223325e-02 1.570796326794896558e+00 1.000000000000000000e+00 1.000000000000000000e+00 0.000000000000000000e+00 0.000000000000000000e+00 -1.000000000000000000e+00 -1.000000000000000000e+00
1.850000000000000000e+02 2.706100538913099444e+04 1.681081588079269551e+01 -1.826578476452860034e-01 3.100000000000000089e+00 3.113607630785271585e+00 3.312719658996896716e-02 0.000000000000000000e+00 1.000000000000000000e+00 1.000000000000000000e+00 0.000000000000000000e+00 0.000000000000000000e+00 -1.000000000000000000e+00 -1.000000000000000000e+00
1.860000000000000000e+02 2.849579252594991340e+04 1.661245167497582997e+01 -1.927851595057588630e-01 2.085841399032876797e+00 -3.523182204943715173e-02 7.307782850216205939e-02 0.000000000000000000e+00 1.000000000000000000e+00 1.000000000000000000e+00 0.000000000000000000e+00 0.000000000000000000e+00 -1.000000000000000000e+00 -1.000000000000000000e+00
1.880000000000000000e+02 2.945293179000087548e+04 1.232969249103931553e+01 2.862304987062154644e-03 1.103630953712783747e+00 3.270582297864405713e-02 5.889291927988157122e-02 0.000000000000000000e+00 1.000000000000000000e+00 1.000000000000000000e+00 0.000000000000000000e+00 0.000000000000000000e+00 -1.000000000000000000e+00 -1.000000000000000000e+00
1.900000000000000000e+02 4.010606991833151551e+04 1.505995996114024216e+01 -5.797959262241957762e-02 2.890739914633152718e+00 3.169072517837371539e+00 4.974198006409282641e-02 0.000000000000000000e+00 1.000000000000000000e+00 1.000000000000000000e+00 0.000000000000000000e+00 0.000000000000000000e+00 -1.000000000000000000e+00 -1.000000000000000000e+00
1.910000000000000000e+02 3.538828019999730168e+04 1.885350276085809540e+01 -2.119209935038887382e-01 3.100000000000000089e+00 -2.463800601769755572e-02 1.374980758723387715e-02 0.000000000000000000e+00 1.000000000000000000e+00 1.000000000000000000e+00 0.000000000000000000e+00 0.000000000000000000e+00 -1.000000000000000000e+00 -1.000000000000000000e+00
1.960000000000000000e+02 4.163089661924132088e+04 1.043768311018340533e+01 -1.066425989264703778e-01 2.435493188786665986e+00 -2.986128774071435815e-02 1.554698810842947143e-01 0.000000000000000000e+00 1.000000000000000000e+00 1.000000000000000000e+00 0.000000000000000000e+00 0.000000000000000000e+00 -1.000000000000000000e+00 -1.000000000000000000e+00
1.970000000000000000e+02 5.180669062671332767e+02 1.684219671281852371e+01 -1.866183093442157492e-01 3.000073731653003506e+00 3.147688134475933985e+00 1.240708403578573947e-02 0.000000000000000000e+00 1.000000000000000000e+00 1.000000000000000000e+00 0.000000000000000000e+00 0.000000000000000000e+00 -1.000000000000000000e+00 -1.000000000000000000e+00
1.980000000000000000e+02 4.115588078407189460e+04 1.949154309648942629e+01 4.618146750218821150e-02 8.052276401675259043e-01 3.111847318765401216e+00 3.679844182587729828e-02 1.570796326794896558e+00 1.000000000000000000e+00 1.000000000000000000e+00 0.000000000000000000e+00 0.000000000000000000e+00 -1.000000000000000000e+00 -1.000000000000000000e+00
3.650000000000000000e+02 4.254308074627757605e+02 1.163220742966569787e+01 -7.610896793166678498e-02 2.486400208637273845e+00 0.000000000000000000e+00 9.410028472648684916e-02 -1.000000000000000000e+00 1.000000000000000000e+00 1.000000000000000000e+00 1.800000000000000000e+01 0.000000000000000000e+00 -1.000000000000000000e+00 -1.000000000000000000e+00
2.000000000000000000e+00 6.311492687337133702e+02 1.554813384534823584e+01 -6.386758174232642915e-02 2.737383132981884071e+00 0.000000000000000000e+00 1.000000000000000056e-01 1.570796326794896558e+00 1.000000000000000000e+00 1.000000000000000000e+00 0.000000000000000000e+00 0.000000000000000000e+00 -1.000000000000000000e+00 -1.000000000000000000e+00
4.000000000000000000e+00 4.978366867696867848e+04 1.959624295620471557e+01 -1.687705229098950266e-01 3.100000000000000089e+00 0.000000000000000000e+00 6.620503367192501210e-02 1.570796326794896558e+00 1.000000000000000000e+00 1.000000000000000000e+00 0.000000000000000000e+00 0.000000000000000000e+00 -1.000000000000000000e+00 -1.000000000000000000e+00
2.000000000000000000e+01 4.174979169549694780e+04 3.167792841082090050e+01 -6.756741761698845106e-02 2.275980642556343359e+00 2.095833034099694320e-02 3.061370710947841287e-02 1.570796326794896558e+00 1.000000000000000000e+00 1.000000000000000000e+00 0.000000000000000000e+00 0.000000000000000000e+00 -1.000000000000000000e+00 -1.000000000000000000e+00
2.100000000000000000e+01 4.172609032699408999e+04 2.142689811218823692e+01 -4.330743798526166810e-02 1.577102403287244270e+00 2.110101695507572706e-02 1.049650973059559379e-02 1.570796326794896558e+00 1.000000000000000000e+00 1.000000000000000000e+00 0.000000000000000000e+00 0.000000000000000000e+00 -1.000000000000000000e+00 -1.000000000000000000e+00
3.500000000000000000e+01 2.765273777476418036e+04 1.031353717297357342e+01 1.637465851083373669e-01 1.310655728922539787e+00 1.775946033481537109e-02 2.941970254829320147e-02 1.570796326794896558e+00 1.000000000000000000e+00 1.000000000000000000e+00 0.000000000000000000e+00 0.000000000000000000e+00 -1.000000000000000000e+00 -1.000000000000000000e+00
4.100000000000000000e+01 8.631354947901668311e+02 3.418930264234541738e+01 5.174544389578371317e-02 1.695809729952182154e+00 0.000000000000000000e+00 1.000000000000000056e-01 1.570796326794896558e+00 1.000000000000000000e+00 1.000000000000000000e+00 0.000000000000000000e+00 0.000000000000000000e+00 -1.000000000000000000e+00 -1.000000000000000000e+00
5.200000000000000000e+01 2.115708073932188199e+04 1.417960049667633271e+01 -4.189463367415133949e-02 2.051241870360937636e+00 0.000000000000000000e+00 1.141796427630133171e-02 1.570796326794896558e+00 1.000000000000000000e+00 1.000000000000000000e+00 0.000000000000000000e+00 0.000000000000000000e+00 -1.000000000000000000e+00 -1.000000000000000000e+00
6.000000000000000000e+01 3.607964573699012544e+04 3.686101927541874090e+01 -1.831044186948818098e-01 3.100000000000000089e+00 1.818879587068536127e-02 4.434333090419424056e-02 1.570796326794896558e+00 1.000000000000000000e+00 1.000000000000000000e+00 0.000000000000000000e+00 0.000000000000000000e+00 -1.000000000000000000e+00 -1.000000000000000000e+00
6.600000000000000000e+01 4.235342804511589929e+04 1.242165311390088078e+01 6.622827153701537142e-03 1.660455383415420760e+00 1.185927473964450488e-02 2.292972325095436401e-02 1.570796326794896558e+00 1.000000000000000000e+00 1.000000000000000000e+00 0.000000000000000000e+00 0.000000000000000000e+00 -1.000000000000000000e+00 -1.000000000000000000e+00
7.800000000000000000e+01 5.000000000000000000e+04 1.377570809565331800e+01 -1.524093849590691871e-03 5.932132778486373104e-01 1.062785417182008328e-02 1.506530575296370356e-01 1.570796326794896558e+00 1.000000000000000000e+00 1.000000000000000000e+00 0.000000000000000000e+00 0.000000000000000000e+00 -1.000000000000000000e+00 -1.000000000000000000e+00
8.400000000000000000e+01 4.757200570624648390e+04 4.009103903475363495e+01 1.006093465137587184e-01 1.840163715290048074e+00 4.458479843443863971e-02 8.764727283299780791e-02 1.570796326794896558e+00 1.000000000000000000e+00 1.000000000000000000e+00 0.000000000000000000e+00 0.000000000000000000e+00 -1.000000000000000000e+00 -1.000000000000000000e+00
1.120000000000000000e+02 4.862105086334455700e+04 1.391843911979913706e+01 1.262167049329135371e-02 1.979569921931273235e+00 0.000000000000000000e+00 1.352032608093306221e-01 1.570796326794896558e+00 1.000000000000000000e+00 1.000000000000000000e+00 0.000000000000000000e+00 0.000000000000000000e+00 -1.000000000000000000e+00 -1.000000000000000000e+00
1.140000000000000000e+02 4.829677556274572271e+04 3.253258138820370959e+01 3.589084307705033006e-02 4.631152806168532532e-01 4.605363095659149170e-02 1.738498481565946274e-02 1.570796326794896558e+00 1.000000000000000000e+00 1.000000000000000000e+00 0.000000000000000000e+00 0.000000000000000000e+00 -1.000000000000000000e+00 -1.000000000000000000e+00
1.170000000000000000e+02 5.000000000000000000e+04 1.115926385445335356e+01 -1.082035172086641406e-01 3.100000000000000089e+00 0.000000000000000000e+00 2.877631658247842283e-02 1.570796326794896558e+00 1.000000000000000000e+00 1.000000000000000000e+00 0.000000000000000000e+00 0.000000000000000000e+00 -1.000000000000000000e+00 -1.000000000000000000e+00
1.310000000000000000e+02 5.000000000000000000e+04 2.078404294561932275e+01 -1.144153478687007508e-01 3.100000000000000089e+00 0.000000000000000000e+00 1.562843665613143640e-02 1.570796326794896558e+00 1.000000000000000000e+00 1.000000000000000000e+00 0.000000000000000000e+00 0.000000000000000000e+00 -1.000000000000000000e+00 -1.000000000000000000e+00
1.470000000000000000e+02 5.000000000000000000e+04 1.874507959211541319e+01 -1.656468919360746736e-03 9.374105778727477301e-01 2.857275102831594374e-02 6.393366815245166146e-02 1.570796326794896558e+00 1.000000000000000000e+00 1.000000000000000000e+00 0.000000000000000000e+00 0.000000000000000000e+00 -1.000000000000000000e+00 -1.000000000000000000e+00
1.490000000000000000e+02 4.086184005278598488e+04 1.213542365013190683e+01 -1.831817472382679113e-01 3.093020000000000103e+00 1.579387983531193099e-02 9.742307840593020241e-02 1.570796326794896558e+00 1.000000000000000000e+00 1.000000000000000000e+00 0.000000000000000000e+00 0.000000000000000000e+00 -1.000000000000000000e+00 -1.000000000000000000e+00
1.570000000000000000e+02 5.000000000000000000e+04 2.008326747717365279e+01 -5.409845360555547850e-02 1.429686842207969155e+00 3.197223439425599112e-02 6.290615159718360161e-02 1.570796326794896558e+00 1.000000000000000000e+00 1.000000000000000000e+00 0.000000000000000000e+00 0.000000000000000000e+00 -1.000000000000000000e+00 -1.000000000000000000e+00
1.690000000000000000e+02 1.432060101653931270e+04 1.072806632442336650e+01 1.375895767229627920e-01 1.566000519380692513e+00 0.000000000000000000e+00 1.000000000000000021e-02 1.570796326794896558e+00 1.000000000000000000e+00 1.000000000000000000e+00 0.000000000000000000e+00 0.000000000000000000e+00 -1.000000000000000000e+00 -1.000000000000000000e+00
1.780000000000000000e+02 2.576358906403268702e+04 1.274154612524080576e+01 -1.524159415040132470e-01 3.100000000000000089e+00 0.000000000000000000e+00 9.126485231710886048e-02 1.570796326794896558e+00 1.000000000000000000e+00 1.000000000000000000e+00 0.000000000000000000e+00 0.000000000000000000e+00 -1.000000000000000000e+00 -1.000000000000000000e+00
1.920000000000000000e+02 6.629474155128048096e+02 3.031511064103289144e+01 -1.254593506426326111e-01 3.100000000000000089e+00 3.068926398327169024e-03 1.180580460713168828e-02 1.570796326794896558e+00 1.000000000000000000e+00 1.000000000000000000e+00 0.000000000000000000e+00 0.000000000000000000e+00 -1.000000000000000000e+00 -1.000000000000000000e+00
1.930000000000000000e+02 2.840885253691311664e+04 1.413401555151103572e+01 1.140057202585286755e-01 5.803965187628670197e-01 0.000000000000000000e+00 1.443251106256717396e-02 1.570796326794896558e+00 1.000000000000000000e+00 1.000000000000000000e+00 0.000000000000000000e+00 0.000000000000000000e+00 -1.000000000000000000e+00 -1.000000000000000000e+00
2.000000000000000000e+02 5.000000000000000000e+04 1.693639403728218085e+01 -1.073116708582040613e-01 2.325766738465989913e+00 3.984194023304017673e-02 2.534901909910240031e-02 1.570796326794896558e+00 1.000000000000000000e+00 1.000000000000000000e+00 0.000000000000000000e+00 0.000000000000000000e+00 -1.000000000000000000e+00 -1.000000000000000000e+00
1.000000000000000000e+01 3.806092335893787890e+02 1.500182892354530928e+01 1.469486266020761378e-01 1.046973748947468419e+00 0.000000000000000000e+00 1.800985189609399240e-01 0.000000000000000000e+00 1.000000000000000000e+00 1.000000000000000000e+00 0.000000000000000000e+00 0.000000000000000000e+00 -1.000000000000000000e+00 -1.000000000000000000e+00
1.600000000000000000e+01 7.842836900034916425e+02 1.930279797739919445e+01 1.936375777433348155e-02 1.393233727032612501e+00 0.000000000000000000e+00 1.799069131446387471e-02 0.000000000000000000e+00 1.000000000000000000e+00 1.000000000000000000e+00 0.000000000000000000e+00 0.000000000000000000e+00 -1.000000000000000000e+00 -1.000000000000000000e+00
2.600000000000000000e+01 9.195762844510181822e+03 1.537618265137710338e+01 4.210997025992412046e-02 1.657889147386071071e+00 0.000000000000000000e+00 1.000000000000000021e-02 0.000000000000000000e+00 1.000000000000000000e+00 1.000000000000000000e+00 0.000000000000000000e+00 0.000000000000000000e+00 -1.000000000000000000e+00 -1.000000000000000000e+00
3.100000000000000000e+01 1.000455974185797459e+04 1.085299838533748762e+01 -4.950119868107825949e-02 2.961831294588026520e+00 0.000000000000000000e+00 1.000000000000000021e-02 0.000000000000000000e+00 1.000000000000000000e+00 1.000000000000000000e+00 0.000000000000000000e+00 0.000000000000000000e+00 -1.000000000000000000e+00 -1.000000000000000000e+00
5.000000000000000000e+01 3.793055606285559520e+02 1.083720062119135541e+01 -1.987950170282345441e-01 2.781913910549667523e+00 0.000000000000000000e+00 8.966465657777744624e-01 0.000000000000000000e+00 1.000000000000000000e+00 1.000000000000000000e+00 0.000000000000000000e+00 0.000000000000000000e+00 -1.000000000000000000e+00 -1.000000000000000000e+00
5.700000000000000000e+01 6.822834244940350800e+03 1.171369807722539846e+01 -9.614737233355222235e-02 2.351808221734092097e+00 0.000000000000000000e+00 9.000000000000001055e-02 0.000000000000000000e+00 1.000000000000000000e+00 1.000000000000000000e+00 0.000000000000000000e+00 0.000000000000000000e+00 -1.000000000000000000e+00 -1.000000000000000000e+00
6.900000000000000000e+01 6.525390721568483968e+03 1.193132505042842695e+01 -6.122616766507765068e-02 2.186705056440816364e+00 0.000000000000000000e+00 1.000000000000000021e-02 0.000000000000000000e+00 1.000000000000000000e+00 1.000000000000000000e+00 0.000000000000000000e+00 0.000000000000000000e+00 -1.000000000000000000e+00 -1.000000000000000000e+00
1.070000000000000000e+02 8.690941087191755514e+02 3.524518259660781183e+01 -1.902679726218036438e-01 1.979090516686513146e+00 0.000000000000000000e+00 9.000000000000001055e-02 0.000000000000000000e+00 1.000000000000000000e+00 1.000000000000000000e+00 0.000000000000000000e+00 0.000000000000000000e+00 -1.000000000000000000e+00 -1.000000000000000000e+00
1.360000000000000000e+02 6.342278136857368736e+03 1.051104119824704064e+01 1.499234356358289944e-01 1.863041792425304877e+00 0.000000000000000000e+00 9.000000000000001055e-02 0.000000000000000000e+00 1.000000000000000000e+00 1.000000000000000000e+00 0.000000000000000000e+00 0.000000000000000000e+00 -1.000000000000000000e+00 -1.000000000000000000e+00
1.380000000000000000e+02 5.341639156051537611e+02 1.386934474048481647e+01 -5.652383575611129307e-02 5.338729038648478697e-01 0.000000000000000000e+00 1.689815481099209427e-01 0.000000000000000000e+00 1.000000000000000000e+00 1.000000000000000000e+00 0.000000000000000000e+00 0.000000000000000000e+00 -1.000000000000000000e+00 -1.000000000000000000e+00
1.640000000000000000e+02 1.082681472421308399e+03 3.525156270109648915e+01 3.347457396184520817e-02 1.695196931509810545e+00 0.000000000000000000e+00 9.000000000000001055e-02 0.000000000000000000e+00 1.000000000000000000e+00 1.000000000000000000e+00 0.000000000000000000e+00 0.000000000000000000e+00 -1.000000000000000000e+00 -1.000000000000000000e+00
1.840000000000000000e+02 3.124234498126548260e+03 1.160184043017077826e+01 2.899881952421734521e-02 1.497747554424277316e+00 0.000000000000000000e+00 3.442711790608142808e-01 0.000000000000000000e+00 1.000000000000000000e+00 1.000000000000000000e+00 0.000000000000000000e+00 0.000000000000000000e+00 -1.000000000000000000e+00 -1.000000000000000000e+00
1.990000000000000000e+02 4.474679536710786124e+03 2.642995472543874413e+01 -1.290477642859353125e-01 3.100000000000000089e+00 0.000000000000000000e+00 9.000000000000001055e-02 0.000000000000000000e+00 1.000000000000000000e+00 1.000000000000000000e+00 0.000000000000000000e+00 0.000000000000000000e+00 -1.000000000000000000e+00 -1.000000000000000000e+00
3.660000000000000000e+02 7.403665185180101389e+02 1.739628162720610405e+01 1.715000872650045138e-02 1.744033804018002787e+00 0.000000000000000000e+00 1.536627256544059392e-02 -1.000000000000000000e+00 1.000000000000000000e+00 1.000000000000000000e+00 1.800000000000000000e+01 1.000000000000000000e+05 -1.000000000000000000e+00 -1.000000000000000000e+00
3.670000000000000000e+02 7.640198501734736283e+02 1.457476994507970325e+01 -1.367523083687551544e-01 1.986293047581348503e+00 0.000000000000000000e+00 1.728352938086631652e-02 -1.000000000000000000e+00 1.000000000000000000e+00 1.000000000000000000e+00 1.800000000000000000e+01 2.000000000000000000e+05 -1.000000000000000000e+00 -1.000000000000000000e+00
3.680000000000000000e+02 4.971187275224953055e+02 1.041407637153062460e+01 -9.307327316682729307e-03 1.403796917123564469e+00 0.000000000000000000e+00 2.870046030082816849e-02 -1.000000000000000000e+00 1.000000000000000000e+00 1.000000000000000000e+00 1.800000000000000000e+01 3.000000000000000000e+05 -1.000000000000000000e+00 -1.000000000000000000e+00
3.700000000000000000e+02 7.941869782531211968e+02 1.682153535995901805e+01 9.843948555823954505e-02 7.428952747573569493e-01 0.000000000000000000e+00 1.034215944338313584e-02 -1.000000000000000000e+00 1.000000000000000000e+00 1.000000000000000000e+00 1.800000000000000000e+01 4.000000000000000000e+05 -1.000000000000000000e+00 -1.000000000000000000e+00
3.710000000000000000e+02 3.848716028732957284e+02 1.186796633087091735e+01 -1.598543787408013284e-01 2.705054824330690444e+00 0.000000000000000000e+00 7.476420638829492371e-02 -1.000000000000000000e+00 1.000000000000000000e+00 1.000000000000000000e+00 1.800000000000000000e+01 5.000000000000000000e+05 -1.000000000000000000e+00 -1.000000000000000000e+00
3.690000000000000000e+02 2.160236767542440066e+04 2.206793539993099529e+01 6.924749265078982141e-01 0.000000000000000000e+00 0.000000000000000000e+00 6.841722426277933866e-02 -1.000000000000000000e+00 1.000000000000000000e+00 2.000000000000000000e+00 1.800000000000000000e+01 5.400000000000000000e+05 -1.000000000000000000e+00 -1.000000000000000000e+00
3.720000000000000000e+02 2.281390875701144978e+04 2.751714331101756628e+01 5.975829106900881760e-01 0.000000000000000000e+00 0.000000000000000000e+00 5.490270670134175107e-02 -1.000000000000000000e+00 1.000000000000000000e+00 2.000000000000000000e+00 1.800000000000000000e+01 5.600000000000000000e+05 -1.000000000000000000e+00 -1.000000000000000000e+00
