# id_num orb_a mass spin spin_angle orb_inc orb_ecc orb_arg_periapse orb_ang_mom gen galaxy time_passed star_X star_Y star_Z radius
2.370000000000000000e+02 3.373384020223750213e+01 1.864381664701049431e+03 9.119999999999999218e-01 9.143573980913293209e-01 0.000000000000000000e+00 5.769855233190123167e-01 1.570796326794896558e+00 1.497641145593486080e+18 1.000000000000000000e+00 0.000000000000000000e+00 0.000000000000000000e+00 7.273999999999999355e-01 2.637999999999999790e-01 8.800000000000000530e-03 4.082385904582101830e+02
2.380000000000000000e+02 6.614542643819777368e+01 1.576297550335299320e+03 9.119999999999999218e-01 8.968961214497820356e-01 0.000000000000000000e+00 5.079581470904177137e-02 1.570796326794896558e+00 1.274902608251954176e+18 1.000000000000000000e+00 0.000000000000000000e+00 0.000000000000000000e+00 7.273999999999999355e-01 2.637999999999999790e-01 8.800000000000000530e-03 3.569412644369207896e+02
2.400000000000000000e+02 5.549846520193072763e+01 1.652867874532923679e+03 9.119999999999999218e-01 1.021830582123504305e+00 0.000000000000000000e+00 4.671621598793983948e-02 0.000000000000000000e+00 1.355442019737921024e+18 1.000000000000000000e+00 0.000000000000000000e+00 0.000000000000000000e+00 7.273999999999999355e-01 2.637999999999999790e-01 8.800000000000000530e-03 3.707461998740230342e+02
2.410000000000000000e+02 4.001142561748691406e+01 1.636548633465382181e+03 9.119999999999999218e-01 1.698312322713804168e+00 0.000000000000000000e+00 4.938766055633262431e-01 1.570796326794896558e+00 1.351981831556771584e+18 1.000000000000000000e+00 0.000000000000000000e+00 0.000000000000000000e+00 7.273999999999999355e-01 2.637999999999999790e-01 8.800000000000000530e-03 3.678149098141711306e+02
2.470000000000000000e+02 7.172184894158202439e+01 2.092336802645118041e+03 9.119999999999999218e-01 1.337162758078910052e+00 0.000000000000000000e+00 1.592060214949785057e-02 1.570796326794896558e+00 1.804968094306812672e+18 1.000000000000000000e+00 0.000000000000000000e+00 0.000000000000000000e+00 7.273999999999999355e-01 2.637999999999999790e-01 8.800000000000000530e-03 4.477045132671229908e+02
2.500000000000000000e+02 6.115481741884993738e+01 2.269532606233080060e+03 9.119999999999999218e-01 1.199509712760870039e+00 0.000000000000000000e+00 1.172101435427443279e-02 0.000000000000000000e+00 2.001338607151553280e+18 1.000000000000000000e+00 0.000000000000000000e+00 0.000000000000000000e+00 7.273999999999999355e-01 2.637999999999999790e-01 8.800000000000000530e-03 4.777881106960304010e+02
2.530000000000000000e+02 5.773018982688182632e+01 2.420600506003693681e+03 9.119999999999999218e-01 1.580267398649137123e+00 0.000000000000000000e+00 1.408395679971297283e-02 0.000000000000000000e+00 2.182445195921675776e+18 1.000000000000000000e+00 0.000000000000000000e+00 0.000000000000000000e+00 7.273999999999999355e-01 2.637999999999999790e-01 8.800000000000000530e-03 5.030656835013150499e+02
2.550000000000000000e+02 7.364409891526047147e+01 3.071604781321960672e+03 9.119999999999999218e-01 5.307239314108029848e-01 0.000000000000000000e+00 1.745371065035452793e-02 1.570796326794896558e+00 2.812424023040392192e+18 1.000000000000000000e+00 0.000000000000000000e+00 0.000000000000000000e+00 7.273999999999999355e-01 2.637999999999999790e-01 8.800000000000000530e-03 6.086651905150947641e+02
2.600000000000000000e+02 6.106595863018333148e+01 3.460263714470786908e+03 9.119999999999999218e-01 1.532072157368240983e+00 0.000000000000000000e+00 1.406856809821150148e-02 1.570796326794896558e+00 3.291981570226475008e+18 1.000000000000000000e+00 0.000000000000000000e+00 0.000000000000000000e+00 7.273999999999999355e-01 2.637999999999999790e-01 8.800000000000000530e-03 6.695354184447209036e+02
2.630000000000000000e+02 5.657770876975035890e+01 3.836482908022555421e+03 9.119999999999999218e-01 1.780156267633784761e+00 0.000000000000000000e+00 2.779804432450297055e-02 1.570796326794896558e+00 3.737352045717429248e+18 1.000000000000000000e+00 0.000000000000000000e+00 0.000000000000000000e+00 7.273999999999999355e-01 2.637999999999999790e-01 8.800000000000000530e-03 7.271647391783880039e+02
2.660000000000000000e+02 8.358272065813144991e+01 4.319536399848532710e+03 9.119999999999999218e-01 1.376824611678928667e+00 0.000000000000000000e+00 3.314908897511888164e-02 0.000000000000000000e+00 4.310247046677958656e+18 1.000000000000000000e+00 0.000000000000000000e+00 0.000000000000000000e+00 7.273999999999999355e-01 2.637999999999999790e-01 8.800000000000000530e-03 7.995321055502593026e+02
2.700000000000000000e+02 8.005952531799978544e+01 4.656312935475037193e+03 9.119999999999999218e-01 6.552257767361771013e-01 0.000000000000000000e+00 3.544813309377473076e-02 0.000000000000000000e+00 4.800232833834171392e+18 1.000000000000000000e+00 0.000000000000000000e+00 0.000000000000000000e+00 7.273999999999999355e-01 2.637999999999999790e-01 8.800000000000000530e-03 8.490239186983952777e+02
2.710000000000000000e+02 1.016513496326404891e+02 5.621139778103557546e+03 9.119999999999999218e-01 1.522584769726007536e+00 0.000000000000000000e+00 1.331411989915817426e-02 1.570796326794896558e+00 5.841951408095617024e+18 1.000000000000000000e+00 0.000000000000000000e+00 0.000000000000000000e+00 7.273999999999999355e-01 2.637999999999999790e-01 8.800000000000000530e-03 9.870648918756311332e+02
2.730000000000000000e+02 9.224566955622927367e+01 4.990201440902815193e+03 9.119999999999999218e-01 9.979220522497097567e-01 0.000000000000000000e+00 4.235356989306478248e-02 1.570796326794896558e+00 5.272679214911849472e+18 1.000000000000000000e+00 0.000000000000000000e+00 0.000000000000000000e+00 7.273999999999999355e-01 2.637999999999999790e-01 8.800000000000000530e-03 8.973888291781971702e+02
2.750000000000000000e+02 9.914922088152896151e+01 6.350257011863121988e+03 9.139999999999999236e-01 6.805674039052670432e-01 0.000000000000000000e+00 9.000000000000001055e-02 0.000000000000000000e+00 6.822450595593738240e+18 1.000000000000000000e+00 0.000000000000000000e+00 0.000000000000000000e+00 7.273999999999999355e-01 2.637999999999999790e-01 8.800000000000000530e-03 1.088226354618391724e+03
2.760000000000000000e+02 1.050025822772188633e+02 6.237741407977209747e+03 9.119999999999999218e-01 1.058652144985200438e+00 0.000000000000000000e+00 3.083898908656540136e-02 1.570796326794896558e+00 6.759444027548689408e+18 1.000000000000000000e+00 0.000000000000000000e+00 0.000000000000000000e+00 7.273999999999999355e-01 2.637999999999999790e-01 8.800000000000000530e-03 1.072773632645036741e+03
2.780000000000000000e+02 1.167723802866154585e+02 7.192171393381872804e+03 9.119999999999999218e-01 1.884102234068381287e+00 0.000000000000000000e+00 9.000000000000001055e-02 1.570796326794896558e+00 7.928168217533158400e+18 1.000000000000000000e+00 0.000000000000000000e+00 0.000000000000000000e+00 7.273999999999999355e-01 2.637999999999999790e-01 8.800000000000000530e-03 1.202193069314441800e+03
2.800000000000000000e+02 1.118581862235318312e+02 7.338813359345052049e+03 9.119999999999999218e-01 1.908231029013349511e+00 0.000000000000000000e+00 8.100000000000001643e-02 0.000000000000000000e+00 8.228304186560694272e+18 1.000000000000000000e+00 0.000000000000000000e+00 0.000000000000000000e+00 7.273999999999999355e-01 2.637999999999999790e-01 8.800000000000000530e-03 1.221762726485708527e+03
2.810000000000000000e+02 1.244523592392372677e+02 7.856569525152270216e+03 9.119999999999999218e-01 9.474085284775605187e-01 0.000000000000000000e+00 1.806172406420828574e-02 1.570796326794896558e+00 8.885885827975074816e+18 1.000000000000000000e+00 0.000000000000000000e+00 0.000000000000000000e+00 7.273999999999999355e-01 2.637999999999999790e-01 8.800000000000000530e-03 1.290246125833842370e+03
2.840000000000000000e+02 1.383638224360016125e+02 8.447125575555470277e+03 9.119999999999999218e-01 2.039703532152037813e+00 0.000000000000000000e+00 1.000000000000000056e-01 1.570796326794896558e+00 9.810222697621737472e+18 1.000000000000000000e+00 0.000000000000000000e+00 0.000000000000000000e+00 7.273999999999999355e-01 2.637999999999999790e-01 8.800000000000000530e-03 1.367267081022966750e+03
2.850000000000000000e+02 1.432468587665183009e+02 9.844213451377609090e+03 9.119999999999999218e-01 1.778550268642200116e+00 0.000000000000000000e+00 2.731069569115776932e-02 0.000000000000000000e+00 1.153635745748587520e+19 1.000000000000000000e+00 0.000000000000000000e+00 0.000000000000000000e+00 7.273999999999999355e-01 2.637999999999999790e-01 8.800000000000000530e-03 1.545364796560231071e+03
2.890000000000000000e+02 1.279478544276075667e+02 1.060294063077527971e+04 9.119999999999999218e-01 6.192972939382123121e-01 0.000000000000000000e+00 2.775718438739354504e-02 1.570796326794896558e+00 1.288260877958661325e+19 1.000000000000000000e+00 0.000000000000000000e+00 0.000000000000000000e+00 7.273999999999999355e-01 2.637999999999999790e-01 8.800000000000000530e-03 1.639937364481654640e+03
2.910000000000000000e+02 1.350737363705381711e+02 1.126513646618659186e+04 9.139999999999999236e-01 1.481365248308562421e+00 0.000000000000000000e+00 1.541071011222047878e-02 0.000000000000000000e+00 1.394057557266663219e+19 1.000000000000000000e+00 0.000000000000000000e+00 0.000000000000000000e+00 7.273999999999999355e-01 2.637999999999999790e-01 8.800000000000000530e-03 1.721374491381033749e+03
2.920000000000000000e+02 1.420737780436681703e+02 1.198091301268902498e+04 9.139999999999999236e-01 7.500066505528594218e-01 0.000000000000000000e+00 1.930782534193077604e-02 0.000000000000000000e+00 1.496349080178104934e+19 1.000000000000000000e+00 0.000000000000000000e+00 0.000000000000000000e+00 7.273999999999999355e-01 2.637999999999999790e-01 8.800000000000000530e-03 1.808331840373350815e+03
2.940000000000000000e+02 1.305188946936422951e+02 1.225889791838758174e+04 9.119999999999999218e-01 1.901651957784087799e+00 0.000000000000000000e+00 9.000000000000001055e-02 0.000000000000000000e+00 1.560085540615087718e+19 1.000000000000000000e+00 0.000000000000000000e+00 0.000000000000000000e+00 7.273999999999999355e-01 2.637999999999999790e-01 8.800000000000000530e-03 1.841820659772490671e+03
2.980000000000000000e+02 1.506149545956615725e+02 1.597143177072729486e+04 9.119999999999999218e-01 1.817539713571507232e+00 0.000000000000000000e+00 9.000000000000001055e-02 1.570796326794896558e+00 2.111507148578275328e+19 1.000000000000000000e+00 0.000000000000000000e+00 0.000000000000000000e+00 7.273999999999999355e-01 2.637999999999999790e-01 8.800000000000000530e-03 2.275942457810040196e+03
3.020000000000000000e+02 1.427143944673332214e+02 1.962325786535392763e+04 9.159999999999999254e-01 7.551888812210169055e-01 0.000000000000000000e+00 4.242142690043219228e-02 0.000000000000000000e+00 2.697617125857377485e+19 1.000000000000000000e+00 0.000000000000000000e+00 0.000000000000000000e+00 7.273999999999999355e-01 2.637999999999999790e-01 8.800000000000000530e-03 2.683509184019590521e+03
3.030000000000000000e+02 1.684617920232956862e+02 1.963634237368906906e+04 9.139999999999999236e-01 7.610671424610648828e-01 0.000000000000000000e+00 1.000000000000000056e-01 0.000000000000000000e+00 2.726573320596609434e+19 1.000000000000000000e+00 0.000000000000000000e+00 0.000000000000000000e+00 7.273999999999999355e-01 2.637999999999999790e-01 8.800000000000000530e-03 2.684940549103053854e+03
3.040000000000000000e+02 1.763014226750278510e+02 2.014794913601124790e+04 9.119999999999999218e-01 1.617768308115144826e+00 0.000000000000000000e+00 4.730842070214158479e-02 0.000000000000000000e+00 2.825475778821079859e+19 1.000000000000000000e+00 0.000000000000000000e+00 0.000000000000000000e+00 7.273999999999999355e-01 2.637999999999999790e-01 8.800000000000000530e-03 2.740759157740383216e+03
3.070000000000000000e+02 1.992661765112695207e+02 2.440384725859110767e+04 9.119999999999999218e-01 5.304867677766753609e-01 0.000000000000000000e+00 9.000000000000001055e-02 1.570796326794896558e+00 3.527574323089170022e+19 1.000000000000000000e+00 0.000000000000000000e+00 0.000000000000000000e+00 7.273999999999999355e-01 2.637999999999999790e-01 8.800000000000000530e-03 3.194867384359685275e+03
3.080000000000000000e+02 3.033911667422061100e+02 2.459231239413480580e+04 9.119999999999999218e-01 5.906767142632627365e-01 0.000000000000000000e+00 9.000000000000001055e-02 1.570796326794896558e+00 3.592116905812924006e+19 1.000000000000000000e+00 0.000000000000000000e+00 0.000000000000000000e+00 7.273999999999999355e-01 2.637999999999999790e-01 8.800000000000000530e-03 3.214590751245345018e+03
3.100000000000000000e+02 3.842534388067004443e+02 2.778267410642592222e+04 9.119999999999999218e-01 1.130471892178128046e+00 0.000000000000000000e+00 9.000000000000001055e-02 1.570796326794896558e+00 4.142990641713605837e+19 1.000000000000000000e+00 0.000000000000000000e+00 0.000000000000000000e+00 7.273999999999999355e-01 2.637999999999999790e-01 8.800000000000000530e-03 3.544095638681947094e+03
3.110000000000000000e+02 1.772732591175497703e+02 2.991101127281302252e+04 9.119999999999999218e-01 6.561353595750568646e-01 0.000000000000000000e+00 3.248302921315936870e-02 1.570796326794896558e+00 4.506670876970473062e+19 1.000000000000000000e+00 0.000000000000000000e+00 0.000000000000000000e+00 7.273999999999999355e-01 2.637999999999999790e-01 8.800000000000000530e-03 3.759681665098792564e+03
3.130000000000000000e+02 2.047584366329819829e+02 3.224524299199441884e+04 9.119999999999999218e-01 7.401441430847478520e-01 0.000000000000000000e+00 9.000000000000001055e-02 0.000000000000000000e+00 4.961775232986252083e+19 1.000000000000000000e+00 0.000000000000000000e+00 0.000000000000000000e+00 7.273999999999999355e-01 2.637999999999999790e-01 8.800000000000000530e-03 3.992626826518773669e+03
3.140000000000000000e+02 2.128854770419217459e+02 3.343582750904081331e+04 9.119999999999999218e-01 1.424844308883350674e+00 0.000000000000000000e+00 8.100000000000001643e-02 1.570796326794896558e+00 5.201095099949060096e+19 1.000000000000000000e+00 0.000000000000000000e+00 0.000000000000000000e+00 7.273999999999999355e-01 2.637999999999999790e-01 8.800000000000000530e-03 4.110132836042401323e+03
3.190000000000000000e+02 2.555036956505622356e+02 4.206383672524958820e+04 9.119999999999999218e-01 9.351476487768500823e-01 0.000000000000000000e+00 9.000000000000001055e-02 1.570796326794896558e+00 6.909012670113930445e+19 1.000000000000000000e+00 0.000000000000000000e+00 0.000000000000000000e+00 7.273999999999999355e-01 2.637999999999999790e-01 8.800000000000000530e-03 4.938707480413429948e+03
3.200000000000000000e+02 2.637351124768358090e+02 4.417163862856890773e+04 9.119999999999999218e-01 5.878422429720111531e-01 0.000000000000000000e+00 1.000000000000000056e-01 1.570796326794896558e+00 7.337903050650815693e+19 1.000000000000000000e+00 0.000000000000000000e+00 0.000000000000000000e+00 7.273999999999999355e-01 2.637999999999999790e-01 8.800000000000000530e-03 5.135716070927682267e+03
3.210000000000000000e+02 1.426825545415918555e+02 4.797705045944450831e+04 9.119999999999999218e-01 9.684426768500493665e-01 0.000000000000000000e+00 1.853020188851842165e-02 0.000000000000000000e+00 8.059126043840793805e+19 1.000000000000000000e+00 0.000000000000000000e+00 0.000000000000000000e+00 7.273999999999999355e-01 2.637999999999999790e-01 8.800000000000000530e-03 5.486722974089449963e+03
3.250000000000000000e+02 1.899948203541461851e+02 5.964299434567064600e+04 9.119999999999999218e-01 9.013850155179670143e-01 0.000000000000000000e+00 9.000000000000001055e-02 1.570796326794896558e+00 1.048752488699808154e+20 1.000000000000000000e+00 0.000000000000000000e+00 0.000000000000000000e+00 7.273999999999999355e-01 2.637999999999999790e-01 8.800000000000000530e-03 6.530309251319374198e+03
3.290000000000000000e+02 1.958967745382376506e+02 7.420613843965448905e+04 9.119999999999999218e-01 8.468087588359428652e-01 0.000000000000000000e+00 9.000000000000001055e-02 1.570796326794896558e+00 1.367490984969985720e+20 1.000000000000000000e+00 0.000000000000000000e+00 0.000000000000000000e+00 7.273999999999999355e-01 2.637999999999999790e-01 8.800000000000000530e-03 7.777464958186667900e+03
3.300000000000000000e+02 1.709849816287851354e+02 7.871128248598950449e+04 9.119999999999999218e-01 1.839764641620183161e+00 0.000000000000000000e+00 1.000000000000000056e-01 1.570796326794896558e+00 1.468025662815874417e+20 1.000000000000000000e+00 0.000000000000000000e+00 0.000000000000000000e+00 7.273999999999999355e-01 2.637999999999999790e-01 8.800000000000000530e-03 8.152968946832632355e+03
3.320000000000000000e+02 2.186359144521062490e+02 8.769151205600057438e+04 9.119999999999999218e-01 1.809571322026066076e+00 0.000000000000000000e+00 9.000000000000001055e-02 1.570796326794896558e+00 1.675745724294418268e+20 1.000000000000000000e+00 0.000000000000000000e+00 0.000000000000000000e+00 7.273999999999999355e-01 2.637999999999999790e-01 8.800000000000000530e-03 8.888986449762993288e+03
3.370000000000000000e+02 7.700000000000001137e+02 1.177947217109880730e+05 9.119999999999999218e-01 1.346513915036182008e+00 0.000000000000000000e+00 1.000000000000000056e-01 1.570796326794896558e+00 2.395568183418294108e+20 1.000000000000000000e+00 0.000000000000000000e+00 0.000000000000000000e+00 7.273999999999999355e-01 2.637999999999999790e-01 8.800000000000000530e-03 1.125607198006062572e+04
3.390000000000000000e+02 7.700000000000001137e+02 1.323185248972730478e+05 9.119999999999999218e-01 6.450746583098552200e-01 0.000000000000000000e+00 1.000000000000000056e-01 1.570796326794896558e+00 2.761101350800128082e+20 1.000000000000000000e+00 0.000000000000000000e+00 0.000000000000000000e+00 7.273999999999999355e-01 2.637999999999999790e-01 8.800000000000000530e-03 1.235329230290296618e+04
3.400000000000000000e+02 7.700000000000001137e+02 1.396728403655062721e+05 9.119999999999999218e-01 1.763874714800029331e+00 0.000000000000000000e+00 1.000000000000000056e-01 0.000000000000000000e+00 2.952562566205691658e+20 1.000000000000000000e+00 0.000000000000000000e+00 0.000000000000000000e+00 7.273999999999999355e-01 2.637999999999999790e-01 8.800000000000000530e-03 1.289958591062307642e+04
3.420000000000000000e+02 7.700000000000001137e+02 1.575185362660926476e+05 9.119999999999999218e-01 7.925456180905826598e-01 0.000000000000000000e+00 1.000000000000000056e-01 1.570796326794896558e+00 3.418308459808298107e+20 1.000000000000000000e+00 0.000000000000000000e+00 0.000000000000000000e+00 7.273999999999999355e-01 2.637999999999999790e-01 8.800000000000000530e-03 1.420206615277077253e+04
3.430000000000000000e+02 7.700000000000001137e+02 1.688553410640909569e+05 9.119999999999999218e-01 1.596227931431269509e+00 0.000000000000000000e+00 1.000000000000000056e-01 1.570796326794896558e+00 3.713386734617743852e+20 1.000000000000000000e+00 0.000000000000000000e+00 0.000000000000000000e+00 7.273999999999999355e-01 2.637999999999999790e-01 8.800000000000000530e-03 1.501405626840392324e+04
3.440000000000000000e+02 7.700000000000001137e+02 1.773311456782603054e+05 9.119999999999999218e-01 1.522291080383509021e+00 0.000000000000000000e+00 1.000000000000000056e-01 0.000000000000000000e+00 3.952714762236667494e+20 1.000000000000000000e+00 0.000000000000000000e+00 0.000000000000000000e+00 7.273999999999999355e-01 2.637999999999999790e-01 8.800000000000000530e-03 1.561400137188984627e+04
3.480000000000000000e+02 7.700000000000001137e+02 2.311672746767893259e+05 9.119999999999999218e-01 9.478914846988125698e-01 0.000000000000000000e+00 1.000000000000000056e-01 1.570796326794896558e+00 5.443193820340340654e+20 1.000000000000000000e+00 0.000000000000000000e+00 0.000000000000000000e+00 7.273999999999999355e-01 2.637999999999999790e-01 8.800000000000000530e-03 1.930310973727074816e+04
3.490000000000000000e+02 7.700000000000001137e+02 2.457559427723837725e+05 9.119999999999999218e-01 9.852417637211450252e-01 0.000000000000000000e+00 1.000000000000000056e-01 0.000000000000000000e+00 5.868152765057885143e+20 1.000000000000000000e+00 0.000000000000000000e+00 0.000000000000000000e+00 7.273999999999999355e-01 2.637999999999999790e-01 8.800000000000000530e-03 2.027166497476442964e+04
3.500000000000000000e+02 7.700000000000001137e+02 2.583914527339219640e+05 9.119999999999999218e-01 1.494199771032147739e+00 0.000000000000000000e+00 1.000000000000000056e-01 1.570796326794896558e+00 6.257760219063775396e+20 1.000000000000000000e+00 0.000000000000000000e+00 0.000000000000000000e+00 7.273999999999999355e-01 2.637999999999999790e-01 8.800000000000000530e-03 2.110127571685037037e+04
3.510000000000000000e+02 7.700000000000001137e+02 2.809074690012763022e+05 9.119999999999999218e-01 8.797882631974396350e-01 0.000000000000000000e+00 1.000000000000000056e-01 1.570796326794896558e+00 6.900783292593230316e+20 1.000000000000000000e+00 0.000000000000000000e+00 0.000000000000000000e+00 7.273999999999999355e-01 2.637999999999999790e-01 8.800000000000000530e-03 2.255988215159704851e+04
3.520000000000000000e+02 7.700000000000001137e+02 2.980367063910071156e+05 9.119999999999999218e-01 9.821388820836358668e-01 0.000000000000000000e+00 1.000000000000000056e-01 1.570796326794896558e+00 7.427119740156625551e+20 1.000000000000000000e+00 0.000000000000000000e+00 0.000000000000000000e+00 7.273999999999999355e-01 2.637999999999999790e-01 8.800000000000000530e-03 2.365385888438392431e+04
3.540000000000000000e+02 7.700000000000001137e+02 3.447589340249338420e+05 9.119999999999999218e-01 1.552756109247513949e+00 0.000000000000000000e+00 1.000000000000000056e-01 1.570796326794896558e+00 8.845639012549731287e+20 1.000000000000000000e+00 0.000000000000000000e+00 0.000000000000000000e+00 7.273999999999999355e-01 2.637999999999999790e-01 8.800000000000000530e-03 2.657655108578797081e+04
3.570000000000000000e+02 7.700000000000001137e+02 4.242456706742708921e+05 9.119999999999999218e-01 1.153396231751119272e+00 0.000000000000000000e+00 1.000000000000000056e-01 1.570796326794896558e+00 1.138318866919594131e+21 1.000000000000000000e+00 0.000000000000000000e+00 0.000000000000000000e+00 7.273999999999999355e-01 2.637999999999999790e-01 8.800000000000000530e-03 3.137473978548388550e+04
3.620000000000000000e+02 7.700000000000001137e+02 6.091135627182101598e+05 9.119999999999999218e-01 8.974613879888682089e-01 0.000000000000000000e+00 1.000000000000000056e-01 0.000000000000000000e+00 1.765706923668354630e+21 1.000000000000000000e+00 0.000000000000000000e+00 0.000000000000000000e+00 7.273999999999999355e-01 2.637999999999999790e-01 8.800000000000000530e-03 4.190297068142092030e+04
3.640000000000000000e+02 7.700000000000001137e+02 3.056487894863905967e+05 9.119999999999999218e-01 5.574676533136999623e-01 0.000000000000000000e+00 1.000000000000000056e-01 1.570796326794896558e+00 9.122750095472948675e+20 1.000000000000000000e+00 0.000000000000000000e+00 0.000000000000000000e+00 7.273999999999999355e-01 2.637999999999999790e-01 8.800000000000000530e-03 2.413594688046165538e+04
