# id_num orb_a mass spin spin_angle orb_inc orb_ecc orb_arg_periapse orb_ang_mom gen galaxy time_passed gw_freq gw_strain
1.000000000000000000e+00 3.745527936230808700e+04 1.180542150506686738e+01 -1.305770340213164779e-02 3.371240424629518562e-01 6.786188599809239025e-03 4.976664580798874360e-02 0.000000000000000000e+00 1.000000000000000000e+00 1.000000000000000000e+00 0.000000000000000000e+00 0.000000000000000000e+00 -1.000000000000000000e+00 -1.000000000000000000e+00
1.200000000000000000e+01 4.327141786649458663e+04 1.168769240234486873e+01 1.775407323997496567e-02 6.113342483758849033e-01 3.149818673702291960e+00 1.515221948370975291e-01 1.570796326794896558e+00 1.000000000000000000e+00 1.000000000000000000e+00 0.000000000000000000e+00 0.000000000000000000e+00 -1.000000000000000000e+00 -1.000000000000000000e+00
1.300000000000000000e+01 2.171599357035251160e+04 1.043344400883074208e+01 1.776969220083442769e-01 1.214107462497123535e+00 -3.913204817933864724e-03 2.705965757661591212e-02 0.000000000000000000e+00 1.000000000000000000e+00 1.000000000000000000e+00 0.000000000000000000e+00 0.000000000000000000e+00 -1.000000000000000000e+00 -1.000000000000000000e+00
1.500000000000000000e+01 5.000000000000000000e+04 2.873007806836570666e+01 -4.173220753537433547e-02 3.067812800875596491e+00 -2.882186239694843957e-02 2.150469861691220175e-01 1.570796326794896558e+00 1.000000000000000000e+00 1.000000000000000000e+00 0.000000000000000000e+00 0.000000000000000000e+00 -1.000000000000000000e+00 -1.000000000000000000e+00
1.800000000000000000e+01 1.461058125341007144e+04 2.614232341064280973e+01 -1.083028933515820663e-02 1.662200821098661407e+00 3.132427546567765120e+00 1.000000000000000021e-02 1.570796326794896558e+00 1.000000000000000000e+00 1.000000000000000000e+00 0.000000000000000000e+00 0.000000000000000000e+00 -1.000000000000000000e+00 -1.000000000000000000e+00
1.900000000000000000e+01 2.756645744353018381e+04 1.977653952122738445e+01 1.274384904689835896e-01 1.512157565265204617e+00 -2.099367473296359990e-02 2.959583347303697265e-02 1.570796326794896558e+00 1.000000000000000000e+00 1.000000000000000000e+00 0.000000000000000000e+00 0.000000000000000000e+00 -1.000000000000000000e+00 -1.000000000000000000e+00
2.200000000000000000e+01 3.842210471950612555e+04 2.931349709930125513e+01 -6.403110220472759025e-03 9.475106593203089789e-01 1.130638957072130878e-02 3.058632866896752664e-02 0.000000000000000000e+00 1.000000000000000000e+00 1.000000000000000000e+00 0.000000000000000000e+00 0.000000000000000000e+00 -1.000000000000000000e+00 -1.000000000000000000e+00
2.400000000000000000e+01 1.766119490786597453e+04 2.791204856907739185e+01 9.433247197719880905e-02 1.383166931404372857e+00 -1.914885630429114666e-02 1.034778192347573893e-02 0.000000000000000000e+00 1.000000000000000000e+00 1.000000000000000000e+00 0.000000000000000000e+00 0.000000000000000000e+00 -1.000000000000000000e+00 -1.000000000000000000e+00
2.700000000000000000e+01 3.989851073806719796e+04 1.273107663314558735e+01 -2.603354176300183842e-01 2.397411902088033564e+00 3.144101487363557546e+00 3.829141120014106087e-02 0.000000000000000000e+00 1.000000000000000000e+00 1.000000000000000000e+00 0.000000000000000000e+00 0.000000000000000000e+00 -1.000000000000000000e+00 -1.000000000000000000e+00
3.000000000000000000e+01 1.457740212902714063e+02 1.802189297998940631e+01 -5.200791659327372307e-02 2.056423848946109967e+00 3.066549165711780489e+00 3.952266673849995360e-02 0.000000000000000000e+00 1.000000000000000000e+00 1.000000000000000000e+00 0.000000000000000000e+00 0.000000000000000000e+00 -1.000000000000000000e+00 -1.000000000000000000e+00
3.200000000000000000e+01 2.526923126554022747e+04 1.399285128626179109e+01 7.275179354565523317e-03 9.158783158071482911e-01 3.146809644452993382e+00 1.000000000000000056e-01 1.570796326794896558e+00 1.000000000000000000e+00 1.000000000000000000e+00 0.000000000000000000e+00 0.000000000000000000e+00 -1.000000000000000000e+00 -1.000000000000000000e+00
3.300000000000000000e+01 3.942242467403493720e+03 1.350024488622295671e+01 1.505649431261736615e-01 6.415306342857760580e-01 3.141988680675793955e+00 9.000000000000001055e-02 0.000000000000000000e+00 1.000000000000000000e+00 1.000000000000000000e+00 0.000000000000000000e+00 0.000000000000000000e+00 -1.000000000000000000e+00 -1.000000000000000000e+00
3.400000000000000000e+01 3.801423810508066526e+04 1.093350107895376055e+01 2.324502231802671320e-02 1.357234631567599159e+00 -4.567680755501830892e-02 1.838430262601401521e-01 1.570796326794896558e+00 1.000000000000000000e+00 1.000000000000000000e+00 0.000000000000000000e+00 0.000000000000000000e+00 -1.000000000000000000e+00 -1.000000000000000000e+00
3.600000000000000000e+01 6.851645980087143471e+03 1.515087416614871074e+01 1.670989844246094369e-01 1.298779616513534130e+00 -1.701775945182507771e-03 1.000000000000000056e-01 0.000000000000000000e+00 1.000000000000000000e+00 1.000000000000000000e+00 0.000000000000000000e+00 0.000000000000000000e+00 -1.000000000000000000e+00 -1.000000000000000000e+00
4.300000000000000000e+01 2.047536891967754127e+04 2.955524650392518993e+01 -1.120531644585860687e-02 1.259806686539679088e+00 3.133520299418386834e+00 3.223291357680755503e-02 0.000000000000000000e+00 1.000000000000000000e+00 1.000000000000000000e+00 0.000000000000000000e+00 0.000000000000000000e+00 -1.000000000000000000e+00 -1.000000000000000000e+00
4.500000000000000000e+01 1.602107470050214215e+04 1.049901047269583110e+01 1.094935490477918355e-02 8.901072842831825316e-01 -1.518376581067833013e-02 8.096149374481111105e-02 0.000000000000000000e+00 1.000000000000000000e+00 1.000000000000000000e+00 0.000000000000000000e+00 0.000000000000000000e+00 -1.000000000000000000e+00 -1.000000000000000000e+00
4.600000000000000000e+01 2.193850030661168057e+04 1.485722793064896941e+01 -3.307302545590772025e-03 1.198992088522235377e+00 -6.594700922529119283e-03 4.787936968718401604e-02 1.570796326794896558e+00 1.000000000000000000e+00 1.000000000000000000e+00 0.000000000000000000e+00 0.000000000000000000e+00 -1.000000000000000000e+00 -1.000000000000000000e+00
4.700000000000000000e+01 3.897613292985044973e+04 2.092231645888008273e+01 -2.970126195052263385e-01 2.489956201595348695e+00 3.102225761208691424e+00 1.545696634575499384e-01 1.570796326794896558e+00 1.000000000000000000e+00 1.000000000000000000e+00 0.000000000000000000e+00 0.000000000000000000e+00 -1.000000000000000000e+00 -1.000000000000000000e+00
4.800000000000000000e+01 3.105631558608409250e+04 3.798239926006149147e+01 1.164205612359887065e-01 1.650668767316312291e+00 3.118836717928522351e+00 1.000000000000000056e-01 1.570796326794896558e+00 1.000000000000000000e+00 1.000000000000000000e+00 0.000000000000000000e+00 0.000000000000000000e+00 -1.000000000000000000e+00 -1.000000000000000000e+00
4.900000000000000000e+01 3.731557759243206965e+04 1.899512484198460172e+01 -9.621203792476155925e-02 3.015460681917998542e+00 3.100093168432640933e+00 1.389733340602742062e-01 0.000000000000000000e+00 1.000000000000000000e+00 1.000000000000000000e+00 0.000000000000000000e+00 0.000000000000000000e+00 -1.000000000000000000e+00 -1.000000000000000000e+00
5.300000000000000000e+01 2.053881218012289537e+04 1.451305285517916666e+01 -6.677968752373944494e-02 2.395518185233869612e+00 3.152420592341617755e+00 6.736548549964940791e-02 1.570796326794896558e+00 1.000000000000000000e+00 1.000000000000000000e+00 0.000000000000000000e+00 0.000000000000000000e+00 -1.000000000000000000e+00 -1.000000000000000000e+00
5.400000000000000000e+01 3.480607933795760619e+04 3.542789287533658182e+01 -1.898657890115300617e-01 1.849127282963429098e+00 3.112506352939422793e+00 4.294481846204917241e-02 0.000000000000000000e+00 1.000000000000000000e+00 1.000000000000000000e+00 0.000000000000000000e+00 0.000000000000000000e+00 -1.000000000000000000e+00 -1.000000000000000000e+00
5.500000000000000000e+01 3.064873079274778138e+04 1.437946912828204660e+01 -2.661078391978939361e-01 2.692312027147884645e+00 -2.777701715757683806e-02 2.195705301175726598e-01 1.570796326794896558e+00 1.000000000000000000e+00 1.000000000000000000e+00 0.000000000000000000e+00 0.000000000000000000e+00 -1.000000000000000000e+00 -1.000000000000000000e+00
5.600000000000000000e+01 3.764584276769676944e+04 1.199221857596145746e+01 -4.325498954428520088e-02 2.785172821112822827e+00 3.180512126743498147e+00 6.850060628310741806e-02 0.000000000000000000e+00 1.000000000000000000e+00 1.000000000000000000e+00 0.000000000000000000e+00 0.000000000000000000e+00 -1.000000000000000000e+00 -1.000000000000000000e+00
5.800000000000000000e+01 4.230959452450132812e+04 1.358725246427432332e+01 4.857877891758327626e-02 2.587132256555576548e-01 -2.667306145739275353e-02 5.174758363997834787e-02 0.000000000000000000e+00 1.000000000000000000e+00 1.000000000000000000e+00 0.000000000000000000e+00 0.000000000000000000e+00 -1.000000000000000000e+00 -1.000000000000000000e+00
6.100000000000000000e+01 5.230294138184795156e+04 3.220911309428856129e+01 -6.232724892958320384e-02 3.029490774963073729e+00 -3.205752700602801375e-02 1.000000000000000056e-01 1.570796326794896558e+00 1.000000000000000000e+00 1.000000000000000000e+00 0.000000000000000000e+00 0.000000000000000000e+00 -1.000000000000000000e+00 -1.000000000000000000e+00
6.200000000000000000e+01 4.435739401589913905e+04 2.423592297671992313e+01 -6.289869212214206640e-02 2.316437980449760570e+00 3.340551438635392528e-02 1.787438457942724657e-01 0.000000000000000000e+00 1.000000000000000000e+00 1.000000000000000000e+00 0.000000000000000000e+00 0.000000000000000000e+00 -1.000000000000000000e+00 -1.000000000000000000e+00
6.300000000000000000e+01 3.237479750959804005e+04 1.037875693945580835e+01 -6.442623791251807230e-02 2.885453437536572796e+00 -3.705503786566999302e-02 1.424817228889317111e-01 0.000000000000000000e+00 1.000000000000000000e+00 1.000000000000000000e+00 0.000000000000000000e+00 0.000000000000000000e+00 -1.000000000000000000e+00 -1.000000000000000000e+00
6.400000000000000000e+01 1.880922253043167075e+04 1.147991755322907892e+01 -3.697839821917151548e-01 3.048675023464901379e+00 1.397850345790304857e-02 1.000000000000000056e-01 0.000000000000000000e+00 1.000000000000000000e+00 1.000000000000000000e+00 0.000000000000000000e+00 0.000000000000000000e+00 -1.000000000000000000e+00 -1.000000000000000000e+00
6.700000000000000000e+01 4.535274046457053919e+04 1.210576148405355035e+01 4.085310356852749070e-02 7.521092137917353426e-01 -1.625214185849134865e-02 3.869166038713577060e-02 0.000000000000000000e+00 1.000000000000000000e+00 1.000000000000000000e+00 0.000000000000000000e+00 0.000000000000000000e+00 -1.000000000000000000e+00 -1.000000000000000000e+00
6.800000000000000000e+01 3.485958097281314258e+04 1.007266924544842546e+01 5.458227576575053197e-02 1.545209247555912713e+00 -4.635998618342804592e-03 1.148756729202722073e-02 1.570796326794896558e+00 1.000000000000000000e+00 1.000000000000000000e+00 0.000000000000000000e+00 0.000000000000000000e+00 -1.000000000000000000e+00 -1.000000000000000000e+00
7.000000000000000000e+01 5.554223825781228925e+02 1.534097683137967394e+01 2.667970949258602342e-02 1.052995337449423863e+00 3.153830136876595969e+00 9.000000000000001055e-02 1.570796326794896558e+00 1.000000000000000000e+00 1.000000000000000000e+00 0.000000000000000000e+00 0.000000000000000000e+00 -1.000000000000000000e+00 -1.000000000000000000e+00
7.200000000000000000e+01 1.755230931908792263e+04 2.912241785726964949e+01 -9.777939597877959021e-02 2.618228210548430468e+00 3.135283010739720488e+00 2.365125602124621557e-02 1.570796326794896558e+00 1.000000000000000000e+00 1.000000000000000000e+00 0.000000000000000000e+00 0.000000000000000000e+00 -1.000000000000000000e+00 -1.000000000000000000e+00
7.300000000000000000e+01 3.613983550991244556e+04 2.756316915558312886e+01 -3.179881068550625273e-02 1.962235583403116435e+00 3.167278979422717189e+00 1.929507814274268318e-01 1.570796326794896558e+00 1.000000000000000000e+00 1.000000000000000000e+00 0.000000000000000000e+00 0.000000000000000000e+00 -1.000000000000000000e+00 -1.000000000000000000e+00
7.400000000000000000e+01 3.441900092922830663e+04 1.283827309018900920e+01 1.046626094643905436e-01 1.625145920003128186e+00 -2.328812421471131155e-02 7.541177248447662740e-02 1.570796326794896558e+00 1.000000000000000000e+00 1.000000000000000000e+00 0.000000000000000000e+00 0.000000000000000000e+00 -1.000000000000000000e+00 -1.000000000000000000e+00
7.900000000000000000e+01 2.504802750394541727e+04 1.229290777365141274e+01 1.155840163588073288e-01 1.201819923317438921e+00 3.101054317901241308e+00 1.168049811356175194e-01 0.000000000000000000e+00 1.000000000000000000e+00 1.000000000000000000e+00 0.000000000000000000e+00 0.000000000000000000e+00 -1.000000000000000000e+00 -1.000000000000000000e+00
8.000000000000000000e+01 1.538754397222939224e+04 1.060528119631769073e+01 -1.634333470374675634e-01 2.516952267490508266e+00 -1.769219974119516300e-02 2.008592419594129597e-02 0.000000000000000000e+00 1.000000000000000000e+00 1.000000000000000000e+00 0.000000000000000000e+00 0.000000000000000000e+00 -1.000000000000000000e+00 -1.000000000000000000e+00
8.100000000000000000e+01 4.522503107474138960e+04 1.724733397600622453e+01 -1.844488007403047858e-01 3.100000000000000089e+00 3.119922864757618708e+00 6.188466415687784300e-02 1.570796326794896558e+00 1.000000000000000000e+00 1.000000000000000000e+00 0.000000000000000000e+00 0.000000000000000000e+00 -1.000000000000000000e+00 -1.000000000000000000e+00
8.200000000000000000e+01 6.259929639767839262e+02 2.320527837333223786e+01 -9.205452863017662968e-02 2.858873780789227492e+00 6.916687223268775352e-03 9.000000000000001055e-02 0.000000000000000000e+00 1.000000000000000000e+00 1.000000000000000000e+00 0.000000000000000000e+00 0.000000000000000000e+00 -1.000000000000000000e+00 -1.000000000000000000e+00
8.300000000000000000e+01 6.542791601351449344e+02 1.127805921238364917e+01 -9.029843648882932006e-02 2.364768241077965349e+00 3.150382363305211264e+00 4.398206666382514091e-02 0.000000000000000000e+00 1.000000000000000000e+00 1.000000000000000000e+00 0.000000000000000000e+00 0.000000000000000000e+00 -1.000000000000000000e+00 -1.000000000000000000e+00
8.600000000000000000e+01 1.230246986896829185e+03 1.856740633276893959e+01 -2.846557407750205729e-02 1.854307210029684017e+00 3.145414539092490802e+00 9.000000000000001055e-02 0.000000000000000000e+00 1.000000000000000000e+00 1.000000000000000000e+00 0.000000000000000000e+00 0.000000000000000000e+00 -1.000000000000000000e+00 -1.000000000000000000e+00
8.700000000000000000e+01 3.281776085074390721e+04 1.526487551250214203e+01 -1.429151461777726229e-01 3.072407636246323737e+00 -3.641062729547564492e-02 6.113386607047393423e-02 0.000000000000000000e+00 1.000000000000000000e+00 1.000000000000000000e+00 0.000000000000000000e+00 0.000000000000000000e+00 -1.000000000000000000e+00 -1.000000000000000000e+00
8.900000000000000000e+01 1.218796751243540712e+04 1.504233656360809235e+01 -1.503226629116392044e-01 3.100000000000000089e+00 3.128000091802560334e+00 1.926952909141269391e-02 1.570796326794896558e+00 1.000000000000000000e+00 1.000000000000000000e+00 0.000000000000000000e+00 0.000000000000000000e+00 -1.000000000000000000e+00 -1.000000000000000000e+00
9.200000000000000000e+01 1.638573023873714556e+04 1.341436780267003215e+01 -2.150908255776124711e-01 2.874053058911788749e+00 3.119609719561617922e+00 5.238352643561354494e-02 0.000000000000000000e+00 1.000000000000000000e+00 1.000000000000000000e+00 0.000000000000000000e+00 0.000000000000000000e+00 -1.000000000000000000e+00 -1.000000000000000000e+00
9.500000000000000000e+01 5.000000000000000000e+04 1.100316511085677185e+01 -8.295926449558736065e-03 9.695505994614793677e-01 3.173920581119499040e+00 1.654835057628249173e-01 0.000000000000000000e+00 1.000000000000000000e+00 1.000000000000000000e+00 0.000000000000000000e+00 0.000000000000000000e+00 -1.000000000000000000e+00 -1.000000000000000000e+00
9.600000000000000000e+01 2.618041999292319815e+04 1.043362626674844407e+01 -8.323303571056414607e-02 2.007503192840221384e+00 3.911406491985711803e-02 3.140752136967225883e-02 0.000000000000000000e+00 1.000000000000000000e+00 1.000000000000000000e+00 0.000000000000000000e+00 0.000000000000000000e+00 -1.000000000000000000e+00 -1.000000000000000000e+00
9.700000000000000000e+01 3.596312704554619995e+04 1.281746171225248787e+01 4.556919382707956545e-02 1.332573052098627864e+00 3.101039971582152166e+00 2.295232848233761877e-02 0.000000000000000000e+00 1.000000000000000000e+00 1.000000000000000000e+00 0.000000000000000000e+00 0.000000000000000000e+00 -1.000000000000000000e+00 -1.000000000000000000e+00
9.900000000000000000e+01 1.497235031939687360e+04 1.378800435048566975e+01 -8.492461594681338655e-02 1.870047667735930341e+00 3.142589074979303732e+00 1.000000000000000021e-02 0.000000000000000000e+00 1.000000000000000000e+00 1.000000000000000000e+00 0.000000000000000000e+00 0.000000000000000000e+00 -1.000000000000000000e+00 -1.000000000000000000e+00
1.000000000000000000e+02 1.918124959311766725e+04 1.485806173339941516e+01 -2.635419858954642439e-02 1.167285549313878956e+00 3.141482219579775137e+00 1.392161269997491124e-02 0.000000000000000000e+00 1.000000000000000000e+00 1.000000000000000000e+00 0.000000000000000000e+00 0.000000000000000000e+00 -1.000000000000000000e+00 -1.000000000000000000e+00
1.030000000000000000e+02 6.092957613265848522e+02 1.019445612886578623e+01 6.127123064769154914e-02 6.271986306839172354e-01 -1.156580394702475499e-02 2.138673356045734872e-02 1.570796326794896558e+00 1.000000000000000000e+00 1.000000000000000000e+00 0.000000000000000000e+00 0.000000000000000000e+00 -1.000000000000000000e+00 -1.000000000000000000e+00
1.040000000000000000e+02 4.016177434702566825e+04 1.414642504850533733e+01 1.567549946672220501e-02 6.385965700534780298e-01 -3.321584380793554669e-02 1.708456045511382027e-01 1.570796326794896558e+00 1.000000000000000000e+00 1.000000000000000000e+00 0.000000000000000000e+00 0.000000000000000000e+00 -1.000000000000000000e+00 -1.000000000000000000e+00
1.050000000000000000e+02 4.771177548430720344e+04 1.098127934378722159e+01 -2.627486663018899216e-01 3.100000000000000089e+00 2.568286674893477742e-02 9.724647988980851532e-02 1.570796326794896558e+00 1.000000000000000000e+00 1.000000000000000000e+00 0.000000000000000000e+00 0.000000000000000000e+00 -1.000000000000000000e+00 -1.000000000000000000e+00
1.060000000000000000e+02 3.337702260938409017e+04 1.832851875214085524e+01 -5.231135634152455499e-02 2.948126787368845481e+00 3.119576888760822619e+00 7.401278745876296861e-02 1.570796326794896558e+00 1.000000000000000000e+00 1.000000000000000000e+00 0.000000000000000000e+00 0.000000000000000000e+00 -1.000000000000000000e+00 -1.000000000000000000e+00
1.090000000000000000e+02 6.470834316087621119e+02 1.032887845370273894e+01 -1.352200449949263750e-01 2.685938651662382437e+00 7.291852867818847742e-03 4.811394824654266489e-02 1.570796326794896558e+00 1.000000000000000000e+00 1.000000000000000000e+00 0.000000000000000000e+00 0.000000000000000000e+00 -1.000000000000000000e+00 -1.000000000000000000e+00
1.100000000000000000e+02 2.558153410397714106e+04 2.496925337829164349e+01 1.001781986384615575e-01 6.211910114676512107e-01 3.135362385202191238e+00 6.728095040015452666e-02 1.570796326794896558e+00 1.000000000000000000e+00 1.000000000000000000e+00 0.000000000000000000e+00 0.000000000000000000e+00 -1.000000000000000000e+00 -1.000000000000000000e+00
1.130000000000000000e+02 5.000000000000000000e+04 2.043589312802171776e+01 1.652677520704055603e-01 3.280642298929669076e-01 3.182773635656377387e+00 2.425492116332272075e-01 0.000000000000000000e+00 1.000000000000000000e+00 1.000000000000000000e+00 0.000000000000000000e+00 0.000000000000000000e+00 -1.000000000000000000e+00 -1.000000000000000000e+00
1.150000000000000000e+02 2.781666649758833228e+04 1.290182589270036573e+01 -2.917305339417270230e-02 2.267399257103728250e+00 3.107579228585072961e+00 3.711520047691124757e-02 1.570796326794896558e+00 1.000000000000000000e+00 1.000000000000000000e+00 0.000000000000000000e+00 0.000000000000000000e+00 -1.000000000000000000e+00 -1.000000000000000000e+00
1.180000000000000000e+02 2.367495670523595095e+02 1.041558467414407119e+01 -1.545657683647065350e-01 2.210503724327437247e+00 3.166542232881343288e+00 2.032842367971591790e-01 1.570796326794896558e+00 1.000000000000000000e+00 1.000000000000000000e+00 0.000000000000000000e+00 0.000000000000000000e+00 -1.000000000000000000e+00 -1.000000000000000000e+00
1.210000000000000000e+02 8.067137148546204116e+03 3.582571177489621306e+01 1.386624829363806988e-01 1.008817748287515581e+00 6.457492631653688128e-03 1.027347496242027487e-02 1.570796326794896558e+00 1.000000000000000000e+00 1.000000000000000000e+00 0.000000000000000000e+00 0.000000000000000000e+00 -1.000000000000000000e+00 -1.000000000000000000e+00
1.220000000000000000e+02 2.779210220179527823e+04 1.027486945459697054e+01 -1.129524418528350532e-01 2.190665911206567174e+00 3.123837700630768044e+00 8.235086936272775771e-02 0.000000000000000000e+00 1.000000000000000000e+00 1.000000000000000000e+00 0.000000000000000000e+00 0.000000000000000000e+00 -1.000000000000000000e+00 -1.000000000000000000e+00
1.240000000000000000e+02 2.152125156070828234e+04 1.034954673549025195e+01 7.592333008011682705e-02 4.468284475982701176e-01 -1.230104327335017171e-02 1.077640790507075445e-02 0.000000000000000000e+00 1.000000000000000000e+00 1.000000000000000000e+00 0.000000000000000000e+00 0.000000000000000000e+00 -1.000000000000000000e+00 -1.000000000000000000e+00
1.250000000000000000e+02 3.864474751464789733e+04 1.146777928414988956e+01 7.569828127735499235e-02 4.154572732234943500e-01 3.176434696654292456e+00 4.300303861129053939e-02 0.000000000000000000e+00 1.000000000000000000e+00 1.000000000000000000e+00 0.000000000000000000e+00 0.000000000000000000e+00 -1.000000000000000000e+00 -1.000000000000000000e+00
1.260000000000000000e+02 4.670338628194270859e+04 1.837249466396960074e+01 -1.511280206909851320e-01 2.216292761440138204e+00 3.095200837834576113e+00 1.440918328693152062e-01 1.570796326794896558e+00 1.000000000000000000e+00 1.000000000000000000e+00 0.000000000000000000e+00 0.000000000000000000e+00 -1.000000000000000000e+00 -1.000000000000000000e+00
1.270000000000000000e+02 2.090591971754280166e+04 1.028173744132462630e+01 -2.059213639394142370e-01 2.601393057191535796e+00 3.172246701059065810e+00 1.633143476596334367e-02 1.570796326794896558e+00 1.000000000000000000e+00 1.000000000000000000e+00 0.000000000000000000e+00 0.000000000000000000e+00 -1.000000000000000000e+00 -1.000000000000000000e+00
1.280000000000000000e+02 2.214608826489254716e+04 2.207520444240943647e+01 7.486640087833280888e-02 1.141986051870166996e+00 -1.018747392683506080e-02 1.000000000000000056e-01 1.570796326794896558e+00 1.000000000000000000e+00 1.000000000000000000e+00 0.000000000000000000e+00 0.000000000000000000e+00 -1.000000000000000000e+00 -1.000000000000000000e+00
1.300000000000000000e+02 2.244565108145745762e+04 1.171078774984613702e+01 7.749916124793850003e-02 8.083637582427274371e-01 -1.211141699642336207e-02 1.638098864228534901e-01 0.000000000000000000e+00 1.000000000000000000e+00 1.000000000000000000e+00 0.000000000000000000e+00 0.000000000000000000e+00 -1.000000000000000000e+00 -1.000000000000000000e+00
1.330000000000000000e+02 2.939246684957250545e+04 1.335402547715538368e+01 -2.438335161959398201e-01 2.512757361614690321e+00 2.858813024533851666e-02 1.339016203480544731e-02 1.570796326794896558e+00 1.000000000000000000e+00 1.000000000000000000e+00 0.000000000000000000e+00 0.000000000000000000e+00 -1.000000000000000000e+00 -1.000000000000000000e+00
1.370000000000000000e+02 5.571853515848160896e+03 1.052469802035183477e+01 -7.976231361980529178e-02 2.336087170399259616e+00 -3.304142290090857949e-03 3.375899745235767108e-02 0.000000000000000000e+00 1.000000000000000000e+00 1.000000000000000000e+00 0.000000000000000000e+00 0.000000000000000000e+00 -1.000000000000000000e+00 -1.000000000000000000e+00
1.400000000000000000e+02 3.256283162291207191e+04 1.099801450497418287e+01 -2.143726943724857670e-01 2.538011008552510717e+00 -3.374641866736427520e-02 1.102171913453230991e-02 1.570796326794896558e+00 1.000000000000000000e+00 1.000000000000000000e+00 0.000000000000000000e+00 0.000000000000000000e+00 -1.000000000000000000e+00 -1.000000000000000000e+00
1.430000000000000000e+02 7.283226885782967202e+02 1.263794834814874513e+01 -1.457290895726603974e-02 8.950928470916216240e-01 -4.164234680032702189e-03 2.679493749732925548e-02 1.570796326794896558e+00 1.000000000000000000e+00 1.000000000000000000e+00 0.000000000000000000e+00 0.000000000000000000e+00 -1.000000000000000000e+00 -1.000000000000000000e+00
1.440000000000000000e+02 1.146108896280946647e+04 3.558212192033976606e+01 4.578872122428175040e-02 3.343216826698086064e-01 -1.140305437131046602e-02 2.714382993003797151e-02 1.570796326794896558e+00 1.000000000000000000e+00 1.000000000000000000e+00 0.000000000000000000e+00 0.000000000000000000e+00 -1.000000000000000000e+00 -1.000000000000000000e+00
1.450000000000000000e+02 4.583349665621403255e+04 2.073722536396941507e+01 -2.669891605431876092e-02 9.916299950347777781e-01 3.112420572851283040e+00 6.607457615437116460e-02 1.570796326794896558e+00 1.000000000000000000e+00 1.000000000000000000e+00 0.000000000000000000e+00 0.000000000000000000e+00 -1.000000000000000000e+00 -1.000000000000000000e+00
1.500000000000000000e+02 2.930481881227788836e+04 1.344712765507863672e+01 -1.570131715407244166e-01 1.926995663334460707e+00 3.116478466543977532e+00 1.000000000000000021e-02 0.000000000000000000e+00 1.000000000000000000e+00 1.000000000000000000e+00 0.000000000000000000e+00 0.000000000000000000e+00 -1.000000000000000000e+00 -1.000000000000000000e+00
1.510000000000000000e+02 2.165861403472044913e+04 1.116088676389668244e+01 -1.012740622344873165e-01 3.100000000000000089e+00 -3.164773613749002901e-02 6.581261097812686478e-02 0.000000000000000000e+00 1.000000000000000000e+00 1.000000000000000000e+00 0.000000000000000000e+00 0.000000000000000000e+00 -1.000000000000000000e+00 -1.000000000000000000e+00
1.520000000000000000e+02 2.700968848534699646e+04 1.400463220780029339e+01 -6.215417985755576115e-03 7.608095330674423673e-01 3.160231788287951815e+00 2.823947017403935153e-02 0.000000000000000000e+00 1.000000000000000000e+00 1.000000000000000000e+00 0.000000000000000000e+00 0.000000000000000000e+00 -1.000000000000000000e+00 -1.000000000000000000e+00
1.530000000000000000e+02 3.968025601642436959e+04 1.080530404633346819e+01 -2.705474731475397340e-02 9.149736316179489792e-01 -2.475663811474277526e-02 3.752629241823084855e-02 1.570796326794896558e+00 1.000000000000000000e+00 1.000000000000000000e+00 0.000000000000000000e+00 0.000000000000000000e+00 -1.000000000000000000e+00 -1.000000000000000000e+00
1.550000000000000000e+02 3.082129192965517723e+04 1.578443338290464482e+01 5.595894828272587884e-02 6.459840858567721389e-01 3.133951487013928006e+00 3.347991898814063616e-02 1.570796326794896558e+00 1.000000000000000000e+00 1.000000000000000000e+00 0.000000000000000000e+00 0.000000000000000000e+00 -1.000000000000000000e+00 -1.000000000000000000e+00
1.590000000000000000e+02 3.254237734044053650e+04 1.179722373550509573e+01 -1.563323653819798931e-01 2.380214972217589597e+00 3.127199003074808470e+00 2.683231092992183209e-01 1.570796326794896558e+00 1.000000000000000000e+00 1.000000000000000000e+00 0.000000000000000000e+00 0.000000000000000000e+00 -1.000000000000000000e+00 -1.000000000000000000e+00
1.610000000000000000e+02 4.398582848659774027e+04 3.938571466140390243e+01 1.488252598884044209e-01 6.825530564725965643e-01 -2.397778361526071295e-02 1.227884390226564523e-02 1.570796326794896558e+00 1.000000000000000000e+00 1.000000000000000000e+00 0.000000000000000000e+00 0.000000000000000000e+00 -1.000000000000000000e+00 -1.000000000000000000e+00
1.620000000000000000e+02 3.826131264503439161e+04 1.971830083577222936e+01 3.674815433580597146e-02 1.464631703167688537e+00 -3.277804967197488900e-02 1.302684110927233574e-01 1.570796326794896558e+00 1.000000000000000000e+00 1.000000000000000000e+00 0.000000000000000000e+00 0.000000000000000000e+00 -1.000000000000000000e+00 -1.000000000000000000e+00
1.630000000000000000e+02 3.115292857956972148e+04 1.242341076567310409e+01 1.489389565143786065e-01 8.284780204993709152e-01 -1.816054162608402023e-02 2.018001950962118873e-01 0.000000000000000000e+00 1.000000000000000000e+00 1.000000000000000000e+00 0.000000000000000000e+00 0.000000000000000000e+00 -1.000000000000000000e+00 -1.000000000000000000e+00
1.650000000000000000e+02 3.039558532681789802e+04 1.719037406577033877e+01 4.862451769222242426e-02 6.077046927513324315e-01 1.913226445752346785e-03 4.991437347506508942e-02 0.000000000000000000e+00 1.000000000000000000e+00 1.000000000000000000e+00 0.000000000000000000e+00 0.000000000000000000e+00 -1.000000000000000000e+00 -1.000000000000000000e+00
1.660000000000000000e+02 3.205765264113371086e+04 3.346553654845641290e+01 3.166168371620756324e-03 4.518554357251927667e-01 -3.502366394350756723e-02 4.348847971360907116e-02 1.570796326794896558e+00 1.000000000000000000e+00 1.000000000000000000e+00 0.000000000000000000e+00 0.000000000000000000e+00 -1.000000000000000000e+00 -1.000000000000000000e+00
1.670000000000000000e+02 3.293838950821673643e+04 1.136005701532813816e+01 -1.036093588464383902e-01 2.044026828334254198e+00 -2.413474370320778731e-02 3.745647522591615680e-02 1.570796326794896558e+00 1.000000000000000000e+00 1.000000000000000000e+00 0.000000000000000000e+00 0.000000000000000000e+00 -1.000000000000000000e+00 -1.000000000000000000e+00
1.720000000000000000e+02 2.467658194844688478e+04 1.244280937569695844e+01 -1.728007176259012678e-01 2.265886499361055240e+00 3.136609754831773955e+00 9.000000000000001055e-02 1.570796326794896558e+00 1.000000000000000000e+00 1.000000000000000000e+00 0.000000000000000000e+00 0.000000000000000000e+00 -1.000000000000000000e+00 -1.000000000000000000e+00
1.730000000000000000e+02 9.672488226304994896e+03 1.048157502637684502e+01 -1.546244702593165682e-02 3.570557629560424107e-01 -2.270313194595167255e-02 4.582798013802207027e-02 0.000000000000000000e+00 1.000000000000000000e+00 1.000000000000000000e+00 0.000000000000000000e+00 0.000000000000000000e+00 -1.000000000000000000e+00 -1.000000000000000000e+00
1.750000000000000000e+02 7.372325236406883278e+02 2.004339176227517783e+01 -1.209208286332321552e-01 2.133116232089302677e+00 5.857716443698625375e-03 1.210191366039870854e-02 1.570796326794896558e+00 1.000000000000000000e+00 1.000000000000000000e+00 0.000000000000000000e+00 0.000000000000000000e+00 -1.000000000000000000e+00 -1.000000000000000000e+00
1.760000000000000000e+02 2.730994726769499175e+04 2.412001942928470299e+01 8.250148856255762331e-02 7.923935869895815109e-01 2.814694090861123363e-02 1.297143617284373870e-02 0.000000000000000000e+00 1.000000000000000000e+00 1.000000000000000000e+00 0.000000000000000000e+00 0.000000000000000000e+00 -1.000000000000000000e+00 -1.000000000000000000e+00
1.770000000000000000e+02 4.194685922169884725e+04 2.969521631276079887e+01 2.211091297951143231e-01 1.120110615960489886e+00 3.116274161942593768e+00 1.636327226663797929e-01 1.570796326794896558e+00 1.000000000000000000e+00 1.000000000000000000e+00 0.000000000000000000e+00 0.000000000000000000e+00 -1.000000000000000000e+00 -1.000000000000000000e+00
1.790000000000000000e+02 4.044245868389071256e+04 1.579234893972801856e+01 3.923120138340095708e-02 9.853671765537136418e-01 -1.312263964220164794e-02 1.548536528425915014e-02 0.000000000000000000e+00 1.000000000000000000e+00 1.000000000000000000e+00 0.000000000000000000e+00 0.000000000000000000e+00 -1.000000000000000000e+00 -1.000000000000000000e+00
1.800000000000000000e+02 1.486470735521943061e+04 1.227158321354627368e+01 -5.770294736576708772e-02 2.048167492000933176e+00 3.119826526632982766e+00 1.000000000000000056e-01 0.000000000000000000e+00 1.000000000000000000e+00 1.000000000000000000e+00 0.000000000000000000e+00 0.000000000000000000e+00 -1.000000000000000000e+00 -1.000000000000000000e+00
1.820000000000000000e+02 1.395268565735801349e+04 1.149466821592251087e+01 5.048338891386165705e-02 1.703751554049012684e+00 -2.733270275748077988e-02 2.093997046550533439e-02 1.570796326794896558e+00 1.000000000000000000e+00 1.000000000000000000e+00 0.000000000000000000e+00 0.000000000000000000e+00 -1.000000000000000000e+00 -1.000000000000000000e+00
1.830000000000000000e+02 1.826368502615622492e+04 1.372946574059741920e+01 -6.567591706179203015e-02 2.116805944416897400e+00 3.136674728633434217e+00 6.052130008193146865e-02 1.570796326794896558e+00 1.000000000000000000e+00 1.000000000000000000e+00 0.000000000000000000e+00 0.000000000000000000e+00 -1.000000000000000000e+00 -1.000000000000000000e+00
1.850000000000000000e+02 2.203030203271958453e+04 1.669138105469201250e+01 -1.556578476452859794e-01 3.006913506909511202e+00 3.113607630785271585e+00 9.000000000000001055e-02 0.000000000000000000e+00 1.000000000000000000e+00 1.000000000000000000e+00 0.000000000000000000e+00 0.000000000000000000e+00 -1.000000000000000000e+00 -1.000000000000000000e+00
1.860000000000000000e+02 2.817604625016800856e+04 1.649442615551406277e+01 -1.677851595057588407e-01 1.911341399032877142e+00 -3.523182204943715173e-02 1.507099482155861425e-01 0.000000000000000000e+00 1.000000000000000000e+00 1.000000000000000000e+00 0.000000000000000000e+00 0.000000000000000000e+00 -1.000000000000000000e+00 -1.000000000000000000e+00
1.880000000000000000e+02 2.399355032529027812e+04 1.224209444172483607e+01 3.386230498706217784e-02 8.872509537127840629e-01 3.270582297864405713e-02 1.463227098021604479e-02 0.000000000000000000e+00 1.000000000000000000e+00 1.000000000000000000e+00 0.000000000000000000e+00 0.000000000000000000e+00 -1.000000000000000000e+00 -1.000000000000000000e+00
1.900000000000000000e+02 3.552033372573733504e+04 1.495296433928603008e+01 -3.097959262241955364e-02 2.702279914633153091e+00 3.169072517837371539e+00 1.903492027164678177e-02 0.000000000000000000e+00 1.000000000000000000e+00 1.000000000000000000e+00 0.000000000000000000e+00 0.000000000000000000e+00 -1.000000000000000000e+00 -1.000000000000000000e+00
1.910000000000000000e+02 3.124607509895822659e+04 1.871955537605539988e+01 -1.809209935038887107e-01 3.100000000000000089e+00 -2.463800601769755572e-02 1.639012566689344863e-02 0.000000000000000000e+00 1.000000000000000000e+00 1.000000000000000000e+00 0.000000000000000000e+00 0.000000000000000000e+00 -1.000000000000000000e+00 -1.000000000000000000e+00
1.960000000000000000e+02 4.078224236023904814e+04 1.036352710990365900e+01 -7.564259892647035022e-02 2.219113188786666413e+00 -2.986128774071435815e-02 2.061700342996102553e-01 0.000000000000000000e+00 1.000000000000000000e+00 1.000000000000000000e+00 0.000000000000000000e+00 0.000000000000000000e+00 -1.000000000000000000e+00 -1.000000000000000000e+00
1.970000000000000000e+02 6.930000000000001137e+02 1.672253893714522377e+01 -1.556183093442157217e-01 2.783693731653003933e+00 3.147688134475933985e+00 9.000000000000001055e-02 0.000000000000000000e+00 1.000000000000000000e+00 1.000000000000000000e+00 0.000000000000000000e+00 0.000000000000000000e+00 -1.000000000000000000e+00 -1.000000000000000000e+00
1.980000000000000000e+02 3.996600613829814392e+04 1.935306266361387983e+01 7.718146750218823904e-02 5.888476401675263316e-01 3.111847318765401216e+00 1.844761678339007852e-02 1.570796326794896558e+00 1.000000000000000000e+00 1.000000000000000000e+00 0.000000000000000000e+00 0.000000000000000000e+00 -1.000000000000000000e+00 -1.000000000000000000e+00
3.650000000000000000e+02 3.842688767176853162e+02 1.154956476191055259e+01 -4.510896793166676438e-02 2.270020208637274273e+00 0.000000000000000000e+00 3.255470270650504677e-02 -1.000000000000000000e+00 1.000000000000000000e+00 1.000000000000000000e+00 1.800000000000000000e+01 0.000000000000000000e+00 -1.000000000000000000e+00 -1.000000000000000000e+00
2.000000000000000000e+00 8.282671205537518517e+02 1.543766992288441386e+01 -3.286758174232640162e-02 2.521003132981884498e+00 0.000000000000000000e+00 1.974505605378014741e-02 1.570796326794896558e+00 1.000000000000000000e+00 1.000000000000000000e+00 0.000000000000000000e+00 0.000000000000000000e+00 -1.000000000000000000e+00 -1.000000000000000000e+00
4.000000000000000000e+00 4.254812357248344051e+04 1.945701866832376936e+01 -1.397705229098950008e-01 3.100000000000000089e+00 0.000000000000000000e+00 1.920503977115479988e-02 1.570796326794896558e+00 1.000000000000000000e+00 1.000000000000000000e+00 0.000000000000000000e+00 0.000000000000000000e+00 -1.000000000000000000e+00 -1.000000000000000000e+00
2.000000000000000000e+01 3.585829179105321964e+04 3.145286807479644509e+01 -3.656741761698843046e-02 2.059600642556343786e+00 2.095833034099694320e-02 5.825774502228146801e-02 1.570796326794896558e+00 1.000000000000000000e+00 1.000000000000000000e+00 0.000000000000000000e+00 0.000000000000000000e+00 -1.000000000000000000e+00 -1.000000000000000000e+00
2.100000000000000000e+01 4.003126458781484689e+04 2.127466767506648893e+01 -1.230743798526164057e-02 1.360722403287244697e+00 2.110101695507572706e-02 5.778633790519119989e-02 1.570796326794896558e+00 1.000000000000000000e+00 1.000000000000000000e+00 0.000000000000000000e+00 0.000000000000000000e+00 -1.000000000000000000e+00 -1.000000000000000000e+00
3.500000000000000000e+01 2.485314396930541261e+04 1.024026318511528721e+01 1.927465851083373927e-01 1.108235728922540186e+00 1.775946033481537109e-02 5.345297009921427117e-02 1.570796326794896558e+00 1.000000000000000000e+00 1.000000000000000000e+00 0.000000000000000000e+00 0.000000000000000000e+00 -1.000000000000000000e+00 -1.000000000000000000e+00
4.100000000000000000e+01 7.758917879274191591e+02 3.394639989184549478e+01 8.274544389578374071e-02 1.479429729952182582e+00 0.000000000000000000e+00 9.000000000000001055e-02 1.570796326794896558e+00 1.000000000000000000e+00 1.000000000000000000e+00 0.000000000000000000e+00 0.000000000000000000e+00 -1.000000000000000000e+00 -1.000000000000000000e+00
5.200000000000000000e+01 2.133011859717298648e+04 1.407885951351960507e+01 -3.089463367415133319e-02 1.974461870360937787e+00 0.000000000000000000e+00 1.554814971312419303e-01 1.570796326794896558e+00 1.000000000000000000e+00 1.000000000000000000e+00 0.000000000000000000e+00 0.000000000000000000e+00 -1.000000000000000000e+00 -1.000000000000000000e+00
6.000000000000000000e+01 3.133681351959275707e+04 3.659913493510639881e+01 -1.621044186948817911e-01 3.100000000000000089e+00 1.818879587068536127e-02 3.044926099301535627e-02 1.570796326794896558e+00 1.000000000000000000e+00 1.000000000000000000e+00 0.000000000000000000e+00 0.000000000000000000e+00 -1.000000000000000000e+00 -1.000000000000000000e+00
6.600000000000000000e+01 4.128702456077726674e+04 1.233340171729633283e+01 3.762282715370156294e-02 1.444075383415421188e+00 1.185927473964450488e-02 5.770614302589909678e-02 1.570796326794896558e+00 1.000000000000000000e+00 1.000000000000000000e+00 0.000000000000000000e+00 0.000000000000000000e+00 -1.000000000000000000e+00 -1.000000000000000000e+00
7.800000000000000000e+01 4.962474608995154995e+04 1.367783662335326866e+01 2.947590615040932699e-02 3.768332778486377377e-01 1.062785417182008328e-02 1.997028940393629215e-01 1.570796326794896558e+00 1.000000000000000000e+00 1.000000000000000000e+00 0.000000000000000000e+00 0.000000000000000000e+00 -1.000000000000000000e+00 -1.000000000000000000e+00
8.400000000000000000e+01 3.978288863437128020e+04 3.980620656087099718e+01 1.296093465137587442e-01 1.637743715290048474e+00 4.458479843443863971e-02 1.364431420158211117e-01 1.570796326794896558e+00 1.000000000000000000e+00 1.000000000000000000e+00 0.000000000000000000e+00 0.000000000000000000e+00 -1.000000000000000000e+00 -1.000000000000000000e+00
1.010000000000000000e+02 2.397963629609313648e+04 1.191950675806775450e+01 4.505016774663216095e-02 4.237512217970674233e-01 0.000000000000000000e+00 8.971866216460673560e-02 1.570796326794896558e+00 1.000000000000000000e+00 1.000000000000000000e+00 0.000000000000000000e+00 0.000000000000000000e+00 -1.000000000000000000e+00 -1.000000000000000000e+00
1.120000000000000000e+02 4.627669536337121826e+04 1.381955359469112388e+01 4.362167049329138124e-02 1.763189921931273663e+00 0.000000000000000000e+00 1.933230231893389994e-01 1.570796326794896558e+00 1.000000000000000000e+00 1.000000000000000000e+00 0.000000000000000000e+00 0.000000000000000000e+00 -1.000000000000000000e+00 -1.000000000000000000e+00
1.140000000000000000e+02 4.382023431740266824e+04 3.230144904886578416e+01 6.689084307705035759e-02 2.467352806168536805e-01 4.605363095659149170e-02 1.065068518147514881e-01 1.570796326794896558e+00 1.000000000000000000e+00 1.000000000000000000e+00 0.000000000000000000e+00 0.000000000000000000e+00 -1.000000000000000000e+00 -1.000000000000000000e+00
1.170000000000000000e+02 5.000000000000000000e+04 1.107998128141708172e+01 -7.720351720866411305e-02 3.100000000000000089e+00 0.000000000000000000e+00 4.672958154131458264e-02 1.570796326794896558e+00 1.000000000000000000e+00 1.000000000000000000e+00 0.000000000000000000e+00 0.000000000000000000e+00 -1.000000000000000000e+00 -1.000000000000000000e+00
1.310000000000000000e+02 5.000000000000000000e+04 2.063637976421982501e+01 -8.341534786870072327e-02 3.100000000000000089e+00 0.000000000000000000e+00 3.855455973984521501e-02 1.570796326794896558e+00 1.000000000000000000e+00 1.000000000000000000e+00 0.000000000000000000e+00 0.000000000000000000e+00 -1.000000000000000000e+00 -1.000000000000000000e+00
1.470000000000000000e+02 4.635408198473897937e+04 1.861190251509526306e+01 1.534353108063925969e-02 8.187505778727479644e-01 2.857275102831594374e-02 1.229580509388425967e-02 1.570796326794896558e+00 1.000000000000000000e+00 1.000000000000000000e+00 0.000000000000000000e+00 0.000000000000000000e+00 -1.000000000000000000e+00 -1.000000000000000000e+00
1.490000000000000000e+02 3.640247104216445587e+04 1.204920581135539770e+01 -1.561817472382678873e-01 3.100000000000000089e+00 1.579387983531193099e-02 3.312246267724083815e-02 1.570796326794896558e+00 1.000000000000000000e+00 1.000000000000000000e+00 0.000000000000000000e+00 0.000000000000000000e+00 -1.000000000000000000e+00 -1.000000000000000000e+00
1.570000000000000000e+02 5.000000000000000000e+04 1.994058305449727087e+01 -2.309845360555545096e-02 1.213306842207969583e+00 3.197223439425599112e-02 1.389192327294832274e-01 1.570796326794896558e+00 1.000000000000000000e+00 1.000000000000000000e+00 0.000000000000000000e+00 0.000000000000000000e+00 -1.000000000000000000e+00 -1.000000000000000000e+00
1.600000000000000000e+02 2.328304846993428146e+04 1.717612764657950208e+01 2.307077530589864423e-01 1.307828327151254078e+00 1.085612517928351284e-02 2.708155774243063696e-02 1.570796326794896558e+00 1.000000000000000000e+00 1.000000000000000000e+00 0.000000000000000000e+00 0.000000000000000000e+00 -1.000000000000000000e+00 -1.000000000000000000e+00
1.690000000000000000e+02 1.137942423144600616e+04 1.065184725540613364e+01 1.505895767229628035e-01 1.475260519380692692e+00 0.000000000000000000e+00 6.467538713071357970e-02 1.570796326794896558e+00 1.000000000000000000e+00 1.000000000000000000e+00 0.000000000000000000e+00 0.000000000000000000e+00 -1.000000000000000000e+00 -1.000000000000000000e+00
1.780000000000000000e+02 2.340832360077307749e+04 1.265102200335920202e+01 -1.214159415040132334e-01 3.100000000000000089e+00 0.000000000000000000e+00 1.122669832183125493e-01 1.570796326794896558e+00 1.000000000000000000e+00 1.000000000000000000e+00 0.000000000000000000e+00 0.000000000000000000e+00 -1.000000000000000000e+00 -1.000000000000000000e+00
1.920000000000000000e+02 4.175463616581374481e+03 3.009973263717456859e+01 -9.445935064263259739e-02 3.023698948267173670e+00 3.068926398327169024e-03 9.000000000000001055e-02 1.570796326794896558e+00 1.000000000000000000e+00 1.000000000000000000e+00 0.000000000000000000e+00 0.000000000000000000e+00 -1.000000000000000000e+00 -1.000000000000000000e+00
1.930000000000000000e+02 2.818367597890181059e+04 1.403359843306362720e+01 1.430057202585287013e-01 3.779765187628673639e-01 0.000000000000000000e+00 3.956593383994375795e-02 1.570796326794896558e+00 1.000000000000000000e+00 1.000000000000000000e+00 0.000000000000000000e+00 0.000000000000000000e+00 -1.000000000000000000e+00 -1.000000000000000000e+00
2.000000000000000000e+02 5.000000000000000000e+04 1.681606702335499293e+01 -7.631167085820403373e-02 2.109386738465990341e+00 3.984194023304017673e-02 5.290815961221108366e-02 1.570796326794896558e+00 1.000000000000000000e+00 1.000000000000000000e+00 0.000000000000000000e+00 0.000000000000000000e+00 -1.000000000000000000e+00 -1.000000000000000000e+00
1.000000000000000000e+01 5.717472989186703671e+02 1.489524630189378662e+01 1.779486266020761653e-01 8.305937489474688462e-01 0.000000000000000000e+00 3.666678345816657414e-01 0.000000000000000000e+00 1.000000000000000000e+00 1.000000000000000000e+00 0.000000000000000000e+00 0.000000000000000000e+00 -1.000000000000000000e+00 -1.000000000000000000e+00
1.600000000000000000e+01 3.577999638998503997e+03 1.916565851099640838e+01 5.036375777433350909e-02 1.176853727032612928e+00 0.000000000000000000e+00 9.000000000000001055e-02 0.000000000000000000e+00 1.000000000000000000e+00 1.000000000000000000e+00 0.000000000000000000e+00 0.000000000000000000e+00 -1.000000000000000000e+00 -1.000000000000000000e+00
2.600000000000000000e+01 9.425996756665859721e+03 1.526694038056275815e+01 6.710997025992414267e-02 1.483389147386071416e+00 0.000000000000000000e+00 1.675144988169683657e-01 0.000000000000000000e+00 1.000000000000000000e+00 1.000000000000000000e+00 0.000000000000000000e+00 0.000000000000000000e+00 -1.000000000000000000e+00 -1.000000000000000000e+00
3.100000000000000000e+01 7.721144889670829798e+03 1.077589171877142071e+01 -3.450119868107824617e-02 2.857131294588026726e+00 0.000000000000000000e+00 1.541967968231641728e-01 0.000000000000000000e+00 1.000000000000000000e+00 1.000000000000000000e+00 0.000000000000000000e+00 0.000000000000000000e+00 -1.000000000000000000e+00 -1.000000000000000000e+00
5.000000000000000000e+01 4.189454213718609594e+02 1.076020619208163076e+01 -1.677950170282345166e-01 2.565533910549667951e+00 0.000000000000000000e+00 9.982574534140886691e-01 0.000000000000000000e+00 1.000000000000000000e+00 1.000000000000000000e+00 0.000000000000000000e+00 0.000000000000000000e+00 -1.000000000000000000e+00 -1.000000000000000000e+00
5.700000000000000000e+01 6.534184340324792174e+03 1.163047644760492005e+01 -7.514737233355220369e-02 2.205228221734092386e+00 0.000000000000000000e+00 2.873459286714734051e-01 0.000000000000000000e+00 1.000000000000000000e+00 1.000000000000000000e+00 0.000000000000000000e+00 0.000000000000000000e+00 -1.000000000000000000e+00 -1.000000000000000000e+00
6.900000000000000000e+01 1.125744588999390726e+04 1.184655725910564428e+01 -3.222616766507762492e-02 1.984285056440816764e+00 0.000000000000000000e+00 3.809871108326821076e-01 0.000000000000000000e+00 1.000000000000000000e+00 1.000000000000000000e+00 0.000000000000000000e+00 0.000000000000000000e+00 -1.000000000000000000e+00 -1.000000000000000000e+00
1.070000000000000000e+02 8.412511419341111832e+03 3.499477819719241722e+01 -1.592679726218036163e-01 1.762710516686513573e+00 0.000000000000000000e+00 4.767717429646403660e-01 0.000000000000000000e+00 1.000000000000000000e+00 1.000000000000000000e+00 0.000000000000000000e+00 0.000000000000000000e+00 -1.000000000000000000e+00 -1.000000000000000000e+00
1.360000000000000000e+02 1.844273732393982937e+04 1.043636401502453204e+01 1.749234356358290166e-01 1.688541792425305221e+00 0.000000000000000000e+00 5.287374571940025580e-01 0.000000000000000000e+00 1.000000000000000000e+00 1.000000000000000000e+00 0.000000000000000000e+00 0.000000000000000000e+00 -1.000000000000000000e+00 -1.000000000000000000e+00
1.380000000000000000e+02 6.832878607843290411e+02 1.377080801335886306e+01 -2.552383575611126901e-02 3.174929038648482971e-01 0.000000000000000000e+00 4.152980637655032670e-01 0.000000000000000000e+00 1.000000000000000000e+00 1.000000000000000000e+00 0.000000000000000000e+00 0.000000000000000000e+00 -1.000000000000000000e+00 -1.000000000000000000e+00
1.640000000000000000e+02 1.127843459613143386e+04 3.500111297332368565e+01 6.447457396184523570e-02 1.478816931509810972e+00 0.000000000000000000e+00 7.073855298396718450e-01 0.000000000000000000e+00 1.000000000000000000e+00 1.000000000000000000e+00 0.000000000000000000e+00 0.000000000000000000e+00 -1.000000000000000000e+00 -1.000000000000000000e+00
1.840000000000000000e+02 7.770585119982431024e+03 1.151941350907121731e+01 5.999881952421737275e-02 1.281367554424277744e+00 0.000000000000000000e+00 7.989871934175852841e-01 0.000000000000000000e+00 1.000000000000000000e+00 1.000000000000000000e+00 0.000000000000000000e+00 0.000000000000000000e+00 -1.000000000000000000e+00 -1.000000000000000000e+00
1.990000000000000000e+02 1.192882729555644801e+04 2.624217936290631314e+01 -9.804776428593529880e-02 2.933665647996752224e+00 0.000000000000000000e+00 7.141607903692497317e-01 0.000000000000000000e+00 1.000000000000000000e+00 1.000000000000000000e+00 0.000000000000000000e+00 0.000000000000000000e+00 -1.000000000000000000e+00 -1.000000000000000000e+00
3.660000000000000000e+02 1.108897860784857585e+03 1.727268727665957471e+01 4.615000872650047714e-02 1.541613804018003187e+00 0.000000000000000000e+00 9.000000000000001055e-02 -1.000000000000000000e+00 1.000000000000000000e+00 1.000000000000000000e+00 1.800000000000000000e+01 1.000000000000000000e+05 -1.000000000000000000e+00 -1.000000000000000000e+00
3.670000000000000000e+02 6.002454994028656756e+02 1.447122142452056437e+01 -1.057523083687551407e-01 1.769913047581348930e+00 0.000000000000000000e+00 1.963621767912404267e-02 -1.000000000000000000e+00 1.000000000000000000e+00 1.000000000000000000e+00 1.800000000000000000e+01 2.000000000000000000e+05 -1.000000000000000000e+00 -1.000000000000000000e+00
