# id_num orb_a mass spin spin_angle orb_inc orb_ecc orb_arg_periapse orb_ang_mom gen galaxy time_passed star_X star_Y star_Z radius
2.370000000000000000e+02 4.097931116355608339e+01 1.841369247354157096e+03 9.659999999999999698e-01 5.374373980913300652e-01 0.000000000000000000e+00 7.566785876162795965e-01 1.570796326794896558e+00 1.497641145593486080e+18 1.000000000000000000e+00 0.000000000000000000e+00 0.000000000000000000e+00 7.273999999999999355e-01 2.637999999999999790e-01 8.800000000000000530e-03 4.082385904582101830e+02
2.380000000000000000e+02 5.667663751396948868e+01 1.556841009983077129e+03 9.659999999999999698e-01 5.199761214497827799e-01 0.000000000000000000e+00 7.031556694573701249e-02 1.570796326794896558e+00 1.274902608251954176e+18 1.000000000000000000e+00 0.000000000000000000e+00 0.000000000000000000e+00 7.273999999999999355e-01 2.637999999999999790e-01 8.800000000000000530e-03 3.569412644369207896e+02
2.400000000000000000e+02 5.293528430182898603e+01 1.632466212111446794e+03 9.659999999999999698e-01 6.449105821235050495e-01 0.000000000000000000e+00 2.755997088355393587e-01 0.000000000000000000e+00 1.355442019737921024e+18 1.000000000000000000e+00 0.000000000000000000e+00 0.000000000000000000e+00 7.273999999999999355e-01 2.637999999999999790e-01 8.800000000000000530e-03 3.707461998740230342e+02
2.410000000000000000e+02 4.831373626238720931e+01 1.616348402539044173e+03 9.659999999999999698e-01 1.321392322713804912e+00 0.000000000000000000e+00 6.849757665842222121e-01 1.570796326794896558e+00 1.351981831556771584e+18 1.000000000000000000e+00 0.000000000000000000e+00 0.000000000000000000e+00 7.273999999999999355e-01 2.637999999999999790e-01 8.800000000000000530e-03 3.678149098141711306e+02
2.470000000000000000e+02 5.909406852821463474e+01 2.066510691691355532e+03 9.659999999999999698e-01 9.602427580789107964e-01 0.000000000000000000e+00 1.123886016195629022e-02 1.570796326794896558e+00 1.804968094306812672e+18 1.000000000000000000e+00 0.000000000000000000e+00 0.000000000000000000e+00 7.273999999999999355e-01 2.637999999999999790e-01 8.800000000000000530e-03 4.477045132671229908e+02
2.500000000000000000e+02 6.205984958878511293e+01 2.241519333786855896e+03 9.659999999999999698e-01 8.225897127608707837e-01 0.000000000000000000e+00 3.892359093530025627e-01 0.000000000000000000e+00 2.001338607151553280e+18 1.000000000000000000e+00 0.000000000000000000e+00 0.000000000000000000e+00 7.273999999999999355e-01 2.637999999999999790e-01 8.800000000000000530e-03 4.777881106960304010e+02
2.530000000000000000e+02 5.871969821694163727e+01 2.390722573749308140e+03 9.659999999999999698e-01 1.203347398649137867e+00 0.000000000000000000e+00 3.934927373510977433e-01 0.000000000000000000e+00 2.182445195921675776e+18 1.000000000000000000e+00 0.000000000000000000e+00 0.000000000000000000e+00 7.273999999999999355e-01 2.637999999999999790e-01 8.800000000000000530e-03 5.030656835013150499e+02
2.550000000000000000e+02 6.814906887296230309e+01 3.033691379527255322e+03 9.659999999999999698e-01 1.538039314108037292e-01 0.000000000000000000e+00 2.298092291173002844e-01 1.570796326794896558e+00 2.812424023040392192e+18 1.000000000000000000e+00 0.000000000000000000e+00 0.000000000000000000e+00 7.273999999999999355e-01 2.637999999999999790e-01 8.800000000000000530e-03 6.086651905150947641e+02
2.600000000000000000e+02 5.923091499921808634e+01 3.417553021571713543e+03 9.659999999999999698e-01 1.155152157368241728e+00 0.000000000000000000e+00 4.461134047628243504e-01 1.570796326794896558e+00 3.291981570226475008e+18 1.000000000000000000e+00 0.000000000000000000e+00 0.000000000000000000e+00 7.273999999999999355e-01 2.637999999999999790e-01 8.800000000000000530e-03 6.695354184447209036e+02
2.630000000000000000e+02 5.613395439935329989e+01 3.789128470090024166e+03 9.659999999999999698e-01 1.403236267633785506e+00 0.000000000000000000e+00 5.491245744603490131e-01 1.570796326794896558e+00 3.737352045717429248e+18 1.000000000000000000e+00 0.000000000000000000e+00 0.000000000000000000e+00 7.273999999999999355e-01 2.637999999999999790e-01 8.800000000000000530e-03 7.271647391783880039e+02
2.660000000000000000e+02 9.418498671840110603e+01 4.266219540827422861e+03 9.659999999999999698e-01 9.999046116789293004e-01 0.000000000000000000e+00 4.606798095929299369e-02 0.000000000000000000e+00 4.310247046677958656e+18 1.000000000000000000e+00 0.000000000000000000e+00 0.000000000000000000e+00 7.273999999999999355e-01 2.637999999999999790e-01 8.800000000000000530e-03 7.995321055502593026e+02
2.700000000000000000e+02 5.849680037390122322e+01 4.598839179646148295e+03 9.659999999999999698e-01 2.783057767361778456e-01 0.000000000000000000e+00 4.548865183091838071e-01 0.000000000000000000e+00 4.800232833834171392e+18 1.000000000000000000e+00 0.000000000000000000e+00 0.000000000000000000e+00 7.273999999999999355e-01 2.637999999999999790e-01 8.800000000000000530e-03 8.490239186983952777e+02
2.710000000000000000e+02 1.069404351193281286e+02 5.551756981121544413e+03 9.659999999999999698e-01 1.145664769726008281e+00 0.000000000000000000e+00 1.343834077542955391e-02 1.570796326794896558e+00 5.841951408095617024e+18 1.000000000000000000e+00 0.000000000000000000e+00 0.000000000000000000e+00 7.273999999999999355e-01 2.637999999999999790e-01 8.800000000000000530e-03 9.870648918756311332e+02
2.730000000000000000e+02 6.243610996091327081e+01 4.928606435771969700e+03 9.659999999999999698e-01 6.210020522497105011e-01 0.000000000000000000e+00 5.192872340317091773e-01 1.570796326794896558e+00 5.272679214911849472e+18 1.000000000000000000e+00 0.000000000000000000e+00 0.000000000000000000e+00 7.273999999999999355e-01 2.637999999999999790e-01 8.800000000000000530e-03 8.973888291781971702e+02
2.750000000000000000e+02 1.083434385858088973e+02 6.271874582243781333e+03 9.659999999999999698e-01 3.176074039052677045e-01 0.000000000000000000e+00 1.178963516031408115e-02 0.000000000000000000e+00 6.822450595593738240e+18 1.000000000000000000e+00 0.000000000000000000e+00 0.000000000000000000e+00 7.273999999999999355e-01 2.637999999999999790e-01 8.800000000000000530e-03 1.088226354618391724e+03
2.760000000000000000e+02 6.959457963349413490e+01 6.160747779848295067e+03 9.659999999999999698e-01 6.817321449852010717e-01 0.000000000000000000e+00 1.991556080174528287e-01 1.570796326794896558e+00 6.759444027548689408e+18 1.000000000000000000e+00 0.000000000000000000e+00 0.000000000000000000e+00 7.273999999999999355e-01 2.637999999999999790e-01 8.800000000000000530e-03 1.072773632645036741e+03
2.780000000000000000e+02 1.110054107831872301e+02 7.103397054485215449e+03 9.659999999999999698e-01 1.507182234068382032e+00 0.000000000000000000e+00 9.000000000000001055e-02 1.570796326794896558e+00 7.928168217533158400e+18 1.000000000000000000e+00 0.000000000000000000e+00 0.000000000000000000e+00 7.273999999999999355e-01 2.637999999999999790e-01 8.800000000000000530e-03 1.202193069314441800e+03
2.800000000000000000e+02 1.165686320831249816e+02 7.248228990782685287e+03 9.659999999999999698e-01 1.531311029013350256e+00 0.000000000000000000e+00 9.000000000000001055e-02 0.000000000000000000e+00 8.228304186560694272e+18 1.000000000000000000e+00 0.000000000000000000e+00 0.000000000000000000e+00 7.273999999999999355e-01 2.637999999999999790e-01 8.800000000000000530e-03 1.221762726485708527e+03
2.810000000000000000e+02 1.230318911694914448e+02 7.759594393798643068e+03 9.659999999999999698e-01 5.704885284775612631e-01 0.000000000000000000e+00 9.000000000000001055e-02 1.570796326794896558e+00 8.885885827975074816e+18 1.000000000000000000e+00 0.000000000000000000e+00 0.000000000000000000e+00 7.273999999999999355e-01 2.637999999999999790e-01 8.800000000000000530e-03 1.290246125833842370e+03
2.840000000000000000e+02 1.239502303695331449e+02 8.342861098594172290e+03 9.659999999999999698e-01 1.662783532152038557e+00 0.000000000000000000e+00 1.025082817782345043e-02 1.570796326794896558e+00 9.810222697621737472e+18 1.000000000000000000e+00 0.000000000000000000e+00 0.000000000000000000e+00 7.273999999999999355e-01 2.637999999999999790e-01 8.800000000000000530e-03 1.367267081022966750e+03
2.850000000000000000e+02 1.194783437422066470e+02 9.722704453148260654e+03 9.659999999999999698e-01 1.401630268642200861e+00 0.000000000000000000e+00 8.100000000000001643e-02 0.000000000000000000e+00 1.153635745748587520e+19 1.000000000000000000e+00 0.000000000000000000e+00 0.000000000000000000e+00 7.273999999999999355e-01 2.637999999999999790e-01 8.800000000000000530e-03 1.545364796560231071e+03
2.890000000000000000e+02 1.029561485028229271e+02 1.047206651872009570e+04 9.659999999999999698e-01 2.423772939382130009e-01 0.000000000000000000e+00 1.000000000000000056e-01 1.570796326794896558e+00 1.288260877958661325e+19 1.000000000000000000e+00 0.000000000000000000e+00 0.000000000000000000e+00 7.273999999999999355e-01 2.637999999999999790e-01 8.800000000000000530e-03 1.639937364481654640e+03
2.910000000000000000e+02 1.363214829496923244e+02 1.112608874503709558e+04 9.659999999999999698e-01 1.118405248308563138e+00 0.000000000000000000e+00 9.000000000000001055e-02 0.000000000000000000e+00 1.394057557266663219e+19 1.000000000000000000e+00 0.000000000000000000e+00 0.000000000000000000e+00 7.273999999999999355e-01 2.637999999999999790e-01 8.800000000000000530e-03 1.721374491381033749e+03
2.920000000000000000e+02 1.257586252059130629e+02 1.183303032554137098e+04 9.679999999999999716e-01 3.730866505528601662e-01 0.000000000000000000e+00 3.623473124675944540e-02 0.000000000000000000e+00 1.496349080178104934e+19 1.000000000000000000e+00 0.000000000000000000e+00 0.000000000000000000e+00 7.273999999999999355e-01 2.637999999999999790e-01 8.800000000000000530e-03 1.808331840373350815e+03
2.940000000000000000e+02 1.327561418344306219e+02 1.210758401069791398e+04 9.659999999999999698e-01 1.524731957784088543e+00 0.000000000000000000e+00 4.024910419450306726e-02 0.000000000000000000e+00 1.560085540615087718e+19 1.000000000000000000e+00 0.000000000000000000e+00 0.000000000000000000e+00 7.273999999999999355e-01 2.637999999999999790e-01 8.800000000000000530e-03 1.841820659772490671e+03
2.980000000000000000e+02 1.482227664558178617e+02 1.577429335186479511e+04 9.659999999999999698e-01 1.440619713571507976e+00 0.000000000000000000e+00 1.000000000000000056e-01 1.570796326794896558e+00 2.111507148578275328e+19 1.000000000000000000e+00 0.000000000000000000e+00 0.000000000000000000e+00 7.273999999999999355e-01 2.637999999999999790e-01 8.800000000000000530e-03 2.275942457810040196e+03
3.020000000000000000e+02 1.496365440042926878e+02 1.938104426271393459e+04 9.679999999999999716e-01 3.922288812210176223e-01 0.000000000000000000e+00 1.000000000000000056e-01 0.000000000000000000e+00 2.697617125857377485e+19 1.000000000000000000e+00 0.000000000000000000e+00 0.000000000000000000e+00 7.273999999999999355e-01 2.637999999999999790e-01 8.800000000000000530e-03 2.683509184019590521e+03
3.030000000000000000e+02 1.448717167373765164e+02 1.939396726647503601e+04 9.659999999999999698e-01 3.981071424610655440e-01 0.000000000000000000e+00 3.090427763065186836e-02 0.000000000000000000e+00 2.726573320596609434e+19 1.000000000000000000e+00 0.000000000000000000e+00 0.000000000000000000e+00 7.273999999999999355e-01 2.637999999999999790e-01 8.800000000000000530e-03 2.684940549103053854e+03
3.040000000000000000e+02 1.402774250376388068e+02 1.989925916926230639e+04 9.659999999999999698e-01 1.240848308115145571e+00 0.000000000000000000e+00 3.561843907008813842e-02 0.000000000000000000e+00 2.825475778821079859e+19 1.000000000000000000e+00 0.000000000000000000e+00 0.000000000000000000e+00 7.273999999999999355e-01 2.637999999999999790e-01 8.800000000000000530e-03 2.740759157740383216e+03
3.070000000000000000e+02 2.322713332911827422e+02 2.410262593217640824e+04 9.659999999999999698e-01 1.535667677766761052e-01 0.000000000000000000e+00 9.000000000000001055e-02 1.570796326794896558e+00 3.527574323089170022e+19 1.000000000000000000e+00 0.000000000000000000e+00 0.000000000000000000e+00 7.273999999999999355e-01 2.637999999999999790e-01 8.800000000000000530e-03 3.194867384359685275e+03
3.080000000000000000e+02 1.875041440207457981e+02 2.428876480672074831e+04 9.659999999999999698e-01 2.137567142632634809e-01 0.000000000000000000e+00 1.000000000000000056e-01 1.570796326794896558e+00 3.592116905812924006e+19 1.000000000000000000e+00 0.000000000000000000e+00 0.000000000000000000e+00 7.273999999999999355e-01 2.637999999999999790e-01 8.800000000000000530e-03 3.214590751245345018e+03
3.100000000000000000e+02 1.491465810554530549e+02 2.743974727783994604e+04 9.659999999999999698e-01 7.535518921781286794e-01 0.000000000000000000e+00 9.000000000000001055e-02 1.570796326794896558e+00 4.142990641713605837e+19 1.000000000000000000e+00 0.000000000000000000e+00 0.000000000000000000e+00 7.273999999999999355e-01 2.637999999999999790e-01 8.800000000000000530e-03 3.544095638681947094e+03
3.110000000000000000e+02 2.041543464068698768e+02 2.954181397393916995e+04 9.659999999999999698e-01 2.792153595750576089e-01 0.000000000000000000e+00 1.000000000000000056e-01 1.570796326794896558e+00 4.506670876970473062e+19 1.000000000000000000e+00 0.000000000000000000e+00 0.000000000000000000e+00 7.273999999999999355e-01 2.637999999999999790e-01 8.800000000000000530e-03 3.759681665098792564e+03
3.130000000000000000e+02 1.798489661558476200e+02 3.184723382722251336e+04 9.659999999999999698e-01 3.632241430847485963e-01 0.000000000000000000e+00 2.603048988539414729e-02 0.000000000000000000e+00 4.961775232986252083e+19 1.000000000000000000e+00 0.000000000000000000e+00 0.000000000000000000e+00 7.273999999999999355e-01 2.637999999999999790e-01 8.800000000000000530e-03 3.992626826518773669e+03
3.140000000000000000e+02 2.214557778681701450e+02 3.302312273321899556e+04 9.659999999999999698e-01 1.047924308883351419e+00 0.000000000000000000e+00 9.000000000000001055e-02 1.570796326794896558e+00 5.201095099949060096e+19 1.000000000000000000e+00 0.000000000000000000e+00 0.000000000000000000e+00 7.273999999999999355e-01 2.637999999999999790e-01 8.800000000000000530e-03 4.110132836042401323e+03
3.190000000000000000e+02 2.512399549568261534e+02 4.154463479129996995e+04 9.659999999999999698e-01 5.582276487768508266e-01 0.000000000000000000e+00 9.000000000000001055e-02 1.570796326794896558e+00 6.909012670113930445e+19 1.000000000000000000e+00 0.000000000000000000e+00 0.000000000000000000e+00 7.273999999999999355e-01 2.637999999999999790e-01 8.800000000000000530e-03 4.938707480413429948e+03
3.200000000000000000e+02 2.065209554674392791e+02 4.362641969498766412e+04 9.659999999999999698e-01 2.109222429720118974e-01 0.000000000000000000e+00 9.000000000000001055e-02 1.570796326794896558e+00 7.337903050650815693e+19 1.000000000000000000e+00 0.000000000000000000e+00 0.000000000000000000e+00 7.273999999999999355e-01 2.637999999999999790e-01 8.800000000000000530e-03 5.135716070927682267e+03
3.210000000000000000e+02 1.426825545415918555e+02 4.738486060414322128e+04 9.659999999999999698e-01 5.915226768500501109e-01 0.000000000000000000e+00 1.853020188851842165e-02 0.000000000000000000e+00 8.059126043840793805e+19 1.000000000000000000e+00 0.000000000000000000e+00 0.000000000000000000e+00 7.273999999999999355e-01 2.637999999999999790e-01 8.800000000000000530e-03 5.486722974089449963e+03
3.250000000000000000e+02 2.027563344413803179e+02 5.890680952703212824e+04 9.659999999999999698e-01 5.244650155179677586e-01 0.000000000000000000e+00 1.000000000000000056e-01 1.570796326794896558e+00 1.048752488699808154e+20 1.000000000000000000e+00 0.000000000000000000e+00 0.000000000000000000e+00 7.273999999999999355e-01 2.637999999999999790e-01 8.800000000000000530e-03 6.530309251319374198e+03
3.290000000000000000e+02 2.027363859011981049e+02 7.329019796469362336e+04 9.659999999999999698e-01 4.698887588359436096e-01 0.000000000000000000e+00 1.000000000000000056e-01 1.570796326794896558e+00 1.367490984969985720e+20 1.000000000000000000e+00 0.000000000000000000e+00 0.000000000000000000e+00 7.273999999999999355e-01 2.637999999999999790e-01 8.800000000000000530e-03 7.777464958186667900e+03
3.300000000000000000e+02 1.872027720831778481e+02 7.773973416153887229e+04 9.659999999999999698e-01 1.462844641620183905e+00 0.000000000000000000e+00 1.000000000000000056e-01 1.570796326794896558e+00 1.468025662815874417e+20 1.000000000000000000e+00 0.000000000000000000e+00 0.000000000000000000e+00 7.273999999999999355e-01 2.637999999999999790e-01 8.800000000000000530e-03 8.152968946832632355e+03
3.320000000000000000e+02 1.551538447810750938e+02 8.660911905063044105e+04 9.659999999999999698e-01 1.432651322026066820e+00 0.000000000000000000e+00 9.000000000000001055e-02 1.570796326794896558e+00 1.675745724294418268e+20 1.000000000000000000e+00 0.000000000000000000e+00 0.000000000000000000e+00 7.273999999999999355e-01 2.637999999999999790e-01 8.800000000000000530e-03 8.888986449762993288e+03
3.370000000000000000e+02 7.700000000000001137e+02 1.163407590655717941e+05 9.659999999999999698e-01 9.695939150361827519e-01 0.000000000000000000e+00 1.000000000000000056e-01 1.570796326794896558e+00 2.395568183418294108e+20 1.000000000000000000e+00 0.000000000000000000e+00 0.000000000000000000e+00 7.273999999999999355e-01 2.637999999999999790e-01 8.800000000000000530e-03 1.125607198006062572e+04
3.390000000000000000e+02 7.700000000000001137e+02 1.306852921878377965e+05 9.659999999999999698e-01 2.681546583098559089e-01 0.000000000000000000e+00 1.000000000000000056e-01 1.570796326794896558e+00 2.761101350800128082e+20 1.000000000000000000e+00 0.000000000000000000e+00 0.000000000000000000e+00 7.273999999999999355e-01 2.637999999999999790e-01 8.800000000000000530e-03 1.235329230290296618e+04
3.400000000000000000e+02 7.700000000000001137e+02 1.379488319420313346e+05 9.659999999999999698e-01 1.386954714800030075e+00 0.000000000000000000e+00 1.000000000000000056e-01 0.000000000000000000e+00 2.952562566205691658e+20 1.000000000000000000e+00 0.000000000000000000e+00 0.000000000000000000e+00 7.273999999999999355e-01 2.637999999999999790e-01 8.800000000000000530e-03 1.289958591062307642e+04
3.420000000000000000e+02 7.700000000000001137e+02 1.555742550252620131e+05 9.659999999999999698e-01 4.156256180905833486e-01 0.000000000000000000e+00 1.000000000000000056e-01 1.570796326794896558e+00 3.418308459808298107e+20 1.000000000000000000e+00 0.000000000000000000e+00 0.000000000000000000e+00 7.273999999999999355e-01 2.637999999999999790e-01 8.800000000000000530e-03 1.420206615277077253e+04
3.430000000000000000e+02 7.700000000000001137e+02 1.667711274862654973e+05 9.659999999999999698e-01 1.219307931431270253e+00 0.000000000000000000e+00 1.000000000000000056e-01 1.570796326794896558e+00 3.713386734617743852e+20 1.000000000000000000e+00 0.000000000000000000e+00 0.000000000000000000e+00 7.273999999999999355e-01 2.637999999999999790e-01 8.800000000000000530e-03 1.501405626840392324e+04
3.440000000000000000e+02 7.700000000000001137e+02 1.751423136326474487e+05 9.659999999999999698e-01 1.145371080383509765e+00 0.000000000000000000e+00 1.000000000000000056e-01 0.000000000000000000e+00 3.952714762236667494e+20 1.000000000000000000e+00 0.000000000000000000e+00 0.000000000000000000e+00 7.273999999999999355e-01 2.637999999999999790e-01 8.800000000000000530e-03 1.561400137188984627e+04
3.480000000000000000e+02 7.700000000000001137e+02 2.283139330555289926e+05 9.659999999999999698e-01 5.709714846988133141e-01 0.000000000000000000e+00 1.000000000000000056e-01 1.570796326794896558e+00 5.443193820340340654e+20 1.000000000000000000e+00 0.000000000000000000e+00 0.000000000000000000e+00 7.273999999999999355e-01 2.637999999999999790e-01 8.800000000000000530e-03 1.930310973727074816e+04
3.490000000000000000e+02 7.700000000000001137e+02 2.427225304471966228e+05 9.659999999999999698e-01 6.083217637211457696e-01 0.000000000000000000e+00 1.000000000000000056e-01 0.000000000000000000e+00 5.868152765057885143e+20 1.000000000000000000e+00 0.000000000000000000e+00 0.000000000000000000e+00 7.273999999999999355e-01 2.637999999999999790e-01 8.800000000000000530e-03 2.027166497476442964e+04
3.500000000000000000e+02 7.700000000000001137e+02 2.552020779069944110e+05 9.659999999999999698e-01 1.117279771032148483e+00 0.000000000000000000e+00 1.000000000000000056e-01 1.570796326794896558e+00 6.257760219063775396e+20 1.000000000000000000e+00 0.000000000000000000e+00 0.000000000000000000e+00 7.273999999999999355e-01 2.637999999999999790e-01 8.800000000000000530e-03 2.110127571685037037e+04
3.510000000000000000e+02 7.700000000000001137e+02 2.774401747047762619e+05 9.659999999999999698e-01 5.028682631974403794e-01 0.000000000000000000e+00 1.000000000000000056e-01 1.570796326794896558e+00 6.900783292593230316e+20 1.000000000000000000e+00 0.000000000000000000e+00 0.000000000000000000e+00 7.273999999999999355e-01 2.637999999999999790e-01 8.800000000000000530e-03 2.255988215159704851e+04
3.520000000000000000e+02 7.700000000000001137e+02 2.943579826607655850e+05 9.659999999999999698e-01 6.052188820836366112e-01 0.000000000000000000e+00 1.000000000000000056e-01 1.570796326794896558e+00 7.427119740156625551e+20 1.000000000000000000e+00 0.000000000000000000e+00 0.000000000000000000e+00 7.273999999999999355e-01 2.637999999999999790e-01 8.800000000000000530e-03 2.365385888438392431e+04
3.540000000000000000e+02 7.700000000000001137e+02 3.405035089560952620e+05 9.659999999999999698e-01 1.175836109247514694e+00 0.000000000000000000e+00 1.000000000000000056e-01 1.570796326794896558e+00 8.845639012549731287e+20 1.000000000000000000e+00 0.000000000000000000e+00 0.000000000000000000e+00 7.273999999999999355e-01 2.637999999999999790e-01 8.800000000000000530e-03 2.657655108578797081e+04
3.570000000000000000e+02 7.700000000000001137e+02 4.190091257028129185e+05 9.659999999999999698e-01 7.764762317511200163e-01 0.000000000000000000e+00 1.000000000000000056e-01 1.570796326794896558e+00 1.138318866919594131e+21 1.000000000000000000e+00 0.000000000000000000e+00 0.000000000000000000e+00 7.273999999999999355e-01 2.637999999999999790e-01 8.800000000000000530e-03 3.137473978548388550e+04
3.620000000000000000e+02 7.700000000000001137e+02 6.015951582078486681e+05 9.659999999999999698e-01 5.205413879888689532e-01 0.000000000000000000e+00 1.000000000000000056e-01 0.000000000000000000e+00 1.765706923668354630e+21 1.000000000000000000e+00 0.000000000000000000e+00 0.000000000000000000e+00 7.273999999999999355e-01 2.637999999999999790e-01 8.800000000000000530e-03 4.190297068142092030e+04
3.640000000000000000e+02 7.700000000000001137e+02 3.018761083672801615e+05 9.659999999999999698e-01 1.805476533137007067e-01 0.000000000000000000e+00 1.000000000000000056e-01 1.570796326794896558e+00 9.122750095472948675e+20 1.000000000000000000e+00 0.000000000000000000e+00 0.000000000000000000e+00 7.273999999999999355e-01 2.637999999999999790e-01 8.800000000000000530e-03 2.413594688046165538e+04
