# id_num orb_a mass spin spin_angle orb_inc orb_ecc orb_arg_periapse orb_ang_mom gen galaxy time_passed gw_freq gw_strain
1.000000000000000000e+00 3.802523853629365476e+04 1.186803765853323789e+01 -3.605770340213166475e-02 4.976640424629515391e-01 6.786188599809239025e-03 2.041440390935502988e-02 0.000000000000000000e+00 1.000000000000000000e+00 1.000000000000000000e+00 0.000000000000000000e+00 0.000000000000000000e+00 -1.000000000000000000e+00 -1.000000000000000000e+00
1.200000000000000000e+01 4.418424675073310209e+04 1.174968411867781448e+01 -5.245926760025042615e-03 7.718742483758845863e-01 3.149818673702291960e+00 1.016654602495289106e-01 1.570796326794896558e+00 1.000000000000000000e+00 1.000000000000000000e+00 0.000000000000000000e+00 0.000000000000000000e+00 -1.000000000000000000e+00 -1.000000000000000000e+00
1.300000000000000000e+01 2.135426389451039722e+04 1.048878317066916921e+01 1.606969220083442618e-01 1.332767462497123301e+00 -3.913204817933864724e-03 7.418030275198345125e-02 0.000000000000000000e+00 1.000000000000000000e+00 1.000000000000000000e+00 0.000000000000000000e+00 0.000000000000000000e+00 -1.000000000000000000e+00 -1.000000000000000000e+00
1.500000000000000000e+01 4.649287944751079340e+04 2.888246288382169524e+01 -6.473220753537435590e-02 3.100000000000000089e+00 -2.882186239694843957e-02 1.104239917247665514e-01 1.570796326794896558e+00 1.000000000000000000e+00 1.000000000000000000e+00 0.000000000000000000e+00 0.000000000000000000e+00 -1.000000000000000000e+00 -1.000000000000000000e+00
1.800000000000000000e+01 1.509249872161211169e+04 2.628098273203558932e+01 -1.183028933515820752e-02 1.669180821098661394e+00 3.132427546567765120e+00 1.000000000000000021e-02 1.570796326794896558e+00 1.000000000000000000e+00 1.000000000000000000e+00 0.000000000000000000e+00 0.000000000000000000e+00 -1.000000000000000000e+00 -1.000000000000000000e+00
1.900000000000000000e+01 2.745017611674094587e+04 1.988143461821001523e+01 1.084384904689835727e-01 1.644777565265204355e+00 -2.099367473296359990e-02 4.633763376066934309e-02 1.570796326794896558e+00 1.000000000000000000e+00 1.000000000000000000e+00 0.000000000000000000e+00 0.000000000000000000e+00 -1.000000000000000000e+00 -1.000000000000000000e+00
2.200000000000000000e+01 4.412525973515771329e+04 2.946897637907267864e+01 -2.340311022047277326e-02 1.066170659320308856e+00 1.130638957072130878e-02 6.562287137880244703e-02 0.000000000000000000e+00 1.000000000000000000e+00 1.000000000000000000e+00 0.000000000000000000e+00 0.000000000000000000e+00 -1.000000000000000000e+00 -1.000000000000000000e+00
2.400000000000000000e+01 2.362899769566117538e+04 2.806009454236279765e+01 8.933247197719880461e-02 1.418066931404372788e+00 -1.914885630429114666e-02 5.731578259405742393e-02 0.000000000000000000e+00 1.000000000000000000e+00 1.000000000000000000e+00 0.000000000000000000e+00 0.000000000000000000e+00 -1.000000000000000000e+00 -1.000000000000000000e+00
2.700000000000000000e+01 4.061577168343896483e+04 1.279860247692092479e+01 -2.833354176300184046e-01 2.557951902088033247e+00 3.144101487363557546e+00 1.735319035583265598e-02 0.000000000000000000e+00 1.000000000000000000e+00 1.000000000000000000e+00 0.000000000000000000e+00 0.000000000000000000e+00 -1.000000000000000000e+00 -1.000000000000000000e+00
3.000000000000000000e+01 1.458377457236735495e+02 1.811748140231767223e+01 -7.500791659327374350e-02 2.216963848946109650e+00 3.066549165711780489e+00 3.865630682027612619e-02 0.000000000000000000e+00 1.000000000000000000e+00 1.000000000000000000e+00 0.000000000000000000e+00 0.000000000000000000e+00 -1.000000000000000000e+00 -1.000000000000000000e+00
3.200000000000000000e+01 2.529822272964438525e+04 1.406706960393868933e+01 -9.724820645434478772e-03 1.034538315807148168e+00 3.146809644452993382e+00 5.940706464658147834e-02 1.570796326794896558e+00 1.000000000000000000e+00 1.000000000000000000e+00 0.000000000000000000e+00 0.000000000000000000e+00 -1.000000000000000000e+00 -1.000000000000000000e+00
3.300000000000000000e+01 8.885900996467347568e+02 1.357185041130027336e+01 1.275649431261736411e-01 8.020706342857757409e-01 3.141988680675793955e+00 9.000000000000001055e-02 0.000000000000000000e+00 1.000000000000000000e+00 1.000000000000000000e+00 0.000000000000000000e+00 0.000000000000000000e+00 -1.000000000000000000e+00 -1.000000000000000000e+00
3.400000000000000000e+01 3.855960646262771479e+04 1.099149255187072782e+01 2.450223180266997147e-04 1.517774631567598842e+00 -4.567680755501830892e-02 1.293780896241248646e-01 1.570796326794896558e+00 1.000000000000000000e+00 1.000000000000000000e+00 0.000000000000000000e+00 0.000000000000000000e+00 -1.000000000000000000e+00 -1.000000000000000000e+00
3.600000000000000000e+01 8.054420244500663102e+03 1.523123465658355968e+01 1.440989844246094165e-01 1.459319616513533813e+00 -1.701775945182507771e-03 3.934522935353611944e-02 0.000000000000000000e+00 1.000000000000000000e+00 1.000000000000000000e+00 0.000000000000000000e+00 0.000000000000000000e+00 -1.000000000000000000e+00 -1.000000000000000000e+00
4.300000000000000000e+01 2.520408443073887975e+04 2.971200802658933071e+01 -2.020531644585861486e-02 1.322626686539678964e+00 3.133520299418386834e+00 1.000000000000000021e-02 0.000000000000000000e+00 1.000000000000000000e+00 1.000000000000000000e+00 0.000000000000000000e+00 0.000000000000000000e+00 -1.000000000000000000e+00 -1.000000000000000000e+00
4.500000000000000000e+01 1.734601565757046410e+04 1.055469740015718649e+01 -6.050645095220819406e-03 1.008767284283182297e+00 -1.518376581067833013e-02 1.000000000000000021e-02 0.000000000000000000e+00 1.000000000000000000e+00 1.000000000000000000e+00 0.000000000000000000e+00 0.000000000000000000e+00 -1.000000000000000000e+00 -1.000000000000000000e+00
4.600000000000000000e+01 2.678787824024542351e+04 1.493603091653058890e+01 -2.430730254559078721e-02 1.345572088522235088e+00 -6.594700922529119283e-03 9.071333636545576840e-02 1.570796326794896558e+00 1.000000000000000000e+00 1.000000000000000000e+00 0.000000000000000000e+00 0.000000000000000000e+00 -1.000000000000000000e+00 -1.000000000000000000e+00
4.700000000000000000e+01 3.605043025011011196e+04 2.103328877593788349e+01 -3.200126195052263589e-01 2.650496201595348378e+00 3.102225761208691424e+00 3.921665474426275916e-02 1.570796326794896558e+00 1.000000000000000000e+00 1.000000000000000000e+00 0.000000000000000000e+00 0.000000000000000000e+00 -1.000000000000000000e+00 -1.000000000000000000e+00
4.800000000000000000e+01 3.202011714583565845e+04 3.818385854214371733e+01 9.342056123598868611e-02 1.811208767316311974e+00 3.118836717928522351e+00 1.000000000000000021e-02 1.570796326794896558e+00 1.000000000000000000e+00 1.000000000000000000e+00 0.000000000000000000e+00 0.000000000000000000e+00 -1.000000000000000000e+00 -1.000000000000000000e+00
4.900000000000000000e+01 3.823406108597555431e+04 1.909587530241569553e+01 -1.192120379247615797e-01 3.100000000000000089e+00 3.100093168432640933e+00 3.981624748852005680e-02 0.000000000000000000e+00 1.000000000000000000e+00 1.000000000000000000e+00 0.000000000000000000e+00 0.000000000000000000e+00 -1.000000000000000000e+00 -1.000000000000000000e+00
5.300000000000000000e+01 2.011484150267886798e+04 1.459003033069373956e+01 -7.777968752373945471e-02 2.472298185233869461e+00 3.152420592341617755e+00 3.488342812782986579e-02 1.570796326794896558e+00 1.000000000000000000e+00 1.000000000000000000e+00 0.000000000000000000e+00 0.000000000000000000e+00 -1.000000000000000000e+00 -1.000000000000000000e+00
5.400000000000000000e+01 4.004285298841002805e+04 3.561580301275269278e+01 -2.108657890115300804e-01 1.995707282963428808e+00 3.112506352939422793e+00 3.364178983135721751e-02 0.000000000000000000e+00 1.000000000000000000e+00 1.000000000000000000e+00 0.000000000000000000e+00 0.000000000000000000e+00 -1.000000000000000000e+00 -1.000000000000000000e+00
5.500000000000000000e+01 1.458083946509647467e+04 1.445573807347092199e+01 -2.871078391978939548e-01 2.838892027147884356e+00 -2.777701715757683806e-02 2.839994011199068261e-02 1.570796326794896558e+00 1.000000000000000000e+00 1.000000000000000000e+00 0.000000000000000000e+00 0.000000000000000000e+00 -1.000000000000000000e+00 -1.000000000000000000e+00
5.600000000000000000e+01 3.823169634466484422e+04 1.205582550422169597e+01 -6.625498954428521436e-02 2.945712821112822510e+00 3.180512126743498147e+00 2.810112908230011017e-02 0.000000000000000000e+00 1.000000000000000000e+00 1.000000000000000000e+00 0.000000000000000000e+00 0.000000000000000000e+00 -1.000000000000000000e+00 -1.000000000000000000e+00
5.800000000000000000e+01 4.326732294826761790e+04 1.365931947900346444e+01 2.557877891758325584e-02 4.192532256555573378e-01 -2.667306145739275353e-02 2.561224023539673822e-02 0.000000000000000000e+00 1.000000000000000000e+00 1.000000000000000000e+00 0.000000000000000000e+00 0.000000000000000000e+00 -1.000000000000000000e+00 -1.000000000000000000e+00
6.100000000000000000e+01 5.000000000000000000e+04 3.237995076981435005e+01 -8.532724892958322427e-02 3.100000000000000089e+00 -3.205752700602801375e-02 3.517981428201099464e-02 1.570796326794896558e+00 1.000000000000000000e+00 1.000000000000000000e+00 0.000000000000000000e+00 0.000000000000000000e+00 -1.000000000000000000e+00 -1.000000000000000000e+00
6.200000000000000000e+01 4.670173957720419276e+04 2.436447071826884070e+01 -8.589869212214208682e-02 2.476977980449760253e+00 3.340551438635392528e-02 8.904733923574841004e-02 0.000000000000000000e+00 1.000000000000000000e+00 1.000000000000000000e+00 0.000000000000000000e+00 0.000000000000000000e+00 -1.000000000000000000e+00 -1.000000000000000000e+00
6.300000000000000000e+01 2.944185729056892887e+04 1.043380604016197211e+01 -8.742623791251809273e-02 3.045993437536572479e+00 -3.705503786566999302e-02 3.124449868886045381e-02 0.000000000000000000e+00 1.000000000000000000e+00 1.000000000000000000e+00 0.000000000000000000e+00 0.000000000000000000e+00 -1.000000000000000000e+00 -1.000000000000000000e+00
6.700000000000000000e+01 4.659999477899748308e+04 1.216997064580075616e+01 1.785310356852747027e-02 9.126492137917350256e-01 -1.625214185849134865e-02 2.334836592287219473e-02 0.000000000000000000e+00 1.000000000000000000e+00 1.000000000000000000e+00 0.000000000000000000e+00 0.000000000000000000e+00 -1.000000000000000000e+00 -1.000000000000000000e+00
6.800000000000000000e+01 3.491965852478607849e+04 1.012609485189698155e+01 3.558227576575051510e-02 1.677829247555912451e+00 -4.635998618342804592e-03 4.412172468137862125e-02 1.570796326794896558e+00 1.000000000000000000e+00 1.000000000000000000e+00 0.000000000000000000e+00 0.000000000000000000e+00 -1.000000000000000000e+00 -1.000000000000000000e+00
7.000000000000000000e+01 4.467863648271923580e+02 1.542234562953613342e+01 3.679709492586007331e-03 1.213535337449423546e+00 3.153830136876595969e+00 1.678337871977606671e-02 1.570796326794896558e+00 1.000000000000000000e+00 1.000000000000000000e+00 0.000000000000000000e+00 0.000000000000000000e+00 -1.000000000000000000e+00 -1.000000000000000000e+00
7.200000000000000000e+01 1.778564218884014190e+04 2.927688364953975153e+01 -1.127793959787796035e-01 2.722928210548430261e+00 3.135283010739720488e+00 6.196066633727920214e-02 1.570796326794896558e+00 1.000000000000000000e+00 1.000000000000000000e+00 0.000000000000000000e+00 0.000000000000000000e+00 -1.000000000000000000e+00 -1.000000000000000000e+00
7.300000000000000000e+01 3.314126727127243794e+04 2.770936466661379427e+01 -5.279881068550627138e-02 2.108815583403116367e+00 3.167278979422717189e+00 9.001358279315913036e-02 1.570796326794896558e+00 1.000000000000000000e+00 1.000000000000000000e+00 0.000000000000000000e+00 0.000000000000000000e+00 -1.000000000000000000e+00 -1.000000000000000000e+00
7.400000000000000000e+01 3.142332047757073087e+04 1.290636750576861758e+01 8.166260946439052315e-02 1.785685920003127869e+00 -2.328812421471131155e-02 1.558964544286034308e-02 1.570796326794896558e+00 1.000000000000000000e+00 1.000000000000000000e+00 0.000000000000000000e+00 0.000000000000000000e+00 -1.000000000000000000e+00 -1.000000000000000000e+00
7.900000000000000000e+01 2.273410596735118088e+04 1.235810956245434156e+01 1.005840163588073155e-01 1.306519923317438714e+00 3.101054317901241308e+00 1.000000000000000021e-02 0.000000000000000000e+00 1.000000000000000000e+00 1.000000000000000000e+00 0.000000000000000000e+00 0.000000000000000000e+00 -1.000000000000000000e+00 -1.000000000000000000e+00
8.000000000000000000e+01 1.326119607313003144e+04 1.066153178547773273e+01 -1.764333470374675750e-01 2.607692267490508087e+00 -1.769219974119516300e-02 1.000000000000000021e-02 0.000000000000000000e+00 1.000000000000000000e+00 1.000000000000000000e+00 0.000000000000000000e+00 0.000000000000000000e+00 -1.000000000000000000e+00 -1.000000000000000000e+00
8.100000000000000000e+01 4.703436684101179708e+04 1.733881412439938785e+01 -2.074488007403048062e-01 3.100000000000000089e+00 3.119922864757618708e+00 3.033209250682187066e-02 1.570796326794896558e+00 1.000000000000000000e+00 1.000000000000000000e+00 0.000000000000000000e+00 0.000000000000000000e+00 -1.000000000000000000e+00 -1.000000000000000000e+00
8.200000000000000000e+01 5.595875614814489154e+02 2.332835955863602706e+01 -1.150545286301766501e-01 3.019413780789227175e+00 6.916687223268775352e-03 1.722432584645193152e-02 0.000000000000000000e+00 1.000000000000000000e+00 1.000000000000000000e+00 0.000000000000000000e+00 0.000000000000000000e+00 -1.000000000000000000e+00 -1.000000000000000000e+00
8.300000000000000000e+01 4.705640595315976498e+02 1.133787822741351370e+01 -1.132984364888293405e-01 2.525308241077965032e+00 3.150382363305211264e+00 1.108650474984280293e-02 0.000000000000000000e+00 1.000000000000000000e+00 1.000000000000000000e+00 0.000000000000000000e+00 0.000000000000000000e+00 -1.000000000000000000e+00 -1.000000000000000000e+00
8.600000000000000000e+01 4.679354920567253089e+02 1.866588816706059717e+01 -5.146557407750207425e-02 2.014847210029683922e+00 3.145414539092490802e+00 2.142474776583110779e-02 0.000000000000000000e+00 1.000000000000000000e+00 1.000000000000000000e+00 0.000000000000000000e+00 0.000000000000000000e+00 -1.000000000000000000e+00 -1.000000000000000000e+00
8.700000000000000000e+01 3.338276242221750726e+04 1.534584066798817759e+01 -1.659151461777726433e-01 3.100000000000000089e+00 -3.641062729547564492e-02 1.106709544964398079e-02 0.000000000000000000e+00 1.000000000000000000e+00 1.000000000000000000e+00 0.000000000000000000e+00 0.000000000000000000e+00 -1.000000000000000000e+00 -1.000000000000000000e+00
8.900000000000000000e+01 1.075050433864490151e+04 1.512212136878048696e+01 -1.633226629116392159e-01 3.100000000000000089e+00 3.128000091802560334e+00 3.999228626255878910e-02 1.570796326794896558e+00 1.000000000000000000e+00 1.000000000000000000e+00 0.000000000000000000e+00 0.000000000000000000e+00 -1.000000000000000000e+00 -1.000000000000000000e+00
9.200000000000000000e+01 1.576080472468117296e+04 1.348551783425728701e+01 -2.280908255776124827e-01 2.964793058911788570e+00 3.119609719561617922e+00 3.862695149379679477e-02 0.000000000000000000e+00 1.000000000000000000e+00 1.000000000000000000e+00 0.000000000000000000e+00 0.000000000000000000e+00 -1.000000000000000000e+00 -1.000000000000000000e+00
9.500000000000000000e+01 5.000000000000000000e+04 1.106152608296619810e+01 -3.129592644955875302e-02 1.130090599461479162e+00 3.173920581119499040e+00 1.320796520830802567e-01 0.000000000000000000e+00 1.000000000000000000e+00 1.000000000000000000e+00 0.000000000000000000e+00 0.000000000000000000e+00 -1.000000000000000000e+00 -1.000000000000000000e+00
9.600000000000000000e+01 2.907066650335814847e+04 1.048896639528591734e+01 -1.042330357105641647e-01 2.154083192840221095e+00 3.911406491985711803e-02 4.999905373209838355e-02 0.000000000000000000e+00 1.000000000000000000e+00 1.000000000000000000e+00 0.000000000000000000e+00 0.000000000000000000e+00 -1.000000000000000000e+00 -1.000000000000000000e+00
9.700000000000000000e+01 4.020080793049340718e+04 1.288544574393481668e+01 2.256919382707954502e-02 1.493113052098627547e+00 3.101039971582152166e+00 8.489872014156255031e-02 0.000000000000000000e+00 1.000000000000000000e+00 1.000000000000000000e+00 0.000000000000000000e+00 0.000000000000000000e+00 -1.000000000000000000e+00 -1.000000000000000000e+00
9.900000000000000000e+01 1.409585208546862850e+04 1.386113615658293163e+01 -9.392461594681339454e-02 1.932867667735930217e+00 3.142589074979303732e+00 1.151318814788649010e-02 0.000000000000000000e+00 1.000000000000000000e+00 1.000000000000000000e+00 0.000000000000000000e+00 0.000000000000000000e+00 -1.000000000000000000e+00 -1.000000000000000000e+00
1.000000000000000000e+02 1.671516536603838176e+04 1.493686914178479697e+01 -3.735419858954643069e-02 1.244065549313878805e+00 3.141482219579775137e+00 3.853816141430521647e-02 0.000000000000000000e+00 1.000000000000000000e+00 1.000000000000000000e+00 0.000000000000000000e+00 0.000000000000000000e+00 -1.000000000000000000e+00 -1.000000000000000000e+00
1.030000000000000000e+02 5.917432728946014322e+02 1.024852769498456517e+01 3.827123064769152871e-02 7.877386306839169183e-01 -1.156580394702475499e-02 2.469526796607014046e-02 1.570796326794896558e+00 1.000000000000000000e+00 1.000000000000000000e+00 0.000000000000000000e+00 0.000000000000000000e+00 -1.000000000000000000e+00 -1.000000000000000000e+00
1.040000000000000000e+02 3.682939791691365099e+04 1.422145792399035358e+01 -7.324500533277801539e-03 7.991365700534777128e-01 -3.321584380793554669e-02 7.776448858964644939e-02 1.570796326794896558e+00 1.000000000000000000e+00 1.000000000000000000e+00 0.000000000000000000e+00 0.000000000000000000e+00 -1.000000000000000000e+00 -1.000000000000000000e+00
1.050000000000000000e+02 4.393887807324805181e+04 1.103952423342140676e+01 -2.857486663018899420e-01 3.100000000000000089e+00 2.568286674893477742e-02 5.333118622284036686e-02 1.570796326794896558e+00 1.000000000000000000e+00 1.000000000000000000e+00 0.000000000000000000e+00 0.000000000000000000e+00 -1.000000000000000000e+00 -1.000000000000000000e+00
1.060000000000000000e+02 3.370891099494390801e+04 1.842573352270221676e+01 -7.531135634152456848e-02 3.100000000000000089e+00 3.119576888760822619e+00 7.452037157618751628e-02 1.570796326794896558e+00 1.000000000000000000e+00 1.000000000000000000e+00 0.000000000000000000e+00 0.000000000000000000e+00 -1.000000000000000000e+00 -1.000000000000000000e+00
1.090000000000000000e+02 5.162200132810793320e+02 1.038366299808474125e+01 -1.582200449949263954e-01 2.846478651662382120e+00 7.291852867818847742e-03 1.374644606121950240e-02 1.570796326794896558e+00 1.000000000000000000e+00 1.000000000000000000e+00 0.000000000000000000e+00 0.000000000000000000e+00 -1.000000000000000000e+00 -1.000000000000000000e+00
1.100000000000000000e+02 2.849581297118721704e+04 2.510169071657768924e+01 8.117819863846154060e-02 7.538110114676509488e-01 3.135362385202191238e+00 9.000000000000001055e-02 1.570796326794896558e+00 1.000000000000000000e+00 1.000000000000000000e+00 0.000000000000000000e+00 0.000000000000000000e+00 -1.000000000000000000e+00 -1.000000000000000000e+00
1.130000000000000000e+02 4.576234347318679647e+04 2.054428544758247810e+01 1.422677520704055398e-01 4.886042298929665906e-01 3.182773635656377387e+00 1.753952889524412750e-01 0.000000000000000000e+00 1.000000000000000000e+00 1.000000000000000000e+00 0.000000000000000000e+00 0.000000000000000000e+00 -1.000000000000000000e+00 -1.000000000000000000e+00
1.150000000000000000e+02 2.788102747402030582e+04 1.297025739340934081e+01 -5.217305339417271925e-02 2.427939257103727932e+00 3.107579228585072961e+00 3.771531454110928910e-02 1.570796326794896558e+00 1.000000000000000000e+00 1.000000000000000000e+00 0.000000000000000000e+00 0.000000000000000000e+00 -1.000000000000000000e+00 -1.000000000000000000e+00
1.180000000000000000e+02 2.368705693068573055e+02 1.047082910977208137e+01 -1.775657683647065554e-01 2.371043724327436930e+00 3.166542232881343288e+00 1.983903432826263913e-01 1.570796326794896558e+00 1.000000000000000000e+00 1.000000000000000000e+00 0.000000000000000000e+00 0.000000000000000000e+00 -1.000000000000000000e+00 -1.000000000000000000e+00
1.210000000000000000e+02 4.441446010550698702e+03 3.601573195042114861e+01 1.156624829363806783e-01 1.169357748287515264e+00 6.457492631653688128e-03 9.000000000000001055e-02 1.570796326794896558e+00 1.000000000000000000e+00 1.000000000000000000e+00 0.000000000000000000e+00 0.000000000000000000e+00 -1.000000000000000000e+00 -1.000000000000000000e+00
1.220000000000000000e+02 2.806034620083719710e+04 1.032936753434277577e+01 -1.359524418528350598e-01 2.351205911206566856e+00 3.123837700630768044e+00 1.226375055171909090e-02 0.000000000000000000e+00 1.000000000000000000e+00 1.000000000000000000e+00 0.000000000000000000e+00 0.000000000000000000e+00 -1.000000000000000000e+00 -1.000000000000000000e+00
1.240000000000000000e+02 2.359224944491589122e+04 1.040444090478515449e+01 5.492333008011680839e-02 5.934084475982698281e-01 -1.230104327335017171e-02 6.910178444347521431e-02 0.000000000000000000e+00 1.000000000000000000e+00 1.000000000000000000e+00 0.000000000000000000e+00 0.000000000000000000e+00 -1.000000000000000000e+00 -1.000000000000000000e+00
1.250000000000000000e+02 3.529596512495793286e+04 1.152860457761921786e+01 5.269828127735497192e-02 5.759972732234940329e-01 3.176434696654292456e+00 1.611509967617887062e-02 0.000000000000000000e+00 1.000000000000000000e+00 1.000000000000000000e+00 0.000000000000000000e+00 0.000000000000000000e+00 -1.000000000000000000e+00 -1.000000000000000000e+00
1.260000000000000000e+02 4.917608084241361939e+04 1.846994268350413293e+01 -1.741280206909851525e-01 2.376832761440137887e+00 3.095200837834576113e+00 8.182263424546505626e-02 1.570796326794896558e+00 1.000000000000000000e+00 1.000000000000000000e+00 0.000000000000000000e+00 0.000000000000000000e+00 -1.000000000000000000e+00 -1.000000000000000000e+00
1.270000000000000000e+02 1.848668562701133123e+04 1.033627194898710755e+01 -2.249213639394142539e-01 2.734013057191535534e+00 3.172246701059065810e+00 2.860006646655983281e-02 1.570796326794896558e+00 1.000000000000000000e+00 1.000000000000000000e+00 0.000000000000000000e+00 0.000000000000000000e+00 -1.000000000000000000e+00 -1.000000000000000000e+00
1.280000000000000000e+02 2.715551317248899431e+04 2.219229169664887280e+01 5.786640087833279378e-02 1.260646051870166762e+00 -1.018747392683506080e-02 7.423630341452605585e-02 1.570796326794896558e+00 1.000000000000000000e+00 1.000000000000000000e+00 0.000000000000000000e+00 0.000000000000000000e+00 -1.000000000000000000e+00 -1.000000000000000000e+00
1.300000000000000000e+02 2.005514751183937187e+04 1.177290196428920055e+01 6.249916124793848671e-02 9.130637582427272303e-01 -1.211141699642336207e-02 7.555683534761399589e-02 0.000000000000000000e+00 1.000000000000000000e+00 1.000000000000000000e+00 0.000000000000000000e+00 0.000000000000000000e+00 -1.000000000000000000e+00 -1.000000000000000000e+00
1.330000000000000000e+02 3.279796304968545155e+04 1.342485545203705399e+01 -2.608335161959398074e-01 2.631417361614690087e+00 2.858813024533851666e-02 3.511061024113844992e-02 1.570796326794896558e+00 1.000000000000000000e+00 1.000000000000000000e+00 0.000000000000000000e+00 0.000000000000000000e+00 -1.000000000000000000e+00 -1.000000000000000000e+00
1.370000000000000000e+02 2.384439313793295696e+03 1.058052119499636134e+01 -1.027623136198053122e-01 2.496627170399259299e+00 -3.304142290090857949e-03 9.000000000000001055e-02 0.000000000000000000e+00 1.000000000000000000e+00 1.000000000000000000e+00 0.000000000000000000e+00 0.000000000000000000e+00 -1.000000000000000000e+00 -1.000000000000000000e+00
1.400000000000000000e+02 3.629635855004515179e+04 1.105634815818370953e+01 -2.373726943724857874e-01 2.698551008552510400e+00 -3.374641866736427520e-02 4.320182239007068492e-02 1.570796326794896558e+00 1.000000000000000000e+00 1.000000000000000000e+00 0.000000000000000000e+00 0.000000000000000000e+00 -1.000000000000000000e+00 -1.000000000000000000e+00
1.430000000000000000e+02 6.257296684774389632e+02 1.270498023794007025e+01 -3.757290895726606017e-02 1.055632847091621418e+00 -4.164234680032702189e-03 1.581929345909595733e-02 1.570796326794896558e+00 1.000000000000000000e+00 1.000000000000000000e+00 0.000000000000000000e+00 0.000000000000000000e+00 -1.000000000000000000e+00 -1.000000000000000000e+00
1.440000000000000000e+02 1.343489649270474183e+04 3.577085009119473114e+01 3.278872122428173885e-02 4.250616826698084272e-01 -1.140305437131046602e-02 2.537053429349417702e-02 1.570796326794896558e+00 1.000000000000000000e+00 1.000000000000000000e+00 0.000000000000000000e+00 0.000000000000000000e+00 -1.000000000000000000e+00 -1.000000000000000000e+00
1.450000000000000000e+02 4.829758200539748941e+04 2.084721595475854627e+01 -4.969891605431878134e-02 1.152169995034777461e+00 3.112420572851283040e+00 2.943382790753575409e-02 1.570796326794896558e+00 1.000000000000000000e+00 1.000000000000000000e+00 0.000000000000000000e+00 0.000000000000000000e+00 -1.000000000000000000e+00 -1.000000000000000000e+00
1.500000000000000000e+02 2.941777463909690050e+04 1.351845144547197108e+01 -1.760131715407244335e-01 2.059615663334460667e+00 3.116478466543977532e+00 1.609344776424585788e-02 0.000000000000000000e+00 1.000000000000000000e+00 1.000000000000000000e+00 0.000000000000000000e+00 0.000000000000000000e+00 -1.000000000000000000e+00 -1.000000000000000000e+00
1.520000000000000000e+02 2.708069104304106077e+04 1.407891301168242570e+01 -2.721541798575559390e-02 9.073895330674420778e-01 3.160231788287951815e+00 2.051944925559207045e-02 0.000000000000000000e+00 1.000000000000000000e+00 1.000000000000000000e+00 0.000000000000000000e+00 0.000000000000000000e+00 -1.000000000000000000e+00 -1.000000000000000000e+00
1.530000000000000000e+02 4.027748396713485999e+04 1.086261556004144424e+01 -5.005474731475399036e-02 1.075513631617948773e+00 -2.475663811474277526e-02 1.889915717762560496e-02 1.570796326794896558e+00 1.000000000000000000e+00 1.000000000000000000e+00 0.000000000000000000e+00 0.000000000000000000e+00 -1.000000000000000000e+00 -1.000000000000000000e+00
1.550000000000000000e+02 2.791202792779571610e+04 1.586815428204064560e+01 3.495894828272586019e-02 7.925640858567718494e-01 3.133951487013928006e+00 3.061701114037505486e-02 1.570796326794896558e+00 1.000000000000000000e+00 1.000000000000000000e+00 0.000000000000000000e+00 0.000000000000000000e+00 -1.000000000000000000e+00 -1.000000000000000000e+00
1.590000000000000000e+02 2.666504942398276398e+04 1.185979640786436029e+01 -1.793323653819799135e-01 2.540754972217589280e+00 3.127199003074808470e+00 1.640309893545561781e-01 1.570796326794896558e+00 1.000000000000000000e+00 1.000000000000000000e+00 0.000000000000000000e+00 0.000000000000000000e+00 -1.000000000000000000e+00 -1.000000000000000000e+00
1.610000000000000000e+02 5.000000000000000000e+04 3.959461715188786002e+01 1.338252598884044076e-01 7.872530564725963576e-01 -2.397778361526071295e-02 4.106256658025112666e-02 1.570796326794896558e+00 1.000000000000000000e+00 1.000000000000000000e+00 0.000000000000000000e+00 0.000000000000000000e+00 -1.000000000000000000e+00 -1.000000000000000000e+00
1.620000000000000000e+02 3.927270851467576722e+04 1.982288703379140671e+01 1.374815433580595103e-02 1.625171703167688220e+00 -3.277804967197488900e-02 3.731439884434181731e-02 1.570796326794896558e+00 1.000000000000000000e+00 1.000000000000000000e+00 0.000000000000000000e+00 0.000000000000000000e+00 -1.000000000000000000e+00 -1.000000000000000000e+00
1.630000000000000000e+02 2.298127627897438651e+04 1.248930474453233685e+01 1.259389565143785861e-01 9.890180204993705981e-01 -1.816054162608402023e-02 4.931950236014483874e-02 0.000000000000000000e+00 1.000000000000000000e+00 1.000000000000000000e+00 0.000000000000000000e+00 0.000000000000000000e+00 -1.000000000000000000e+00 -1.000000000000000000e+00
1.650000000000000000e+02 3.405110390900328639e+04 1.728155209784522484e+01 2.962451769222240738e-02 7.403246927513321696e-01 1.913226445752346785e-03 7.080307623531506556e-02 0.000000000000000000e+00 1.000000000000000000e+00 1.000000000000000000e+00 0.000000000000000000e+00 0.000000000000000000e+00 -1.000000000000000000e+00 -1.000000000000000000e+00
1.660000000000000000e+02 3.666965625304491550e+04 3.364303831503486464e+01 -1.983383162837925456e-02 6.123954357251925051e-01 -3.502366394350756723e-02 1.836228767134706619e-02 1.570796326794896558e+00 1.000000000000000000e+00 1.000000000000000000e+00 0.000000000000000000e+00 0.000000000000000000e+00 -1.000000000000000000e+00 -1.000000000000000000e+00
1.670000000000000000e+02 3.336011155842994049e+04 1.142031094807871838e+01 -1.266093588464383968e-01 2.204566828334253881e+00 -2.413474370320778731e-02 1.055630712463461948e-02 1.570796326794896558e+00 1.000000000000000000e+00 1.000000000000000000e+00 0.000000000000000000e+00 0.000000000000000000e+00 -1.000000000000000000e+00 -1.000000000000000000e+00
1.720000000000000000e+02 2.217969859665358308e+04 1.250880624510878469e+01 -1.958007176259012883e-01 2.426426499361054923e+00 3.136609754831773955e+00 2.744679683960929081e-02 1.570796326794896558e+00 1.000000000000000000e+00 1.000000000000000000e+00 0.000000000000000000e+00 0.000000000000000000e+00 -1.000000000000000000e+00 -1.000000000000000000e+00
1.730000000000000000e+02 1.043328895901474971e+04 1.053716947593878750e+01 -3.846244702593167725e-02 5.175957629560421491e-01 -2.270313194595167255e-02 2.043096868287514953e-02 0.000000000000000000e+00 1.000000000000000000e+00 1.000000000000000000e+00 0.000000000000000000e+00 0.000000000000000000e+00 -1.000000000000000000e+00 -1.000000000000000000e+00
1.750000000000000000e+02 6.300000000000000000e+02 2.014970224801552945e+01 -1.439208286332321618e-01 2.293656232089302360e+00 5.857716443698625375e-03 2.647757873154405611e-02 1.570796326794896558e+00 1.000000000000000000e+00 1.000000000000000000e+00 0.000000000000000000e+00 0.000000000000000000e+00 -1.000000000000000000e+00 -1.000000000000000000e+00
1.760000000000000000e+02 3.048140692061560185e+04 2.424795241647602850e+01 6.150148856255760466e-02 9.389735869895812215e-01 2.814694090861123363e-02 5.813963723653936544e-02 0.000000000000000000e+00 1.000000000000000000e+00 1.000000000000000000e+00 0.000000000000000000e+00 0.000000000000000000e+00 -1.000000000000000000e+00 -1.000000000000000000e+00
1.770000000000000000e+02 4.408463879753206129e+04 2.985272023763624460e+01 1.981091297951143027e-01 1.280650615960489569e+00 3.116274161942593768e+00 4.763002016480984840e-02 1.570796326794896558e+00 1.000000000000000000e+00 1.000000000000000000e+00 0.000000000000000000e+00 0.000000000000000000e+00 -1.000000000000000000e+00 -1.000000000000000000e+00
1.790000000000000000e+02 4.575225621303867229e+04 1.587611182311003866e+01 1.623120138340093666e-02 1.145907176553713436e+00 -1.312263964220164794e-02 6.990768061530090727e-02 0.000000000000000000e+00 1.000000000000000000e+00 1.000000000000000000e+00 0.000000000000000000e+00 0.000000000000000000e+00 -1.000000000000000000e+00 -1.000000000000000000e+00
1.800000000000000000e+02 1.254201802514865631e+04 1.233667189652510388e+01 -6.470294736576709393e-02 2.097027492000933080e+00 3.119826526632982766e+00 5.465361131710980841e-02 0.000000000000000000e+00 1.000000000000000000e+00 1.000000000000000000e+00 0.000000000000000000e+00 0.000000000000000000e+00 -1.000000000000000000e+00 -1.000000000000000000e+00
1.820000000000000000e+02 1.841627449094219264e+04 1.155563612873649504e+01 3.148338891386164018e-02 1.836371554049012422e+00 -2.733270275748077988e-02 1.000000000000000021e-02 1.570796326794896558e+00 1.000000000000000000e+00 1.000000000000000000e+00 0.000000000000000000e+00 0.000000000000000000e+00 -1.000000000000000000e+00 -1.000000000000000000e+00
1.830000000000000000e+02 1.983184143181178297e+04 1.380228705692700331e+01 -8.267591706179204525e-02 2.235465944416897166e+00 3.136674728633434217e+00 1.000000000000000021e-02 1.570796326794896558e+00 1.000000000000000000e+00 1.000000000000000000e+00 0.000000000000000000e+00 0.000000000000000000e+00 -1.000000000000000000e+00 -1.000000000000000000e+00
1.850000000000000000e+02 2.692174856297974111e+04 1.677991241947535883e+01 -1.746578476452859963e-01 3.086040000000000116e+00 3.113607630785271585e+00 1.000000000000000056e-01 0.000000000000000000e+00 1.000000000000000000e+00 1.000000000000000000e+00 0.000000000000000000e+00 0.000000000000000000e+00 -1.000000000000000000e+00 -1.000000000000000000e+00
1.860000000000000000e+02 2.862395436279536443e+04 1.658191286821212884e+01 -1.907851595057588612e-01 2.071881399032876825e+00 -3.523182204943715173e-02 1.329241757378403326e-02 0.000000000000000000e+00 1.000000000000000000e+00 1.000000000000000000e+00 0.000000000000000000e+00 0.000000000000000000e+00 -1.000000000000000000e+00 -1.000000000000000000e+00
1.880000000000000000e+02 2.666349110524647404e+04 1.230702671576383622e+01 1.086230498706215741e-02 1.047790953712783857e+00 3.270582297864405713e-02 1.072199950943908929e-02 0.000000000000000000e+00 1.000000000000000000e+00 1.000000000000000000e+00 0.000000000000000000e+00 0.000000000000000000e+00 -1.000000000000000000e+00 -1.000000000000000000e+00
1.900000000000000000e+02 3.981803223588060791e+04 1.503227511268315553e+01 -4.997959262241957051e-02 2.834899914633152829e+00 3.169072517837371539e+00 6.929817445721604685e-02 0.000000000000000000e+00 1.000000000000000000e+00 1.000000000000000000e+00 0.000000000000000000e+00 0.000000000000000000e+00 -1.000000000000000000e+00 -1.000000000000000000e+00
1.910000000000000000e+02 3.511577014305651392e+04 1.881884421142194697e+01 -2.039209935038887311e-01 3.100000000000000089e+00 -2.463800601769755572e-02 2.518123908846966325e-02 0.000000000000000000e+00 1.000000000000000000e+00 1.000000000000000000e+00 0.000000000000000000e+00 0.000000000000000000e+00 -1.000000000000000000e+00 -1.000000000000000000e+00
1.960000000000000000e+02 4.140531059026485309e+04 1.041849543133869815e+01 -9.864259892647037065e-02 2.379653188786666096e+00 -2.986128774071435815e-02 1.705219164718175806e-01 0.000000000000000000e+00 1.000000000000000000e+00 1.000000000000000000e+00 0.000000000000000000e+00 0.000000000000000000e+00 -1.000000000000000000e+00 -1.000000000000000000e+00
1.970000000000000000e+02 6.433630640485290542e+02 1.681123556385916373e+01 -1.786183093442157421e-01 2.944233731653003616e+00 3.147688134475933985e+00 2.234815936031187694e-02 0.000000000000000000e+00 1.000000000000000000e+00 1.000000000000000000e+00 0.000000000000000000e+00 0.000000000000000000e+00 -1.000000000000000000e+00 -1.000000000000000000e+00
1.980000000000000000e+02 4.075475153470776422e+04 1.945571163224825284e+01 5.418146750218821861e-02 7.493876401675260146e-01 3.111847318765401216e+00 5.481146879158289853e-02 1.570796326794896558e+00 1.000000000000000000e+00 1.000000000000000000e+00 0.000000000000000000e+00 0.000000000000000000e+00 -1.000000000000000000e+00 -1.000000000000000000e+00
3.650000000000000000e+02 3.860661907796257424e+02 1.161082384692426572e+01 -6.810896793166677787e-02 2.430560208637273956e+00 0.000000000000000000e+00 1.318711096661845730e-02 -1.000000000000000000e+00 1.000000000000000000e+00 1.000000000000000000e+00 1.800000000000000000e+01 0.000000000000000000e+00 -1.000000000000000000e+00 -1.000000000000000000e+00
2.000000000000000000e+00 6.579449159072248676e+02 1.551955158281834102e+01 -5.586758174232642205e-02 2.681543132981884181e+00 0.000000000000000000e+00 9.000000000000001055e-02 1.570796326794896558e+00 1.000000000000000000e+00 1.000000000000000000e+00 0.000000000000000000e+00 0.000000000000000000e+00 -1.000000000000000000e+00 -1.000000000000000000e+00
4.000000000000000000e+00 4.867438598176036612e+04 1.956021902134893509e+01 -1.607705229098950195e-01 3.100000000000000089e+00 0.000000000000000000e+00 8.333579002425488269e-02 1.570796326794896558e+00 1.000000000000000000e+00 1.000000000000000000e+00 0.000000000000000000e+00 0.000000000000000000e+00 -1.000000000000000000e+00 -1.000000000000000000e+00
2.000000000000000000e+01 4.107319212493624218e+04 3.161969461406772552e+01 -5.956741761698845089e-02 2.220140642556343469e+00 2.095833034099694320e-02 5.723607479117576169e-02 1.570796326794896558e+00 1.000000000000000000e+00 1.000000000000000000e+00 0.000000000000000000e+00 0.000000000000000000e+00 -1.000000000000000000e+00 -1.000000000000000000e+00
2.100000000000000000e+01 4.126452726039029949e+04 2.138750886887869029e+01 -3.530743798526166100e-02 1.521262403287244380e+00 2.110101695507572706e-02 1.599146123407798811e-02 1.570796326794896558e+00 1.000000000000000000e+00 1.000000000000000000e+00 0.000000000000000000e+00 0.000000000000000000e+00 -1.000000000000000000e+00 -1.000000000000000000e+00
3.500000000000000000e+01 2.756203487457355732e+04 1.029457771262792320e+01 1.717465851083373740e-01 1.254815728922539897e+00 1.775946033481537109e-02 5.869879070955724698e-02 1.570796326794896558e+00 1.000000000000000000e+00 1.000000000000000000e+00 0.000000000000000000e+00 0.000000000000000000e+00 -1.000000000000000000e+00 -1.000000000000000000e+00
4.100000000000000000e+01 7.871433003684231835e+02 3.412645216565429962e+01 5.974544389578372028e-02 1.639969729952182265e+00 0.000000000000000000e+00 1.000000000000000056e-01 1.570796326794896558e+00 1.000000000000000000e+00 1.000000000000000000e+00 0.000000000000000000e+00 0.000000000000000000e+00 -1.000000000000000000e+00 -1.000000000000000000e+00
5.200000000000000000e+01 2.112711172400348005e+04 1.415353402027496799e+01 -3.389463367415133238e-02 1.995401870360937746e+00 0.000000000000000000e+00 8.516392045471443684e-02 1.570796326794896558e+00 1.000000000000000000e+00 1.000000000000000000e+00 0.000000000000000000e+00 0.000000000000000000e+00 -1.000000000000000000e+00 -1.000000000000000000e+00
6.000000000000000000e+01 3.231029130674082990e+04 3.679325736003204383e+01 -1.751044186948818027e-01 3.100000000000000089e+00 1.818879587068536127e-02 1.263918206348797237e-02 1.570796326794896558e+00 1.000000000000000000e+00 1.000000000000000000e+00 0.000000000000000000e+00 0.000000000000000000e+00 -1.000000000000000000e+00 -1.000000000000000000e+00
6.600000000000000000e+01 4.206710385039627727e+04 1.239881828665484420e+01 1.462282715370154251e-02 1.604615383415420871e+00 1.185927473964450488e-02 2.891770156929083721e-02 1.570796326794896558e+00 1.000000000000000000e+00 1.000000000000000000e+00 0.000000000000000000e+00 0.000000000000000000e+00 -1.000000000000000000e+00 -1.000000000000000000e+00
7.800000000000000000e+01 5.000000000000000000e+04 1.375038409797993033e+01 6.475906150409308296e-03 5.373732778486374206e-01 1.062785417182008328e-02 1.647410445618798236e-01 1.570796326794896558e+00 1.000000000000000000e+00 1.000000000000000000e+00 0.000000000000000000e+00 0.000000000000000000e+00 -1.000000000000000000e+00 -1.000000000000000000e+00
8.400000000000000000e+01 4.214725726101856708e+04 4.001733934743518262e+01 1.066093465137587237e-01 1.798283715290048157e+00 4.458479843443863971e-02 1.506523812209816481e-02 1.570796326794896558e+00 1.000000000000000000e+00 1.000000000000000000e+00 0.000000000000000000e+00 0.000000000000000000e+00 -1.000000000000000000e+00 -1.000000000000000000e+00
1.120000000000000000e+02 4.793517867938351264e+04 1.389285273850827451e+01 2.062167049329136082e-02 1.923729921931273346e+00 0.000000000000000000e+00 1.513434036565427798e-01 1.570796326794896558e+00 1.000000000000000000e+00 1.000000000000000000e+00 0.000000000000000000e+00 0.000000000000000000e+00 -1.000000000000000000e+00 -1.000000000000000000e+00
1.140000000000000000e+02 4.686021269222488627e+04 3.247277647584176918e+01 4.389084307705033716e-02 4.072752806168533635e-01 4.605363095659149170e-02 2.653841232266393804e-02 1.570796326794896558e+00 1.000000000000000000e+00 1.000000000000000000e+00 0.000000000000000000e+00 0.000000000000000000e+00 -1.000000000000000000e+00 -1.000000000000000000e+00
1.170000000000000000e+02 5.000000000000000000e+04 1.113874968778223717e+01 -1.002035172086641335e-01 3.100000000000000089e+00 0.000000000000000000e+00 3.262242319378626243e-02 1.570796326794896558e+00 1.000000000000000000e+00 1.000000000000000000e+00 0.000000000000000000e+00 0.000000000000000000e+00 -1.000000000000000000e+00 -1.000000000000000000e+00
1.310000000000000000e+02 5.000000000000000000e+04 2.074583546825817848e+01 -1.064153478687007437e-01 3.100000000000000089e+00 0.000000000000000000e+00 1.974176630978040706e-02 1.570796326794896558e+00 1.000000000000000000e+00 1.000000000000000000e+00 0.000000000000000000e+00 0.000000000000000000e+00 -1.000000000000000000e+00 -1.000000000000000000e+00
1.470000000000000000e+02 5.000000000000000000e+04 1.871062035788352773e+01 6.343531080639253431e-03 8.815705778727478403e-01 2.857275102831594374e-02 7.893063583362401603e-02 1.570796326794896558e+00 1.000000000000000000e+00 1.000000000000000000e+00 0.000000000000000000e+00 0.000000000000000000e+00 -1.000000000000000000e+00 -1.000000000000000000e+00
1.490000000000000000e+02 3.694859220159664983e+04 1.211311500086701010e+01 -1.791817472382679077e-01 3.100000000000000089e+00 1.579387983531193099e-02 1.229267681843177612e-02 1.570796326794896558e+00 1.000000000000000000e+00 1.000000000000000000e+00 0.000000000000000000e+00 0.000000000000000000e+00 -1.000000000000000000e+00 -1.000000000000000000e+00
1.570000000000000000e+02 5.000000000000000000e+04 2.004634824112897817e+01 -4.609845360555547139e-02 1.373846842207969265e+00 3.197223439425599112e-02 7.883921797647669427e-02 1.570796326794896558e+00 1.000000000000000000e+00 1.000000000000000000e+00 0.000000000000000000e+00 0.000000000000000000e+00 -1.000000000000000000e+00 -1.000000000000000000e+00
1.690000000000000000e+02 1.310464551208879857e+04 1.070834483172381013e+01 1.415895767229627955e-01 1.538080519380692568e+00 0.000000000000000000e+00 1.790412445651523923e-02 1.570796326794896558e+00 1.000000000000000000e+00 1.000000000000000000e+00 0.000000000000000000e+00 0.000000000000000000e+00 -1.000000000000000000e+00 -1.000000000000000000e+00
1.780000000000000000e+02 2.335710213203530657e+04 1.271812323603681705e+01 -1.444159415040132399e-01 3.100000000000000089e+00 0.000000000000000000e+00 3.172948136909359979e-02 1.570796326794896558e+00 1.000000000000000000e+00 1.000000000000000000e+00 0.000000000000000000e+00 0.000000000000000000e+00 -1.000000000000000000e+00 -1.000000000000000000e+00
1.920000000000000000e+02 7.615823490959279525e+02 3.025938212341250022e+01 -1.174593506426326178e-01 3.100000000000000089e+00 3.068926398327169024e-03 9.000000000000001055e-02 1.570796326794896558e+00 1.000000000000000000e+00 1.000000000000000000e+00 0.000000000000000000e+00 0.000000000000000000e+00 -1.000000000000000000e+00 -1.000000000000000000e+00
1.930000000000000000e+02 2.827641209707979579e+04 1.410803287428988817e+01 1.220057202585286826e-01 5.245565187628671300e-01 0.000000000000000000e+00 3.460389515645266589e-02 1.570796326794896558e+00 1.000000000000000000e+00 1.000000000000000000e+00 0.000000000000000000e+00 0.000000000000000000e+00 -1.000000000000000000e+00 -1.000000000000000000e+00
2.000000000000000000e+02 5.000000000000000000e+04 1.690525972460529047e+01 -9.931167085820405416e-02 2.269926738465990024e+00 3.984194023304017673e-02 3.066527708989026657e-02 1.570796326794896558e+00 1.000000000000000000e+00 1.000000000000000000e+00 0.000000000000000000e+00 0.000000000000000000e+00 -1.000000000000000000e+00 -1.000000000000000000e+00
1.000000000000000000e+01 3.798595161824297293e+02 1.497425093785350292e+01 1.549486266020761449e-01 9.911337489474685292e-01 0.000000000000000000e+00 1.988191925359744094e-01 0.000000000000000000e+00 1.000000000000000000e+00 1.000000000000000000e+00 0.000000000000000000e+00 0.000000000000000000e+00 -1.000000000000000000e+00 -1.000000000000000000e+00
1.600000000000000000e+01 8.137987884285157634e+02 1.926731348486528361e+01 2.736375777433348866e-02 1.337393727032612611e+00 0.000000000000000000e+00 9.000000000000001055e-02 0.000000000000000000e+00 1.000000000000000000e+00 1.000000000000000000e+00 0.000000000000000000e+00 0.000000000000000000e+00 -1.000000000000000000e+00 -1.000000000000000000e+00
2.600000000000000000e+01 9.658019216769431296e+03 1.534791648814358211e+01 4.610997025992412401e-02 1.629969147386071127e+00 0.000000000000000000e+00 1.000000000000000056e-01 0.000000000000000000e+00 1.000000000000000000e+00 1.000000000000000000e+00 0.000000000000000000e+00 0.000000000000000000e+00 -1.000000000000000000e+00 -1.000000000000000000e+00
3.100000000000000000e+01 1.141074888707274658e+04 1.083304722900119010e+01 -5.350119868107826304e-02 2.989751294588026465e+00 0.000000000000000000e+00 1.000000000000000021e-02 0.000000000000000000e+00 1.000000000000000000e+00 1.000000000000000000e+00 0.000000000000000000e+00 0.000000000000000000e+00 -1.000000000000000000e+00 -1.000000000000000000e+00
5.000000000000000000e+01 3.787737789023335608e+02 1.081727850601502539e+01 -1.907950170282345370e-01 2.726073910549667634e+00 0.000000000000000000e+00 8.971084455230953214e-01 0.000000000000000000e+00 1.000000000000000000e+00 1.000000000000000000e+00 0.000000000000000000e+00 0.000000000000000000e+00 -1.000000000000000000e+00 -1.000000000000000000e+00
5.700000000000000000e+01 7.346745221322427824e+03 1.169216468955525379e+01 -9.414737233355222057e-02 2.337848221734092125e+00 0.000000000000000000e+00 4.264691815276083764e-02 0.000000000000000000e+00 1.000000000000000000e+00 1.000000000000000000e+00 0.000000000000000000e+00 0.000000000000000000e+00 -1.000000000000000000e+00 -1.000000000000000000e+00
6.900000000000000000e+01 6.368932144578980115e+03 1.190939159730068120e+01 -5.522616766507764535e-02 2.144825056440816446e+00 0.000000000000000000e+00 2.051792197459258865e-02 0.000000000000000000e+00 1.000000000000000000e+00 1.000000000000000000e+00 0.000000000000000000e+00 0.000000000000000000e+00 -1.000000000000000000e+00 -1.000000000000000000e+00
1.070000000000000000e+02 2.805851195205901604e+03 3.518039108709868401e+01 -1.822679726218036367e-01 1.923250516686513256e+00 0.000000000000000000e+00 9.000000000000001055e-02 0.000000000000000000e+00 1.000000000000000000e+00 1.000000000000000000e+00 0.000000000000000000e+00 0.000000000000000000e+00 -1.000000000000000000e+00 -1.000000000000000000e+00
1.360000000000000000e+02 6.844805089240584493e+03 1.049171866462473801e+01 1.519234356358289961e-01 1.849081792425304904e+00 0.000000000000000000e+00 4.797900468113189959e-02 0.000000000000000000e+00 1.000000000000000000e+00 1.000000000000000000e+00 0.000000000000000000e+00 0.000000000000000000e+00 -1.000000000000000000e+00 -1.000000000000000000e+00
1.380000000000000000e+02 5.286944998444815838e+02 1.384384860979587728e+01 -4.852383575611128597e-02 4.780329038648479800e-01 0.000000000000000000e+00 2.231078789312204436e-01 0.000000000000000000e+00 1.000000000000000000e+00 1.000000000000000000e+00 0.000000000000000000e+00 0.000000000000000000e+00 -1.000000000000000000e+00 -1.000000000000000000e+00
1.640000000000000000e+02 3.717029760666699531e+03 3.518675946298870372e+01 4.147457396184521528e-02 1.639356931509810655e+00 0.000000000000000000e+00 9.000000000000001055e-02 0.000000000000000000e+00 1.000000000000000000e+00 1.000000000000000000e+00 0.000000000000000000e+00 0.000000000000000000e+00 -1.000000000000000000e+00 -1.000000000000000000e+00
1.840000000000000000e+02 4.122826776182224421e+03 1.158051267133467555e+01 3.699881952421735232e-02 1.441907554424277427e+00 0.000000000000000000e+00 4.652265142747528670e-01 0.000000000000000000e+00 1.000000000000000000e+00 1.000000000000000000e+00 0.000000000000000000e+00 0.000000000000000000e+00 -1.000000000000000000e+00 -1.000000000000000000e+00
1.990000000000000000e+02 5.770759444976469240e+03 2.638136832194302173e+01 -1.210477642859353192e-01 3.094205647996751907e+00 0.000000000000000000e+00 3.190319669715137030e-01 0.000000000000000000e+00 1.000000000000000000e+00 1.000000000000000000e+00 0.000000000000000000e+00 0.000000000000000000e+00 -1.000000000000000000e+00 -1.000000000000000000e+00
3.660000000000000000e+02 8.493923291168338210e+02 1.736430189938420554e+01 2.315000872650045671e-02 1.702153804018002869e+00 0.000000000000000000e+00 9.000000000000001055e-02 -1.000000000000000000e+00 1.000000000000000000e+00 1.000000000000000000e+00 1.800000000000000000e+01 1.000000000000000000e+05 -1.000000000000000000e+00 -1.000000000000000000e+00
3.670000000000000000e+02 7.796152888261225371e+02 1.454797702542602522e+01 -1.287523083687551473e-01 1.930453047581348613e+00 0.000000000000000000e+00 1.545797730419552242e-02 -1.000000000000000000e+00 1.000000000000000000e+00 1.000000000000000000e+00 1.800000000000000000e+01 2.000000000000000000e+05 -1.000000000000000000e+00 -1.000000000000000000e+00
3.680000000000000000e+02 4.497428415723951503e+02 1.039493208914804789e+01 -1.307327316682727406e-03 1.347956917123564580e+00 0.000000000000000000e+00 1.208100582601724649e-02 -1.000000000000000000e+00 1.000000000000000000e+00 1.000000000000000000e+00 1.800000000000000000e+01 3.000000000000000000e+05 -1.000000000000000000e+00 -1.000000000000000000e+00
3.700000000000000000e+02 7.365126387591914181e+02 1.679061219293482665e+01 1.064394855582395522e-01 6.870552747573570596e-01 0.000000000000000000e+00 9.000000000000001055e-02 -1.000000000000000000e+00 1.000000000000000000e+00 1.000000000000000000e+00 1.800000000000000000e+01 4.000000000000000000e+05 -1.000000000000000000e+00 -1.000000000000000000e+00
3.710000000000000000e+02 3.842375083761380665e+02 1.184614935059927099e+01 -1.518543787408013213e-01 2.649214824330690554e+00 0.000000000000000000e+00 1.000000000000000056e-01 -1.000000000000000000e+00 1.000000000000000000e+00 1.000000000000000000e+00 1.800000000000000000e+01 5.000000000000000000e+05 -1.000000000000000000e+00 -1.000000000000000000e+00
