# id_num orb_a mass spin spin_angle orb_inc orb_ecc orb_arg_periapse orb_ang_mom gen galaxy time_passed gw_freq gw_strain
1.000000000000000000e+00 4.251566678595042322e+04 1.193373037148922400e+01 -5.405770340213168074e-02 6.233040424629513465e-01 6.786188599809239025e-03 9.772839000346827953e-02 0.000000000000000000e+00 1.000000000000000000e+00 1.000000000000000000e+00 0.000000000000000000e+00 0.000000000000000000e+00 -1.000000000000000000e+00 -1.000000000000000000e+00
1.200000000000000000e+01 4.526125580394402641e+04 1.181472171363158097e+01 -2.924592676002506220e-02 9.393942483758842554e-01 3.149818673702291960e+00 5.853365107383372984e-02 1.570796326794896558e+00 1.000000000000000000e+00 1.000000000000000000e+00 0.000000000000000000e+00 0.000000000000000000e+00 -1.000000000000000000e+00 -1.000000000000000000e+00
1.300000000000000000e+01 2.122305371039652891e+04 1.054684134691643926e+01 1.426969220083442458e-01 1.458407462497123053e+00 -3.913204817933864724e-03 1.682155836026530057e-02 0.000000000000000000e+00 1.000000000000000000e+00 1.000000000000000000e+00 0.000000000000000000e+00 0.000000000000000000e+00 -1.000000000000000000e+00 -1.000000000000000000e+00
1.500000000000000000e+01 4.523131431925795914e+04 2.904233491981279158e+01 -8.873220753537437722e-02 3.100000000000000089e+00 -2.882186239694843957e-02 3.348256980439511671e-02 1.570796326794896558e+00 1.000000000000000000e+00 1.000000000000000000e+00 0.000000000000000000e+00 0.000000000000000000e+00 -1.000000000000000000e+00 -1.000000000000000000e+00
1.800000000000000000e+01 1.533176203057219209e+04 2.642645489049098018e+01 -2.383028933515821818e-02 1.752940821098661228e+00 3.132427546567765120e+00 1.000000000000000021e-02 1.570796326794896558e+00 1.000000000000000000e+00 1.000000000000000000e+00 0.000000000000000000e+00 0.000000000000000000e+00 -1.000000000000000000e+00 -1.000000000000000000e+00
1.900000000000000000e+01 2.770264238830270187e+04 1.999148359303679712e+01 1.004384904689835656e-01 1.700617565265204245e+00 -2.099367473296359990e-02 3.665772777348298705e-02 1.570796326794896558e+00 1.000000000000000000e+00 1.000000000000000000e+00 0.000000000000000000e+00 0.000000000000000000e+00 -1.000000000000000000e+00 -1.000000000000000000e+00
2.200000000000000000e+01 4.167028349943962530e+04 2.963209492167227310e+01 -4.740311022047279110e-02 1.233690659320308525e+00 1.130638957072130878e-02 1.065735229409836733e-02 0.000000000000000000e+00 1.000000000000000000e+00 1.000000000000000000e+00 0.000000000000000000e+00 0.000000000000000000e+00 -1.000000000000000000e+00 -1.000000000000000000e+00
2.400000000000000000e+01 2.116511829018246499e+04 2.821541455307777113e+01 8.133247197719879751e-02 1.473906931404372678e+00 -1.914885630429114666e-02 1.000000000000000021e-02 0.000000000000000000e+00 1.000000000000000000e+00 1.000000000000000000e+00 0.000000000000000000e+00 0.000000000000000000e+00 -1.000000000000000000e+00 -1.000000000000000000e+00
2.700000000000000000e+01 4.566937077023920574e+04 1.286944611113787218e+01 -3.073354176300184259e-01 2.725471902088032916e+00 3.144101487363557546e+00 8.453352445938511206e-02 0.000000000000000000e+00 1.000000000000000000e+00 1.000000000000000000e+00 0.000000000000000000e+00 0.000000000000000000e+00 -1.000000000000000000e+00 -1.000000000000000000e+00
3.000000000000000000e+01 1.459045310068305241e+02 1.821776643169588539e+01 -9.900791659327376482e-02 2.384483848946109319e+00 3.066549165711780489e+00 3.776976043539863326e-02 0.000000000000000000e+00 1.000000000000000000e+00 1.000000000000000000e+00 0.000000000000000000e+00 0.000000000000000000e+00 -1.000000000000000000e+00 -1.000000000000000000e+00
3.200000000000000000e+01 2.533420064056638512e+04 1.414493453765491005e+01 -3.372482064543450009e-02 1.202058315807147837e+00 3.146809644452993382e+00 1.560301117445704773e-02 1.570796326794896558e+00 1.000000000000000000e+00 1.000000000000000000e+00 0.000000000000000000e+00 0.000000000000000000e+00 -1.000000000000000000e+00 -1.000000000000000000e+00
3.300000000000000000e+01 3.679284795313794802e+02 1.364697417640814869e+01 1.035649431261736197e-01 9.695906342857754101e-01 3.141988680675793955e+00 3.181062667764213148e-02 0.000000000000000000e+00 1.000000000000000000e+00 1.000000000000000000e+00 0.000000000000000000e+00 0.000000000000000000e+00 -1.000000000000000000e+00 -1.000000000000000000e+00
3.400000000000000000e+01 2.849910799829565804e+04 1.105233335689199237e+01 -2.375497768197331466e-02 1.685294631567598511e+00 -4.567680755501830892e-02 3.221768033278672033e-02 1.570796326794896558e+00 1.000000000000000000e+00 1.000000000000000000e+00 0.000000000000000000e+00 0.000000000000000000e+00 -1.000000000000000000e+00 -1.000000000000000000e+00
3.600000000000000000e+01 6.208049780074275986e+03 1.531554355035764559e+01 1.340989844246094076e-01 1.529119616513533675e+00 -1.701775945182507771e-03 9.000000000000001055e-02 0.000000000000000000e+00 1.000000000000000000e+00 1.000000000000000000e+00 0.000000000000000000e+00 0.000000000000000000e+00 -1.000000000000000000e+00 -1.000000000000000000e+00
4.300000000000000000e+01 2.817206949682428603e+04 2.987647181334123303e+01 -3.220531644585862552e-02 1.406386686539678799e+00 3.133520299418386834e+00 1.000000000000000021e-02 0.000000000000000000e+00 1.000000000000000000e+00 1.000000000000000000e+00 0.000000000000000000e+00 0.000000000000000000e+00 -1.000000000000000000e+00 -1.000000000000000000e+00
4.500000000000000000e+01 1.861633769340992876e+04 1.061312042901800723e+01 -2.005064509522083011e-02 1.106487284283182104e+00 -1.518376581067833013e-02 4.114828277810968216e-02 0.000000000000000000e+00 1.000000000000000000e+00 1.000000000000000000e+00 0.000000000000000000e+00 0.000000000000000000e+00 -1.000000000000000000e+00 -1.000000000000000000e+00
4.600000000000000000e+01 2.715974560465261675e+04 1.501870577988474942e+01 -3.430730254559079262e-02 1.415372088522234950e+00 -6.594700922529119283e-03 1.000000000000000021e-02 1.570796326794896558e+00 1.000000000000000000e+00 1.000000000000000000e+00 0.000000000000000000e+00 0.000000000000000000e+00 -1.000000000000000000e+00 -1.000000000000000000e+00
4.700000000000000000e+01 3.663024406346044270e+04 2.114971356677805403e+01 -3.420126195052263784e-01 2.804056201595348075e+00 3.102225761208691424e+00 5.152794770081839393e-02 1.570796326794896558e+00 1.000000000000000000e+00 1.000000000000000000e+00 0.000000000000000000e+00 0.000000000000000000e+00 -1.000000000000000000e+00 -1.000000000000000000e+00
4.800000000000000000e+01 3.654236290651841409e+04 3.839521625189594545e+01 7.742056123598867190e-02 1.922888767316311753e+00 3.118836717928522351e+00 5.097480390287573854e-02 1.570796326794896558e+00 1.000000000000000000e+00 1.000000000000000000e+00 0.000000000000000000e+00 0.000000000000000000e+00 -1.000000000000000000e+00 -1.000000000000000000e+00
4.900000000000000000e+01 3.925490400122881692e+04 1.920157599961417461e+01 -1.432120379247615871e-01 3.100000000000000089e+00 3.100093168432640933e+00 1.000000000000000021e-02 0.000000000000000000e+00 1.000000000000000000e+00 1.000000000000000000e+00 0.000000000000000000e+00 0.000000000000000000e+00 -1.000000000000000000e+00 -1.000000000000000000e+00
5.300000000000000000e+01 1.746869004470918662e+04 1.467078998971320658e+01 -8.577968752373946182e-02 2.528138185233869351e+00 3.152420592341617755e+00 6.670773309594980882e-02 1.570796326794896558e+00 1.000000000000000000e+00 1.000000000000000000e+00 0.000000000000000000e+00 0.000000000000000000e+00 -1.000000000000000000e+00 -1.000000000000000000e+00
5.400000000000000000e+01 4.707350588396462263e+04 3.581294585905393291e+01 -2.328657890115300999e-01 2.149267282963428727e+00 3.112506352939422793e+00 5.303892460166006323e-02 0.000000000000000000e+00 1.000000000000000000e+00 1.000000000000000000e+00 0.000000000000000000e+00 0.000000000000000000e+00 -1.000000000000000000e+00 -1.000000000000000000e+00
5.500000000000000000e+01 9.822117776140652495e+03 1.453575438949133947e+01 -2.831078391978939512e-01 2.810972027147884411e+00 -2.777701715757683806e-02 9.000000000000001055e-03 1.570796326794896558e+00 1.000000000000000000e+00 1.000000000000000000e+00 0.000000000000000000e+00 0.000000000000000000e+00 -1.000000000000000000e+00 -1.000000000000000000e+00
5.600000000000000000e+01 3.886913900368334725e+04 1.212255767234275439e+01 -9.025498954428523568e-02 3.100000000000000089e+00 3.180512126743498147e+00 1.152894860868559912e-02 0.000000000000000000e+00 1.000000000000000000e+00 1.000000000000000000e+00 0.000000000000000000e+00 0.000000000000000000e+00 -1.000000000000000000e+00 -1.000000000000000000e+00
5.800000000000000000e+01 4.439322281907015713e+04 1.373492740842918636e+01 1.578778917583240592e-03 5.867732256555570070e-01 -2.667306145739275353e-02 1.289102081892923128e-02 0.000000000000000000e+00 1.000000000000000000e+00 1.000000000000000000e+00 0.000000000000000000e+00 0.000000000000000000e+00 -1.000000000000000000e+00 -1.000000000000000000e+00
6.100000000000000000e+01 5.000000000000000000e+04 3.255918232204328433e+01 -1.093272489295832456e-01 3.100000000000000089e+00 -3.205752700602801375e-02 1.175695444732241697e-02 1.570796326794896558e+00 1.000000000000000000e+00 1.000000000000000000e+00 0.000000000000000000e+00 0.000000000000000000e+00 -1.000000000000000000e+00 -1.000000000000000000e+00
6.200000000000000000e+01 5.000000000000000000e+04 2.449933447816506416e+01 -1.098986921221421081e-01 2.644497980449759922e+00 3.340551438635392528e-02 3.586228178034915615e-02 0.000000000000000000e+00 1.000000000000000000e+00 1.000000000000000000e+00 0.000000000000000000e+00 0.000000000000000000e+00 -1.000000000000000000e+00 -1.000000000000000000e+00
6.300000000000000000e+01 2.976544789438608859e+04 1.049155990351797030e+01 -9.542623791251809984e-02 3.044160000000000199e+00 -3.705503786566999302e-02 1.000000000000000021e-02 0.000000000000000000e+00 1.000000000000000000e+00 1.000000000000000000e+00 0.000000000000000000e+00 0.000000000000000000e+00 -1.000000000000000000e+00 -1.000000000000000000e+00
6.700000000000000000e+01 4.818848106877018290e+04 1.223733463733161031e+01 -6.146896431472538905e-03 1.080169213791734695e+00 -1.625214185849134865e-02 1.438998462603205408e-02 0.000000000000000000e+00 1.000000000000000000e+00 1.000000000000000000e+00 0.000000000000000000e+00 0.000000000000000000e+00 -1.000000000000000000e+00 -1.000000000000000000e+00
6.800000000000000000e+01 3.535771583452115738e+04 1.018214545281434447e+01 1.158227576575049378e-02 1.845349247555912120e+00 -4.635998618342804592e-03 1.641399934744633068e-02 1.570796326794896558e+00 1.000000000000000000e+00 1.000000000000000000e+00 0.000000000000000000e+00 0.000000000000000000e+00 -1.000000000000000000e+00 -1.000000000000000000e+00
7.000000000000000000e+01 3.604798721055628903e+02 1.550771237285958115e+01 -2.032029050741400444e-02 1.381055337449423215e+00 3.153830136876595969e+00 3.851437186199178908e-02 1.570796326794896558e+00 1.000000000000000000e+00 1.000000000000000000e+00 0.000000000000000000e+00 0.000000000000000000e+00 -1.000000000000000000e+00 -1.000000000000000000e+00
7.300000000000000000e+01 3.384311785183773463e+04 2.786274329512933789e+01 -7.279881068550628220e-02 2.248415583403116091e+00 3.167278979422717189e+00 3.300765273654487908e-02 1.570796326794896558e+00 1.000000000000000000e+00 1.000000000000000000e+00 0.000000000000000000e+00 0.000000000000000000e+00 -1.000000000000000000e+00 -1.000000000000000000e+00
7.400000000000000000e+01 3.508444369308400201e+04 1.297780764779169616e+01 7.566260946439051782e-02 1.827565920003127786e+00 -2.328812421471131155e-02 6.723750358389088411e-02 1.570796326794896558e+00 1.000000000000000000e+00 1.000000000000000000e+00 0.000000000000000000e+00 0.000000000000000000e+00 -1.000000000000000000e+00 -1.000000000000000000e+00
7.900000000000000000e+01 2.268184464959980323e+04 1.242651495242049009e+01 9.458401635880731018e-02 1.348399923317438631e+00 3.101054317901241308e+00 1.000000000000000021e-02 0.000000000000000000e+00 1.000000000000000000e+00 1.000000000000000000e+00 0.000000000000000000e+00 0.000000000000000000e+00 -1.000000000000000000e+00 -1.000000000000000000e+00
8.000000000000000000e+01 1.199809138757086293e+04 1.072054617078774541e+01 -1.944333470374675910e-01 2.733332267490507839e+00 -1.769219974119516300e-02 1.000000000000000056e-01 0.000000000000000000e+00 1.000000000000000000e+00 1.000000000000000000e+00 0.000000000000000000e+00 0.000000000000000000e+00 -1.000000000000000000e+00 -1.000000000000000000e+00
8.100000000000000000e+01 4.960895039326045662e+04 1.743478902539343522e+01 -2.314488007403048275e-01 3.100000000000000089e+00 3.119922864757618708e+00 1.579766545305121353e-02 1.570796326794896558e+00 1.000000000000000000e+00 1.000000000000000000e+00 0.000000000000000000e+00 0.000000000000000000e+00 -1.000000000000000000e+00 -1.000000000000000000e+00
8.200000000000000000e+01 4.030772354943821938e+02 2.345748817048513857e+01 -1.390545286301766714e-01 3.100000000000000089e+00 6.916687223268775352e-03 8.205705498156273814e-02 0.000000000000000000e+00 1.000000000000000000e+00 1.000000000000000000e+00 0.000000000000000000e+00 0.000000000000000000e+00 -1.000000000000000000e+00 -1.000000000000000000e+00
8.300000000000000000e+01 4.227230297300631037e+02 1.140063636834238814e+01 -1.372984364888293618e-01 2.692828241077964702e+00 3.150382363305211264e+00 1.282760255848323754e-02 0.000000000000000000e+00 1.000000000000000000e+00 1.000000000000000000e+00 0.000000000000000000e+00 0.000000000000000000e+00 -1.000000000000000000e+00 -1.000000000000000000e+00
8.600000000000000000e+01 4.157469027352246371e+02 1.876920877226153195e+01 -7.546557407750209556e-02 2.182367210029683591e+00 3.145414539092490802e+00 4.874499421308904623e-02 0.000000000000000000e+00 1.000000000000000000e+00 1.000000000000000000e+00 0.000000000000000000e+00 0.000000000000000000e+00 -1.000000000000000000e+00 -1.000000000000000000e+00
8.700000000000000000e+01 3.742154277573281433e+04 1.543078393620788624e+01 -1.639151461777726415e-01 3.072080000000000144e+00 -3.641062729547564492e-02 6.412824511755166323e-02 0.000000000000000000e+00 1.000000000000000000e+00 1.000000000000000000e+00 0.000000000000000000e+00 0.000000000000000000e+00 -1.000000000000000000e+00 -1.000000000000000000e+00
8.900000000000000000e+01 8.529712896484366865e+03 1.520582629178016276e+01 -1.673226629116392195e-01 3.079060000000000130e+00 3.128000091802560334e+00 2.698049715257839695e-02 1.570796326794896558e+00 1.000000000000000000e+00 1.000000000000000000e+00 0.000000000000000000e+00 0.000000000000000000e+00 -1.000000000000000000e+00 -1.000000000000000000e+00
9.500000000000000000e+01 5.000000000000000000e+04 1.112275454201991209e+01 -5.529592644955877434e-02 1.297610599461478831e+00 3.173920581119499040e+00 9.614742192574401991e-02 0.000000000000000000e+00 1.000000000000000000e+00 1.000000000000000000e+00 0.000000000000000000e+00 0.000000000000000000e+00 -1.000000000000000000e+00 -1.000000000000000000e+00
9.600000000000000000e+01 2.938738195628738322e+04 1.054702558572967419e+01 -1.242330357105641825e-01 2.293683192840220819e+00 3.911406491985711803e-02 1.000000000000000021e-02 0.000000000000000000e+00 1.000000000000000000e+00 1.000000000000000000e+00 0.000000000000000000e+00 0.000000000000000000e+00 -1.000000000000000000e+00 -1.000000000000000000e+00
9.700000000000000000e+01 3.681775320593860670e+04 1.295677007849803708e+01 -1.430806172920467620e-03 1.660633052098627216e+00 3.101039971582152166e+00 2.795431013123806860e-02 0.000000000000000000e+00 1.000000000000000000e+00 1.000000000000000000e+00 0.000000000000000000e+00 0.000000000000000000e+00 -1.000000000000000000e+00 -1.000000000000000000e+00
1.000000000000000000e+02 1.448193203714654373e+04 1.501954864493642816e+01 -3.535419858954642891e-02 1.230105549313878832e+00 3.141482219579775137e+00 1.000000000000000021e-02 0.000000000000000000e+00 1.000000000000000000e+00 1.000000000000000000e+00 0.000000000000000000e+00 0.000000000000000000e+00 -1.000000000000000000e+00 -1.000000000000000000e+00
1.030000000000000000e+02 4.233488863579448207e+02 1.030525599392149871e+01 1.427123064769150740e-02 9.552586306839165875e-01 -1.156580394702475499e-02 6.776475004214711773e-02 1.570796326794896558e+00 1.000000000000000000e+00 1.000000000000000000e+00 0.000000000000000000e+00 0.000000000000000000e+00 -1.000000000000000000e+00 -1.000000000000000000e+00
1.040000000000000000e+02 3.372146987808065751e+04 1.430017743770410732e+01 -3.132450053327782286e-02 9.666565700534773820e-01 -3.321584380793554669e-02 1.561182484555620302e-02 1.570796326794896558e+00 1.000000000000000000e+00 1.000000000000000000e+00 0.000000000000000000e+00 0.000000000000000000e+00 -1.000000000000000000e+00 -1.000000000000000000e+00
1.050000000000000000e+02 4.491537614087746624e+04 1.110063090644542783e+01 -3.097486663018899633e-01 3.100000000000000089e+00 2.568286674893477742e-02 3.130510089445822514e-02 1.570796326794896558e+00 1.000000000000000000e+00 1.000000000000000000e+00 0.000000000000000000e+00 0.000000000000000000e+00 -1.000000000000000000e+00 -1.000000000000000000e+00
1.060000000000000000e+02 3.406494737886892835e+04 1.852772480872076599e+01 -9.731135634152458802e-02 3.100000000000000089e+00 3.119576888760822619e+00 6.819163570748026926e-02 1.570796326794896558e+00 1.000000000000000000e+00 1.000000000000000000e+00 0.000000000000000000e+00 0.000000000000000000e+00 -1.000000000000000000e+00 -1.000000000000000000e+00
1.090000000000000000e+02 5.076950804139884212e+02 1.044113930650160960e+01 -1.822200449949264167e-01 3.013998651662381789e+00 7.291852867818847742e-03 3.216989055937102132e-02 1.570796326794896558e+00 1.000000000000000000e+00 1.000000000000000000e+00 0.000000000000000000e+00 0.000000000000000000e+00 -1.000000000000000000e+00 -1.000000000000000000e+00
1.100000000000000000e+02 2.893738000956340693e+04 2.524063518325355560e+01 6.317819863846152462e-02 8.794510114676507007e-01 3.135362385202191238e+00 1.752940656907887862e-02 1.570796326794896558e+00 1.000000000000000000e+00 1.000000000000000000e+00 0.000000000000000000e+00 0.000000000000000000e+00 -1.000000000000000000e+00 -1.000000000000000000e+00
1.130000000000000000e+02 4.829699818902326660e+04 2.065800347625955524e+01 1.182677520704055185e-01 6.561242298929662597e-01 3.182773635656377387e+00 1.018201497180559884e-01 0.000000000000000000e+00 1.000000000000000000e+00 1.000000000000000000e+00 0.000000000000000000e+00 0.000000000000000000e+00 -1.000000000000000000e+00 -1.000000000000000000e+00
1.150000000000000000e+02 2.257320420937159361e+04 1.304205118278089515e+01 -7.617305339417274057e-02 2.595459257103727602e+00 3.107579228585072961e+00 1.000000000000000021e-02 1.570796326794896558e+00 1.000000000000000000e+00 1.000000000000000000e+00 0.000000000000000000e+00 0.000000000000000000e+00 -1.000000000000000000e+00 -1.000000000000000000e+00
1.180000000000000000e+02 2.369978544722474965e+02 1.052878790556548694e+01 -2.015657683647065768e-01 2.538563724327436599e+00 3.166542232881343288e+00 1.932172263192192818e-01 1.570796326794896558e+00 1.000000000000000000e+00 1.000000000000000000e+00 0.000000000000000000e+00 0.000000000000000000e+00 -1.000000000000000000e+00 -1.000000000000000000e+00
1.210000000000000000e+02 6.094913243907852802e+02 3.621508850868229956e+01 9.166248293638065703e-02 1.336877748287514933e+00 6.457492631653688128e-03 9.000000000000001055e-02 1.570796326794896558e+00 1.000000000000000000e+00 1.000000000000000000e+00 0.000000000000000000e+00 0.000000000000000000e+00 -1.000000000000000000e+00 -1.000000000000000000e+00
1.220000000000000000e+02 2.806153451746148494e+04 1.038654330307338292e+01 -1.599524418528350811e-01 2.518725911206566526e+00 3.123837700630768044e+00 1.600059401927186528e-02 0.000000000000000000e+00 1.000000000000000000e+00 1.000000000000000000e+00 0.000000000000000000e+00 0.000000000000000000e+00 -1.000000000000000000e+00 -1.000000000000000000e+00
1.240000000000000000e+02 2.615005763776990716e+04 1.046203222438583325e+01 3.292333008011678885e-02 7.469684475982695249e-01 -1.230104327335017171e-02 4.323978546250115129e-02 0.000000000000000000e+00 1.000000000000000000e+00 1.000000000000000000e+00 0.000000000000000000e+00 0.000000000000000000e+00 -1.000000000000000000e+00 -1.000000000000000000e+00
1.250000000000000000e+02 3.941659802747599315e+04 1.159241843910928615e+01 3.469828127735495593e-02 7.016372732234937848e-01 3.176434696654292456e+00 7.266582999224259487e-02 0.000000000000000000e+00 1.000000000000000000e+00 1.000000000000000000e+00 0.000000000000000000e+00 0.000000000000000000e+00 -1.000000000000000000e+00 -1.000000000000000000e+00
1.260000000000000000e+02 4.500000000000000000e+04 1.857217867886673091e+01 -1.981280206909851738e-01 2.544352761440137556e+00 3.095200837834576113e+00 3.927804060630882971e-02 1.570796326794896558e+00 1.000000000000000000e+00 1.000000000000000000e+00 0.000000000000000000e+00 0.000000000000000000e+00 -1.000000000000000000e+00 -1.000000000000000000e+00
1.270000000000000000e+02 1.620923996059077763e+04 1.039348593547050470e+01 -2.329213639394142610e-01 2.789853057191535424e+00 3.172246701059065810e+00 1.372273126389383230e-02 1.570796326794896558e+00 1.000000000000000000e+00 1.000000000000000000e+00 0.000000000000000000e+00 0.000000000000000000e+00 -1.000000000000000000e+00 -1.000000000000000000e+00
1.280000000000000000e+02 3.055068183680631046e+04 2.231513187378760676e+01 3.386640087833277246e-02 1.428166051870166431e+00 -1.018747392683506080e-02 1.716034631250461934e-02 1.570796326794896558e+00 1.000000000000000000e+00 1.000000000000000000e+00 0.000000000000000000e+00 0.000000000000000000e+00 -1.000000000000000000e+00 -1.000000000000000000e+00
1.300000000000000000e+02 2.213354442439661943e+04 1.183806807613102485e+01 4.449916124793847072e-02 1.038703758242726982e+00 -1.211141699642336207e-02 1.153393888937766232e-02 0.000000000000000000e+00 1.000000000000000000e+00 1.000000000000000000e+00 0.000000000000000000e+00 0.000000000000000000e+00 -1.000000000000000000e+00 -1.000000000000000000e+00
1.330000000000000000e+02 2.664601579889679488e+04 1.349916556134582635e+01 -2.808335161959398252e-01 2.771017361614689811e+00 2.858813024533851666e-02 2.627925720712424168e-02 1.570796326794896558e+00 1.000000000000000000e+00 1.000000000000000000e+00 0.000000000000000000e+00 0.000000000000000000e+00 -1.000000000000000000e+00 -1.000000000000000000e+00
1.370000000000000000e+02 8.673502165669187889e+02 1.063908716536027832e+01 -1.267623136198053335e-01 2.664147170399258968e+00 -3.304142290090857949e-03 1.498022919619096567e-02 0.000000000000000000e+00 1.000000000000000000e+00 1.000000000000000000e+00 0.000000000000000000e+00 0.000000000000000000e+00 -1.000000000000000000e+00 -1.000000000000000000e+00
1.400000000000000000e+02 3.313023067398049170e+04 1.111754795606055346e+01 -2.613726943724857810e-01 2.866071008552510069e+00 -3.374641866736427520e-02 1.447799912784762839e-02 1.570796326794896558e+00 1.000000000000000000e+00 1.000000000000000000e+00 0.000000000000000000e+00 0.000000000000000000e+00 -1.000000000000000000e+00 -1.000000000000000000e+00
1.430000000000000000e+02 4.981419926372724376e+02 1.277530564841619309e+01 -6.157290895726608149e-02 1.223152847091621087e+00 -4.164234680032702189e-03 2.273452543323525518e-02 1.570796326794896558e+00 1.000000000000000000e+00 1.000000000000000000e+00 0.000000000000000000e+00 0.000000000000000000e+00 -1.000000000000000000e+00 -1.000000000000000000e+00
1.450000000000000000e+02 5.000000000000000000e+04 2.096261078354582708e+01 -7.369891605431880266e-02 1.319689995034777130e+00 3.112420572851283040e+00 1.428044529234159463e-02 1.570796326794896558e+00 1.000000000000000000e+00 1.000000000000000000e+00 0.000000000000000000e+00 0.000000000000000000e+00 -1.000000000000000000e+00 -1.000000000000000000e+00
1.500000000000000000e+02 2.657629618360818131e+04 1.359327963324555988e+01 -1.980131715407244530e-01 2.213175663334460364e+00 3.116478466543977532e+00 1.527982584851642241e-02 0.000000000000000000e+00 1.000000000000000000e+00 1.000000000000000000e+00 0.000000000000000000e+00 0.000000000000000000e+00 -1.000000000000000000e+00 -1.000000000000000000e+00
1.520000000000000000e+02 2.438824831372428889e+04 1.415684350177854078e+01 -3.921541798575560456e-02 9.911495330674419124e-01 3.160231788287951815e+00 1.000000000000000021e-02 0.000000000000000000e+00 1.000000000000000000e+00 1.000000000000000000e+00 0.000000000000000000e+00 0.000000000000000000e+00 -1.000000000000000000e+00 -1.000000000000000000e+00
1.530000000000000000e+02 4.093288132866618253e+04 1.092274299698329543e+01 -7.205474731475400296e-02 1.229073631617948470e+00 -2.475663811474277526e-02 1.000000000000000021e-02 1.570796326794896558e+00 1.000000000000000000e+00 1.000000000000000000e+00 0.000000000000000000e+00 0.000000000000000000e+00 -1.000000000000000000e+00 -1.000000000000000000e+00
1.550000000000000000e+02 2.524880601809553627e+04 1.595598869362441796e+01 1.495894828272584243e-02 9.321640858567715737e-01 3.133951487013928006e+00 1.392134205634098718e-02 1.570796326794896558e+00 1.000000000000000000e+00 1.000000000000000000e+00 0.000000000000000000e+00 0.000000000000000000e+00 -1.000000000000000000e+00 -1.000000000000000000e+00
1.610000000000000000e+02 5.000000000000000000e+04 3.981378378195755374e+01 1.098252598884043862e-01 9.547730564725960267e-01 -2.397778361526071295e-02 1.074951316270952167e-02 1.570796326794896558e+00 1.000000000000000000e+00 1.000000000000000000e+00 0.000000000000000000e+00 0.000000000000000000e+00 -1.000000000000000000e+00 -1.000000000000000000e+00
1.620000000000000000e+02 4.444587816283943539e+04 1.993261193232452300e+01 -1.025184566419405641e-02 1.792691703167687889e+00 -3.277804967197488900e-02 1.000000000000000056e-01 1.570796326794896558e+00 1.000000000000000000e+00 1.000000000000000000e+00 0.000000000000000000e+00 0.000000000000000000e+00 -1.000000000000000000e+00 -1.000000000000000000e+00
1.630000000000000000e+02 1.825381575446190982e+04 1.255843633437123685e+01 1.059389565143785683e-01 1.128618020499370322e+00 -1.816054162608402023e-02 1.306603804416554653e-02 0.000000000000000000e+00 1.000000000000000000e+00 1.000000000000000000e+00 0.000000000000000000e+00 0.000000000000000000e+00 -1.000000000000000000e+00 -1.000000000000000000e+00
1.650000000000000000e+02 3.476839838895719004e+04 1.737721003844682599e+01 5.624517692222388669e-03 9.078446927513318387e-01 1.913226445752346785e-03 1.174052219166611330e-02 0.000000000000000000e+00 1.000000000000000000e+00 1.000000000000000000e+00 0.000000000000000000e+00 0.000000000000000000e+00 -1.000000000000000000e+00 -1.000000000000000000e+00
1.660000000000000000e+02 4.242982757852699433e+04 3.382926138936152682e+01 -4.383383162837927588e-02 7.799154357251921743e-01 -3.502366394350756723e-02 2.301483779674741784e-02 1.570796326794896558e+00 1.000000000000000000e+00 1.000000000000000000e+00 0.000000000000000000e+00 0.000000000000000000e+00 -1.000000000000000000e+00 -1.000000000000000000e+00
1.670000000000000000e+02 3.349432420808730967e+04 1.148352537581865285e+01 -1.506093588464384181e-01 2.372086828334253550e+00 -2.413474370320778731e-02 3.253472835260387552e-02 1.570796326794896558e+00 1.000000000000000000e+00 1.000000000000000000e+00 0.000000000000000000e+00 0.000000000000000000e+00 -1.000000000000000000e+00 -1.000000000000000000e+00
1.720000000000000000e+02 2.431381868551352090e+04 1.257804578088756209e+01 -2.198007176259013096e-01 2.593946499361054592e+00 3.136609754831773955e+00 3.805305482565473491e-02 1.570796326794896558e+00 1.000000000000000000e+00 1.000000000000000000e+00 0.000000000000000000e+00 0.000000000000000000e+00 -1.000000000000000000e+00 -1.000000000000000000e+00
1.730000000000000000e+02 8.218265001794850832e+03 1.059549548312445566e+01 -4.646244702593168435e-02 5.734357629560420389e-01 -2.270313194595167255e-02 3.692597079128146637e-02 0.000000000000000000e+00 1.000000000000000000e+00 1.000000000000000000e+00 0.000000000000000000e+00 0.000000000000000000e+00 -1.000000000000000000e+00 -1.000000000000000000e+00
1.750000000000000000e+02 6.160063854173387199e+02 2.026123615480050333e+01 -1.679208286332321831e-01 2.461176232089302029e+00 5.857716443698625375e-03 9.000000000000001055e-02 1.570796326794896558e+00 1.000000000000000000e+00 1.000000000000000000e+00 0.000000000000000000e+00 0.000000000000000000e+00 -1.000000000000000000e+00 -1.000000000000000000e+00
1.760000000000000000e+02 3.446189989854562737e+04 2.438217121689586619e+01 4.350148856255758867e-02 1.064613586989580973e+00 2.814694090861123363e-02 3.996340537289619355e-02 0.000000000000000000e+00 1.000000000000000000e+00 1.000000000000000000e+00 0.000000000000000000e+00 0.000000000000000000e+00 -1.000000000000000000e+00 -1.000000000000000000e+00
1.770000000000000000e+02 4.711698620009888691e+04 3.001796290352181273e+01 1.741091297951142813e-01 1.448170615960489238e+00 3.116274161942593768e+00 1.248784217443765082e-02 1.570796326794896558e+00 1.000000000000000000e+00 1.000000000000000000e+00 0.000000000000000000e+00 0.000000000000000000e+00 -1.000000000000000000e+00 -1.000000000000000000e+00
1.790000000000000000e+02 4.762732095146880602e+04 1.596399028177862611e+01 -7.768798616599070783e-03 1.313427176553713105e+00 -1.312263964220164794e-02 3.610321475510558376e-02 0.000000000000000000e+00 1.000000000000000000e+00 1.000000000000000000e+00 0.000000000000000000e+00 0.000000000000000000e+00 -1.000000000000000000e+00 -1.000000000000000000e+00
1.800000000000000000e+02 1.279492652513359099e+04 1.240495862336640798e+01 -7.270294736576710104e-02 2.152867492000932970e+00 3.119826526632982766e+00 3.239084324825839550e-02 0.000000000000000000e+00 1.000000000000000000e+00 1.000000000000000000e+00 0.000000000000000000e+00 0.000000000000000000e+00 -1.000000000000000000e+00 -1.000000000000000000e+00
1.820000000000000000e+02 2.004521561325733273e+04 1.161959961697862909e+01 1.948338891386162952e-02 1.920131554049012257e+00 -2.733270275748077988e-02 1.000000000000000021e-02 1.570796326794896558e+00 1.000000000000000000e+00 1.000000000000000000e+00 0.000000000000000000e+00 0.000000000000000000e+00 -1.000000000000000000e+00 -1.000000000000000000e+00
1.830000000000000000e+02 2.146002603309045298e+04 1.387868634953582614e+01 -1.026759170617920630e-01 2.375065944416896890e+00 3.136674728633434217e+00 5.801767722488345574e-02 1.570796326794896558e+00 1.000000000000000000e+00 1.000000000000000000e+00 0.000000000000000000e+00 0.000000000000000000e+00 -1.000000000000000000e+00 -1.000000000000000000e+00
1.850000000000000000e+02 2.457359721352310589e+04 1.687279365238975970e+01 -1.806578476452860016e-01 3.037180000000000213e+00 3.113607630785271585e+00 1.000000000000000021e-02 0.000000000000000000e+00 1.000000000000000000e+00 1.000000000000000000e+00 0.000000000000000000e+00 0.000000000000000000e+00 -1.000000000000000000e+00 -1.000000000000000000e+00
1.860000000000000000e+02 2.881580622313530694e+04 1.667369812148264430e+01 -2.087851595057588772e-01 2.197521399032876577e+00 -3.523182204943715173e-02 1.000000000000000021e-02 0.000000000000000000e+00 1.000000000000000000e+00 1.000000000000000000e+00 0.000000000000000000e+00 0.000000000000000000e+00 -1.000000000000000000e+00 -1.000000000000000000e+00
1.880000000000000000e+02 2.970718231842415844e+04 1.237514934872489469e+01 -1.313769501293785003e-02 1.215310953712783526e+00 3.270582297864405713e-02 1.533454570902590200e-02 0.000000000000000000e+00 1.000000000000000000e+00 1.000000000000000000e+00 0.000000000000000000e+00 0.000000000000000000e+00 -1.000000000000000000e+00 -1.000000000000000000e+00
1.900000000000000000e+02 4.070196830556567875e+04 1.511548271300137714e+01 -7.397959262241958489e-02 3.002419914633152498e+00 3.169072517837371539e+00 2.613790034034838353e-02 0.000000000000000000e+00 1.000000000000000000e+00 1.000000000000000000e+00 0.000000000000000000e+00 0.000000000000000000e+00 -1.000000000000000000e+00 -1.000000000000000000e+00
1.910000000000000000e+02 3.959612978230849694e+04 1.892301146859738381e+01 -2.279209935038887525e-01 3.100000000000000089e+00 -2.463800601769755572e-02 5.592849664584519792e-02 0.000000000000000000e+00 1.000000000000000000e+00 1.000000000000000000e+00 0.000000000000000000e+00 0.000000000000000000e+00 -1.000000000000000000e+00 -1.000000000000000000e+00
1.960000000000000000e+02 4.209786063232380548e+04 1.047616454644401074e+01 -1.226425989264703920e-01 2.547173188786665765e+00 -2.986128774071435815e-02 1.216485080274418012e-01 0.000000000000000000e+00 1.000000000000000000e+00 1.000000000000000000e+00 0.000000000000000000e+00 0.000000000000000000e+00 -1.000000000000000000e+00 -1.000000000000000000e+00
1.970000000000000000e+02 5.107996462350785691e+02 1.690429017862421901e+01 -2.026183093442157634e-01 3.100000000000000089e+00 3.147688134475933985e+00 1.107501461212162877e-02 0.000000000000000000e+00 1.000000000000000000e+00 1.000000000000000000e+00 0.000000000000000000e+00 0.000000000000000000e+00 -1.000000000000000000e+00 -1.000000000000000000e+00
1.980000000000000000e+02 4.200461985839096451e+04 1.956340411826700887e+01 3.018146750218819729e-02 9.169076401675256838e-01 3.111847318765401216e+00 1.714352805675456448e-02 1.570796326794896558e+00 1.000000000000000000e+00 1.000000000000000000e+00 0.000000000000000000e+00 0.000000000000000000e+00 -1.000000000000000000e+00 -1.000000000000000000e+00
3.650000000000000000e+02 4.277668689076466535e+02 1.167509281371592955e+01 -9.210896793166679919e-02 2.598080208637273625e+00 0.000000000000000000e+00 2.521660734175850890e-02 -1.000000000000000000e+00 1.000000000000000000e+00 1.000000000000000000e+00 1.800000000000000000e+01 0.000000000000000000e+00 -1.000000000000000000e+00 -1.000000000000000000e+00
2.000000000000000000e+00 5.597521715516334098e+02 1.560545638668476975e+01 -7.986758174232644336e-02 2.849063132981883850e+00 0.000000000000000000e+00 1.000000000000000056e-01 1.570796326794896558e+00 1.000000000000000000e+00 1.000000000000000000e+00 0.000000000000000000e+00 0.000000000000000000e+00 -1.000000000000000000e+00 -1.000000000000000000e+00
4.000000000000000000e+00 5.000000000000000000e+04 1.966848998328018183e+01 -1.847705229098950408e-01 3.100000000000000089e+00 0.000000000000000000e+00 4.255724321634229979e-02 1.570796326794896558e+00 1.000000000000000000e+00 1.000000000000000000e+00 0.000000000000000000e+00 0.000000000000000000e+00 -1.000000000000000000e+00 -1.000000000000000000e+00
2.000000000000000000e+01 4.325295333105211466e+04 3.179471794832081954e+01 -8.356741761698846527e-02 2.387660642556343138e+00 2.095833034099694320e-02 1.000000000000000021e-02 1.570796326794896558e+00 1.000000000000000000e+00 1.000000000000000000e+00 0.000000000000000000e+00 0.000000000000000000e+00 -1.000000000000000000e+00 -1.000000000000000000e+00
2.100000000000000000e+01 4.755729579632585228e+04 2.150589436118933406e+01 -5.930743798526168231e-02 1.688782403287244049e+00 2.110101695507572706e-02 5.749953802176158840e-02 1.570796326794896558e+00 1.000000000000000000e+00 1.000000000000000000e+00 0.000000000000000000e+00 0.000000000000000000e+00 -1.000000000000000000e+00 -1.000000000000000000e+00
3.500000000000000000e+01 2.755803340800399383e+04 1.035156091053616834e+01 1.477465851083373527e-01 1.422335728922539566e+00 1.775946033481537109e-02 7.161620482126691833e-02 1.570796326794896558e+00 1.000000000000000000e+00 1.000000000000000000e+00 0.000000000000000000e+00 0.000000000000000000e+00 -1.000000000000000000e+00 -1.000000000000000000e+00
4.100000000000000000e+01 6.500422636913804126e+02 3.431535106291322279e+01 3.574544389578369896e-02 1.807489729952181934e+00 0.000000000000000000e+00 1.079588155763444232e-02 1.570796326794896558e+00 1.000000000000000000e+00 1.000000000000000000e+00 0.000000000000000000e+00 0.000000000000000000e+00 -1.000000000000000000e+00 -1.000000000000000000e+00
5.200000000000000000e+01 2.340027730508306922e+04 1.423187755729922976e+01 -5.389463367415135014e-02 2.135001870360937470e+00 0.000000000000000000e+00 1.000000000000000021e-02 1.570796326794896558e+00 1.000000000000000000e+00 1.000000000000000000e+00 0.000000000000000000e+00 0.000000000000000000e+00 -1.000000000000000000e+00 -1.000000000000000000e+00
6.000000000000000000e+01 3.688791020730226592e+04 3.699691772613563501e+01 -1.951044186948818204e-01 3.100000000000000089e+00 1.818879587068536127e-02 7.562902760840929661e-02 1.570796326794896558e+00 1.000000000000000000e+00 1.000000000000000000e+00 0.000000000000000000e+00 0.000000000000000000e+00 -1.000000000000000000e+00 -1.000000000000000000e+00
6.600000000000000000e+01 4.295371943967201514e+04 1.246744901012688800e+01 -9.377172846298464925e-03 1.772135383415420540e+00 1.185927473964450488e-02 1.460561849313119116e-02 1.570796326794896558e+00 1.000000000000000000e+00 1.000000000000000000e+00 0.000000000000000000e+00 0.000000000000000000e+00 -1.000000000000000000e+00 -1.000000000000000000e+00
7.800000000000000000e+01 5.000000000000000000e+04 1.382649609404640856e+01 -1.752409384959070088e-02 7.048932778486370898e-01 1.062785417182008328e-02 1.208719448407050562e-01 1.570796326794896558e+00 1.000000000000000000e+00 1.000000000000000000e+00 0.000000000000000000e+00 0.000000000000000000e+00 -1.000000000000000000e+00 -1.000000000000000000e+00
8.400000000000000000e+01 5.000000000000000000e+04 4.023884585614793252e+01 8.460934651375870419e-02 1.951843715290047854e+00 4.458479843443863971e-02 3.414727656982876475e-02 1.570796326794896558e+00 1.000000000000000000e+00 1.000000000000000000e+00 0.000000000000000000e+00 0.000000000000000000e+00 -1.000000000000000000e+00 -1.000000000000000000e+00
1.120000000000000000e+02 5.000000000000000000e+04 1.396975333600801328e+01 -3.378329506708650093e-03 2.091249921931273015e+00 0.000000000000000000e+00 1.047090040182612758e-01 1.570796326794896558e+00 1.000000000000000000e+00 1.000000000000000000e+00 0.000000000000000000e+00 0.000000000000000000e+00 -1.000000000000000000e+00 -1.000000000000000000e+00
1.140000000000000000e+02 5.000000000000000000e+04 3.265252184279192704e+01 2.389084307705031940e-02 5.468752806168530878e-01 4.605363095659149170e-02 9.122607823554818030e-02 1.570796326794896558e+00 1.000000000000000000e+00 1.000000000000000000e+00 0.000000000000000000e+00 0.000000000000000000e+00 -1.000000000000000000e+00 -1.000000000000000000e+00
1.170000000000000000e+02 5.000000000000000000e+04 1.120040559981937633e+01 -1.242035172086641548e-01 3.100000000000000089e+00 0.000000000000000000e+00 2.237546022313469801e-02 1.570796326794896558e+00 1.000000000000000000e+00 1.000000000000000000e+00 0.000000000000000000e+00 0.000000000000000000e+00 -1.000000000000000000e+00 -1.000000000000000000e+00
1.310000000000000000e+02 5.500000000000000728e+04 2.086066912936207274e+01 -1.304153478687007650e-01 3.100000000000000089e+00 0.000000000000000000e+00 1.000000000000000056e-01 1.570796326794896558e+00 1.000000000000000000e+00 1.000000000000000000e+00 0.000000000000000000e+00 0.000000000000000000e+00 -1.000000000000000000e+00 -1.000000000000000000e+00
1.470000000000000000e+02 5.000000000000000000e+04 1.881418856753738567e+01 -1.765646891936075574e-02 1.049090577872747510e+00 2.857275102831594374e-02 4.189784842211934784e-02 1.570796326794896558e+00 1.000000000000000000e+00 1.000000000000000000e+00 0.000000000000000000e+00 0.000000000000000000e+00 -1.000000000000000000e+00 -1.000000000000000000e+00
1.490000000000000000e+02 3.347960826858070504e+04 1.218016428143468488e+01 -1.991817472382679255e-01 3.100000000000000089e+00 1.579387983531193099e-02 4.406968475014696324e-02 1.570796326794896558e+00 1.000000000000000000e+00 1.000000000000000000e+00 0.000000000000000000e+00 0.000000000000000000e+00 -1.000000000000000000e+00 -1.000000000000000000e+00
1.570000000000000000e+02 5.000000000000000000e+04 2.015731005627567640e+01 -7.009845360555548577e-02 1.541366842207968935e+00 3.197223439425599112e-02 3.999932603310329959e-02 1.570796326794896558e+00 1.000000000000000000e+00 1.000000000000000000e+00 0.000000000000000000e+00 0.000000000000000000e+00 -1.000000000000000000e+00 -1.000000000000000000e+00
1.690000000000000000e+02 1.562224009382994336e+04 1.076761833956933678e+01 1.415895767229627955e-01 1.538080519380692568e+00 0.000000000000000000e+00 1.000000000000000021e-02 1.570796326794896558e+00 1.000000000000000000e+00 1.000000000000000000e+00 0.000000000000000000e+00 0.000000000000000000e+00 -1.000000000000000000e+00 -1.000000000000000000e+00
1.780000000000000000e+02 2.594994038886680210e+04 1.278852139646758346e+01 -1.684159415040132612e-01 3.100000000000000089e+00 0.000000000000000000e+00 1.199746137332688596e-02 1.570796326794896558e+00 1.000000000000000000e+00 1.000000000000000000e+00 0.000000000000000000e+00 0.000000000000000000e+00 -1.000000000000000000e+00 -1.000000000000000000e+00
1.920000000000000000e+02 6.237000000000001592e+02 3.042687576989831300e+01 -1.414593506426326253e-01 3.100000000000000089e+00 3.068926398327169024e-03 8.100000000000001643e-02 1.570796326794896558e+00 1.000000000000000000e+00 1.000000000000000000e+00 0.000000000000000000e+00 0.000000000000000000e+00 -1.000000000000000000e+00 -1.000000000000000000e+00
1.930000000000000000e+02 3.156870371522703863e+04 1.418612455049197330e+01 1.000057202585286631e-01 6.781165187628668267e-01 0.000000000000000000e+00 4.344493181349805278e-02 1.570796326794896558e+00 1.000000000000000000e+00 1.000000000000000000e+00 0.000000000000000000e+00 0.000000000000000000e+00 -1.000000000000000000e+00 -1.000000000000000000e+00
2.000000000000000000e+02 5.000000000000000000e+04 1.699883478785395496e+01 -1.233116708582040755e-01 2.437446738465989693e+00 3.984194023304017673e-02 1.730344446215242513e-02 1.570796326794896558e+00 1.000000000000000000e+00 1.000000000000000000e+00 0.000000000000000000e+00 0.000000000000000000e+00 -1.000000000000000000e+00 -1.000000000000000000e+00
1.000000000000000000e+01 3.821395006510123267e+02 1.505713735908793360e+01 1.309486266020761236e-01 1.158653748947468198e+00 0.000000000000000000e+00 1.293953245763489468e-01 0.000000000000000000e+00 1.000000000000000000e+00 1.000000000000000000e+00 0.000000000000000000e+00 0.000000000000000000e+00 -1.000000000000000000e+00 -1.000000000000000000e+00
1.600000000000000000e+01 6.770540093916508795e+02 1.937396313753841071e+01 3.363757774333471680e-03 1.504913727032612281e+00 0.000000000000000000e+00 2.192711365729954273e-02 0.000000000000000000e+00 1.000000000000000000e+00 1.000000000000000000e+00 0.000000000000000000e+00 0.000000000000000000e+00 -1.000000000000000000e+00 -1.000000000000000000e+00
2.600000000000000000e+01 7.123481100873283140e+03 1.543287124657435960e+01 3.410997025992411336e-02 1.713729147386070961e+00 0.000000000000000000e+00 1.000000000000000021e-02 0.000000000000000000e+00 1.000000000000000000e+00 1.000000000000000000e+00 0.000000000000000000e+00 0.000000000000000000e+00 -1.000000000000000000e+00 -1.000000000000000000e+00
3.100000000000000000e+01 1.064536938824420758e+04 1.089301099744623436e+01 -3.950119868107825061e-02 2.892031294588026658e+00 0.000000000000000000e+00 1.000000000000000021e-02 0.000000000000000000e+00 1.000000000000000000e+00 1.000000000000000000e+00 0.000000000000000000e+00 0.000000000000000000e+00 -1.000000000000000000e+00 -1.000000000000000000e+00
5.000000000000000000e+01 2.768869822943166241e+02 1.087715499042688627e+01 -2.147950170282345583e-01 2.893593910549667303e+00 0.000000000000000000e+00 6.529697292680924914e-01 0.000000000000000000e+00 1.000000000000000000e+00 1.000000000000000000e+00 0.000000000000000000e+00 0.000000000000000000e+00 -1.000000000000000000e+00 -1.000000000000000000e+00
5.700000000000000000e+01 5.728924933944032091e+03 1.175688389932560618e+01 -1.061473723335522312e-01 2.421608221734091959e+00 0.000000000000000000e+00 1.638092769908035609e-02 0.000000000000000000e+00 1.000000000000000000e+00 1.000000000000000000e+00 0.000000000000000000e+00 0.000000000000000000e+00 -1.000000000000000000e+00 -1.000000000000000000e+00
6.900000000000000000e+01 4.539853094527458779e+03 1.197531321519505809e+01 -7.522616766507765618e-02 2.284425056440816171e+00 0.000000000000000000e+00 9.000000000000001055e-02 0.000000000000000000e+00 1.000000000000000000e+00 1.000000000000000000e+00 0.000000000000000000e+00 0.000000000000000000e+00 -1.000000000000000000e+00 -1.000000000000000000e+00
1.070000000000000000e+02 7.700000000000001137e+02 3.537512381375987047e+01 -2.062679726218036580e-01 2.090770516686513147e+00 0.000000000000000000e+00 1.000000000000000056e-01 0.000000000000000000e+00 1.000000000000000000e+00 1.000000000000000000e+00 0.000000000000000000e+00 0.000000000000000000e+00 -1.000000000000000000e+00 -1.000000000000000000e+00
1.360000000000000000e+02 5.959993487474676840e+03 1.054979308960387918e+01 1.399234356358289855e-01 1.932841792425304739e+00 0.000000000000000000e+00 2.124762207975188638e-02 0.000000000000000000e+00 1.000000000000000000e+00 1.000000000000000000e+00 0.000000000000000000e+00 0.000000000000000000e+00 -1.000000000000000000e+00 -1.000000000000000000e+00
1.380000000000000000e+02 5.922076823415920899e+02 1.392047795654180042e+01 -7.252383575611130728e-02 6.455529038648476492e-01 0.000000000000000000e+00 9.000000000000001055e-02 0.000000000000000000e+00 1.000000000000000000e+00 1.000000000000000000e+00 0.000000000000000000e+00 0.000000000000000000e+00 -1.000000000000000000e+00 -1.000000000000000000e+00
1.640000000000000000e+02 7.604426739629060421e+02 3.538152744028706564e+01 1.747457396184519396e-02 1.806876931509810325e+00 0.000000000000000000e+00 9.000000000000001055e-02 0.000000000000000000e+00 1.000000000000000000e+00 1.000000000000000000e+00 0.000000000000000000e+00 0.000000000000000000e+00 -1.000000000000000000e+00 -1.000000000000000000e+00
1.840000000000000000e+02 1.199836534456288973e+03 1.164461385778937874e+01 1.299881952421733100e-02 1.609427554424277096e+00 0.000000000000000000e+00 9.000000000000001055e-02 0.000000000000000000e+00 1.000000000000000000e+00 1.000000000000000000e+00 0.000000000000000000e+00 0.000000000000000000e+00 -1.000000000000000000e+00 -1.000000000000000000e+00
1.990000000000000000e+02 9.652614974636268244e+02 2.652739614106722499e+01 -1.450477642859353267e-01 3.100000000000000089e+00 0.000000000000000000e+00 9.000000000000001055e-02 0.000000000000000000e+00 1.000000000000000000e+00 1.000000000000000000e+00 0.000000000000000000e+00 0.000000000000000000e+00 -1.000000000000000000e+00 -1.000000000000000000e+00
3.660000000000000000e+02 7.402899826175404314e+02 1.746041788192298583e+01 1.150008726500443244e-03 1.855713804018002566e+00 0.000000000000000000e+00 1.527628152723768847e-02 -1.000000000000000000e+00 1.000000000000000000e+00 1.000000000000000000e+00 1.800000000000000000e+01 1.000000000000000000e+05 -1.000000000000000000e+00 -1.000000000000000000e+00
3.670000000000000000e+02 8.416249913489988330e+02 1.462850390832939951e+01 -1.527523083687551686e-01 2.097973047581348283e+00 0.000000000000000000e+00 1.994851528175761723e-02 -1.000000000000000000e+00 1.000000000000000000e+00 1.000000000000000000e+00 1.800000000000000000e+01 2.000000000000000000e+05 -1.000000000000000000e+00 -1.000000000000000000e+00
3.680000000000000000e+02 6.052183943632396677e+02 1.045247077495078258e+01 -2.530732731668274352e-02 1.515476917123564249e+00 0.000000000000000000e+00 1.000000000000000056e-01 -1.000000000000000000e+00 1.000000000000000000e+00 1.000000000000000000e+00 1.800000000000000000e+01 3.000000000000000000e+05 -1.000000000000000000e+00 -1.000000000000000000e+00
3.700000000000000000e+02 7.921830916088641743e+02 1.688355265191226806e+01 8.243948555823953084e-02 8.545752747573567287e-01 0.000000000000000000e+00 1.044241895842156279e-02 -1.000000000000000000e+00 1.000000000000000000e+00 1.000000000000000000e+00 1.800000000000000000e+01 4.000000000000000000e+05 -1.000000000000000000e+00 -1.000000000000000000e+00
3.710000000000000000e+02 3.861622677952799449e+02 1.191172090600827183e+01 -1.758543787408013426e-01 2.816734824330690223e+00 0.000000000000000000e+00 3.903835750563638268e-02 -1.000000000000000000e+00 1.000000000000000000e+00 1.000000000000000000e+00 1.800000000000000000e+01 5.000000000000000000e+05 -1.000000000000000000e+00 -1.000000000000000000e+00
3.720000000000000000e+02 2.540494903756551139e+04 2.761859295125082170e+01 5.895829106900881689e-01 0.000000000000000000e+00 0.000000000000000000e+00 1.424557517418333433e-02 -1.000000000000000000e+00 1.000000000000000000e+00 2.000000000000000000e+00 1.800000000000000000e+01 5.600000000000000000e+05 -1.000000000000000000e+00 -1.000000000000000000e+00
3.730000000000000000e+02 6.730338003255586443e+01 1.995570688355439160e+01 -4.020100337892809628e-02 2.989161485688462516e+00 0.000000000000000000e+00 9.854701016686798209e-02 -1.000000000000000000e+00 1.000000000000000000e+00 1.000000000000000000e+00 1.800000000000000000e+01 6.000000000000000000e+05 -1.000000000000000000e+00 -1.000000000000000000e+00
3.740000000000000000e+02 1.294317345693497373e+04 4.789182016730591585e+01 5.621462164378162596e-01 0.000000000000000000e+00 0.000000000000000000e+00 9.000000000000001055e-02 -1.000000000000000000e+00 1.000000000000000000e+00 2.000000000000000000e+00 1.800000000000000000e+01 7.000000000000000000e+05 -1.000000000000000000e+00 -1.000000000000000000e+00
3.760000000000000000e+02 1.846791580339491929e+02 1.292636871823426681e+01 -1.350411440121834505e-01 2.703275996542563675e+00 0.000000000000000000e+00 9.978213612908548580e-02 -1.000000000000000000e+00 1.000000000000000000e+00 1.000000000000000000e+00 1.800000000000000000e+01 7.000000000000000000e+05 -1.000000000000000000e+00 -1.000000000000000000e+00
7.000000000000000000e+00 6.336379326181687247e+03 1.995859782930891413e+01 -3.569044364973195799e-02 2.242114320817847783e+00 3.126477693805526314e+00 9.000000000000001055e-02 1.570796326794896558e+00 1.000000000000000000e+00 1.000000000000000000e+00 0.000000000000000000e+00 0.000000000000000000e+00 -1.000000000000000000e+00 -1.000000000000000000e+00
3.770000000000000000e+02 1.504040947180251896e+04 4.127379075165790567e+01 5.298424199071402052e-01 0.000000000000000000e+00 0.000000000000000000e+00 2.812963694133988404e-02 -1.000000000000000000e+00 1.000000000000000000e+00 2.000000000000000000e+00 1.800000000000000000e+01 7.300000000000000000e+05 -1.000000000000000000e+00 -1.000000000000000000e+00
