# id_num orb_a mass spin spin_angle orb_inc orb_ecc orb_arg_periapse orb_ang_mom gen galaxy time_passed gw_freq gw_strain
1.600000000000000000e+01 2.714186319369131070e+03 1.351191063571767259e+01 -1.694397171569794747e-01 1.909352816681613607e+00 3.128803242047641930e+00 8.524492134524376541e-02 1.570796326794896558e+00 -1.000000000000000000e+00 1.000000000000000000e+00 0.000000000000000000e+00 0.000000000000000000e+00 -1.000000000000000000e+00 -1.000000000000000000e+00
2.300000000000000000e+01 1.827571914234436190e+04 1.196138254415360791e+01 -3.248276100602694866e-02 2.697167476194899827e+00 3.142312608854322953e+00 2.416493222085124848e-01 1.570796326794896558e+00 -1.000000000000000000e+00 1.000000000000000000e+00 0.000000000000000000e+00 0.000000000000000000e+00 -1.000000000000000000e+00 -1.000000000000000000e+00
2.400000000000000000e+01 9.458730681232715142e+03 1.079831553533414379e+01 -1.199079675011894587e-02 2.886748799437580004e+00 3.124759394627669273e+00 1.744000815422616646e-01 1.570796326794896558e+00 -1.000000000000000000e+00 1.000000000000000000e+00 0.000000000000000000e+00 0.000000000000000000e+00 -1.000000000000000000e+00 -1.000000000000000000e+00
3.700000000000000000e+01 2.607442344625266196e+04 1.014940634588906221e+01 -7.490575242410792145e-03 2.313115907192288212e+00 3.136827310075484210e+00 2.820604537943895984e-01 1.570796326794896558e+00 -1.000000000000000000e+00 1.000000000000000000e+00 0.000000000000000000e+00 0.000000000000000000e+00 -1.000000000000000000e+00 -1.000000000000000000e+00
6.500000000000000000e+01 2.104337320781921517e+04 1.472101139915979395e+01 -1.550380957955629392e-02 2.884081613159909185e+00 3.162115240671108385e+00 1.229937370888626452e-01 1.570796326794896558e+00 -1.000000000000000000e+00 1.000000000000000000e+00 0.000000000000000000e+00 0.000000000000000000e+00 -1.000000000000000000e+00 -1.000000000000000000e+00
7.100000000000000000e+01 8.597510429715168357e+03 1.072715376046516234e+01 -2.201161776627023545e-02 2.200213188543360676e+00 3.148602723852115925e+00 2.953286996114957708e-01 1.570796326794896558e+00 -1.000000000000000000e+00 1.000000000000000000e+00 0.000000000000000000e+00 0.000000000000000000e+00 -1.000000000000000000e+00 -1.000000000000000000e+00
7.300000000000000000e+01 2.955956454310509434e+04 1.163528757400411706e+01 -1.443228411085569624e-02 2.713228864359884085e+00 3.124907619284700733e+00 2.207195890025179796e-01 1.570796326794896558e+00 -1.000000000000000000e+00 1.000000000000000000e+00 0.000000000000000000e+00 0.000000000000000000e+00 -1.000000000000000000e+00 -1.000000000000000000e+00
8.100000000000000000e+01 2.971587492657590701e+04 1.447950843360223061e+01 1.334414939092204710e-01 5.397585900636470146e-01 3.138197308008175312e+00 3.430882164107191407e-02 1.570796326794896558e+00 -1.000000000000000000e+00 1.000000000000000000e+00 0.000000000000000000e+00 0.000000000000000000e+00 -1.000000000000000000e+00 -1.000000000000000000e+00
8.700000000000000000e+01 4.632411844118282170e+04 1.621793750657172595e+01 -5.905893918269344151e-02 2.563751238677155264e+00 3.092050114997760613e+00 1.207524554649976184e-01 1.570796326794896558e+00 -1.000000000000000000e+00 1.000000000000000000e+00 0.000000000000000000e+00 0.000000000000000000e+00 -1.000000000000000000e+00 -1.000000000000000000e+00
1.050000000000000000e+02 4.660028564556063793e+04 3.510673959488901374e+01 1.004218671980079344e-02 8.902899834783918331e-01 3.107767918883896474e+00 5.956214426457841216e-02 1.570796326794896558e+00 -1.000000000000000000e+00 1.000000000000000000e+00 0.000000000000000000e+00 0.000000000000000000e+00 -1.000000000000000000e+00 -1.000000000000000000e+00
1.060000000000000000e+02 3.295279517599300743e+04 2.689372635005484824e+01 4.624789450248344841e-02 1.464932741818366413e+00 3.179849469555925623e+00 9.192452893618691112e-02 1.570796326794896558e+00 -1.000000000000000000e+00 1.000000000000000000e+00 0.000000000000000000e+00 0.000000000000000000e+00 -1.000000000000000000e+00 -1.000000000000000000e+00
1.250000000000000000e+02 2.376800503197373757e+02 1.293573337552797042e+01 6.203248190427898545e-02 2.251935972634431793e-01 3.179417573628064098e+00 2.555004827634436149e-01 1.570796326794896558e+00 -1.000000000000000000e+00 1.000000000000000000e+00 0.000000000000000000e+00 0.000000000000000000e+00 -1.000000000000000000e+00 -1.000000000000000000e+00
1.330000000000000000e+02 3.489735632571661699e+04 1.348184413210114485e+01 4.703500842176831093e-02 6.725001002047229504e-01 3.170821813123974042e+00 1.240659841696737167e-02 1.570796326794896558e+00 -1.000000000000000000e+00 1.000000000000000000e+00 0.000000000000000000e+00 0.000000000000000000e+00 -1.000000000000000000e+00 -1.000000000000000000e+00
1.340000000000000000e+02 4.164619881181076380e+03 1.057908139450127472e+01 -6.916517228868139522e-02 2.388250622934354528e+00 3.134536440524686718e+00 2.957865926396353526e-02 1.570796326794896558e+00 -1.000000000000000000e+00 1.000000000000000000e+00 0.000000000000000000e+00 0.000000000000000000e+00 -1.000000000000000000e+00 -1.000000000000000000e+00
1.410000000000000000e+02 2.651588842196488622e+04 1.008711332394123161e+01 1.789562926665114531e-02 1.124719751718142452e-01 3.154123247958145360e+00 1.402458387167045406e-01 1.570796326794896558e+00 -1.000000000000000000e+00 1.000000000000000000e+00 0.000000000000000000e+00 0.000000000000000000e+00 -1.000000000000000000e+00 -1.000000000000000000e+00
1.420000000000000000e+02 8.490768954384968310e+03 3.577954261178239648e+01 -1.684706673615928851e-01 3.118144670643322236e+00 3.134411512112641240e+00 7.682003599888570511e-02 1.570796326794896558e+00 -1.000000000000000000e+00 1.000000000000000000e+00 0.000000000000000000e+00 0.000000000000000000e+00 -1.000000000000000000e+00 -1.000000000000000000e+00
1.430000000000000000e+02 3.679078087964092992e+04 1.823251987797900142e+01 -2.392472012316679449e-03 2.720378384722100584e+00 3.135556048616421787e+00 1.364313752078404884e-01 1.570796326794896558e+00 -1.000000000000000000e+00 1.000000000000000000e+00 0.000000000000000000e+00 0.000000000000000000e+00 -1.000000000000000000e+00 -1.000000000000000000e+00
1.450000000000000000e+02 2.600575908396110208e+03 2.436600925086477076e+01 -5.066671702017615936e-02 1.840071776493989120e+00 3.136331202046934497e+00 8.249720163435327047e-02 1.570796326794896558e+00 -1.000000000000000000e+00 1.000000000000000000e+00 0.000000000000000000e+00 0.000000000000000000e+00 -1.000000000000000000e+00 -1.000000000000000000e+00
1.650000000000000000e+02 3.638880863347457489e+04 1.140129937734339016e+01 -3.744129464198340390e-02 3.089629488560164727e+00 3.098679027783142192e+00 1.981685468444450288e-02 1.570796326794896558e+00 -1.000000000000000000e+00 1.000000000000000000e+00 0.000000000000000000e+00 0.000000000000000000e+00 -1.000000000000000000e+00 -1.000000000000000000e+00
1.790000000000000000e+02 2.913706531959534550e+04 1.811111644562334178e+01 3.294470346075031864e-02 1.250461778674005320e+00 3.138420694123023935e+00 6.466578497280002502e-02 1.570796326794896558e+00 -1.000000000000000000e+00 1.000000000000000000e+00 0.000000000000000000e+00 0.000000000000000000e+00 -1.000000000000000000e+00 -1.000000000000000000e+00
