# id_num orb_a mass spin spin_angle orb_inc orb_ecc orb_arg_periapse orb_ang_mom gen galaxy time_passed gw_freq gw_strain
1.000000000000000000e+00 4.285170636257941806e+04 1.323210501825649743e+01 9.817325452188646606e-02 7.741729348363718399e-01 3.123284841946837531e+00 2.626061477212260006e-02 0.000000000000000000e+00 1.000000000000000000e+00 1.000000000000000000e+00 0.000000000000000000e+00 0.000000000000000000e+00 -1.000000000000000000e+00 -1.000000000000000000e+00
2.000000000000000000e+00 5.000000000000000000e+04 1.055072746612234091e+01 9.229608683655565748e-02 9.932007598890489897e-01 3.094694634852470649e+00 1.546489585790871979e-01 0.000000000000000000e+00 1.000000000000000000e+00 1.000000000000000000e+00 0.000000000000000000e+00 0.000000000000000000e+00 -1.000000000000000000e+00 -1.000000000000000000e+00
3.000000000000000000e+00 3.949842973924111720e+04 1.190058499482293008e+01 -7.532668830688935002e-02 2.077173309500615961e+00 5.694945067431829086e-03 6.047025416536522952e-02 1.570796326794896558e+00 1.000000000000000000e+00 1.000000000000000000e+00 0.000000000000000000e+00 0.000000000000000000e+00 -1.000000000000000000e+00 -1.000000000000000000e+00
4.000000000000000000e+00 4.894373509205369919e+04 1.030157860941372938e+01 6.659487511463098308e-02 8.838809737307208314e-01 -3.990402387452431782e-02 1.445194283337051036e-02 1.570796326794896558e+00 1.000000000000000000e+00 1.000000000000000000e+00 0.000000000000000000e+00 0.000000000000000000e+00 -1.000000000000000000e+00 -1.000000000000000000e+00
5.000000000000000000e+00 4.987687699346660520e+04 1.124178851550700386e+01 -1.394964984714243683e-01 2.863366588445424021e+00 3.266091996709104273e-02 7.547369411565547914e-02 0.000000000000000000e+00 1.000000000000000000e+00 1.000000000000000000e+00 0.000000000000000000e+00 0.000000000000000000e+00 -1.000000000000000000e+00 -1.000000000000000000e+00
6.000000000000000000e+00 5.134745546194345707e+02 1.127390708234653260e+01 -2.408051250016187209e-02 1.712001125750887809e+00 -5.429252087123962421e-03 2.764058331905920249e-02 1.570796326794896558e+00 1.000000000000000000e+00 1.000000000000000000e+00 0.000000000000000000e+00 0.000000000000000000e+00 -1.000000000000000000e+00 -1.000000000000000000e+00
9.000000000000000000e+00 4.002468837289079238e+04 1.247814596206959337e+01 1.187296436940843414e-01 3.598285667221693407e-01 -3.308169763759701877e-03 5.216255863110998148e-02 0.000000000000000000e+00 1.000000000000000000e+00 1.000000000000000000e+00 0.000000000000000000e+00 0.000000000000000000e+00 -1.000000000000000000e+00 -1.000000000000000000e+00
1.000000000000000000e+01 4.805332779572911386e+04 1.168210896964705192e+01 -1.619850444714722448e-01 2.767469181359144770e+00 -1.520077194369000989e-02 1.170260729337510575e-01 0.000000000000000000e+00 1.000000000000000000e+00 1.000000000000000000e+00 0.000000000000000000e+00 0.000000000000000000e+00 -1.000000000000000000e+00 -1.000000000000000000e+00
1.100000000000000000e+01 4.643776865309572167e+04 1.966463367278575802e+01 1.021506550783840561e-02 8.486747413301602982e-01 3.126192631006505934e-02 2.093900140953358080e-01 0.000000000000000000e+00 1.000000000000000000e+00 1.000000000000000000e+00 0.000000000000000000e+00 0.000000000000000000e+00 -1.000000000000000000e+00 -1.000000000000000000e+00
1.700000000000000000e+01 4.198714055288026429e+04 1.350792996819484948e+01 -7.581679329327163652e-02 3.010568214252017150e+00 3.043599228525451644e-02 2.242101906420836815e-02 0.000000000000000000e+00 1.000000000000000000e+00 1.000000000000000000e+00 0.000000000000000000e+00 0.000000000000000000e+00 -1.000000000000000000e+00 -1.000000000000000000e+00
1.900000000000000000e+01 4.199289891904678370e+04 1.617809166518481234e+01 -6.066517532646605038e-02 1.922725084183855015e+00 8.017408721675530273e-03 4.981027722869697111e-02 1.570796326794896558e+00 1.000000000000000000e+00 1.000000000000000000e+00 0.000000000000000000e+00 0.000000000000000000e+00 -1.000000000000000000e+00 -1.000000000000000000e+00
2.000000000000000000e+01 4.435296518488285801e+04 2.149851955602396458e+01 3.542542713526271314e-02 1.670747166795758298e+00 -1.454737467450797905e-02 2.350168917613669126e-02 1.570796326794896558e+00 1.000000000000000000e+00 1.000000000000000000e+00 0.000000000000000000e+00 0.000000000000000000e+00 -1.000000000000000000e+00 -1.000000000000000000e+00
2.100000000000000000e+01 2.251608580564165823e+04 1.847126341401074612e+01 9.021864926050235378e-02 9.327091011347636851e-01 -7.239923989148254512e-04 1.000000000000000021e-02 0.000000000000000000e+00 1.000000000000000000e+00 1.000000000000000000e+00 0.000000000000000000e+00 0.000000000000000000e+00 -1.000000000000000000e+00 -1.000000000000000000e+00
2.200000000000000000e+01 3.158786737316469953e+04 2.963801354720196457e+01 -2.346923301196636100e-02 9.904253134615095266e-01 -6.666872589557532904e-03 5.626262009470075348e-02 0.000000000000000000e+00 1.000000000000000000e+00 1.000000000000000000e+00 0.000000000000000000e+00 0.000000000000000000e+00 -1.000000000000000000e+00 -1.000000000000000000e+00
2.300000000000000000e+01 4.170662649803312524e+04 1.086321124030448360e+01 -7.072160252586937035e-02 2.221154632706821452e+00 3.159590797160884534e+00 1.110270134948379041e-02 0.000000000000000000e+00 1.000000000000000000e+00 1.000000000000000000e+00 0.000000000000000000e+00 0.000000000000000000e+00 -1.000000000000000000e+00 -1.000000000000000000e+00
2.400000000000000000e+01 4.047726793203289708e+04 1.051209334992399747e+01 2.811211613064908132e-02 3.875424650496130941e-01 4.592879542912264856e-02 9.112087510070060459e-02 0.000000000000000000e+00 1.000000000000000000e+00 1.000000000000000000e+00 0.000000000000000000e+00 0.000000000000000000e+00 -1.000000000000000000e+00 -1.000000000000000000e+00
2.500000000000000000e+01 2.784239874432505894e+04 3.629160992603171820e+01 4.228944246993632250e-02 1.772680704530038787e+00 3.127171861403669872e+00 1.000000000000000021e-02 1.570796326794896558e+00 1.000000000000000000e+00 1.000000000000000000e+00 0.000000000000000000e+00 0.000000000000000000e+00 -1.000000000000000000e+00 -1.000000000000000000e+00
2.700000000000000000e+01 2.473292763829705655e+04 1.747772846907286493e+01 -2.079402632866418354e-01 2.540410544014737759e+00 3.156924442276824561e+00 1.710331809401841388e-02 0.000000000000000000e+00 1.000000000000000000e+00 1.000000000000000000e+00 0.000000000000000000e+00 0.000000000000000000e+00 -1.000000000000000000e+00 -1.000000000000000000e+00
3.000000000000000000e+01 1.186846936718001052e+04 1.400031140557214115e+01 -7.938587647760467214e-02 2.208867430778573393e+00 1.208859162307135068e-02 1.000000000000000021e-02 1.570796326794896558e+00 1.000000000000000000e+00 1.000000000000000000e+00 0.000000000000000000e+00 0.000000000000000000e+00 -1.000000000000000000e+00 -1.000000000000000000e+00
3.200000000000000000e+01 5.000000000000000000e+04 2.710776749219185433e+01 -2.169165098552657822e-01 2.035839278594472557e+00 -1.069498804667559297e-02 1.866030392643852620e-02 1.570796326794896558e+00 1.000000000000000000e+00 1.000000000000000000e+00 0.000000000000000000e+00 0.000000000000000000e+00 -1.000000000000000000e+00 -1.000000000000000000e+00
3.300000000000000000e+01 3.235532933006809913e+02 1.872882536810826082e+01 -7.276044100555816019e-03 7.318626723093836217e-01 3.185230361323546866e+00 5.780429342045578789e-02 1.570796326794896558e+00 1.000000000000000000e+00 1.000000000000000000e+00 0.000000000000000000e+00 0.000000000000000000e+00 -1.000000000000000000e+00 -1.000000000000000000e+00
3.600000000000000000e+01 3.293220543233671197e+04 1.787825412946885351e+01 3.434036227743651748e-02 1.732780134870624211e+00 3.159342560328012528e+00 1.313703953357558442e-02 1.570796326794896558e+00 1.000000000000000000e+00 1.000000000000000000e+00 0.000000000000000000e+00 0.000000000000000000e+00 -1.000000000000000000e+00 -1.000000000000000000e+00
3.700000000000000000e+01 1.660969601231290653e+04 1.734874502885079295e+01 -1.697477315361137495e-01 3.100000000000000089e+00 3.155918160304584053e+00 1.000000000000000021e-02 1.570796326794896558e+00 1.000000000000000000e+00 1.000000000000000000e+00 0.000000000000000000e+00 0.000000000000000000e+00 -1.000000000000000000e+00 -1.000000000000000000e+00
3.800000000000000000e+01 2.846778046421714680e+04 1.022104147189159917e+01 1.272340566285860286e-01 1.590033013996521083e+00 3.117140592686349354e+00 2.590022476909932189e-02 0.000000000000000000e+00 1.000000000000000000e+00 1.000000000000000000e+00 0.000000000000000000e+00 0.000000000000000000e+00 -1.000000000000000000e+00 -1.000000000000000000e+00
3.900000000000000000e+01 5.000000000000000000e+04 1.233425840326741074e+01 7.396055040199889241e-02 1.776264297794100333e+00 3.100794120302682977e+00 1.595627475302308085e-01 0.000000000000000000e+00 1.000000000000000000e+00 1.000000000000000000e+00 0.000000000000000000e+00 0.000000000000000000e+00 -1.000000000000000000e+00 -1.000000000000000000e+00
4.300000000000000000e+01 2.181295303362005507e+04 1.241773519651624369e+01 1.579854927225694261e-01 1.532890599508150764e+00 3.122923088518097856e+00 8.770208314761350488e-02 0.000000000000000000e+00 1.000000000000000000e+00 1.000000000000000000e+00 0.000000000000000000e+00 0.000000000000000000e+00 -1.000000000000000000e+00 -1.000000000000000000e+00
4.500000000000000000e+01 1.200623064173813873e+04 1.149264154851491782e+01 -1.810789653575082259e-01 1.785754410322856423e+00 1.160459636962942083e-02 1.000000000000000021e-02 1.570796326794896558e+00 1.000000000000000000e+00 1.000000000000000000e+00 0.000000000000000000e+00 0.000000000000000000e+00 -1.000000000000000000e+00 -1.000000000000000000e+00
4.600000000000000000e+01 3.921115789534024952e+04 1.385445446696057026e+01 -8.392951448989041663e-02 3.100000000000000089e+00 -3.264301781914872441e-02 4.517894545390831879e-02 1.570796326794896558e+00 1.000000000000000000e+00 1.000000000000000000e+00 0.000000000000000000e+00 0.000000000000000000e+00 -1.000000000000000000e+00 -1.000000000000000000e+00
4.700000000000000000e+01 4.763811578026512166e+02 1.282064749342724497e+01 -5.112915127960225570e-02 3.100000000000000089e+00 3.153691374349103960e+00 1.125142362201621109e-02 1.570796326794896558e+00 1.000000000000000000e+00 1.000000000000000000e+00 0.000000000000000000e+00 0.000000000000000000e+00 -1.000000000000000000e+00 -1.000000000000000000e+00
4.900000000000000000e+01 4.517158320795198233e+04 1.157580097159433308e+01 1.982042479084041020e-02 1.241931672492841976e+00 -1.012093076840486078e-02 2.606632220357752439e-01 0.000000000000000000e+00 1.000000000000000000e+00 1.000000000000000000e+00 0.000000000000000000e+00 0.000000000000000000e+00 -1.000000000000000000e+00 -1.000000000000000000e+00
5.600000000000000000e+01 7.945889640138004324e+03 1.368141721586653325e+01 -6.931502774902208348e-03 9.412134632564812531e-01 3.124741650956784689e+00 9.000000000000001055e-02 1.570796326794896558e+00 1.000000000000000000e+00 1.000000000000000000e+00 0.000000000000000000e+00 0.000000000000000000e+00 -1.000000000000000000e+00 -1.000000000000000000e+00
5.700000000000000000e+01 1.180962635883179064e+04 1.483070297885005040e+01 7.163457226172625925e-02 1.038734105885445569e+00 3.117894098299210270e+00 1.000000000000000021e-02 0.000000000000000000e+00 1.000000000000000000e+00 1.000000000000000000e+00 0.000000000000000000e+00 0.000000000000000000e+00 -1.000000000000000000e+00 -1.000000000000000000e+00
5.900000000000000000e+01 2.379958785292962057e+04 1.798582545045918835e+01 1.723127424045085287e-01 1.374682571260634978e+00 -3.885972375686876264e-03 1.000000000000000021e-02 1.570796326794896558e+00 1.000000000000000000e+00 1.000000000000000000e+00 0.000000000000000000e+00 0.000000000000000000e+00 -1.000000000000000000e+00 -1.000000000000000000e+00
6.200000000000000000e+01 2.513608955048080315e+04 1.439291156111866599e+01 -6.843157615583976561e-02 3.100000000000000089e+00 3.153655697709000005e+00 2.932270602278225571e-02 1.570796326794896558e+00 1.000000000000000000e+00 1.000000000000000000e+00 0.000000000000000000e+00 0.000000000000000000e+00 -1.000000000000000000e+00 -1.000000000000000000e+00
6.300000000000000000e+01 1.656189638350829773e+04 2.205747696187274443e+01 -1.412492719783363659e-01 2.262226403978669698e+00 3.151038748982987858e+00 5.424050734328453305e-02 1.570796326794896558e+00 1.000000000000000000e+00 1.000000000000000000e+00 0.000000000000000000e+00 0.000000000000000000e+00 -1.000000000000000000e+00 -1.000000000000000000e+00
6.500000000000000000e+01 1.907315704460734923e+04 1.537103520988241101e+01 -1.876744749162120307e-01 2.237866817203050918e+00 1.613317415693211326e-02 6.006977663272638351e-02 0.000000000000000000e+00 1.000000000000000000e+00 1.000000000000000000e+00 0.000000000000000000e+00 0.000000000000000000e+00 -1.000000000000000000e+00 -1.000000000000000000e+00
6.600000000000000000e+01 2.737392215753761775e+04 1.187101345136541219e+01 -1.599880424108356958e-01 2.529637747915874257e+00 -3.317936303084062510e-02 1.596388290798995968e-02 1.570796326794896558e+00 1.000000000000000000e+00 1.000000000000000000e+00 0.000000000000000000e+00 0.000000000000000000e+00 -1.000000000000000000e+00 -1.000000000000000000e+00
7.000000000000000000e+01 5.000000000000000000e+04 1.010701999179177335e+01 -6.338457762026591946e-02 3.100000000000000089e+00 3.128810017514310093e+00 5.923031052969020271e-02 1.570796326794896558e+00 1.000000000000000000e+00 1.000000000000000000e+00 0.000000000000000000e+00 0.000000000000000000e+00 -1.000000000000000000e+00 -1.000000000000000000e+00
7.200000000000000000e+01 2.073338635810897176e+04 1.579714100733844795e+01 -1.393318032870836387e-01 3.100000000000000089e+00 3.131537151987322964e+00 2.987477124083367727e-02 1.570796326794896558e+00 1.000000000000000000e+00 1.000000000000000000e+00 0.000000000000000000e+00 0.000000000000000000e+00 -1.000000000000000000e+00 -1.000000000000000000e+00
7.300000000000000000e+01 4.798334866709478956e+04 1.672120043669930922e+01 -1.807728363651676939e-01 3.086699617459622402e+00 3.160619613918274062e+00 3.740434967987540243e-02 1.570796326794896558e+00 1.000000000000000000e+00 1.000000000000000000e+00 0.000000000000000000e+00 0.000000000000000000e+00 -1.000000000000000000e+00 -1.000000000000000000e+00
7.400000000000000000e+01 4.456282849768417123e+02 1.481461159399091088e+01 -2.206343145293372943e-01 2.286857933308186652e+00 9.534321521829851689e-05 2.323661732290240034e-02 1.570796326794896558e+00 1.000000000000000000e+00 1.000000000000000000e+00 0.000000000000000000e+00 0.000000000000000000e+00 -1.000000000000000000e+00 -1.000000000000000000e+00
7.500000000000000000e+01 3.629790838089108001e+04 3.507204950491834694e+01 -5.165369629148305192e-02 2.341776487986360955e+00 3.151096267780191251e+00 9.000000000000001055e-02 1.570796326794896558e+00 1.000000000000000000e+00 1.000000000000000000e+00 0.000000000000000000e+00 0.000000000000000000e+00 -1.000000000000000000e+00 -1.000000000000000000e+00
7.800000000000000000e+01 1.304515315875134183e+04 1.181799779957921892e+01 -4.813037411615536665e-02 2.516038576819414896e+00 3.137177611851628800e+00 1.000000000000000021e-02 0.000000000000000000e+00 1.000000000000000000e+00 1.000000000000000000e+00 0.000000000000000000e+00 0.000000000000000000e+00 -1.000000000000000000e+00 -1.000000000000000000e+00
7.900000000000000000e+01 3.727825698575338902e+04 1.305757311311247371e+01 -1.288336623903264255e-01 3.100000000000000089e+00 3.134184285905515566e+00 2.564864435243380258e-02 0.000000000000000000e+00 1.000000000000000000e+00 1.000000000000000000e+00 0.000000000000000000e+00 0.000000000000000000e+00 -1.000000000000000000e+00 -1.000000000000000000e+00
8.000000000000000000e+01 5.000000000000000000e+04 3.714009667462899955e+01 1.826843886331963318e-01 1.460198233230372900e+00 3.100941268087025193e+00 4.341976972629913584e-02 0.000000000000000000e+00 1.000000000000000000e+00 1.000000000000000000e+00 0.000000000000000000e+00 0.000000000000000000e+00 -1.000000000000000000e+00 -1.000000000000000000e+00
8.200000000000000000e+01 3.275714613102366638e+04 1.482544093642045091e+01 8.576090641522271518e-02 4.482692311805632768e-01 -9.689954928592810907e-03 4.241103972171236108e-02 1.570796326794896558e+00 1.000000000000000000e+00 1.000000000000000000e+00 0.000000000000000000e+00 0.000000000000000000e+00 -1.000000000000000000e+00 -1.000000000000000000e+00
8.300000000000000000e+01 1.554432188448700981e+04 1.478040782270817388e+01 -5.455916283404227407e-02 2.163871661549204184e+00 3.122865866887712283e+00 1.084309608365444447e-02 1.570796326794896558e+00 1.000000000000000000e+00 1.000000000000000000e+00 0.000000000000000000e+00 0.000000000000000000e+00 -1.000000000000000000e+00 -1.000000000000000000e+00
8.500000000000000000e+01 3.933058033086838259e+04 1.317487731585953092e+01 -8.516405054822936971e-02 2.854050192044545575e+00 -4.109931644832025277e-02 4.044959782968497730e-02 0.000000000000000000e+00 1.000000000000000000e+00 1.000000000000000000e+00 0.000000000000000000e+00 0.000000000000000000e+00 -1.000000000000000000e+00 -1.000000000000000000e+00
8.800000000000000000e+01 4.245811612033356505e+04 2.114506095417555542e+01 -4.151049169969885100e-02 2.985450011354096045e+00 3.147949314731972592e+00 1.598246476376915040e-02 0.000000000000000000e+00 1.000000000000000000e+00 1.000000000000000000e+00 0.000000000000000000e+00 0.000000000000000000e+00 -1.000000000000000000e+00 -1.000000000000000000e+00
8.900000000000000000e+01 1.974300110200047857e+04 1.033135856981903977e+01 -1.357607904485963468e-01 2.844360984964044547e+00 3.146783093763113826e+00 9.600306651034251626e-02 0.000000000000000000e+00 1.000000000000000000e+00 1.000000000000000000e+00 0.000000000000000000e+00 0.000000000000000000e+00 -1.000000000000000000e+00 -1.000000000000000000e+00
9.100000000000000000e+01 4.104731618058774620e+04 2.323767161539164050e+01 -2.390755084424555504e-02 5.538001650495518735e-01 3.164035737317659081e+00 1.750037385497485096e-02 1.570796326794896558e+00 1.000000000000000000e+00 1.000000000000000000e+00 0.000000000000000000e+00 0.000000000000000000e+00 -1.000000000000000000e+00 -1.000000000000000000e+00
9.200000000000000000e+01 1.578560326103780426e+04 1.208704033117403398e+01 2.126353067882428421e-02 9.183736099258094088e-01 3.147528572578207839e+00 2.828018117055729544e-02 1.570796326794896558e+00 1.000000000000000000e+00 1.000000000000000000e+00 0.000000000000000000e+00 0.000000000000000000e+00 -1.000000000000000000e+00 -1.000000000000000000e+00
9.300000000000000000e+01 3.007647011580692924e+04 1.458223368007660170e+01 -1.940978406602188178e-01 2.659112218824394525e+00 3.156123039361490523e+00 1.000000000000000056e-01 0.000000000000000000e+00 1.000000000000000000e+00 1.000000000000000000e+00 0.000000000000000000e+00 0.000000000000000000e+00 -1.000000000000000000e+00 -1.000000000000000000e+00
9.400000000000000000e+01 4.679243877742554469e+04 1.224557732359647844e+01 -1.034742184696123973e-01 2.293751885299055271e+00 3.170476059479421238e+00 9.876336771466706632e-02 1.570796326794896558e+00 1.000000000000000000e+00 1.000000000000000000e+00 0.000000000000000000e+00 0.000000000000000000e+00 -1.000000000000000000e+00 -1.000000000000000000e+00
9.600000000000000000e+01 3.141612725257420243e+04 1.436017209945338990e+01 -6.841803789410007275e-02 2.955998441525170328e+00 -2.845929744796822994e-02 1.081771948435930435e-02 0.000000000000000000e+00 1.000000000000000000e+00 1.000000000000000000e+00 0.000000000000000000e+00 0.000000000000000000e+00 -1.000000000000000000e+00 -1.000000000000000000e+00
9.700000000000000000e+01 5.559678256684102280e+02 1.109138810161094568e+01 -4.454665104148452376e-02 2.000965189527943888e+00 3.141169272639397825e+00 9.000000000000001055e-02 0.000000000000000000e+00 1.000000000000000000e+00 1.000000000000000000e+00 0.000000000000000000e+00 0.000000000000000000e+00 -1.000000000000000000e+00 -1.000000000000000000e+00
9.800000000000000000e+01 1.140380421148913592e+04 1.359277486061921714e+01 -2.072937921796965954e-01 2.198531005172403407e+00 -4.485762960029686733e-03 1.000000000000000021e-02 0.000000000000000000e+00 1.000000000000000000e+00 1.000000000000000000e+00 0.000000000000000000e+00 0.000000000000000000e+00 -1.000000000000000000e+00 -1.000000000000000000e+00
1.030000000000000000e+02 5.000000000000000000e+04 2.337504667256926183e+01 -8.469763168421365340e-02 2.283744724476663546e+00 3.152830783653963298e+00 2.967003298451406298e-02 1.570796326794896558e+00 1.000000000000000000e+00 1.000000000000000000e+00 0.000000000000000000e+00 0.000000000000000000e+00 -1.000000000000000000e+00 -1.000000000000000000e+00
1.040000000000000000e+02 6.830337113192490506e+02 3.083250753472287187e+01 1.632603952867846542e-01 5.280320876777445660e-01 1.179133881725100488e-02 9.000000000000001055e-02 0.000000000000000000e+00 1.000000000000000000e+00 1.000000000000000000e+00 0.000000000000000000e+00 0.000000000000000000e+00 -1.000000000000000000e+00 -1.000000000000000000e+00
1.050000000000000000e+02 5.000000000000000000e+04 1.442524745350980275e+01 7.533242676958243345e-02 6.194305303091659498e-01 3.582042419570015401e-02 6.030431278228975955e-02 1.570796326794896558e+00 1.000000000000000000e+00 1.000000000000000000e+00 0.000000000000000000e+00 0.000000000000000000e+00 -1.000000000000000000e+00 -1.000000000000000000e+00
1.060000000000000000e+02 6.530827740694766362e+03 1.085327550805913432e+01 7.465884325999241379e-03 5.632825140304285050e-01 3.134483558556836247e+00 1.000000000000000021e-02 1.570796326794896558e+00 1.000000000000000000e+00 1.000000000000000000e+00 0.000000000000000000e+00 0.000000000000000000e+00 -1.000000000000000000e+00 -1.000000000000000000e+00
1.070000000000000000e+02 4.201961614317248313e+04 1.076247860157087821e+01 -8.894932696240599734e-02 2.352337166892244369e+00 3.171398222363295272e+00 1.863178661995366359e-01 1.570796326794896558e+00 1.000000000000000000e+00 1.000000000000000000e+00 0.000000000000000000e+00 0.000000000000000000e+00 -1.000000000000000000e+00 -1.000000000000000000e+00
1.120000000000000000e+02 2.965246733920145198e+04 1.653671887604996726e+01 3.827175493583440113e-03 6.441189874306578744e-01 -2.460950344442170042e-03 5.337023596835216432e-02 1.570796326794896558e+00 1.000000000000000000e+00 1.000000000000000000e+00 0.000000000000000000e+00 0.000000000000000000e+00 -1.000000000000000000e+00 -1.000000000000000000e+00
1.130000000000000000e+02 3.177249970017576561e+04 1.018569909082744829e+01 -3.092941831149856498e-03 8.150999795625799571e-01 -2.048732975599928952e-02 1.688261794623469383e-02 1.570796326794896558e+00 1.000000000000000000e+00 1.000000000000000000e+00 0.000000000000000000e+00 0.000000000000000000e+00 -1.000000000000000000e+00 -1.000000000000000000e+00
1.140000000000000000e+02 3.718557654472164722e+04 1.321030520285416898e+01 9.650931271980392467e-02 6.009529564905656818e-01 2.136022593941728012e-02 9.145905421919851841e-02 0.000000000000000000e+00 1.000000000000000000e+00 1.000000000000000000e+00 0.000000000000000000e+00 0.000000000000000000e+00 -1.000000000000000000e+00 -1.000000000000000000e+00
1.150000000000000000e+02 4.224140362683682906e+04 2.403315661172164042e+01 -1.275644010359620606e-01 3.100000000000000089e+00 3.135899852062020265e+00 1.953184227520348981e-01 0.000000000000000000e+00 1.000000000000000000e+00 1.000000000000000000e+00 0.000000000000000000e+00 0.000000000000000000e+00 -1.000000000000000000e+00 -1.000000000000000000e+00
1.160000000000000000e+02 4.447115409715157148e+04 1.225773337064995339e+01 1.916086550683703676e-02 6.615234742142251934e-01 3.158208446508766531e+00 2.471116308457345367e-01 1.570796326794896558e+00 1.000000000000000000e+00 1.000000000000000000e+00 0.000000000000000000e+00 0.000000000000000000e+00 -1.000000000000000000e+00 -1.000000000000000000e+00
1.190000000000000000e+02 3.699622793365284451e+04 1.176807538220050731e+01 -1.058720998143954928e-01 3.100000000000000089e+00 3.133696316709790430e+00 3.437802729133979107e-02 1.570796326794896558e+00 1.000000000000000000e+00 1.000000000000000000e+00 0.000000000000000000e+00 0.000000000000000000e+00 -1.000000000000000000e+00 -1.000000000000000000e+00
1.220000000000000000e+02 1.344901888706382306e+04 1.118341045371393960e+01 -8.421222096359178011e-02 2.410794267222849285e+00 -3.324132190341327897e-02 7.325205349789944143e-02 1.570796326794896558e+00 1.000000000000000000e+00 1.000000000000000000e+00 0.000000000000000000e+00 0.000000000000000000e+00 -1.000000000000000000e+00 -1.000000000000000000e+00
1.230000000000000000e+02 4.895345831414164422e+04 1.282840816430398334e+01 2.655301276948700273e-02 9.730620269138583467e-01 3.161644697439895513e+00 1.850459282312479081e-01 1.570796326794896558e+00 1.000000000000000000e+00 1.000000000000000000e+00 0.000000000000000000e+00 0.000000000000000000e+00 -1.000000000000000000e+00 -1.000000000000000000e+00
1.260000000000000000e+02 3.548207613552344264e+04 3.144179179767048637e+01 1.121911667476717389e-02 1.316534777049582328e+00 3.112561820610989738e+00 1.345668656909475812e-02 1.570796326794896558e+00 1.000000000000000000e+00 1.000000000000000000e+00 0.000000000000000000e+00 0.000000000000000000e+00 -1.000000000000000000e+00 -1.000000000000000000e+00
1.270000000000000000e+02 4.415675104253802419e+04 2.557455216454111380e+01 1.572860459993721816e-02 1.076427471830044613e+00 3.104551750970466983e+00 3.998373553531157920e-02 0.000000000000000000e+00 1.000000000000000000e+00 1.000000000000000000e+00 0.000000000000000000e+00 0.000000000000000000e+00 -1.000000000000000000e+00 -1.000000000000000000e+00
1.300000000000000000e+02 5.409301057757980971e+02 2.235630759752745078e+01 -2.135170341034775543e-01 3.040438588854240454e+00 1.268993071787359248e-02 3.050571836453914651e-02 1.570796326794896558e+00 1.000000000000000000e+00 1.000000000000000000e+00 0.000000000000000000e+00 0.000000000000000000e+00 -1.000000000000000000e+00 -1.000000000000000000e+00
1.330000000000000000e+02 3.414319771370987291e+04 2.149143772068694247e+01 2.093461246452625601e-01 1.069116743836658667e+00 -2.198861290835057644e-02 4.087603577790265008e-02 1.570796326794896558e+00 1.000000000000000000e+00 1.000000000000000000e+00 0.000000000000000000e+00 0.000000000000000000e+00 -1.000000000000000000e+00 -1.000000000000000000e+00
1.340000000000000000e+02 4.547566072823879949e+04 1.066116820917832442e+01 7.984345355966604441e-02 8.608309818826127557e-01 -3.018394667761963718e-02 2.300284710355635781e-02 1.570796326794896558e+00 1.000000000000000000e+00 1.000000000000000000e+00 0.000000000000000000e+00 0.000000000000000000e+00 -1.000000000000000000e+00 -1.000000000000000000e+00
1.350000000000000000e+02 3.836941663544779294e+04 1.392464345361764622e+01 7.702596495067965711e-03 1.131323339622956503e+00 1.780038403661306917e-02 3.519055672398909568e-02 0.000000000000000000e+00 1.000000000000000000e+00 1.000000000000000000e+00 0.000000000000000000e+00 0.000000000000000000e+00 -1.000000000000000000e+00 -1.000000000000000000e+00
1.390000000000000000e+02 6.473009153945860135e+02 1.155324241217978276e+01 3.426065038812692483e-03 5.751878018917292446e-01 8.448669694762775753e-03 1.000000000000000056e-01 0.000000000000000000e+00 1.000000000000000000e+00 1.000000000000000000e+00 0.000000000000000000e+00 0.000000000000000000e+00 -1.000000000000000000e+00 -1.000000000000000000e+00
1.410000000000000000e+02 2.712037401494454389e+04 3.306805502799290508e+01 -1.672982408411779337e-02 5.898487956887233929e-01 -1.978664305337268781e-02 6.348607433367686737e-02 0.000000000000000000e+00 1.000000000000000000e+00 1.000000000000000000e+00 0.000000000000000000e+00 0.000000000000000000e+00 -1.000000000000000000e+00 -1.000000000000000000e+00
1.420000000000000000e+02 1.342329497160298524e+04 3.624392345543181904e+01 -3.259706011084875232e-01 3.058120000000000172e+00 3.125958372618101500e+00 1.000000000000000021e-02 0.000000000000000000e+00 1.000000000000000000e+00 1.000000000000000000e+00 0.000000000000000000e+00 0.000000000000000000e+00 -1.000000000000000000e+00 -1.000000000000000000e+00
1.430000000000000000e+02 6.166146448444161479e+02 1.473087700048454174e+01 -6.094925852159800705e-02 2.527039098189574950e+00 -6.983455612934074547e-03 9.000000000000001055e-02 0.000000000000000000e+00 1.000000000000000000e+00 1.000000000000000000e+00 0.000000000000000000e+00 0.000000000000000000e+00 -1.000000000000000000e+00 -1.000000000000000000e+00
1.450000000000000000e+02 6.930000000000001137e+02 2.857692512643883020e+01 -6.921980355590863498e-02 2.088770971407871269e+00 3.138471970310954706e+00 9.000000000000001055e-02 0.000000000000000000e+00 1.000000000000000000e+00 1.000000000000000000e+00 0.000000000000000000e+00 0.000000000000000000e+00 -1.000000000000000000e+00 -1.000000000000000000e+00
1.460000000000000000e+02 9.427931685431758524e+03 1.054238585070243950e+01 1.277403977819976943e-02 9.294211562467042942e-01 1.811180971267790235e-02 1.000000000000000021e-02 0.000000000000000000e+00 1.000000000000000000e+00 1.000000000000000000e+00 0.000000000000000000e+00 0.000000000000000000e+00 -1.000000000000000000e+00 -1.000000000000000000e+00
1.510000000000000000e+02 4.328660535402571986e+04 1.025859462009265322e+01 4.325580260162342761e-02 7.503612828001161583e-01 2.897145284327501055e-02 8.579671817169302883e-02 1.570796326794896558e+00 1.000000000000000000e+00 1.000000000000000000e+00 0.000000000000000000e+00 0.000000000000000000e+00 -1.000000000000000000e+00 -1.000000000000000000e+00
1.550000000000000000e+02 2.314430566167379948e+04 1.414974573798975399e+01 -3.587290188281692244e-03 5.824914014976626531e-01 3.172687313043581092e+00 8.774904016650125760e-02 0.000000000000000000e+00 1.000000000000000000e+00 1.000000000000000000e+00 0.000000000000000000e+00 0.000000000000000000e+00 -1.000000000000000000e+00 -1.000000000000000000e+00
1.560000000000000000e+02 6.563548917941149057e+02 1.410293183609796941e+01 5.660922477297962441e-02 1.101757094894248112e+00 3.141119277828067435e+00 9.000000000000001055e-02 1.570796326794896558e+00 1.000000000000000000e+00 1.000000000000000000e+00 0.000000000000000000e+00 0.000000000000000000e+00 -1.000000000000000000e+00 -1.000000000000000000e+00
1.650000000000000000e+02 3.511235695956902782e+04 2.460700916981970110e+01 1.351619784721928841e-01 1.001510908263949728e+00 3.126746246122683814e+00 2.230025283238662101e-02 1.570796326794896558e+00 1.000000000000000000e+00 1.000000000000000000e+00 0.000000000000000000e+00 0.000000000000000000e+00 -1.000000000000000000e+00 -1.000000000000000000e+00
1.660000000000000000e+02 1.486647734934271284e+04 1.892208776614503662e+01 6.211046083531523987e-02 7.725197991691945543e-01 1.407778231405056209e-02 2.842374690161953224e-02 0.000000000000000000e+00 1.000000000000000000e+00 1.000000000000000000e+00 0.000000000000000000e+00 0.000000000000000000e+00 -1.000000000000000000e+00 -1.000000000000000000e+00
1.670000000000000000e+02 7.149545019733321851e+02 1.530144587130403266e+01 -1.648700797141696428e-01 2.570755893711432538e+00 -4.343609020647267761e-03 2.283201479603495093e-02 1.570796326794896558e+00 1.000000000000000000e+00 1.000000000000000000e+00 0.000000000000000000e+00 0.000000000000000000e+00 -1.000000000000000000e+00 -1.000000000000000000e+00
1.680000000000000000e+02 2.931922906017746573e+04 1.759213957068687506e+01 -1.635535328847566305e-01 2.397612545923772487e+00 8.147153540681628453e-04 6.092672446027754679e-02 0.000000000000000000e+00 1.000000000000000000e+00 1.000000000000000000e+00 0.000000000000000000e+00 0.000000000000000000e+00 -1.000000000000000000e+00 -1.000000000000000000e+00
1.690000000000000000e+02 2.948421307772372893e+04 2.245792223476203375e+01 3.188053898144008191e-02 9.943524731211393908e-01 2.263896068441464265e-02 2.722926874769355729e-02 0.000000000000000000e+00 1.000000000000000000e+00 1.000000000000000000e+00 0.000000000000000000e+00 0.000000000000000000e+00 -1.000000000000000000e+00 -1.000000000000000000e+00
1.710000000000000000e+02 3.196590697271615136e+04 1.729709205350267709e+01 -1.305284682484237485e-02 4.811791032301276361e-01 -9.138892018627834540e-03 1.064003419434591743e-02 0.000000000000000000e+00 1.000000000000000000e+00 1.000000000000000000e+00 0.000000000000000000e+00 0.000000000000000000e+00 -1.000000000000000000e+00 -1.000000000000000000e+00
1.760000000000000000e+02 6.936167199939409329e+02 1.448051305027310676e+01 2.907647210174714447e-02 3.910381908821292662e-01 -5.344814675300763041e-03 8.100000000000001643e-02 1.570796326794896558e+00 1.000000000000000000e+00 1.000000000000000000e+00 0.000000000000000000e+00 0.000000000000000000e+00 -1.000000000000000000e+00 -1.000000000000000000e+00
1.770000000000000000e+02 4.264531875491192068e+02 1.151314827524809559e+01 2.679062152008970799e-02 3.648324699860146514e-01 -6.626292528451235668e-03 2.695557599279189281e-02 1.570796326794896558e+00 1.000000000000000000e+00 1.000000000000000000e+00 0.000000000000000000e+00 0.000000000000000000e+00 -1.000000000000000000e+00 -1.000000000000000000e+00
1.780000000000000000e+02 2.462149570910248440e+04 1.325790561167531045e+01 -1.530326115902066186e-01 1.944068217348418282e+00 3.110892497415199021e+00 3.740074700764020599e-02 0.000000000000000000e+00 1.000000000000000000e+00 1.000000000000000000e+00 0.000000000000000000e+00 0.000000000000000000e+00 -1.000000000000000000e+00 -1.000000000000000000e+00
1.790000000000000000e+02 5.000000000000000000e+04 2.274613281542660204e+01 1.820046750722295048e-01 1.359273804761047755e+00 -1.621883300805323017e-02 7.274294928620488043e-02 1.570796326794896558e+00 1.000000000000000000e+00 1.000000000000000000e+00 0.000000000000000000e+00 0.000000000000000000e+00 -1.000000000000000000e+00 -1.000000000000000000e+00
1.810000000000000000e+02 7.894526552537478210e+02 3.393887716105401609e+01 6.764379049306408487e-02 2.933598727042151522e-01 -4.821972070167447263e-03 9.000000000000001055e-02 0.000000000000000000e+00 1.000000000000000000e+00 1.000000000000000000e+00 0.000000000000000000e+00 0.000000000000000000e+00 -1.000000000000000000e+00 -1.000000000000000000e+00
1.820000000000000000e+02 1.028860040087997959e+03 1.435317333679497054e+01 6.205658463807879610e-02 6.202947617503083988e-01 1.505369916521771996e-04 9.000000000000001055e-02 0.000000000000000000e+00 1.000000000000000000e+00 1.000000000000000000e+00 0.000000000000000000e+00 0.000000000000000000e+00 -1.000000000000000000e+00 -1.000000000000000000e+00
1.840000000000000000e+02 3.376751272749516647e+04 1.197009014578367569e+01 4.681796841944678433e-02 8.941827707807600278e-01 3.140367891595697625e+00 3.106461605454129832e-02 0.000000000000000000e+00 1.000000000000000000e+00 1.000000000000000000e+00 0.000000000000000000e+00 0.000000000000000000e+00 -1.000000000000000000e+00 -1.000000000000000000e+00
1.870000000000000000e+02 2.072224910285832448e+04 1.467655343164115145e+01 -2.714692522259213453e-02 1.434068138631600542e+00 -3.225800730986250198e-02 1.803032943203879135e-02 1.570796326794896558e+00 1.000000000000000000e+00 1.000000000000000000e+00 0.000000000000000000e+00 0.000000000000000000e+00 -1.000000000000000000e+00 -1.000000000000000000e+00
1.880000000000000000e+02 2.370903215714178077e+04 1.536242793143162011e+01 -2.094025623375872780e-01 2.377464399105732706e+00 -7.780582414795567982e-03 1.000000000000000056e-01 1.570796326794896558e+00 1.000000000000000000e+00 1.000000000000000000e+00 0.000000000000000000e+00 0.000000000000000000e+00 -1.000000000000000000e+00 -1.000000000000000000e+00
1.900000000000000000e+02 1.070678694173764779e+04 1.162545073880873581e+01 4.561207529072476563e-02 4.492966335434876446e-01 -6.718221167560793280e-03 4.802557886642899732e-02 1.570796326794896558e+00 1.000000000000000000e+00 1.000000000000000000e+00 0.000000000000000000e+00 0.000000000000000000e+00 -1.000000000000000000e+00 -1.000000000000000000e+00
1.910000000000000000e+02 3.810277641024769400e+04 1.341080698259631276e+01 8.297593685512444361e-03 4.653144498220714853e-01 3.149050801068767669e+00 1.097364169118470074e-02 0.000000000000000000e+00 1.000000000000000000e+00 1.000000000000000000e+00 0.000000000000000000e+00 0.000000000000000000e+00 -1.000000000000000000e+00 -1.000000000000000000e+00
1.920000000000000000e+02 4.660260998805250711e+04 1.059527370131574386e+01 -6.975240387985263968e-02 3.100000000000000089e+00 3.168532980921028308e+00 2.528406430833426422e-01 1.570796326794896558e+00 1.000000000000000000e+00 1.000000000000000000e+00 0.000000000000000000e+00 0.000000000000000000e+00 -1.000000000000000000e+00 -1.000000000000000000e+00
1.940000000000000000e+02 4.479259524501656415e+04 1.024584963693066797e+01 -3.653677268200490602e-02 1.240005559236724508e+00 3.137899061144272306e+00 1.061134856455325792e-02 0.000000000000000000e+00 1.000000000000000000e+00 1.000000000000000000e+00 0.000000000000000000e+00 0.000000000000000000e+00 -1.000000000000000000e+00 -1.000000000000000000e+00
1.950000000000000000e+02 2.870375813651485078e+04 1.020982820991311435e+01 -1.006950717054415356e-01 3.086040000000000116e+00 3.167063714484428250e+00 1.000000000000000021e-02 0.000000000000000000e+00 1.000000000000000000e+00 1.000000000000000000e+00 0.000000000000000000e+00 0.000000000000000000e+00 -1.000000000000000000e+00 -1.000000000000000000e+00
1.970000000000000000e+02 4.627195621170198137e+04 3.375316395286402127e+01 -1.403451448429713921e-01 3.100000000000000089e+00 3.162770412957743638e+00 2.937791478852675928e-02 0.000000000000000000e+00 1.000000000000000000e+00 1.000000000000000000e+00 0.000000000000000000e+00 0.000000000000000000e+00 -1.000000000000000000e+00 -1.000000000000000000e+00
1.980000000000000000e+02 7.363449045871209364e+02 1.355858487838180793e+01 -1.024595178773623771e-01 2.205827137143342220e+00 9.167163352079468752e-03 2.329608604736906063e-02 0.000000000000000000e+00 1.000000000000000000e+00 1.000000000000000000e+00 0.000000000000000000e+00 0.000000000000000000e+00 -1.000000000000000000e+00 -1.000000000000000000e+00
1.990000000000000000e+02 1.915630034235931453e+04 1.040772672528458287e+01 -9.519160760166256452e-02 3.086040000000000116e+00 3.113733507317172577e+00 1.000000000000000021e-02 0.000000000000000000e+00 1.000000000000000000e+00 1.000000000000000000e+00 0.000000000000000000e+00 0.000000000000000000e+00 -1.000000000000000000e+00 -1.000000000000000000e+00
2.000000000000000000e+02 9.842252967657985209e+03 1.907629908043998412e+01 7.561730387596497793e-02 1.242960467774693267e+00 3.163571902066452779e+00 9.000000000000001055e-02 0.000000000000000000e+00 1.000000000000000000e+00 1.000000000000000000e+00 0.000000000000000000e+00 0.000000000000000000e+00 -1.000000000000000000e+00 -1.000000000000000000e+00
3.650000000000000000e+02 1.148865821188475280e+02 1.179503971367285686e+01 -4.772576006900077633e-02 2.317188306260494102e+00 0.000000000000000000e+00 8.387346576898070671e-02 -1.000000000000000000e+00 1.000000000000000000e+00 1.000000000000000000e+00 8.400000000000000000e+01 0.000000000000000000e+00 -1.000000000000000000e+00 -1.000000000000000000e+00
8.000000000000000000e+00 3.523115024107252248e+04 1.878553506595463318e+01 -1.081042911572513698e-01 2.630948137039130774e+00 1.591285069188214107e-02 8.838435036897678010e-02 1.570796326794896558e+00 1.000000000000000000e+00 1.000000000000000000e+00 0.000000000000000000e+00 0.000000000000000000e+00 -1.000000000000000000e+00 -1.000000000000000000e+00
1.300000000000000000e+01 3.051688422067599095e+04 3.278908443896661140e+01 -9.273766179997071368e-02 2.995201711023323554e+00 1.905656755638406724e-02 1.000000000000000021e-02 1.570796326794896558e+00 1.000000000000000000e+00 1.000000000000000000e+00 0.000000000000000000e+00 0.000000000000000000e+00 -1.000000000000000000e+00 -1.000000000000000000e+00
1.500000000000000000e+01 4.565349400386753405e+04 1.441245207344457668e+01 -2.153223951126635449e-01 2.783042743742963232e+00 3.451541287373727229e-02 3.988502008632049262e-02 1.570796326794896558e+00 1.000000000000000000e+00 1.000000000000000000e+00 0.000000000000000000e+00 0.000000000000000000e+00 -1.000000000000000000e+00 -1.000000000000000000e+00
2.600000000000000000e+01 3.158010973446457501e+04 3.600373495565305859e+01 -7.457368047175273740e-02 2.560142597756520644e+00 0.000000000000000000e+00 2.592478716579486517e-02 1.570796326794896558e+00 1.000000000000000000e+00 1.000000000000000000e+00 0.000000000000000000e+00 0.000000000000000000e+00 -1.000000000000000000e+00 -1.000000000000000000e+00
2.800000000000000000e+01 3.712831938617792184e+04 1.020604344629886739e+01 -1.017389148975066798e-01 3.100000000000000089e+00 0.000000000000000000e+00 2.225734124383590695e-01 1.570796326794896558e+00 1.000000000000000000e+00 1.000000000000000000e+00 0.000000000000000000e+00 0.000000000000000000e+00 -1.000000000000000000e+00 -1.000000000000000000e+00
3.100000000000000000e+01 2.828594549978555369e+04 1.566301392312628593e+01 -9.804862352382995305e-02 2.983380334184331684e+00 0.000000000000000000e+00 7.497186889729803849e-02 1.570796326794896558e+00 1.000000000000000000e+00 1.000000000000000000e+00 0.000000000000000000e+00 0.000000000000000000e+00 -1.000000000000000000e+00 -1.000000000000000000e+00
3.400000000000000000e+01 1.726276336399105639e+04 1.990032684105502625e+01 7.497462315679299938e-02 9.425807484034396388e-01 1.047616965796914663e-02 2.323161007459034755e-02 1.570796326794896558e+00 1.000000000000000000e+00 1.000000000000000000e+00 0.000000000000000000e+00 0.000000000000000000e+00 -1.000000000000000000e+00 -1.000000000000000000e+00
4.400000000000000000e+01 8.895974528717733847e+03 2.232093822982507447e+01 -7.889626834109370046e-02 2.602888538988745726e+00 0.000000000000000000e+00 9.000000000000001055e-02 1.570796326794896558e+00 1.000000000000000000e+00 1.000000000000000000e+00 0.000000000000000000e+00 0.000000000000000000e+00 -1.000000000000000000e+00 -1.000000000000000000e+00
4.800000000000000000e+01 2.213600430283652167e+04 1.513667550359243030e+01 -2.174725621469824066e-01 3.100000000000000089e+00 0.000000000000000000e+00 1.628064706224986377e-02 1.570796326794896558e+00 1.000000000000000000e+00 1.000000000000000000e+00 0.000000000000000000e+00 0.000000000000000000e+00 -1.000000000000000000e+00 -1.000000000000000000e+00
5.400000000000000000e+01 7.968280797172127450e+02 1.349543189270926113e+01 4.897368395091149240e-02 2.865255728500775700e-01 0.000000000000000000e+00 1.557092075842824754e-02 1.570796326794896558e+00 1.000000000000000000e+00 1.000000000000000000e+00 0.000000000000000000e+00 0.000000000000000000e+00 -1.000000000000000000e+00 -1.000000000000000000e+00
5.500000000000000000e+01 4.340138779567179881e+04 1.231407673632889832e+01 3.456109545444946418e-02 4.551094620714062344e-01 9.155579917289116687e-03 2.260503378044947942e-02 1.570796326794896558e+00 1.000000000000000000e+00 1.000000000000000000e+00 0.000000000000000000e+00 0.000000000000000000e+00 -1.000000000000000000e+00 -1.000000000000000000e+00
5.800000000000000000e+01 5.000000000000000000e+04 3.572755801033292045e+01 2.019414223369535993e-02 3.120985896033111051e-01 3.913967676749974256e-02 7.101246005387783222e-02 1.570796326794896558e+00 1.000000000000000000e+00 1.000000000000000000e+00 0.000000000000000000e+00 0.000000000000000000e+00 -1.000000000000000000e+00 -1.000000000000000000e+00
6.900000000000000000e+01 1.848865049638977507e+04 3.035673571673224913e+01 -3.136004298098910709e-02 7.438886543959578601e-01 0.000000000000000000e+00 2.262329046884922756e-02 1.570796326794896558e+00 1.000000000000000000e+00 1.000000000000000000e+00 0.000000000000000000e+00 0.000000000000000000e+00 -1.000000000000000000e+00 -1.000000000000000000e+00
7.600000000000000000e+01 4.134909198061202915e+04 1.222530616260872804e+01 1.710072333513172338e-01 5.346277812774720140e-01 2.368049616034480914e-03 1.441828338785005881e-01 1.570796326794896558e+00 1.000000000000000000e+00 1.000000000000000000e+00 0.000000000000000000e+00 0.000000000000000000e+00 -1.000000000000000000e+00 -1.000000000000000000e+00
8.100000000000000000e+01 4.075661555326884263e+04 2.674469578183923701e+01 -6.050083181433551713e-04 1.063338210460511357e+00 0.000000000000000000e+00 1.379517101104085763e-02 1.570796326794896558e+00 1.000000000000000000e+00 1.000000000000000000e+00 0.000000000000000000e+00 0.000000000000000000e+00 -1.000000000000000000e+00 -1.000000000000000000e+00
9.500000000000000000e+01 2.529759198069379272e+04 2.558685697841773887e+01 -1.290857637814855352e-01 2.404350960772520196e+00 1.442205335770788653e-02 7.268527421080887840e-02 1.570796326794896558e+00 1.000000000000000000e+00 1.000000000000000000e+00 0.000000000000000000e+00 0.000000000000000000e+00 -1.000000000000000000e+00 -1.000000000000000000e+00
1.000000000000000000e+02 8.480818506696986105e+02 1.220918122954204499e+01 4.108236509450498286e-02 1.500580944581866971e+00 0.000000000000000000e+00 1.000000000000000056e-01 1.570796326794896558e+00 1.000000000000000000e+00 1.000000000000000000e+00 0.000000000000000000e+00 0.000000000000000000e+00 -1.000000000000000000e+00 -1.000000000000000000e+00
1.370000000000000000e+02 4.055530579728970770e+04 1.104523238865129819e+01 -5.271057904554856538e-02 1.982258967280101647e+00 0.000000000000000000e+00 2.627731017491656551e-02 1.570796326794896558e+00 1.000000000000000000e+00 1.000000000000000000e+00 0.000000000000000000e+00 0.000000000000000000e+00 -1.000000000000000000e+00 -1.000000000000000000e+00
1.580000000000000000e+02 7.840514336729087290e+02 1.329582657641907062e+01 -1.918399015106565519e-01 2.892968616237581170e+00 0.000000000000000000e+00 1.745299431512293761e-02 1.570796326794896558e+00 1.000000000000000000e+00 1.000000000000000000e+00 0.000000000000000000e+00 0.000000000000000000e+00 -1.000000000000000000e+00 -1.000000000000000000e+00
1.590000000000000000e+02 1.855845784259622451e+04 2.622818085732487603e+01 4.947994696132627934e-02 8.392617331837256556e-01 2.194896819450328426e-02 1.000000000000000021e-02 1.570796326794896558e+00 1.000000000000000000e+00 1.000000000000000000e+00 0.000000000000000000e+00 0.000000000000000000e+00 -1.000000000000000000e+00 -1.000000000000000000e+00
1.600000000000000000e+02 4.101167609185521724e+04 1.323772567620802576e+01 5.312060157691085582e-02 1.070022572356638557e+00 2.351155266850447206e-02 2.373611348148909894e-01 1.570796326794896558e+00 1.000000000000000000e+00 1.000000000000000000e+00 0.000000000000000000e+00 0.000000000000000000e+00 -1.000000000000000000e+00 -1.000000000000000000e+00
1.620000000000000000e+02 5.000000000000000000e+04 3.141989676834649003e+01 6.290428277502574383e-02 1.430886976020375290e+00 0.000000000000000000e+00 3.553125180242126119e-02 1.570796326794896558e+00 1.000000000000000000e+00 1.000000000000000000e+00 0.000000000000000000e+00 0.000000000000000000e+00 -1.000000000000000000e+00 -1.000000000000000000e+00
1.740000000000000000e+02 3.145424288971985516e+04 3.569906337870086332e+01 -1.018172240799618961e-01 2.687520585845469157e+00 1.470771691353512517e-02 3.905830026250894232e-02 1.570796326794896558e+00 1.000000000000000000e+00 1.000000000000000000e+00 0.000000000000000000e+00 0.000000000000000000e+00 -1.000000000000000000e+00 -1.000000000000000000e+00
1.860000000000000000e+02 4.124532457584088115e+04 1.024842133898489926e+01 4.587163189915488548e-02 0.000000000000000000e+00 1.775248124869590813e-02 2.245443035865198056e-01 1.570796326794896558e+00 1.000000000000000000e+00 1.000000000000000000e+00 0.000000000000000000e+00 0.000000000000000000e+00 -1.000000000000000000e+00 -1.000000000000000000e+00
1.930000000000000000e+02 3.493078590112352686e+04 2.317209526237006401e+01 3.252887936449450068e-02 7.006942765235554260e-01 0.000000000000000000e+00 3.555195266226102158e-02 1.570796326794896558e+00 1.000000000000000000e+00 1.000000000000000000e+00 0.000000000000000000e+00 0.000000000000000000e+00 -1.000000000000000000e+00 -1.000000000000000000e+00
6.400000000000000000e+01 4.960005891331739463e+02 3.381897852566720530e+01 -7.846778272281032529e-02 3.100000000000000089e+00 0.000000000000000000e+00 5.309948661651850976e-01 0.000000000000000000e+00 1.000000000000000000e+00 1.000000000000000000e+00 0.000000000000000000e+00 0.000000000000000000e+00 -1.000000000000000000e+00 -1.000000000000000000e+00
9.000000000000000000e+01 1.116202574364744032e+04 1.012330500055741389e+01 -1.980682348489867239e-01 1.865053048475886932e+00 0.000000000000000000e+00 5.416413546650363647e-02 0.000000000000000000e+00 1.000000000000000000e+00 1.000000000000000000e+00 0.000000000000000000e+00 0.000000000000000000e+00 -1.000000000000000000e+00 -1.000000000000000000e+00
1.020000000000000000e+02 5.529899244287967122e+03 1.209668350112281665e+01 -6.855151180189270055e-02 2.611174820697195642e+00 0.000000000000000000e+00 1.422916975717925490e-02 0.000000000000000000e+00 1.000000000000000000e+00 1.000000000000000000e+00 0.000000000000000000e+00 0.000000000000000000e+00 -1.000000000000000000e+00 -1.000000000000000000e+00
1.170000000000000000e+02 7.246130704749654797e+03 1.286795540478456701e+01 9.050267335297089433e-02 1.061561390179643460e+00 0.000000000000000000e+00 1.000000000000000021e-02 0.000000000000000000e+00 1.000000000000000000e+00 1.000000000000000000e+00 0.000000000000000000e+00 0.000000000000000000e+00 -1.000000000000000000e+00 -1.000000000000000000e+00
1.210000000000000000e+02 6.722552052747954804e+03 1.260953887507105264e+01 -5.711820928111020074e-02 2.338474177013722954e+00 0.000000000000000000e+00 9.000000000000001055e-02 0.000000000000000000e+00 1.000000000000000000e+00 1.000000000000000000e+00 0.000000000000000000e+00 0.000000000000000000e+00 -1.000000000000000000e+00 -1.000000000000000000e+00
1.520000000000000000e+02 5.002168608340597530e+03 1.144818882162414475e+01 -2.164967364399831284e-01 2.657462942819463159e+00 0.000000000000000000e+00 1.201410874119079181e-02 0.000000000000000000e+00 1.000000000000000000e+00 1.000000000000000000e+00 0.000000000000000000e+00 0.000000000000000000e+00 -1.000000000000000000e+00 -1.000000000000000000e+00
1.630000000000000000e+02 1.264763477369398515e+03 3.451311836539898081e+01 2.337933794625693396e-02 9.143948275644029344e-01 0.000000000000000000e+00 9.000000000000001055e-02 0.000000000000000000e+00 1.000000000000000000e+00 1.000000000000000000e+00 0.000000000000000000e+00 0.000000000000000000e+00 -1.000000000000000000e+00 -1.000000000000000000e+00
1.640000000000000000e+02 5.295174958560075993e+02 2.256591057854286575e+01 -1.113886512756033925e-01 2.797870007201743725e+00 0.000000000000000000e+00 5.113818386325384990e-01 0.000000000000000000e+00 1.000000000000000000e+00 1.000000000000000000e+00 0.000000000000000000e+00 0.000000000000000000e+00 -1.000000000000000000e+00 -1.000000000000000000e+00
3.660000000000000000e+02 7.857322696068845289e+02 1.556456291149087789e+01 -5.056998200875902766e-02 2.244985406443245957e+00 0.000000000000000000e+00 8.100000000000001643e-02 -1.000000000000000000e+00 1.000000000000000000e+00 1.000000000000000000e+00 8.400000000000000000e+01 1.000000000000000000e+05 -1.000000000000000000e+00 -1.000000000000000000e+00
3.670000000000000000e+02 9.756948783573202491e+02 2.839611364943286276e+01 1.787062535024736554e-01 4.492690365649800177e-01 0.000000000000000000e+00 1.000000000000000056e-01 -1.000000000000000000e+00 1.000000000000000000e+00 1.000000000000000000e+00 8.400000000000000000e+01 2.000000000000000000e+05 -1.000000000000000000e+00 -1.000000000000000000e+00
3.680000000000000000e+02 1.921151467717029391e+02 1.460175922426040174e+01 -1.317763922792964879e-02 2.874635384392491666e+00 0.000000000000000000e+00 8.948699459012221524e-02 -1.000000000000000000e+00 1.000000000000000000e+00 1.000000000000000000e+00 8.400000000000000000e+01 3.000000000000000000e+05 -1.000000000000000000e+00 -1.000000000000000000e+00
3.690000000000000000e+02 1.883280095122290004e+04 2.156171348447339753e+01 6.899880004112671772e-01 0.000000000000000000e+00 0.000000000000000000e+00 1.000000000000000021e-02 -1.000000000000000000e+00 1.000000000000000000e+00 2.000000000000000000e+00 8.400000000000000000e+01 3.700000000000000000e+05 -1.000000000000000000e+00 -1.000000000000000000e+00
