# id_num orb_a mass spin spin_angle orb_inc orb_ecc orb_arg_periapse orb_ang_mom gen galaxy time_passed gw_freq gw_strain
1.000000000000000000e+00 4.170329658462777297e+04 1.314111776066092574e+01 1.281732545218864927e-01 5.647729348363722535e-01 3.123284841946837531e+00 6.596100159155822429e-02 0.000000000000000000e+00 1.000000000000000000e+00 1.000000000000000000e+00 0.000000000000000000e+00 0.000000000000000000e+00 -1.000000000000000000e+00 -1.000000000000000000e+00
2.000000000000000000e+00 4.801796848244169087e+04 1.047817803000040193e+01 1.222960868365556841e-01 7.838007598890494032e-01 3.094694634852470649e+00 1.928722130523501388e-01 0.000000000000000000e+00 1.000000000000000000e+00 1.000000000000000000e+00 0.000000000000000000e+00 0.000000000000000000e+00 -1.000000000000000000e+00 -1.000000000000000000e+00
3.000000000000000000e+00 3.869102756268079247e+04 1.181875360133202513e+01 -4.532668830688932338e-02 1.867773309500616152e+00 5.694945067431829086e-03 1.436032666961802318e-01 1.570796326794896558e+00 1.000000000000000000e+00 1.000000000000000000e+00 0.000000000000000000e+00 0.000000000000000000e+00 -1.000000000000000000e+00 -1.000000000000000000e+00
4.000000000000000000e+00 4.711345772639778443e+04 1.023074238303232519e+01 9.659487511463100973e-02 6.744809737307212449e-01 -3.990402387452431782e-02 2.357836428361727993e-02 1.570796326794896558e+00 1.000000000000000000e+00 1.000000000000000000e+00 0.000000000000000000e+00 0.000000000000000000e+00 -1.000000000000000000e+00 -1.000000000000000000e+00
5.000000000000000000e+00 4.361457643302780343e+04 1.116448717108115041e+01 -1.114964984714243434e-01 2.667926588445424407e+00 3.266091996709104273e-02 1.301253825812068166e-02 0.000000000000000000e+00 1.000000000000000000e+00 1.000000000000000000e+00 0.000000000000000000e+00 0.000000000000000000e+00 -1.000000000000000000e+00 -1.000000000000000000e+00
6.000000000000000000e+00 2.910708853973660553e+03 1.119638488263645648e+01 5.919487499838142416e-03 1.502601125750888222e+00 -5.429252087123962421e-03 9.000000000000001055e-02 1.570796326794896558e+00 1.000000000000000000e+00 1.000000000000000000e+00 0.000000000000000000e+00 0.000000000000000000e+00 -1.000000000000000000e+00 -1.000000000000000000e+00
9.000000000000000000e+00 3.562434191833650402e+04 1.239234311517566667e+01 1.467296436940843662e-01 1.643885667221697267e-01 -3.308169763759701877e-03 1.609889753253636313e-02 0.000000000000000000e+00 1.000000000000000000e+00 1.000000000000000000e+00 0.000000000000000000e+00 0.000000000000000000e+00 -1.000000000000000000e+00 -1.000000000000000000e+00
1.000000000000000000e+01 4.622626638120008283e+04 1.160177987184936121e+01 -1.319850444714722182e-01 2.558069181359145183e+00 -1.520077194369000989e-02 1.696255791513653910e-01 0.000000000000000000e+00 1.000000000000000000e+00 1.000000000000000000e+00 0.000000000000000000e+00 0.000000000000000000e+00 -1.000000000000000000e+00 -1.000000000000000000e+00
1.100000000000000000e+01 4.944363905251136021e+04 1.952941474223467466e+01 4.021506550783843226e-02 6.392747413301607118e-01 3.126192631006505934e-02 2.804792745732846981e-01 0.000000000000000000e+00 1.000000000000000000e+00 1.000000000000000000e+00 0.000000000000000000e+00 0.000000000000000000e+00 -1.000000000000000000e+00 -1.000000000000000000e+00
1.200000000000000000e+01 2.055697197534444058e+04 1.109707132201559787e+01 2.902207770135288578e-02 2.316264462821092662e-01 3.130236159824284936e+00 9.456428485988094268e-02 1.570796326794896558e+00 1.000000000000000000e+00 1.000000000000000000e+00 0.000000000000000000e+00 0.000000000000000000e+00 -1.000000000000000000e+00 -1.000000000000000000e+00
1.700000000000000000e+01 4.090232263900375983e+04 1.341504606938182143e+01 -4.581679329327161682e-02 2.801168214252017563e+00 3.043599228525451644e-02 6.082516101583718832e-02 0.000000000000000000e+00 1.000000000000000000e+00 1.000000000000000000e+00 0.000000000000000000e+00 0.000000000000000000e+00 -1.000000000000000000e+00 -1.000000000000000000e+00
1.900000000000000000e+01 3.706358616295015236e+04 1.606684706791823913e+01 -3.266517532646602551e-02 1.727285084183855401e+00 8.017408721675530273e-03 1.821520103597396023e-02 1.570796326794896558e+00 1.000000000000000000e+00 1.000000000000000000e+00 0.000000000000000000e+00 0.000000000000000000e+00 -1.000000000000000000e+00 -1.000000000000000000e+00
2.000000000000000000e+01 4.227814067957197403e+04 2.135069036829694511e+01 6.542542713526273979e-02 1.461347166795758712e+00 -1.454737467450797905e-02 9.468634912939040416e-02 1.570796326794896558e+00 1.000000000000000000e+00 1.000000000000000000e+00 0.000000000000000000e+00 0.000000000000000000e+00 -1.000000000000000000e+00 -1.000000000000000000e+00
2.100000000000000000e+01 1.706257731160632466e+04 1.834425039529244827e+01 1.162186492605023769e-01 7.512291011347640435e-01 -7.239923989148254512e-04 1.176729159680882895e-02 0.000000000000000000e+00 1.000000000000000000e+00 1.000000000000000000e+00 0.000000000000000000e+00 0.000000000000000000e+00 -1.000000000000000000e+00 -1.000000000000000000e+00
2.200000000000000000e+01 3.402425240136970388e+04 2.943421516670849769e+01 4.530766988033653464e-03 7.949853134615099126e-01 -6.666872589557532904e-03 2.146864597814935050e-01 0.000000000000000000e+00 1.000000000000000000e+00 1.000000000000000000e+00 0.000000000000000000e+00 0.000000000000000000e+00 -1.000000000000000000e+00 -1.000000000000000000e+00
2.300000000000000000e+01 4.084667535149102332e+04 1.078851308773745998e+01 -4.072160252586935064e-02 2.011754632706821866e+00 3.159590797160884534e+00 2.501752786264366951e-02 0.000000000000000000e+00 1.000000000000000000e+00 1.000000000000000000e+00 0.000000000000000000e+00 0.000000000000000000e+00 -1.000000000000000000e+00 -1.000000000000000000e+00
2.400000000000000000e+01 4.402175409443288663e+04 1.043980957163032741e+01 5.811211613064910797e-02 1.781424650496135076e-01 4.592879542912264856e-02 1.706071038481368485e-01 0.000000000000000000e+00 1.000000000000000000e+00 1.000000000000000000e+00 0.000000000000000000e+00 0.000000000000000000e+00 -1.000000000000000000e+00 -1.000000000000000000e+00
2.500000000000000000e+01 2.042528317796832926e+04 3.604205975571929343e+01 7.028944246993634737e-02 1.577240704530039173e+00 3.127171861403669872e+00 3.047288382413793767e-02 1.570796326794896558e+00 1.000000000000000000e+00 1.000000000000000000e+00 0.000000000000000000e+00 0.000000000000000000e+00 -1.000000000000000000e+00 -1.000000000000000000e+00
2.700000000000000000e+01 2.237199412371580547e+04 1.735754724467908972e+01 -1.799402632866418106e-01 2.344970544014738145e+00 3.156924442276824561e+00 6.809957909925561104e-02 0.000000000000000000e+00 1.000000000000000000e+00 1.000000000000000000e+00 0.000000000000000000e+00 0.000000000000000000e+00 -1.000000000000000000e+00 -1.000000000000000000e+00
3.000000000000000000e+01 1.089616928499019377e+04 1.390404176906914735e+01 -6.738587647760466148e-02 2.125107430778573558e+00 1.208859162307135068e-02 5.655046105973705883e-02 1.570796326794896558e+00 1.000000000000000000e+00 1.000000000000000000e+00 0.000000000000000000e+00 0.000000000000000000e+00 -1.000000000000000000e+00 -1.000000000000000000e+00
3.200000000000000000e+01 4.962684542785277154e+04 2.692136771526672945e+01 -1.869165098552657556e-01 1.826439278594472748e+00 -1.069498804667559297e-02 5.836087618939903021e-02 1.570796326794896558e+00 1.000000000000000000e+00 1.000000000000000000e+00 0.000000000000000000e+00 0.000000000000000000e+00 -1.000000000000000000e+00 -1.000000000000000000e+00
3.300000000000000000e+01 3.221354958586734938e+02 1.860004128909140064e+01 2.272395589944419675e-02 5.224626723093840353e-01 3.185230361323546866e+00 1.027727182957175328e-01 1.570796326794896558e+00 1.000000000000000000e+00 1.000000000000000000e+00 0.000000000000000000e+00 0.000000000000000000e+00 -1.000000000000000000e+00 -1.000000000000000000e+00
3.600000000000000000e+01 2.919992862602790774e+04 1.775531879064008933e+01 6.434036227743654413e-02 1.523380134870624625e+00 3.159342560328012528e+00 2.127862841160916077e-02 1.570796326794896558e+00 1.000000000000000000e+00 1.000000000000000000e+00 0.000000000000000000e+00 0.000000000000000000e+00 -1.000000000000000000e+00 -1.000000000000000000e+00
3.700000000000000000e+01 1.573803441489566103e+04 1.722945072679363676e+01 -1.497477315361137318e-01 3.081660371730419179e+00 3.155918160304584053e+00 1.000000000000000056e-01 1.570796326794896558e+00 1.000000000000000000e+00 1.000000000000000000e+00 0.000000000000000000e+00 0.000000000000000000e+00 -1.000000000000000000e+00 -1.000000000000000000e+00
3.800000000000000000e+01 2.557566799211914622e+04 1.015075903897447596e+01 1.532340566285860517e-01 1.408553013996521441e+00 3.117140592686349354e+00 2.755623034089838691e-02 0.000000000000000000e+00 1.000000000000000000e+00 1.000000000000000000e+00 0.000000000000000000e+00 0.000000000000000000e+00 -1.000000000000000000e+00 -1.000000000000000000e+00
3.900000000000000000e+01 4.832538688402828848e+04 1.224944496315035991e+01 1.039605504019989191e-01 1.566864297794100747e+00 3.100794120302682977e+00 2.015871652791553226e-01 0.000000000000000000e+00 1.000000000000000000e+00 1.000000000000000000e+00 0.000000000000000000e+00 0.000000000000000000e+00 -1.000000000000000000e+00 -1.000000000000000000e+00
4.300000000000000000e+01 1.500251015253582045e+04 1.233234774912823184e+01 1.859854927225694510e-01 1.337450599508151150e+00 3.122923088518097856e+00 9.000000000000001055e-02 0.000000000000000000e+00 1.000000000000000000e+00 1.000000000000000000e+00 0.000000000000000000e+00 0.000000000000000000e+00 -1.000000000000000000e+00 -1.000000000000000000e+00
4.500000000000000000e+01 1.172822680527438206e+04 1.141361527600684234e+01 -1.650789653575082117e-01 1.674074410322856643e+00 1.160459636962942083e-02 9.000000000000001055e-02 1.570796326794896558e+00 1.000000000000000000e+00 1.000000000000000000e+00 0.000000000000000000e+00 0.000000000000000000e+00 -1.000000000000000000e+00 -1.000000000000000000e+00
4.600000000000000000e+01 3.829038791792236589e+04 1.375918777918170122e+01 -5.392951448989038998e-02 2.909729671648973781e+00 -3.264301781914872441e-02 1.363453078458325696e-01 1.570796326794896558e+00 1.000000000000000000e+00 1.000000000000000000e+00 0.000000000000000000e+00 0.000000000000000000e+00 -1.000000000000000000e+00 -1.000000000000000000e+00
4.700000000000000000e+01 2.405247756728377226e+03 1.273248952049572580e+01 -2.112915127960223252e-02 3.100000000000000089e+00 3.153691374349103960e+00 9.000000000000001055e-02 1.570796326794896558e+00 1.000000000000000000e+00 1.000000000000000000e+00 0.000000000000000000e+00 0.000000000000000000e+00 -1.000000000000000000e+00 -1.000000000000000000e+00
4.900000000000000000e+01 4.388440301192632614e+04 1.149620287413181252e+01 4.982042479084043685e-02 1.032531672492842389e+00 -1.012093076840486078e-02 2.831256878106889752e-01 0.000000000000000000e+00 1.000000000000000000e+00 1.000000000000000000e+00 0.000000000000000000e+00 0.000000000000000000e+00 -1.000000000000000000e+00 -1.000000000000000000e+00
5.100000000000000000e+01 2.279069067409005584e+04 1.244898792686675648e+01 1.683322908845490129e-02 1.620931001956979589e+00 1.802579611918294147e-02 8.877040715059916764e-02 1.570796326794896558e+00 1.000000000000000000e+00 1.000000000000000000e+00 0.000000000000000000e+00 0.000000000000000000e+00 -1.000000000000000000e+00 -1.000000000000000000e+00
5.600000000000000000e+01 6.882286349072785015e+03 1.358734037542618012e+01 1.106849722509779463e-02 8.155734632564815012e-01 3.124741650956784689e+00 1.000000000000000056e-01 1.570796326794896558e+00 1.000000000000000000e+00 1.000000000000000000e+00 0.000000000000000000e+00 0.000000000000000000e+00 -1.000000000000000000e+00 -1.000000000000000000e+00
5.700000000000000000e+01 2.137825748355120595e+04 1.472872336257597681e+01 9.563457226172628056e-02 8.712141058854458997e-01 3.117894098299210270e+00 1.000000000000000056e-01 0.000000000000000000e+00 1.000000000000000000e+00 1.000000000000000000e+00 0.000000000000000000e+00 0.000000000000000000e+00 -1.000000000000000000e+00 -1.000000000000000000e+00
5.900000000000000000e+01 2.165708053329566610e+04 1.786215042437135381e+01 1.963127424045085501e-01 1.207162571260635309e+00 -3.885972375686876264e-03 1.192476585152201923e-01 1.570796326794896558e+00 1.000000000000000000e+00 1.000000000000000000e+00 0.000000000000000000e+00 0.000000000000000000e+00 -1.000000000000000000e+00 -1.000000000000000000e+00
6.200000000000000000e+01 2.771062053104820006e+04 1.429394230793068488e+01 -3.843157615583973896e-02 3.100000000000000089e+00 3.153655697709000005e+00 8.364500888220545438e-02 1.570796326794896558e+00 1.000000000000000000e+00 1.000000000000000000e+00 0.000000000000000000e+00 0.000000000000000000e+00 -1.000000000000000000e+00 -1.000000000000000000e+00
6.300000000000000000e+01 1.128314154285451878e+04 2.190580424347538724e+01 -1.192492719783363464e-01 2.108666403978670001e+00 3.151038748982987858e+00 3.063645569434431462e-02 1.570796326794896558e+00 1.000000000000000000e+00 1.000000000000000000e+00 0.000000000000000000e+00 0.000000000000000000e+00 -1.000000000000000000e+00 -1.000000000000000000e+00
6.500000000000000000e+01 1.481668704993820756e+04 1.526534013428994108e+01 -1.696744749162120147e-01 2.112226817203051166e+00 1.613317415693211326e-02 2.339197728732943585e-02 0.000000000000000000e+00 1.000000000000000000e+00 1.000000000000000000e+00 0.000000000000000000e+00 0.000000000000000000e+00 -1.000000000000000000e+00 -1.000000000000000000e+00
6.600000000000000000e+01 2.997466069115294522e+04 1.178938539919006878e+01 -1.299880424108356691e-01 2.320237747915874671e+00 -3.317936303084062510e-02 1.628057191752496358e-01 1.570796326794896558e+00 1.000000000000000000e+00 1.000000000000000000e+00 0.000000000000000000e+00 0.000000000000000000e+00 -1.000000000000000000e+00 -1.000000000000000000e+00
7.000000000000000000e+01 5.000000000000000000e+04 1.003752159903809016e+01 -3.338457762026589976e-02 3.033462190403551695e+00 3.128810017514310093e+00 9.059747956274818992e-02 1.570796326794896558e+00 1.000000000000000000e+00 1.000000000000000000e+00 0.000000000000000000e+00 0.000000000000000000e+00 -1.000000000000000000e+00 -1.000000000000000000e+00
7.200000000000000000e+01 1.730704687976219066e+04 1.568851592190230271e+01 -1.213318032870836227e-01 3.100000000000000089e+00 3.131537151987322964e+00 5.106345944437959417e-02 1.570796326794896558e+00 1.000000000000000000e+00 1.000000000000000000e+00 0.000000000000000000e+00 0.000000000000000000e+00 -1.000000000000000000e+00 -1.000000000000000000e+00
7.300000000000000000e+01 4.551402179969173449e+04 1.660622128792879693e+01 -1.507728363651676673e-01 2.877299617459622816e+00 3.160619613918274062e+00 8.868760357786131809e-02 1.570796326794896558e+00 1.000000000000000000e+00 1.000000000000000000e+00 0.000000000000000000e+00 0.000000000000000000e+00 -1.000000000000000000e+00 -1.000000000000000000e+00
7.400000000000000000e+01 1.267670932669740750e+03 1.471274262609646399e+01 -1.906343145293372676e-01 2.077457933308187066e+00 9.534321521829851689e-05 9.000000000000001055e-02 1.570796326794896558e+00 1.000000000000000000e+00 1.000000000000000000e+00 0.000000000000000000e+00 0.000000000000000000e+00 -1.000000000000000000e+00 -1.000000000000000000e+00
7.500000000000000000e+01 3.161970738643319783e+04 3.483088533653352670e+01 -2.165369629148302527e-02 2.132376487986361369e+00 3.151096267780191251e+00 8.610914927152298060e-02 1.570796326794896558e+00 1.000000000000000000e+00 1.000000000000000000e+00 0.000000000000000000e+00 0.000000000000000000e+00 -1.000000000000000000e+00 -1.000000000000000000e+00
7.700000000000000000e+01 3.003725388450283936e+04 1.207105779583015881e+01 -1.322464349748311840e-01 3.076752638448227550e+00 -6.344929193557992571e-03 2.568219556642392098e-01 1.570796326794896558e+00 1.000000000000000000e+00 1.000000000000000000e+00 0.000000000000000000e+00 0.000000000000000000e+00 -1.000000000000000000e+00 -1.000000000000000000e+00
7.800000000000000000e+01 1.065499999638927147e+04 1.173673429626130016e+01 -2.613037411615535058e-02 2.362478576819415199e+00 3.137177611851628800e+00 1.000000000000000056e-01 0.000000000000000000e+00 1.000000000000000000e+00 1.000000000000000000e+00 0.000000000000000000e+00 0.000000000000000000e+00 -1.000000000000000000e+00 -1.000000000000000000e+00
7.900000000000000000e+01 3.650129864357331098e+04 1.296778598046981834e+01 -9.883366239032641276e-02 3.095727396884924154e+00 3.134184285905515566e+00 9.845254824410649974e-02 0.000000000000000000e+00 1.000000000000000000e+00 1.000000000000000000e+00 0.000000000000000000e+00 0.000000000000000000e+00 -1.000000000000000000e+00 -1.000000000000000000e+00
8.000000000000000000e+01 4.699369795891031390e+04 3.688471209760239589e+01 2.106843886331963567e-01 1.264758233230373285e+00 3.100941268087025193e+00 2.014840064210882825e-02 0.000000000000000000e+00 1.000000000000000000e+00 1.000000000000000000e+00 0.000000000000000000e+00 0.000000000000000000e+00 -1.000000000000000000e+00 -1.000000000000000000e+00
8.200000000000000000e+01 2.919074382520772633e+04 1.472349750326383422e+01 1.157609064152227418e-01 2.388692311805636903e-01 -9.689954928592810907e-03 5.794993468472231513e-02 1.570796326794896558e+00 1.000000000000000000e+00 1.000000000000000000e+00 0.000000000000000000e+00 0.000000000000000000e+00 -1.000000000000000000e+00 -1.000000000000000000e+00
8.300000000000000000e+01 1.496017147787102112e+04 1.467877404848428213e+01 -3.455916283404225631e-02 2.024271661549204460e+00 3.122865866887712283e+00 1.740306915017748868e-02 1.570796326794896558e+00 1.000000000000000000e+00 1.000000000000000000e+00 0.000000000000000000e+00 0.000000000000000000e+00 -1.000000000000000000e+00 -1.000000000000000000e+00
8.500000000000000000e+01 3.844768416824535234e+04 1.308428357023294630e+01 -5.516405054822934306e-02 2.644650192044545989e+00 -4.109931644832025277e-02 1.213620388182012205e-01 0.000000000000000000e+00 1.000000000000000000e+00 1.000000000000000000e+00 0.000000000000000000e+00 0.000000000000000000e+00 -1.000000000000000000e+00 -1.000000000000000000e+00
8.800000000000000000e+01 4.513087370227925567e+04 2.099966223603834337e+01 -1.151049169969882435e-02 2.776050011354096458e+00 3.147949314731972592e+00 7.750634897542511836e-02 0.000000000000000000e+00 1.000000000000000000e+00 1.000000000000000000e+00 0.000000000000000000e+00 0.000000000000000000e+00 -1.000000000000000000e+00 -1.000000000000000000e+00
8.900000000000000000e+01 2.978507005531708273e+04 1.026031756899510583e+01 -1.057607904485963202e-01 2.634960984964044961e+00 3.146783093763113826e+00 2.722525102547638243e-01 0.000000000000000000e+00 1.000000000000000000e+00 1.000000000000000000e+00 0.000000000000000000e+00 0.000000000000000000e+00 -1.000000000000000000e+00 -1.000000000000000000e+00
9.100000000000000000e+01 3.935644451449815097e+04 2.307788358391261951e+01 6.092449155754459458e-03 3.444001650495522315e-01 3.164035737317659081e+00 1.105390377855916956e-01 1.570796326794896558e+00 1.000000000000000000e+00 1.000000000000000000e+00 0.000000000000000000e+00 0.000000000000000000e+00 -1.000000000000000000e+00 -1.000000000000000000e+00
9.200000000000000000e+01 2.392501293189295393e+04 1.200392682424046598e+01 5.126353067882431086e-02 7.089736099258098223e-01 3.147528572578207839e+00 2.618802080520716280e-01 1.570796326794896558e+00 1.000000000000000000e+00 1.000000000000000000e+00 0.000000000000000000e+00 0.000000000000000000e+00 -1.000000000000000000e+00 -1.000000000000000000e+00
9.300000000000000000e+01 2.713205028367572595e+04 1.448196260073304309e+01 -1.660978406602187929e-01 2.463672218824394911e+00 3.156123039361490523e+00 2.514744075956803007e-02 0.000000000000000000e+00 1.000000000000000000e+00 1.000000000000000000e+00 0.000000000000000000e+00 0.000000000000000000e+00 -1.000000000000000000e+00 -1.000000000000000000e+00
9.400000000000000000e+01 4.515786528670822008e+04 1.216137367672311598e+01 -7.347421846961237069e-02 2.084351885299055684e+00 3.170476059479421238e+00 1.583815024728998933e-01 1.570796326794896558e+00 1.000000000000000000e+00 1.000000000000000000e+00 0.000000000000000000e+00 0.000000000000000000e+00 -1.000000000000000000e+00 -1.000000000000000000e+00
9.600000000000000000e+01 3.418088368666254246e+04 1.426142797097746140e+01 -3.841803789410004610e-02 2.746598441525170742e+00 -2.845929744796822994e-02 9.089907026341549623e-02 0.000000000000000000e+00 1.000000000000000000e+00 1.000000000000000000e+00 0.000000000000000000e+00 0.000000000000000000e+00 -1.000000000000000000e+00 -1.000000000000000000e+00
9.700000000000000000e+01 1.018424519511922540e+03 1.101512094797958063e+01 -1.654665104148450236e-02 1.805525189527944274e+00 3.141169272639397825e+00 9.000000000000001055e-02 0.000000000000000000e+00 1.000000000000000000e+00 1.000000000000000000e+00 0.000000000000000000e+00 0.000000000000000000e+00 -1.000000000000000000e+00 -1.000000000000000000e+00
9.800000000000000000e+01 1.386582843151164161e+04 1.349930754714374714e+01 -1.872937921796965777e-01 2.058931005172403683e+00 -4.485762960029686733e-03 1.000000000000000056e-01 0.000000000000000000e+00 1.000000000000000000e+00 1.000000000000000000e+00 0.000000000000000000e+00 0.000000000000000000e+00 -1.000000000000000000e+00 -1.000000000000000000e+00
1.030000000000000000e+02 4.594989760419770755e+04 2.321431401590040622e+01 -5.469763168421363370e-02 2.074344724476663959e+00 3.152830783653963298e+00 9.142490782017938244e-02 1.570796326794896558e+00 1.000000000000000000e+00 1.000000000000000000e+00 0.000000000000000000e+00 0.000000000000000000e+00 -1.000000000000000000e+00 -1.000000000000000000e+00
1.040000000000000000e+02 4.264586559464720267e+03 3.062049551535720227e+01 1.932603952867846808e-01 3.186320876777449795e-01 1.179133881725100488e-02 9.000000000000001055e-02 0.000000000000000000e+00 1.000000000000000000e+00 1.000000000000000000e+00 0.000000000000000000e+00 0.000000000000000000e+00 -1.000000000000000000e+00 -1.000000000000000000e+00
1.050000000000000000e+02 4.776397269750742998e+04 1.432605585065285503e+01 1.053324267695824601e-01 4.100305303091663633e-01 3.582042419570015401e-02 1.096558657933541757e-02 1.570796326794896558e+00 1.000000000000000000e+00 1.000000000000000000e+00 0.000000000000000000e+00 0.000000000000000000e+00 -1.000000000000000000e+00 -1.000000000000000000e+00
1.060000000000000000e+02 6.871569200089061269e+03 1.077864567606755308e+01 2.746588432599925828e-02 4.236825140304287807e-01 3.134483558556836247e+00 1.066379864534619352e-02 1.570796326794896558e+00 1.000000000000000000e+00 1.000000000000000000e+00 0.000000000000000000e+00 0.000000000000000000e+00 -1.000000000000000000e+00 -1.000000000000000000e+00
1.070000000000000000e+02 4.550205905898537458e+04 1.068847311177640691e+01 -5.894932696240597764e-02 2.142937166892244782e+00 3.171398222363295272e+00 2.448780770315442945e-01 1.570796326794896558e+00 1.000000000000000000e+00 1.000000000000000000e+00 0.000000000000000000e+00 0.000000000000000000e+00 -1.000000000000000000e+00 -1.000000000000000000e+00
1.120000000000000000e+02 2.931493638519902743e+04 1.642300826854762619e+01 1.382717549358344553e-02 5.743189874306580123e-01 -2.460950344442170042e-03 5.227967267964297310e-02 1.570796326794896558e+00 1.000000000000000000e+00 1.000000000000000000e+00 0.000000000000000000e+00 0.000000000000000000e+00 -1.000000000000000000e+00 -1.000000000000000000e+00
1.130000000000000000e+02 3.132634817138775179e+04 1.011565968094599732e+01 2.690705816885016061e-02 6.056999795625803706e-01 -2.048732975599928952e-02 9.134154082812262487e-02 1.570796326794896558e+00 1.000000000000000000e+00 1.000000000000000000e+00 0.000000000000000000e+00 0.000000000000000000e+00 -1.000000000000000000e+00 -1.000000000000000000e+00
1.140000000000000000e+02 3.640394069454773125e+04 1.311946784623178885e+01 1.265093127198039513e-01 3.915529564905660398e-01 2.136022593941728012e-02 1.886090360741053407e-01 0.000000000000000000e+00 1.000000000000000000e+00 1.000000000000000000e+00 0.000000000000000000e+00 0.000000000000000000e+00 -1.000000000000000000e+00 -1.000000000000000000e+00
1.150000000000000000e+02 4.033822320588205184e+04 2.386789862680931051e+01 -9.756440103596204783e-02 3.100000000000000089e+00 3.135899852062020265e+00 2.668938301086796194e-01 0.000000000000000000e+00 1.000000000000000000e+00 1.000000000000000000e+00 0.000000000000000000e+00 0.000000000000000000e+00 -1.000000000000000000e+00 -1.000000000000000000e+00
1.160000000000000000e+02 4.321393833130439452e+04 1.217344613576221057e+01 4.916086550683706341e-02 4.521234742142256069e-01 3.158208446508766531e+00 2.737556132607916748e-01 1.570796326794896558e+00 1.000000000000000000e+00 1.000000000000000000e+00 0.000000000000000000e+00 0.000000000000000000e+00 -1.000000000000000000e+00 -1.000000000000000000e+00
1.190000000000000000e+02 3.630574328778157360e+04 1.168715515788797532e+01 -7.587209981439546613e-02 3.100000000000000089e+00 3.133696316709790430e+00 1.135615419454892999e-01 1.570796326794896558e+00 1.000000000000000000e+00 1.000000000000000000e+00 0.000000000000000000e+00 0.000000000000000000e+00 -1.000000000000000000e+00 -1.000000000000000000e+00
1.220000000000000000e+02 1.599084398856403277e+04 1.110651053141547351e+01 -6.421222096359176235e-02 2.271194267222849561e+00 -3.324132190341327897e-02 2.021722020959632604e-01 1.570796326794896558e+00 1.000000000000000000e+00 1.000000000000000000e+00 0.000000000000000000e+00 0.000000000000000000e+00 -1.000000000000000000e+00 -1.000000000000000000e+00
1.230000000000000000e+02 4.673833178610385221e+04 1.274019682706200740e+01 5.655301276948702938e-02 7.636620269138587602e-01 3.161644697439895513e+00 2.238876283103338749e-01 1.570796326794896558e+00 1.000000000000000000e+00 1.000000000000000000e+00 0.000000000000000000e+00 0.000000000000000000e+00 -1.000000000000000000e+00 -1.000000000000000000e+00
1.260000000000000000e+02 3.112828169467407133e+04 3.122559018760059146e+01 4.121911667476720054e-02 1.107134777049582741e+00 3.112561820610989738e+00 1.106160623106127415e-02 1.570796326794896558e+00 1.000000000000000000e+00 1.000000000000000000e+00 0.000000000000000000e+00 0.000000000000000000e+00 -1.000000000000000000e+00 -1.000000000000000000e+00
1.270000000000000000e+02 4.178008791969080630e+04 2.539869515898714170e+01 4.572860459993724480e-02 8.670274718300450267e-01 3.104551750970466983e+00 1.643799162715022799e-01 0.000000000000000000e+00 1.000000000000000000e+00 1.000000000000000000e+00 0.000000000000000000e+00 0.000000000000000000e+00 -1.000000000000000000e+00 -1.000000000000000000e+00
1.300000000000000000e+02 1.171216350664474703e+03 2.220258004507411087e+01 -1.835170341034775277e-01 2.831038588854240867e+00 1.268993071787359248e-02 9.000000000000001055e-02 1.570796326794896558e+00 1.000000000000000000e+00 1.000000000000000000e+00 0.000000000000000000e+00 0.000000000000000000e+00 -1.000000000000000000e+00 -1.000000000000000000e+00
1.310000000000000000e+02 1.052653404104580113e+04 1.991949847136606877e+01 -5.477752150910338014e-02 2.149281178669744996e+00 -2.315180914998375694e-02 4.321222210307514022e-02 1.570796326794896558e+00 1.000000000000000000e+00 1.000000000000000000e+00 0.000000000000000000e+00 0.000000000000000000e+00 -1.000000000000000000e+00 -1.000000000000000000e+00
1.330000000000000000e+02 3.340251028820659849e+04 2.134365722942774113e+01 2.393461246452625868e-01 8.597167438366590808e-01 -2.198861290835057644e-02 7.668361109908068685e-02 1.570796326794896558e+00 1.000000000000000000e+00 1.000000000000000000e+00 0.000000000000000000e+00 0.000000000000000000e+00 -1.000000000000000000e+00 -1.000000000000000000e+00
1.340000000000000000e+02 4.424104541993868042e+04 1.058785935493481389e+01 1.098434535596660711e-01 6.514309818826131693e-01 -3.018394667761963718e-02 4.281074166963158567e-02 1.570796326794896558e+00 1.000000000000000000e+00 1.000000000000000000e+00 0.000000000000000000e+00 0.000000000000000000e+00 -1.000000000000000000e+00 -1.000000000000000000e+00
1.350000000000000000e+02 3.409532386945228063e+04 1.382889412884333602e+01 3.770259649506799149e-02 9.219233396229568056e-01 1.780038403661306917e-02 1.432054571460458087e-02 0.000000000000000000e+00 1.000000000000000000e+00 1.000000000000000000e+00 0.000000000000000000e+00 0.000000000000000000e+00 -1.000000000000000000e+00 -1.000000000000000000e+00
1.390000000000000000e+02 9.494967632923815017e+02 1.147379943300370897e+01 3.342606503881271479e-02 3.657878018917296581e-01 8.448669694762775753e-03 9.000000000000001055e-02 0.000000000000000000e+00 1.000000000000000000e+00 1.000000000000000000e+00 0.000000000000000000e+00 0.000000000000000000e+00 -1.000000000000000000e+00 -1.000000000000000000e+00
1.410000000000000000e+02 1.836116299135686495e+04 3.284067082594303599e+01 3.270175915882214852e-03 4.502487956887236131e-01 -1.978664305337268781e-02 1.000000000000000056e-01 0.000000000000000000e+00 1.000000000000000000e+00 1.000000000000000000e+00 0.000000000000000000e+00 0.000000000000000000e+00 -1.000000000000000000e+00 -1.000000000000000000e+00
1.420000000000000000e+02 1.009923460922745471e+04 3.599470118919651895e+01 -3.159706011084875144e-01 3.100000000000000089e+00 3.125958372618101500e+00 1.000000000000000056e-01 0.000000000000000000e+00 1.000000000000000000e+00 1.000000000000000000e+00 0.000000000000000000e+00 0.000000000000000000e+00 -1.000000000000000000e+00 -1.000000000000000000e+00
1.430000000000000000e+02 2.213592930307251663e+03 1.462958381255998219e+01 -3.294925852159798219e-02 2.331599098189575336e+00 -6.983455612934074547e-03 9.000000000000001055e-02 0.000000000000000000e+00 1.000000000000000000e+00 1.000000000000000000e+00 0.000000000000000000e+00 0.000000000000000000e+00 -1.000000000000000000e+00 -1.000000000000000000e+00
1.450000000000000000e+02 2.018297334828045223e+03 2.838042305483487127e+01 -3.921980355590860834e-02 1.879370971407871682e+00 3.138471970310954706e+00 9.000000000000001055e-02 0.000000000000000000e+00 1.000000000000000000e+00 1.000000000000000000e+00 0.000000000000000000e+00 0.000000000000000000e+00 -1.000000000000000000e+00 -1.000000000000000000e+00
1.460000000000000000e+02 8.084045829580463760e+03 1.046989377361068030e+01 2.477403977819978009e-02 8.456611562467044596e-01 1.811180971267790235e-02 9.416139613172029577e-02 0.000000000000000000e+00 1.000000000000000000e+00 1.000000000000000000e+00 0.000000000000000000e+00 0.000000000000000000e+00 -1.000000000000000000e+00 -1.000000000000000000e+00
1.510000000000000000e+02 3.861717057628795010e+04 1.018805396235308081e+01 7.325580260162345425e-02 5.409612828001165719e-01 2.897145284327501055e-02 1.998669297468316786e-02 1.570796326794896558e+00 1.000000000000000000e+00 1.000000000000000000e+00 0.000000000000000000e+00 0.000000000000000000e+00 -1.000000000000000000e+00 -1.000000000000000000e+00
1.540000000000000000e+02 1.928851358497161709e+04 1.179799853600258785e+01 2.043909164591150782e-02 1.207365100408824610e+00 1.048756860001082494e-02 1.000000000000000056e-01 0.000000000000000000e+00 1.000000000000000000e+00 1.000000000000000000e+00 0.000000000000000000e+00 0.000000000000000000e+00 -1.000000000000000000e+00 -1.000000000000000000e+00
1.550000000000000000e+02 2.571923072593361212e+04 1.405244855370970924e+01 2.241270981171832044e-02 4.010114014976630115e-01 3.172687313043581092e+00 2.230843999504468766e-01 0.000000000000000000e+00 1.000000000000000000e+00 1.000000000000000000e+00 0.000000000000000000e+00 0.000000000000000000e+00 -1.000000000000000000e+00 -1.000000000000000000e+00
1.560000000000000000e+02 1.159334259513455436e+03 1.400595655589475719e+01 8.660922477297965105e-02 8.923570948942485259e-01 3.141119277828067435e+00 9.000000000000001055e-02 1.570796326794896558e+00 1.000000000000000000e+00 1.000000000000000000e+00 0.000000000000000000e+00 0.000000000000000000e+00 -1.000000000000000000e+00 -1.000000000000000000e+00
1.650000000000000000e+02 3.080881496517374035e+04 2.443780523145147754e+01 1.651619784721929107e-01 7.921109082639500309e-01 3.126746246122683814e+00 7.526877655586101945e-02 1.570796326794896558e+00 1.000000000000000000e+00 1.000000000000000000e+00 0.000000000000000000e+00 0.000000000000000000e+00 -1.000000000000000000e+00 -1.000000000000000000e+00
1.660000000000000000e+02 1.477746970367983886e+04 1.879197476662992372e+01 7.211046083531524875e-02 7.027197991691946921e-01 1.407778231405056209e-02 1.000000000000000056e-01 0.000000000000000000e+00 1.000000000000000000e+00 1.000000000000000000e+00 0.000000000000000000e+00 0.000000000000000000e+00 -1.000000000000000000e+00 -1.000000000000000000e+00
1.670000000000000000e+02 1.346419048056746078e+03 1.519622930937710059e+01 -1.348700797141696162e-01 2.361355893711432952e+00 -4.343609020647267761e-03 9.000000000000001055e-02 1.570796326794896558e+00 1.000000000000000000e+00 1.000000000000000000e+00 0.000000000000000000e+00 0.000000000000000000e+00 -1.000000000000000000e+00 -1.000000000000000000e+00
1.680000000000000000e+02 3.568035300775520591e+04 1.747117162699485249e+01 -1.375535328847566074e-01 2.216132545923772845e+00 8.147153540681628453e-04 1.139882662820102532e-01 0.000000000000000000e+00 1.000000000000000000e+00 1.000000000000000000e+00 0.000000000000000000e+00 0.000000000000000000e+00 -1.000000000000000000e+00 -1.000000000000000000e+00
1.690000000000000000e+02 3.529061959764683706e+04 2.230349595469424884e+01 6.188053898144010856e-02 7.849524731211398043e-01 2.263896068441464265e-02 2.540311323327144044e-01 0.000000000000000000e+00 1.000000000000000000e+00 1.000000000000000000e+00 0.000000000000000000e+00 0.000000000000000000e+00 -1.000000000000000000e+00 -1.000000000000000000e+00
1.710000000000000000e+02 2.838304196316103116e+04 1.717815293019955547e+01 1.694715317515763792e-02 2.717791032301280496e-01 -9.138892018627834540e-03 2.144419288775552615e-02 0.000000000000000000e+00 1.000000000000000000e+00 1.000000000000000000e+00 0.000000000000000000e+00 0.000000000000000000e+00 -1.000000000000000000e+00 -1.000000000000000000e+00
1.760000000000000000e+02 3.751740466522699535e+03 1.438094142737536352e+01 5.907647210174717112e-02 1.816381908821296798e-01 -5.344814675300763041e-03 9.000000000000001055e-02 1.570796326794896558e+00 1.000000000000000000e+00 1.000000000000000000e+00 0.000000000000000000e+00 0.000000000000000000e+00 -1.000000000000000000e+00 -1.000000000000000000e+00
1.770000000000000000e+02 4.264351944580382678e+02 1.143398099336734752e+01 5.679062152008973463e-02 1.554324699860150649e-01 -6.626292528451235668e-03 3.358303348063050586e-02 1.570796326794896558e+00 1.000000000000000000e+00 1.000000000000000000e+00 0.000000000000000000e+00 0.000000000000000000e+00 -1.000000000000000000e+00 -1.000000000000000000e+00
1.780000000000000000e+02 2.020562852822364584e+04 1.316674094275809281e+01 -1.270326115902065955e-01 1.762588217348418640e+00 3.110892497415199021e+00 8.481481166745385991e-02 0.000000000000000000e+00 1.000000000000000000e+00 1.000000000000000000e+00 0.000000000000000000e+00 0.000000000000000000e+00 -1.000000000000000000e+00 -1.000000000000000000e+00
1.790000000000000000e+02 4.806128145049497834e+04 2.258972472745233162e+01 2.120046750722295315e-01 1.149873804761048168e+00 -1.621883300805323017e-02 1.615996980240395342e-01 1.570796326794896558e+00 1.000000000000000000e+00 1.000000000000000000e+00 0.000000000000000000e+00 0.000000000000000000e+00 -1.000000000000000000e+00 -1.000000000000000000e+00
1.810000000000000000e+02 7.988099323581531053e+02 3.370550496861021372e+01 9.764379049306411151e-02 8.395987270421549631e-02 -4.821972070167447263e-03 9.000000000000001055e-02 0.000000000000000000e+00 1.000000000000000000e+00 1.000000000000000000e+00 0.000000000000000000e+00 0.000000000000000000e+00 -1.000000000000000000e+00 -1.000000000000000000e+00
1.820000000000000000e+02 5.017008020278440199e+03 1.425447733355837876e+01 9.205658463807882275e-02 4.108947617503088123e-01 1.505369916521771996e-04 9.000000000000001055e-02 0.000000000000000000e+00 1.000000000000000000e+00 1.000000000000000000e+00 0.000000000000000000e+00 0.000000000000000000e+00 -1.000000000000000000e+00 -1.000000000000000000e+00
1.840000000000000000e+02 3.684182789581116958e+04 1.188778081752229987e+01 7.681796841944681098e-02 6.847827707807604414e-01 3.140367891595697625e+00 1.352188079983426550e-01 0.000000000000000000e+00 1.000000000000000000e+00 1.000000000000000000e+00 0.000000000000000000e+00 0.000000000000000000e+00 -1.000000000000000000e+00 -1.000000000000000000e+00
1.870000000000000000e+02 1.913727504591076286e+04 1.457563378613823168e+01 8.530747774078825327e-04 1.238628138631600928e+00 -3.225800730986250198e-02 3.121277872378811283e-02 1.570796326794896558e+00 1.000000000000000000e+00 1.000000000000000000e+00 0.000000000000000000e+00 0.000000000000000000e+00 -1.000000000000000000e+00 -1.000000000000000000e+00
1.880000000000000000e+02 2.650392735728046318e+04 1.525679204163464497e+01 -1.874025623375872585e-01 2.223904399105733010e+00 -7.780582414795567982e-03 9.028629132444956906e-02 1.570796326794896558e+00 1.000000000000000000e+00 1.000000000000000000e+00 0.000000000000000000e+00 0.000000000000000000e+00 -1.000000000000000000e+00 -1.000000000000000000e+00
1.900000000000000000e+02 8.913885328209980798e+03 1.154551123715143213e+01 5.561207529072477451e-02 3.794966335434877824e-01 -6.718221167560793280e-03 9.000000000000001055e-02 1.570796326794896558e+00 1.000000000000000000e+00 1.000000000000000000e+00 0.000000000000000000e+00 0.000000000000000000e+00 -1.000000000000000000e+00 -1.000000000000000000e+00
1.910000000000000000e+02 3.726628791002293292e+04 1.331859092567971636e+01 3.829759368551247101e-02 2.559144498220718988e-01 3.149050801068767669e+00 4.101307015886424684e-02 0.000000000000000000e+00 1.000000000000000000e+00 1.000000000000000000e+00 0.000000000000000000e+00 0.000000000000000000e+00 -1.000000000000000000e+00 -1.000000000000000000e+00
1.920000000000000000e+02 4.520086160475011275e+04 1.052241795415933012e+01 -3.975240387985261303e-02 3.008852815414637671e+00 3.168532980921028308e+00 2.739340519905712479e-01 1.570796326794896558e+00 1.000000000000000000e+00 1.000000000000000000e+00 0.000000000000000000e+00 0.000000000000000000e+00 -1.000000000000000000e+00 -1.000000000000000000e+00
1.940000000000000000e+02 4.369117922709377308e+04 1.017539661687719743e+01 -6.536772682004884580e-03 1.030605559236724922e+00 3.137899061144272306e+00 1.976942792583877631e-02 0.000000000000000000e+00 1.000000000000000000e+00 1.000000000000000000e+00 0.000000000000000000e+00 0.000000000000000000e+00 -1.000000000000000000e+00 -1.000000000000000000e+00
1.950000000000000000e+02 2.834066047756571425e+04 1.013962288218482222e+01 -7.469507170544151253e-02 2.944423849585517949e+00 3.167063714484428250e+00 8.508102626355175391e-02 0.000000000000000000e+00 1.000000000000000000e+00 1.000000000000000000e+00 0.000000000000000000e+00 0.000000000000000000e+00 -1.000000000000000000e+00 -1.000000000000000000e+00
1.970000000000000000e+02 3.893364823172337492e+04 3.352106877080437641e+01 -1.103451448429713794e-01 3.008044884910813010e+00 3.162770412957743638e+00 2.639920187256875744e-02 0.000000000000000000e+00 1.000000000000000000e+00 1.000000000000000000e+00 0.000000000000000000e+00 0.000000000000000000e+00 -1.000000000000000000e+00 -1.000000000000000000e+00
1.980000000000000000e+02 1.637102764751537052e+03 1.346535266375997431e+01 -7.245951787736235050e-02 1.996427137143342634e+00 9.167163352079468752e-03 9.000000000000001055e-02 0.000000000000000000e+00 1.000000000000000000e+00 1.000000000000000000e+00 0.000000000000000000e+00 0.000000000000000000e+00 -1.000000000000000000e+00 -1.000000000000000000e+00
1.990000000000000000e+02 2.619824809323660156e+04 1.033616059795781617e+01 -6.919160760166254143e-02 2.951619278107930455e+00 3.113733507317172577e+00 2.513723173740847749e-01 0.000000000000000000e+00 1.000000000000000000e+00 1.000000000000000000e+00 0.000000000000000000e+00 0.000000000000000000e+00 -1.000000000000000000e+00 -1.000000000000000000e+00
2.000000000000000000e+02 9.234930220381987965e+03 1.894512568542781850e+01 9.761730387596499747e-02 1.089400467774693571e+00 3.163571902066452779e+00 1.160222061648543829e-01 0.000000000000000000e+00 1.000000000000000000e+00 1.000000000000000000e+00 0.000000000000000000e+00 0.000000000000000000e+00 -1.000000000000000000e+00 -1.000000000000000000e+00
3.650000000000000000e+02 1.147990737403156913e+02 1.171393407588527502e+01 -1.772576006900075316e-02 2.107788306260494515e+00 0.000000000000000000e+00 8.867764894481194871e-02 -1.000000000000000000e+00 1.000000000000000000e+00 1.000000000000000000e+00 8.400000000000000000e+01 0.000000000000000000e+00 -1.000000000000000000e+00 -1.000000000000000000e+00
8.000000000000000000e+00 3.119778634365568359e+04 1.865636103689739400e+01 -7.810429115725134319e-02 2.421548137039131188e+00 1.591285069188214107e-02 1.348825598468540721e-01 1.570796326794896558e+00 1.000000000000000000e+00 1.000000000000000000e+00 0.000000000000000000e+00 0.000000000000000000e+00 -1.000000000000000000e+00 -1.000000000000000000e+00
1.300000000000000000e+01 2.665580421334717539e+04 3.256361850833386740e+01 -6.273766179997068704e-02 2.785801711023323968e+00 1.905656755638406724e-02 2.089465221215891233e-01 1.570796326794896558e+00 1.000000000000000000e+00 1.000000000000000000e+00 0.000000000000000000e+00 0.000000000000000000e+00 -1.000000000000000000e+00 -1.000000000000000000e+00
1.500000000000000000e+01 4.399367078197580122e+04 1.431334845481541329e+01 -1.853223951126635183e-01 2.573642743742963646e+00 3.451541287373727229e-02 9.259787381043949051e-02 1.570796326794896558e+00 1.000000000000000000e+00 1.000000000000000000e+00 0.000000000000000000e+00 0.000000000000000000e+00 -1.000000000000000000e+00 -1.000000000000000000e+00
1.600000000000000000e+01 1.582706833162952353e+04 1.075185077859352845e+01 3.391494333767065827e-02 7.857449999302672516e-01 1.225477878781832709e-02 1.742463612875421938e-02 1.570796326794896558e+00 1.000000000000000000e+00 1.000000000000000000e+00 0.000000000000000000e+00 0.000000000000000000e+00 -1.000000000000000000e+00 -1.000000000000000000e+00
2.600000000000000000e+01 2.076095728108684125e+04 3.575616428550701897e+01 -4.457368047175271075e-02 2.350742597756521057e+00 0.000000000000000000e+00 3.236115083166492962e-02 1.570796326794896558e+00 1.000000000000000000e+00 1.000000000000000000e+00 0.000000000000000000e+00 0.000000000000000000e+00 -1.000000000000000000e+00 -1.000000000000000000e+00
2.800000000000000000e+01 3.652321067846647202e+04 1.013586414355008181e+01 -7.173891489750665318e-02 3.100000000000000089e+00 0.000000000000000000e+00 2.564981825830492390e-01 1.570796326794896558e+00 1.000000000000000000e+00 1.000000000000000000e+00 0.000000000000000000e+00 0.000000000000000000e+00 -1.000000000000000000e+00 -1.000000000000000000e+00
3.100000000000000000e+01 2.529867005791041083e+04 1.555531112900697011e+01 -7.404862352382993174e-02 2.815860334184332014e+00 0.000000000000000000e+00 1.739805083705497080e-01 1.570796326794896558e+00 1.000000000000000000e+00 1.000000000000000000e+00 0.000000000000000000e+00 0.000000000000000000e+00 -1.000000000000000000e+00 -1.000000000000000000e+00
3.400000000000000000e+01 1.369658259423054187e+04 1.976348722543643532e+01 9.497462315679301714e-02 8.029807484034399145e-01 1.047616965796914663e-02 9.000000000000001055e-02 1.570796326794896558e+00 1.000000000000000000e+00 1.000000000000000000e+00 0.000000000000000000e+00 0.000000000000000000e+00 -1.000000000000000000e+00 -1.000000000000000000e+00
4.400000000000000000e+01 8.453582038106680557e+03 2.216745388597426825e+01 -5.889626834109368964e-02 2.463288538988746001e+00 0.000000000000000000e+00 2.942806825077299085e-02 1.570796326794896558e+00 1.000000000000000000e+00 1.000000000000000000e+00 0.000000000000000000e+00 0.000000000000000000e+00 -1.000000000000000000e+00 -1.000000000000000000e+00
4.800000000000000000e+01 2.715302453997112025e+04 1.503259194384998843e+01 -1.914725621469823835e-01 3.096048142029340866e+00 0.000000000000000000e+00 9.717404413710685473e-02 1.570796326794896558e+00 1.000000000000000000e+00 1.000000000000000000e+00 0.000000000000000000e+00 0.000000000000000000e+00 -1.000000000000000000e+00 -1.000000000000000000e+00
5.400000000000000000e+01 3.460338449969927296e+03 1.340263393378351608e+01 7.897368395091151905e-02 7.712557285007787256e-02 0.000000000000000000e+00 9.000000000000001055e-02 1.570796326794896558e+00 1.000000000000000000e+00 1.000000000000000000e+00 0.000000000000000000e+00 0.000000000000000000e+00 -1.000000000000000000e+00 -1.000000000000000000e+00
5.500000000000000000e+01 4.227030002730715933e+04 1.222940207039221505e+01 6.456109545444949083e-02 2.457094620714066480e-01 9.155579917289116687e-03 5.152953670837120276e-02 1.570796326794896558e+00 1.000000000000000000e+00 1.000000000000000000e+00 0.000000000000000000e+00 0.000000000000000000e+00 -1.000000000000000000e+00 -1.000000000000000000e+00
5.800000000000000000e+01 4.844816727410956810e+04 3.548188640181246001e+01 5.019414223369538658e-02 1.026985896033114770e-01 3.913967676749974256e-02 2.015147387082298347e-01 1.570796326794896558e+00 1.000000000000000000e+00 1.000000000000000000e+00 0.000000000000000000e+00 0.000000000000000000e+00 -1.000000000000000000e+00 -1.000000000000000000e+00
6.900000000000000000e+01 2.121809215458577455e+04 3.014799522316693370e+01 -7.360042980989087505e-03 5.763686543959581909e-01 0.000000000000000000e+00 1.961280756053104257e-01 1.570796326794896558e+00 1.000000000000000000e+00 1.000000000000000000e+00 0.000000000000000000e+00 0.000000000000000000e+00 -1.000000000000000000e+00 -1.000000000000000000e+00
7.600000000000000000e+01 4.473239699456371454e+04 1.214124190529916092e+01 2.010072333513172604e-01 3.252277812774723720e-01 2.368049616034480914e-03 2.197092586537160996e-01 1.570796326794896558e+00 1.000000000000000000e+00 1.000000000000000000e+00 0.000000000000000000e+00 0.000000000000000000e+00 -1.000000000000000000e+00 -1.000000000000000000e+00
8.100000000000000000e+01 3.534606488034182257e+04 2.656079257663795090e+01 2.939499168185666367e-02 8.539382104605117707e-01 0.000000000000000000e+00 1.265398502676072512e-02 1.570796326794896558e+00 1.000000000000000000e+00 1.000000000000000000e+00 0.000000000000000000e+00 0.000000000000000000e+00 -1.000000000000000000e+00 -1.000000000000000000e+00
9.500000000000000000e+01 2.764205464235867112e+04 2.541091536189155775e+01 -1.130857637814855210e-01 2.292670960772520417e+00 1.442205335770788653e-02 2.301926914555686987e-01 1.570796326794896558e+00 1.000000000000000000e+00 1.000000000000000000e+00 0.000000000000000000e+00 0.000000000000000000e+00 -1.000000000000000000e+00 -1.000000000000000000e+00
1.000000000000000000e+02 7.306081367043858563e+02 1.212522785129793945e+01 7.108236509450500951e-02 1.291180944581867385e+00 0.000000000000000000e+00 9.000000000000001055e-02 1.570796326794896558e+00 1.000000000000000000e+00 1.000000000000000000e+00 0.000000000000000000e+00 0.000000000000000000e+00 -1.000000000000000000e+00 -1.000000000000000000e+00
1.370000000000000000e+02 3.975419642332154763e+04 1.096928261322534759e+01 -2.271057904554854220e-02 1.772858967280102060e+00 0.000000000000000000e+00 6.445447117745711774e-02 1.570796326794896558e+00 1.000000000000000000e+00 1.000000000000000000e+00 0.000000000000000000e+00 0.000000000000000000e+00 -1.000000000000000000e+00 -1.000000000000000000e+00
1.580000000000000000e+02 9.832553856822931948e+02 1.320440115348102950e+01 -1.618399015106565253e-01 2.683568616237581583e+00 0.000000000000000000e+00 9.000000000000001055e-02 1.570796326794896558e+00 1.000000000000000000e+00 1.000000000000000000e+00 0.000000000000000000e+00 0.000000000000000000e+00 -1.000000000000000000e+00 -1.000000000000000000e+00
1.590000000000000000e+02 1.108986384497766630e+04 2.604782933769621067e+01 6.147994696132629000e-02 7.555017331837258210e-01 2.194896819450328426e-02 1.000000000000000056e-01 1.570796326794896558e+00 1.000000000000000000e+00 1.000000000000000000e+00 0.000000000000000000e+00 0.000000000000000000e+00 -1.000000000000000000e+00 -1.000000000000000000e+00
1.600000000000000000e+02 4.002596787833184499e+04 1.314669976956514752e+01 8.312060157691088247e-02 8.606225723566388597e-01 2.351155266850447206e-02 2.711627339167244077e-01 1.570796326794896558e+00 1.000000000000000000e+00 1.000000000000000000e+00 0.000000000000000000e+00 0.000000000000000000e+00 -1.000000000000000000e+00 -1.000000000000000000e+00
1.620000000000000000e+02 4.304743495573748078e+04 3.120384571396448337e+01 9.290428277502577048e-02 1.221486976020375703e+00 0.000000000000000000e+00 1.538771558581596838e-02 1.570796326794896558e+00 1.000000000000000000e+00 1.000000000000000000e+00 0.000000000000000000e+00 0.000000000000000000e+00 -1.000000000000000000e+00 -1.000000000000000000e+00
1.740000000000000000e+02 2.517148043140363006e+04 3.545358770638140555e+01 -8.381722407996188007e-02 2.561880585845469405e+00 1.470771691353512517e-02 2.490415931742747530e-02 1.570796326794896558e+00 1.000000000000000000e+00 1.000000000000000000e+00 0.000000000000000000e+00 0.000000000000000000e+00 -1.000000000000000000e+00 -1.000000000000000000e+00
1.860000000000000000e+02 4.046199484039836534e+04 1.017795063526605759e+01 7.587163189915491213e-02 0.000000000000000000e+00 1.775248124869590813e-02 2.540058255571559509e-01 1.570796326794896558e+00 1.000000000000000000e+00 1.000000000000000000e+00 0.000000000000000000e+00 0.000000000000000000e+00 -1.000000000000000000e+00 -1.000000000000000000e+00
1.930000000000000000e+02 3.072821908728833296e+04 2.301275815026602345e+01 6.052887936449452555e-02 5.052542765235558120e-01 0.000000000000000000e+00 1.000000000000000056e-01 1.570796326794896558e+00 1.000000000000000000e+00 1.000000000000000000e+00 0.000000000000000000e+00 0.000000000000000000e+00 -1.000000000000000000e+00 -1.000000000000000000e+00
6.400000000000000000e+01 8.206947200321800437e+02 3.358643078617388511e+01 -4.846778272281029865e-02 3.007385402767368987e+00 0.000000000000000000e+00 9.655682729382081275e-01 0.000000000000000000e+00 1.000000000000000000e+00 1.000000000000000000e+00 0.000000000000000000e+00 0.000000000000000000e+00 -1.000000000000000000e+00 -1.000000000000000000e+00
9.000000000000000000e+01 3.069512950847067259e+04 1.005369462801779079e+01 -1.700682348489866991e-01 1.669613048475887318e+00 0.000000000000000000e+00 6.556487164721964689e-01 0.000000000000000000e+00 1.000000000000000000e+00 1.000000000000000000e+00 0.000000000000000000e+00 0.000000000000000000e+00 -1.000000000000000000e+00 -1.000000000000000000e+00
1.020000000000000000e+02 1.830270163966982363e+04 1.201350368534519397e+01 -4.655151180189268101e-02 2.457614820697195945e+00 0.000000000000000000e+00 5.304082744178787445e-01 0.000000000000000000e+00 1.000000000000000000e+00 1.000000000000000000e+00 0.000000000000000000e+00 0.000000000000000000e+00 -1.000000000000000000e+00 -1.000000000000000000e+00
1.170000000000000000e+02 2.042277644074044292e+04 1.277947213084379818e+01 1.145026733529709156e-01 8.940413901796436802e-01 0.000000000000000000e+00 6.554555301310461823e-01 0.000000000000000000e+00 1.000000000000000000e+00 1.000000000000000000e+00 0.000000000000000000e+00 0.000000000000000000e+00 -1.000000000000000000e+00 -1.000000000000000000e+00
1.210000000000000000e+02 4.384437423243389640e+04 1.252283253770413651e+01 -3.111820928111018111e-02 2.156994177013723313e+00 0.000000000000000000e+00 9.996219076747036025e-01 0.000000000000000000e+00 1.000000000000000000e+00 1.000000000000000000e+00 0.000000000000000000e+00 0.000000000000000000e+00 -1.000000000000000000e+00 -1.000000000000000000e+00
1.520000000000000000e+02 2.372298682573529732e+04 1.136946821716411016e+01 -1.884967364399831036e-01 2.462022942819463545e+00 0.000000000000000000e+00 8.992584458906610623e-01 0.000000000000000000e+00 1.000000000000000000e+00 1.000000000000000000e+00 0.000000000000000000e+00 0.000000000000000000e+00 -1.000000000000000000e+00 -1.000000000000000000e+00
1.630000000000000000e+02 1.496516044955997859e+04 3.427579754707065973e+01 5.337933794625696060e-02 7.049948275644033480e-01 0.000000000000000000e+00 8.962232746388024696e-01 0.000000000000000000e+00 1.000000000000000000e+00 1.000000000000000000e+00 0.000000000000000000e+00 0.000000000000000000e+00 -1.000000000000000000e+00 -1.000000000000000000e+00
1.640000000000000000e+02 2.205739059577803346e+03 2.241074174366317706e+01 -8.138865127560336588e-02 2.588470007201744139e+00 0.000000000000000000e+00 9.615077916836358707e-01 0.000000000000000000e+00 1.000000000000000000e+00 1.000000000000000000e+00 0.000000000000000000e+00 0.000000000000000000e+00 -1.000000000000000000e+00 -1.000000000000000000e+00
