# id_num orb_a mass spin spin_angle orb_inc orb_ecc orb_arg_periapse orb_ang_mom gen galaxy time_passed star_X star_Y star_Z radius
2.370000000000000000e+02 4.641731489092074980e+01 1.714743341388259751e+03 9.439999999999999503e-01 5.192530086272437728e-01 0.000000000000000000e+00 2.036078437651191175e-01 0.000000000000000000e+00 1.387901155715367936e+18 1.000000000000000000e+00 0.000000000000000000e+00 0.000000000000000000e+00 7.273999999999999355e-01 2.637999999999999790e-01 8.800000000000000530e-03 3.840631355572760413e+02
2.380000000000000000e+02 4.201995742577831550e+01 1.418256350260335012e+03 9.439999999999999503e-01 1.511993096504316014e+00 0.000000000000000000e+00 4.162305202015830763e-01 0.000000000000000000e+00 1.155811884958626048e+18 1.000000000000000000e+00 0.000000000000000000e+00 0.000000000000000000e+00 7.273999999999999355e-01 2.637999999999999790e-01 8.800000000000000530e-03 3.299492249991128006e+02
2.410000000000000000e+02 4.400455987000999158e+01 1.753779116262307980e+03 9.439999999999999503e-01 7.257725527891690787e-01 0.000000000000000000e+00 4.312193143342561430e-01 1.570796326794896558e+00 1.460298424306127104e+18 1.000000000000000000e+00 0.000000000000000000e+00 0.000000000000000000e+00 7.273999999999999355e-01 2.637999999999999790e-01 8.800000000000000530e-03 3.910418497448703192e+02
2.420000000000000000e+02 5.610073644148818772e+01 1.949702976981124948e+03 9.439999999999999503e-01 7.318245293093798010e-01 0.000000000000000000e+00 4.125811063327681355e-02 1.570796326794896558e+00 1.635029153908890880e+18 1.000000000000000000e+00 0.000000000000000000e+00 0.000000000000000000e+00 7.273999999999999355e-01 2.637999999999999790e-01 8.800000000000000530e-03 4.256161383514212275e+02
2.440000000000000000e+02 4.614691360118111874e+01 1.596503855177984633e+03 9.439999999999999503e-01 1.335833175682000329e+00 0.000000000000000000e+00 4.258088320315528974e-01 1.570796326794896558e+00 1.358138664785253120e+18 1.000000000000000000e+00 0.000000000000000000e+00 0.000000000000000000e+00 7.273999999999999355e-01 2.637999999999999790e-01 8.800000000000000530e-03 3.627265126152369703e+02
2.460000000000000000e+02 6.022827125448581143e+01 2.139230234427569485e+03 9.439999999999999503e-01 1.227921910579168552e+00 0.000000000000000000e+00 1.892873300565190708e-01 1.570796326794896558e+00 1.846655677177972480e+18 1.000000000000000000e+00 0.000000000000000000e+00 0.000000000000000000e+00 7.273999999999999355e-01 2.637999999999999790e-01 8.800000000000000530e-03 4.584049995275819924e+02
2.470000000000000000e+02 4.883397251606165668e+01 2.300197181509670827e+03 9.439999999999999503e-01 1.336453652285635618e+00 0.000000000000000000e+00 4.340548811174151922e-01 0.000000000000000000e+00 2.000229537067955200e+18 1.000000000000000000e+00 0.000000000000000000e+00 0.000000000000000000e+00 7.273999999999999355e-01 2.637999999999999790e-01 8.800000000000000530e-03 4.857976132213453297e+02
2.510000000000000000e+02 7.283838118865770639e+01 2.271587218450771616e+03 9.439999999999999503e-01 9.572496334666461548e-01 0.000000000000000000e+00 5.275744315130840439e-02 0.000000000000000000e+00 2.034564305244648704e+18 1.000000000000000000e+00 0.000000000000000000e+00 0.000000000000000000e+00 7.273999999999999355e-01 2.637999999999999790e-01 8.800000000000000530e-03 4.809576714317171309e+02
2.520000000000000000e+02 4.765209020393957218e+01 2.292252661810773134e+03 9.439999999999999503e-01 1.523880778457972429e+00 0.000000000000000000e+00 3.460876375136566208e-01 0.000000000000000000e+00 2.068438321242568192e+18 1.000000000000000000e+00 0.000000000000000000e+00 0.000000000000000000e+00 7.273999999999999355e-01 2.637999999999999790e-01 8.800000000000000530e-03 4.844548540631068931e+02
2.560000000000000000e+02 8.323091665637926440e+01 3.173373504205055269e+03 9.439999999999999503e-01 1.080132255985371881e+00 0.000000000000000000e+00 2.398994135974489086e-02 0.000000000000000000e+00 2.950930384721239552e+18 1.000000000000000000e+00 0.000000000000000000e+00 0.000000000000000000e+00 7.273999999999999355e-01 2.637999999999999790e-01 8.800000000000000530e-03 6.284348721144604042e+02
2.570000000000000000e+02 4.661710787196648909e+01 2.988780924091868201e+03 9.439999999999999503e-01 1.234741411996528537e+00 0.000000000000000000e+00 4.739296307389876950e-01 0.000000000000000000e+00 2.801324034472956928e+18 1.000000000000000000e+00 0.000000000000000000e+00 0.000000000000000000e+00 7.273999999999999355e-01 2.637999999999999790e-01 8.800000000000000530e-03 5.990162297203914932e+02
2.580000000000000000e+02 7.902451666647303341e+01 3.569761387696468319e+03 9.439999999999999503e-01 1.798953602486572212e+00 0.000000000000000000e+00 9.000000000000001055e-02 0.000000000000000000e+00 3.371574857794799104e+18 1.000000000000000000e+00 0.000000000000000000e+00 0.000000000000000000e+00 7.273999999999999355e-01 2.637999999999999790e-01 8.800000000000000530e-03 6.904856754763849267e+02
2.590000000000000000e+02 8.791440151094516864e+01 3.032939456821564363e+03 9.439999999999999503e-01 1.671334213743428387e+00 0.000000000000000000e+00 3.987867476882721307e-02 0.000000000000000000e+00 2.886005588866211840e+18 1.000000000000000000e+00 0.000000000000000000e+00 0.000000000000000000e+00 7.273999999999999355e-01 2.637999999999999790e-01 8.800000000000000530e-03 6.060860888601436045e+02
2.600000000000000000e+02 9.251619348004381038e+01 3.535214032059523561e+03 9.439999999999999503e-01 1.618106252932089317e+00 0.000000000000000000e+00 1.840065416654810410e-02 1.570796326794896558e+00 3.390785421797206016e+18 1.000000000000000000e+00 0.000000000000000000e+00 0.000000000000000000e+00 7.273999999999999355e-01 2.637999999999999790e-01 8.800000000000000530e-03 6.851345884415941327e+02
2.610000000000000000e+02 5.630330850263958808e+01 3.197386949694946907e+03 9.439999999999999503e-01 1.271530753741851205e+00 0.000000000000000000e+00 4.296753181827308032e-01 1.570796326794896558e+00 3.091003337580085248e+18 1.000000000000000000e+00 0.000000000000000000e+00 0.000000000000000000e+00 7.273999999999999355e-01 2.637999999999999790e-01 8.800000000000000530e-03 6.322363789771535494e+02
2.620000000000000000e+02 6.669038392292361550e+01 3.798448593480877662e+03 9.439999999999999503e-01 9.044747905028557300e-01 0.000000000000000000e+00 1.707250542220309017e-02 1.570796326794896558e+00 3.700281297723932160e+18 1.000000000000000000e+00 0.000000000000000000e+00 0.000000000000000000e+00 7.273999999999999355e-01 2.637999999999999790e-01 8.800000000000000530e-03 7.256518816609388978e+02
2.650000000000000000e+02 6.295907854669111714e+01 4.103276059540850838e+03 9.439999999999999503e-01 1.696182310226205914e+00 0.000000000000000000e+00 1.094346138745224128e-01 1.570796326794896558e+00 4.094981065181389312e+18 1.000000000000000000e+00 0.000000000000000000e+00 0.000000000000000000e+00 7.273999999999999355e-01 2.637999999999999790e-01 8.800000000000000530e-03 7.718766658764626527e+02
2.660000000000000000e+02 9.487795103014030929e+01 3.837427961850920838e+03 9.439999999999999503e-01 1.613041397020552381e+00 0.000000000000000000e+00 1.481956474644751179e-02 1.570796326794896558e+00 3.858673279996516864e+18 1.000000000000000000e+00 0.000000000000000000e+00 0.000000000000000000e+00 7.273999999999999355e-01 2.637999999999999790e-01 8.800000000000000530e-03 7.316030574606811570e+02
2.680000000000000000e+02 5.952098029097019349e+01 4.469234451195484326e+03 9.439999999999999503e-01 7.758452077448269035e-01 0.000000000000000000e+00 4.197688060516248654e-01 0.000000000000000000e+00 4.568527912558142976e+18 1.000000000000000000e+00 0.000000000000000000e+00 0.000000000000000000e+00 7.273999999999999355e-01 2.637999999999999790e-01 8.800000000000000530e-03 8.264752137353932540e+02
2.700000000000000000e+02 6.453104703468673620e+01 5.222507439610580150e+03 9.439999999999999503e-01 7.618635148241713617e-01 0.000000000000000000e+00 1.135735990267866535e-01 0.000000000000000000e+00 5.426375648703637504e+18 1.000000000000000000e+00 0.000000000000000000e+00 0.000000000000000000e+00 7.273999999999999355e-01 2.637999999999999790e-01 8.800000000000000530e-03 9.361524473988794171e+02
2.720000000000000000e+02 9.987877658985692619e+01 4.791650975022311286e+03 9.439999999999999503e-01 1.801332033206405114e+00 0.000000000000000000e+00 4.007931513932112139e-02 0.000000000000000000e+00 5.061237829857579008e+18 1.000000000000000000e+00 0.000000000000000000e+00 0.000000000000000000e+00 7.273999999999999355e-01 2.637999999999999790e-01 8.800000000000000530e-03 8.738390818008833776e+02
2.740000000000000000e+02 5.478258291734594820e+01 5.414845021540854759e+03 9.439999999999999503e-01 5.994361945410042747e-01 0.000000000000000000e+00 5.890157149838774059e-02 0.000000000000000000e+00 5.816145292101102592e+18 1.000000000000000000e+00 0.000000000000000000e+00 0.000000000000000000e+00 7.273999999999999355e-01 2.637999999999999790e-01 8.800000000000000530e-03 9.636340737956562634e+02
2.750000000000000000e+02 9.267374362876645932e+01 5.479800420778084117e+03 9.439999999999999503e-01 1.770503282633564934e+00 0.000000000000000000e+00 1.552857325051650549e-02 1.570796326794896558e+00 5.937187159490750464e+18 1.000000000000000000e+00 0.000000000000000000e+00 0.000000000000000000e+00 7.273999999999999355e-01 2.637999999999999790e-01 8.800000000000000530e-03 9.728706828677173917e+02
2.790000000000000000e+02 1.147659186304041299e+02 6.761353022703421630e+03 9.459999999999999520e-01 1.528185264158459677e+00 0.000000000000000000e+00 1.146721394488531623e-02 1.570796326794896558e+00 7.577755888028893184e+18 1.000000000000000000e+00 0.000000000000000000e+00 0.000000000000000000e+00 7.273999999999999355e-01 2.637999999999999790e-01 8.800000000000000530e-03 1.150986454554208422e+03
2.800000000000000000e+02 6.661759517679350040e+01 7.215431719128540863e+03 9.439999999999999503e-01 4.029378199096805835e-01 0.000000000000000000e+00 1.788654264117532991e-02 1.570796326794896558e+00 8.157113171831692288e+18 1.000000000000000000e+00 0.000000000000000000e+00 0.000000000000000000e+00 7.273999999999999355e-01 2.637999999999999790e-01 8.800000000000000530e-03 1.212420246540375956e+03
2.810000000000000000e+02 1.064562894515155733e+02 7.333678682422750171e+03 9.459999999999999520e-01 1.672850626736696267e+00 0.000000000000000000e+00 2.744995551346091078e-02 1.570796326794896558e+00 8.364108066276429824e+18 1.000000000000000000e+00 0.000000000000000000e+00 0.000000000000000000e+00 7.273999999999999355e-01 2.637999999999999790e-01 8.800000000000000530e-03 1.228289743678705463e+03
2.830000000000000000e+02 1.281267899485907549e+02 8.703615825587730797e+03 9.439999999999999503e-01 6.066640994474917781e-01 0.000000000000000000e+00 1.000000000000000056e-01 1.570796326794896558e+00 1.010395293776682598e+19 1.000000000000000000e+00 0.000000000000000000e+00 0.000000000000000000e+00 7.273999999999999355e-01 2.637999999999999790e-01 8.800000000000000530e-03 1.408649980885164950e+03
2.840000000000000000e+02 1.297811268870491119e+02 8.545307278374053567e+03 9.439999999999999503e-01 1.027453304911732923e+00 0.000000000000000000e+00 1.433878823401756215e-02 0.000000000000000000e+00 1.000455513517081395e+19 1.000000000000000000e+00 0.000000000000000000e+00 0.000000000000000000e+00 7.273999999999999355e-01 2.637999999999999790e-01 8.800000000000000530e-03 1.388115073956340893e+03
2.870000000000000000e+02 1.267904046499051276e+02 9.391775503809607471e+03 9.459999999999999520e-01 4.417393155168099494e-01 0.000000000000000000e+00 1.258309952619302702e-02 1.570796326794896558e+00 1.129629560083649946e+19 1.000000000000000000e+00 0.000000000000000000e+00 0.000000000000000000e+00 7.273999999999999355e-01 2.637999999999999790e-01 8.800000000000000530e-03 1.497067855567378729e+03
2.900000000000000000e+02 1.570517922068790142e+02 1.036812708224884227e+04 9.439999999999999503e-01 1.009680978607117252e+00 0.000000000000000000e+00 1.000000000000000056e-01 0.000000000000000000e+00 1.281733152074629325e+19 1.000000000000000000e+00 0.000000000000000000e+00 0.000000000000000000e+00 7.273999999999999355e-01 2.637999999999999790e-01 8.800000000000000530e-03 1.620330371634522862e+03
2.920000000000000000e+02 1.096034841080566480e+02 1.119320674542125744e+04 9.439999999999999503e-01 2.886231028598118531e-01 0.000000000000000000e+00 1.366733787077491907e-02 1.570796326794896558e+00 1.409163844386760499e+19 1.000000000000000000e+00 0.000000000000000000e+00 0.000000000000000000e+00 7.273999999999999355e-01 2.637999999999999790e-01 8.800000000000000530e-03 1.722689249848392137e+03
2.940000000000000000e+02 1.352552842570882206e+02 1.329774773659943821e+04 9.439999999999999503e-01 1.302335221036942992e+00 0.000000000000000000e+00 9.000000000000001055e-02 0.000000000000000000e+00 1.706146960336229376e+19 1.000000000000000000e+00 0.000000000000000000e+00 0.000000000000000000e+00 7.273999999999999355e-01 2.637999999999999790e-01 8.800000000000000530e-03 1.977269171520732243e+03
2.970000000000000000e+02 1.329845413124146773e+02 1.537257427911039485e+04 9.439999999999999503e-01 1.060338664972803047e+00 0.000000000000000000e+00 9.000000000000001055e-02 1.570796326794896558e+00 2.029085400672739328e+19 1.000000000000000000e+00 0.000000000000000000e+00 0.000000000000000000e+00 7.273999999999999355e-01 2.637999999999999790e-01 8.800000000000000530e-03 2.220447981130075277e+03
2.980000000000000000e+02 1.580674875504493571e+02 1.569967942930929530e+04 9.439999999999999503e-01 1.097386974973425744e+00 0.000000000000000000e+00 1.491671149174168473e-02 0.000000000000000000e+00 2.092241647420697395e+19 1.000000000000000000e+00 0.000000000000000000e+00 0.000000000000000000e+00 7.273999999999999355e-01 2.637999999999999790e-01 8.800000000000000530e-03 2.258166450947884186e+03
3.000000000000000000e+02 1.497260078583334746e+02 1.740885482349041558e+04 9.439999999999999503e-01 1.181914127201799003e+00 0.000000000000000000e+00 3.962395242191614486e-02 0.000000000000000000e+00 2.366490944442204979e+19 1.000000000000000000e+00 0.000000000000000000e+00 0.000000000000000000e+00 7.273999999999999355e-01 2.637999999999999790e-01 8.800000000000000530e-03 2.452785025236291858e+03
3.010000000000000000e+02 1.635154020436509370e+02 1.827817719932886394e+04 9.439999999999999503e-01 2.916523105102632463e-01 0.000000000000000000e+00 4.691149293952347199e-02 1.570796326794896558e+00 2.508259119878937395e+19 1.000000000000000000e+00 0.000000000000000000e+00 0.000000000000000000e+00 7.273999999999999355e-01 2.637999999999999790e-01 8.800000000000000530e-03 2.550290363146794334e+03
3.040000000000000000e+02 1.694471294374486092e+02 2.085971186991977811e+04 9.439999999999999503e-01 1.491341812579895842e+00 0.000000000000000000e+00 3.886948145110884212e-02 1.570796326794896558e+00 2.949019028246772941e+19 1.000000000000000000e+00 0.000000000000000000e+00 0.000000000000000000e+00 7.273999999999999355e-01 2.637999999999999790e-01 8.800000000000000530e-03 2.834588151350498265e+03
3.060000000000000000e+02 1.635501889555171431e+02 2.247360327270973721e+04 9.439999999999999503e-01 9.999678310797398550e-01 0.000000000000000000e+00 3.272788672035189389e-02 0.000000000000000000e+00 3.241948134178777907e+19 1.000000000000000000e+00 0.000000000000000000e+00 0.000000000000000000e+00 7.273999999999999355e-01 2.637999999999999790e-01 8.800000000000000530e-03 3.008718047768727956e+03
3.120000000000000000e+02 1.215794198487360518e+02 2.921186439707184763e+04 9.439999999999999503e-01 1.287862566134478470e+00 0.000000000000000000e+00 9.000000000000001055e-02 1.570796326794896558e+00 4.484673043332055040e+19 1.000000000000000000e+00 0.000000000000000000e+00 0.000000000000000000e+00 7.273999999999999355e-01 2.637999999999999790e-01 8.800000000000000530e-03 3.710998202021738962e+03
3.130000000000000000e+02 2.197434008623879720e+02 3.227254579011973328e+04 9.439999999999999503e-01 5.160115711711470432e-01 0.000000000000000000e+00 9.000000000000001055e-02 0.000000000000000000e+00 5.007400164659472794e+19 1.000000000000000000e+00 0.000000000000000000e+00 0.000000000000000000e+00 7.273999999999999355e-01 2.637999999999999790e-01 8.800000000000000530e-03 4.018925019589762542e+03
3.140000000000000000e+02 2.087746830784405176e+02 3.348601002616646292e+04 9.439999999999999503e-01 1.008357657895042836e+00 0.000000000000000000e+00 8.100000000000001643e-02 1.570796326794896558e+00 5.252105929270255616e+19 1.000000000000000000e+00 0.000000000000000000e+00 0.000000000000000000e+00 7.273999999999999355e-01 2.637999999999999790e-01 8.800000000000000530e-03 4.139368071953967956e+03
3.170000000000000000e+02 2.103965476902364458e+02 3.705065917487429397e+04 9.439999999999999503e-01 6.171295618947513217e-01 0.000000000000000000e+00 9.000000000000001055e-02 0.000000000000000000e+00 6.002328102404513792e+19 1.000000000000000000e+00 0.000000000000000000e+00 0.000000000000000000e+00 7.273999999999999355e-01 2.637999999999999790e-01 8.800000000000000530e-03 4.488281363540554594e+03
3.180000000000000000e+02 2.601144887099365519e+02 4.169499325562459853e+04 9.439999999999999503e-01 1.625344099024931044e+00 0.000000000000000000e+00 1.000000000000000056e-01 1.570796326794896558e+00 6.829520637624623923e+19 1.000000000000000000e+00 0.000000000000000000e+00 0.000000000000000000e+00 7.273999999999999355e-01 2.637999999999999790e-01 8.800000000000000530e-03 4.932992435640549047e+03
3.190000000000000000e+02 2.018363219883231920e+02 4.417338258729101653e+04 9.439999999999999503e-01 1.413979452524126046e+00 0.000000000000000000e+00 9.000000000000001055e-02 1.570796326794896558e+00 7.315697023717813453e+19 1.000000000000000000e+00 0.000000000000000000e+00 0.000000000000000000e+00 7.273999999999999355e-01 2.637999999999999790e-01 8.800000000000000530e-03 5.166207535576419104e+03
3.200000000000000000e+02 1.745544350505054467e+02 4.336087677374896884e+04 9.439999999999999503e-01 8.778031127012057011e-01 0.000000000000000000e+00 9.000000000000001055e-02 1.570796326794896558e+00 7.261847856824202854e+19 1.000000000000000000e+00 0.000000000000000000e+00 0.000000000000000000e+00 7.273999999999999355e-01 2.637999999999999790e-01 8.800000000000000530e-03 5.090046705138799553e+03
3.210000000000000000e+02 1.155728691786894160e+02 4.897417527923290618e+04 9.439999999999999503e-01 3.977564035545350651e-01 0.000000000000000000e+00 1.500946352969992348e-02 0.000000000000000000e+00 8.294163347899075789e+19 1.000000000000000000e+00 0.000000000000000000e+00 0.000000000000000000e+00 7.273999999999999355e-01 2.637999999999999790e-01 8.800000000000000530e-03 5.610699744815724443e+03
3.230000000000000000e+02 1.578140132731759877e+02 5.428727079715173750e+04 9.439999999999999503e-01 1.151797994435840078e+00 0.000000000000000000e+00 1.090147965754606485e-02 1.570796326794896558e+00 9.405455341464077926e+19 1.000000000000000000e+00 0.000000000000000000e+00 0.000000000000000000e+00 7.273999999999999355e-01 2.637999999999999790e-01 8.800000000000000530e-03 6.092586869634318646e+03
3.250000000000000000e+02 2.982090575133719881e+02 5.989258437121078896e+04 9.439999999999999503e-01 1.601145315755949650e+00 0.000000000000000000e+00 9.000000000000001055e-02 0.000000000000000000e+00 1.061850385907069583e+20 1.000000000000000000e+00 0.000000000000000000e+00 0.000000000000000000e+00 7.273999999999999355e-01 2.637999999999999790e-01 8.800000000000000530e-03 6.590855131291065845e+03
3.260000000000000000e+02 2.166944597673169994e+02 6.166301575698186934e+04 9.439999999999999503e-01 4.877261796295663809e-01 0.000000000000000000e+00 9.000000000000001055e-02 1.570796326794896558e+00 1.106025641809316741e+20 1.000000000000000000e+00 0.000000000000000000e+00 0.000000000000000000e+00 7.273999999999999355e-01 2.637999999999999790e-01 8.800000000000000530e-03 6.746260887284237469e+03
3.270000000000000000e+02 7.700000000000001137e+02 6.556913449881187989e+04 9.439999999999999503e-01 1.024889336602031964e+00 0.000000000000000000e+00 1.000000000000000056e-01 1.570796326794896558e+00 1.189860242149667308e+20 1.000000000000000000e+00 0.000000000000000000e+00 0.000000000000000000e+00 7.273999999999999355e-01 2.637999999999999790e-01 8.800000000000000530e-03 7.086028325557519565e+03
3.290000000000000000e+02 7.700000000000001137e+02 7.380227769778091169e+04 9.439999999999999503e-01 6.952994519527995188e-01 0.000000000000000000e+00 1.000000000000000056e-01 1.570796326794896558e+00 1.371510985656635228e+20 1.000000000000000000e+00 0.000000000000000000e+00 0.000000000000000000e+00 7.273999999999999355e-01 2.637999999999999790e-01 8.800000000000000530e-03 7.789312638513833008e+03
3.310000000000000000e+02 7.700000000000001137e+02 8.116667626502600615e+04 9.439999999999999503e-01 1.022373334482024054e+00 0.000000000000000000e+00 1.000000000000000056e-01 1.570796326794896558e+00 1.545157254568150958e+20 1.000000000000000000e+00 0.000000000000000000e+00 0.000000000000000000e+00 7.273999999999999355e-01 2.637999999999999790e-01 8.800000000000000530e-03 8.405151249592823660e+03
3.320000000000000000e+02 7.700000000000001137e+02 8.883435388706116646e+04 9.439999999999999503e-01 1.224507168117222600e+00 0.000000000000000000e+00 1.000000000000000056e-01 1.570796326794896558e+00 1.711714329275549286e+20 1.000000000000000000e+00 0.000000000000000000e+00 0.000000000000000000e+00 7.273999999999999355e-01 2.637999999999999790e-01 8.800000000000000530e-03 9.034582364831372615e+03
3.340000000000000000e+02 7.700000000000001137e+02 9.766389084412256489e+04 9.439999999999999503e-01 7.663791425047050687e-01 0.000000000000000000e+00 1.000000000000000056e-01 0.000000000000000000e+00 1.929049942341192581e+20 1.000000000000000000e+00 0.000000000000000000e+00 0.000000000000000000e+00 7.273999999999999355e-01 2.637999999999999790e-01 8.800000000000000530e-03 9.746092768963904746e+03
3.370000000000000000e+02 7.700000000000001137e+02 1.166345316875734425e+05 9.439999999999999503e-01 3.747180946760896858e-01 0.000000000000000000e+00 1.000000000000000056e-01 1.570796326794896558e+00 2.392270946805950054e+20 1.000000000000000000e+00 0.000000000000000000e+00 0.000000000000000000e+00 7.273999999999999355e-01 2.637999999999999790e-01 8.800000000000000530e-03 1.123324013828244824e+04
3.380000000000000000e+02 7.700000000000001137e+02 1.234890284503620933e+05 9.439999999999999503e-01 1.101074534432912255e+00 0.000000000000000000e+00 1.000000000000000056e-01 0.000000000000000000e+00 2.565263730153827533e+20 1.000000000000000000e+00 0.000000000000000000e+00 0.000000000000000000e+00 7.273999999999999355e-01 2.637999999999999790e-01 8.800000000000000530e-03 1.175834022446242852e+04
3.400000000000000000e+02 7.700000000000001137e+02 1.401612214648071676e+05 9.439999999999999503e-01 1.405565720992024703e+00 0.000000000000000000e+00 1.000000000000000056e-01 1.570796326794896558e+00 2.987904607791552922e+20 1.000000000000000000e+00 0.000000000000000000e+00 0.000000000000000000e+00 7.273999999999999355e-01 2.637999999999999790e-01 8.800000000000000530e-03 1.301204696226189844e+04
3.410000000000000000e+02 7.700000000000001137e+02 1.495706312263486325e+05 9.439999999999999503e-01 7.043630486204397467e-01 0.000000000000000000e+00 1.000000000000000056e-01 0.000000000000000000e+00 3.230561236974058209e+20 1.000000000000000000e+00 0.000000000000000000e+00 0.000000000000000000e+00 7.273999999999999355e-01 2.637999999999999790e-01 8.800000000000000530e-03 1.370630476711004121e+04
3.440000000000000000e+02 7.700000000000001137e+02 1.767610244399577496e+05 9.439999999999999503e-01 2.740827840548056282e-01 0.000000000000000000e+00 1.000000000000000056e-01 1.570796326794896558e+00 3.973560043839028593e+20 1.000000000000000000e+00 0.000000000000000000e+00 0.000000000000000000e+00 7.273999999999999355e-01 2.637999999999999790e-01 8.800000000000000530e-03 1.566579831688578088e+04
3.490000000000000000e+02 7.700000000000001137e+02 2.496352815435683588e+05 9.439999999999999503e-01 6.184167994645745070e-01 0.000000000000000000e+00 1.000000000000000056e-01 0.000000000000000000e+00 6.011969510088048640e+20 1.000000000000000000e+00 0.000000000000000000e+00 0.000000000000000000e+00 7.273999999999999355e-01 2.637999999999999790e-01 8.800000000000000530e-03 2.064848037846786610e+04
3.500000000000000000e+02 7.700000000000001137e+02 2.612912038559071079e+05 9.439999999999999503e-01 1.226289483862158303e+00 0.000000000000000000e+00 1.000000000000000056e-01 0.000000000000000000e+00 6.382093182234794394e+20 1.000000000000000000e+00 0.000000000000000000e+00 0.000000000000000000e+00 7.273999999999999355e-01 2.637999999999999790e-01 8.800000000000000530e-03 2.141623654416965655e+04
3.530000000000000000e+02 7.700000000000001137e+02 3.226357555630305433e+05 9.439999999999999503e-01 1.181936850054941202e+00 0.000000000000000000e+00 1.000000000000000056e-01 0.000000000000000000e+00 8.228032209363664896e+20 1.000000000000000000e+00 0.000000000000000000e+00 0.000000000000000000e+00 7.273999999999999355e-01 2.637999999999999790e-01 8.800000000000000530e-03 2.535206383465697945e+04
3.540000000000000000e+02 7.700000000000001137e+02 3.452917907306394191e+05 9.439999999999999503e-01 1.308225876895302786e+00 0.000000000000000000e+00 1.000000000000000056e-01 1.570796326794896558e+00 8.936168398938948239e+20 1.000000000000000000e+00 0.000000000000000000e+00 0.000000000000000000e+00 7.273999999999999355e-01 2.637999999999999790e-01 8.800000000000000530e-03 2.676654556815311662e+04
3.560000000000000000e+02 7.700000000000001137e+02 3.983622725471179001e+05 9.439999999999999503e-01 1.114806106014012643e+00 0.000000000000000000e+00 1.000000000000000056e-01 0.000000000000000000e+00 1.061942364519680967e+21 1.000000000000000000e+00 0.000000000000000000e+00 0.000000000000000000e+00 7.273999999999999355e-01 2.637999999999999790e-01 8.800000000000000530e-03 3.000999231128514293e+04
3.610000000000000000e+02 7.700000000000001137e+02 5.704879562375696842e+05 9.439999999999999503e-01 1.158019739262110992e+00 0.000000000000000000e+00 1.000000000000000056e-01 0.000000000000000000e+00 1.641947876580465050e+21 1.000000000000000000e+00 0.000000000000000000e+00 0.000000000000000000e+00 7.273999999999999355e-01 2.637999999999999790e-01 8.800000000000000530e-03 3.999820550591442588e+04
3.640000000000000000e+02 7.700000000000001137e+02 2.461386921601651993e+05 9.439999999999999503e-01 9.397738803096593596e-01 0.000000000000000000e+00 1.000000000000000056e-01 0.000000000000000000e+00 7.407807096703341036e+20 1.000000000000000000e+00 0.000000000000000000e+00 0.000000000000000000e+00 7.273999999999999355e-01 2.637999999999999790e-01 8.800000000000000530e-03 2.041677929577098985e+04
