# id_num orb_a mass spin spin_angle orb_inc orb_ecc orb_arg_periapse orb_ang_mom gen galaxy time_passed star_X star_Y star_Z radius
2.420000000000000000e+02 4.876268486239959543e+01 2.058388519732107852e+03 9.729999999999999760e-01 1.530456876718390813e+00 0.000000000000000000e+00 1.671946806317387568e-01 1.570796326794896558e+00 1.736485062718649856e+18 1.000000000000000000e+00 0.000000000000000000e+00 0.000000000000000000e+00 7.273999999999999355e-01 2.637999999999999790e-01 8.800000000000000530e-03 4.468714399806311803e+02
2.460000000000000000e+02 5.182541676655986151e+01 2.038384403012140638e+03 9.729999999999999760e-01 1.401744232157960068e+00 0.000000000000000000e+00 6.102809599395498941e-01 1.570796326794896558e+00 1.770155417283619584e+18 1.000000000000000000e+00 0.000000000000000000e+00 0.000000000000000000e+00 7.273999999999999355e-01 2.637999999999999790e-01 8.800000000000000530e-03 4.433937719718847461e+02
2.470000000000000000e+02 5.262364821519123836e+01 1.933465618199626078e+03 9.729999999999999760e-01 1.610121827055620791e+00 0.000000000000000000e+00 6.809405996601168853e-01 0.000000000000000000e+00 1.691409387829573120e+18 1.000000000000000000e+00 0.000000000000000000e+00 0.000000000000000000e+00 7.273999999999999355e-01 2.637999999999999790e-01 8.800000000000000530e-03 4.250400768655954948e+02
2.500000000000000000e+02 6.135527969878702947e+01 2.386744076193639103e+03 9.729999999999999760e-01 4.899557556144299442e-01 0.000000000000000000e+00 6.574609775634218112e-01 1.570796326794896558e+00 2.134344710384733952e+18 1.000000000000000000e+00 0.000000000000000000e+00 0.000000000000000000e+00 7.273999999999999355e-01 2.637999999999999790e-01 8.800000000000000530e-03 5.030433372464283934e+02
2.510000000000000000e+02 6.237853685742958021e+01 2.464763482820594163e+03 9.729999999999999760e-01 1.489641153072325475e+00 0.000000000000000000e+00 7.063829162707181697e-02 0.000000000000000000e+00 2.221119331539714560e+18 1.000000000000000000e+00 0.000000000000000000e+00 0.000000000000000000e+00 7.273999999999999355e-01 2.637999999999999790e-01 8.800000000000000530e-03 5.161559277316997623e+02
2.520000000000000000e+02 7.003291581245974839e+01 2.618004747918903831e+03 9.729999999999999760e-01 1.434029175069492901e+00 0.000000000000000000e+00 3.367677008121622295e-02 0.000000000000000000e+00 2.375839931102516736e+18 1.000000000000000000e+00 0.000000000000000000e+00 0.000000000000000000e+00 7.273999999999999355e-01 2.637999999999999790e-01 8.800000000000000530e-03 5.416728427486933697e+02
2.530000000000000000e+02 6.437934332800159609e+01 2.582067732134609287e+03 9.729999999999999760e-01 1.168539428640536837e+00 0.000000000000000000e+00 3.909622707165866795e-01 0.000000000000000000e+00 2.361233565426307584e+18 1.000000000000000000e+00 0.000000000000000000e+00 0.000000000000000000e+00 7.273999999999999355e-01 2.637999999999999790e-01 8.800000000000000530e-03 5.357162533348553097e+02
2.570000000000000000e+02 6.889272911755078610e+01 2.990962692066240379e+03 9.729999999999999760e-01 4.230119648413832034e-01 0.000000000000000000e+00 4.996899948610674658e-01 0.000000000000000000e+00 2.819776487617353216e+18 1.000000000000000000e+00 0.000000000000000000e+00 0.000000000000000000e+00 7.273999999999999355e-01 2.637999999999999790e-01 8.800000000000000530e-03 6.025727880583605156e+02
2.580000000000000000e+02 7.029220665043473559e+01 3.399632613476960159e+03 9.729999999999999760e-01 5.141144393030009363e-01 0.000000000000000000e+00 1.300843978930890932e-01 0.000000000000000000e+00 3.229829675556080128e+18 1.000000000000000000e+00 0.000000000000000000e+00 0.000000000000000000e+00 7.273999999999999355e-01 2.637999999999999790e-01 8.800000000000000530e-03 6.675845974021265192e+02
2.620000000000000000e+02 7.557387858917557821e+01 3.822153334129315226e+03 9.729999999999999760e-01 1.610839912634726590e+00 0.000000000000000000e+00 2.170468250977983932e-02 1.570796326794896558e+00 3.746423632604345856e+18 1.000000000000000000e+00 0.000000000000000000e+00 0.000000000000000000e+00 7.273999999999999355e-01 2.637999999999999790e-01 8.800000000000000530e-03 7.331742492120047245e+02
2.650000000000000000e+02 6.402180241411352313e+01 4.389770485748626015e+03 9.729999999999999760e-01 1.136823857751167566e+00 0.000000000000000000e+00 6.994019235200021889e-01 0.000000000000000000e+00 4.406505353923331584e+18 1.000000000000000000e+00 0.000000000000000000e+00 0.000000000000000000e+00 7.273999999999999355e-01 2.637999999999999790e-01 8.800000000000000530e-03 8.190570821846605440e+02
2.660000000000000000e+02 7.275444212958826995e+01 4.320896179063752243e+03 9.729999999999999760e-01 2.419506407883147414e-01 0.000000000000000000e+00 6.610095537597981963e-01 0.000000000000000000e+00 4.372000070476020736e+18 1.000000000000000000e+00 0.000000000000000000e+00 0.000000000000000000e+00 7.273999999999999355e-01 2.637999999999999790e-01 8.800000000000000530e-03 8.087602235135340152e+02
2.690000000000000000e+02 8.707110845787867959e+01 4.906375450204930530e+03 9.729999999999999760e-01 1.122071160885430130e+00 0.000000000000000000e+00 1.678862599632742481e-01 1.570796326794896558e+00 5.087977759404106752e+18 1.000000000000000000e+00 0.000000000000000000e+00 0.000000000000000000e+00 7.273999999999999355e-01 2.637999999999999790e-01 8.800000000000000530e-03 8.953015604177312525e+02
2.700000000000000000e+02 9.738420845959301175e+01 4.742005305681869686e+03 9.729999999999999760e-01 1.049363373263606514e+00 0.000000000000000000e+00 1.000000000000000056e-01 0.000000000000000000e+00 4.958495580972983296e+18 1.000000000000000000e+00 0.000000000000000000e+00 0.000000000000000000e+00 7.273999999999999355e-01 2.637999999999999790e-01 8.800000000000000530e-03 8.712250358399198831e+02
2.740000000000000000e+02 1.069940232168215886e+02 5.822278793615623727e+03 9.729999999999999760e-01 1.197151786529319084e+00 0.000000000000000000e+00 1.361248449552937903e-02 0.000000000000000000e+00 6.291070606621115392e+18 1.000000000000000000e+00 0.000000000000000000e+00 0.000000000000000000e+00 7.273999999999999355e-01 2.637999999999999790e-01 8.800000000000000530e-03 1.026680034168897237e+03
2.760000000000000000e+02 9.067985897432004094e+01 6.132568092755288490e+03 9.729999999999999760e-01 1.463261238773995387e+00 0.000000000000000000e+00 2.617787402877252978e-01 0.000000000000000000e+00 6.739480939115521024e+18 1.000000000000000000e+00 0.000000000000000000e+00 0.000000000000000000e+00 7.273999999999999355e-01 2.637999999999999790e-01 8.800000000000000530e-03 1.070223842020902339e+03
2.790000000000000000e+02 8.749831924767411806e+01 7.076423697362180064e+03 9.729999999999999760e-01 4.402896584879939512e-01 0.000000000000000000e+00 1.626205681685271853e-01 1.570796326794896558e+00 7.978639670338195456e+18 1.000000000000000000e+00 0.000000000000000000e+00 0.000000000000000000e+00 7.273999999999999355e-01 2.637999999999999790e-01 8.800000000000000530e-03 1.200084374348426536e+03
2.850000000000000000e+02 1.349409426319808176e+02 9.589788289593416266e+03 9.729999999999999760e-01 1.849468481274805787e-01 0.000000000000000000e+00 9.000000000000001055e-02 0.000000000000000000e+00 1.139586041901167411e+19 1.000000000000000000e+00 0.000000000000000000e+00 0.000000000000000000e+00 7.273999999999999355e-01 2.637999999999999790e-01 8.800000000000000530e-03 1.530410491004959567e+03
2.890000000000000000e+02 1.035131992222795816e+02 1.072360984990695943e+04 9.729999999999999760e-01 7.286678317184814846e-01 0.000000000000000000e+00 2.204331996965147936e-02 0.000000000000000000e+00 1.321375014770571059e+19 1.000000000000000000e+00 0.000000000000000000e+00 0.000000000000000000e+00 7.273999999999999355e-01 2.637999999999999790e-01 8.800000000000000530e-03 1.673530078897921612e+03
2.910000000000000000e+02 1.405226517283665544e+02 1.118974542931549513e+04 9.729999999999999760e-01 7.826291735834963736e-01 0.000000000000000000e+00 1.000000000000000056e-01 0.000000000000000000e+00 1.404202584182141747e+19 1.000000000000000000e+00 0.000000000000000000e+00 0.000000000000000000e+00 7.273999999999999355e-01 2.637999999999999790e-01 8.800000000000000530e-03 1.731477624186638877e+03
2.920000000000000000e+02 1.393736966268458559e+02 1.232656927059139161e+04 9.729999999999999760e-01 1.192931662593407632e-01 0.000000000000000000e+00 1.000000000000000056e-01 0.000000000000000000e+00 1.561323141352504320e+19 1.000000000000000000e+00 0.000000000000000000e+00 0.000000000000000000e+00 7.273999999999999355e-01 2.637999999999999790e-01 8.800000000000000530e-03 1.870830730278253213e+03
2.940000000000000000e+02 1.424982322702483373e+02 1.280027195641252729e+04 9.729999999999999760e-01 3.211010710929417811e-01 0.000000000000000000e+00 1.944777082778270313e-02 0.000000000000000000e+00 1.651999754399014298e+19 1.000000000000000000e+00 0.000000000000000000e+00 0.000000000000000000e+00 7.273999999999999355e-01 2.637999999999999790e-01 8.800000000000000530e-03 1.928128952520769644e+03
2.960000000000000000e+02 1.446216471904509717e+02 1.448755496652667171e+04 9.729999999999999760e-01 1.186987386740044226e+00 0.000000000000000000e+00 2.768302603762300487e-02 1.570796326794896558e+00 1.905521887637590835e+19 1.000000000000000000e+00 0.000000000000000000e+00 0.000000000000000000e+00 7.273999999999999355e-01 2.637999999999999790e-01 8.800000000000000530e-03 2.128907519252967631e+03
2.990000000000000000e+02 1.271929093963507995e+02 1.681148884587179418e+04 9.729999999999999760e-01 1.618110557263866101e+00 0.000000000000000000e+00 2.677508787474505159e-01 1.570796326794896558e+00 2.275959368800526336e+19 1.000000000000000000e+00 0.000000000000000000e+00 0.000000000000000000e+00 7.273999999999999355e-01 2.637999999999999790e-01 8.800000000000000530e-03 2.397980570628518308e+03
3.020000000000000000e+02 1.208694686665132423e+02 1.761047182993193201e+04 9.729999999999999760e-01 1.258000029785671714e+00 0.000000000000000000e+00 2.903966324335293669e-01 0.000000000000000000e+00 2.455160303802850918e+19 1.000000000000000000e+00 0.000000000000000000e+00 0.000000000000000000e+00 7.273999999999999355e-01 2.637999999999999790e-01 8.800000000000000530e-03 2.488728447923901967e+03
3.030000000000000000e+02 2.088621560164179130e+02 1.982387537305427395e+04 9.729999999999999760e-01 1.236086811646414541e+00 0.000000000000000000e+00 9.000000000000001055e-02 1.570796326794896558e+00 2.791339377053768499e+19 1.000000000000000000e+00 0.000000000000000000e+00 0.000000000000000000e+00 7.273999999999999355e-01 2.637999999999999790e-01 8.800000000000000530e-03 2.735971477351148678e+03
3.050000000000000000e+02 1.482874095561291483e+02 2.093183454668799823e+04 9.729999999999999760e-01 9.898862558241721121e-01 0.000000000000000000e+00 1.978875103348499975e-01 1.570796326794896558e+00 3.007465785352804352e+19 1.000000000000000000e+00 0.000000000000000000e+00 0.000000000000000000e+00 7.273999999999999355e-01 2.637999999999999790e-01 8.800000000000000530e-03 2.857633662232562074e+03
3.060000000000000000e+02 1.186027540589268767e+02 2.307128047974381843e+04 9.729999999999999760e-01 1.383559047217787441e+00 0.000000000000000000e+00 2.037332246823651549e-01 1.570796326794896558e+00 3.348301855594222387e+19 1.000000000000000000e+00 0.000000000000000000e+00 0.000000000000000000e+00 7.273999999999999355e-01 2.637999999999999790e-01 8.800000000000000530e-03 3.089001204922943543e+03
3.100000000000000000e+02 2.424525008162603683e+02 2.718688643494620919e+04 9.729999999999999760e-01 1.386739708456672826e+00 0.000000000000000000e+00 9.000000000000001055e-02 1.570796326794896558e+00 4.111181540517832294e+19 1.000000000000000000e+00 0.000000000000000000e+00 0.000000000000000000e+00 7.273999999999999355e-01 2.637999999999999790e-01 8.800000000000000530e-03 3.522478061798299223e+03
3.130000000000000000e+02 1.284142990874326813e+02 3.069399682849259261e+04 9.729999999999999760e-01 1.333980136843419873e+00 0.000000000000000000e+00 1.667718169966658087e-02 0.000000000000000000e+00 4.789659189424277094e+19 1.000000000000000000e+00 0.000000000000000000e+00 0.000000000000000000e+00 7.273999999999999355e-01 2.637999999999999790e-01 8.800000000000000530e-03 3.881534705737336481e+03
3.150000000000000000e+02 3.269657203291119458e+02 3.426250398739287630e+04 9.729999999999999760e-01 5.674234042786990839e-01 0.000000000000000000e+00 9.000000000000001055e-02 0.000000000000000000e+00 5.463453829564892774e+19 1.000000000000000000e+00 0.000000000000000000e+00 0.000000000000000000e+00 7.273999999999999355e-01 2.637999999999999790e-01 8.800000000000000530e-03 4.238537186823327829e+03
3.180000000000000000e+02 7.700000000000001137e+02 3.949822284335642325e+04 9.729999999999999760e-01 7.654849222911960238e-01 0.000000000000000000e+00 1.000000000000000056e-01 1.570796326794896558e+00 6.507497472511307776e+19 1.000000000000000000e+00 0.000000000000000000e+00 0.000000000000000000e+00 7.273999999999999355e-01 2.637999999999999790e-01 8.800000000000000530e-03 4.749225194877145441e+03
3.210000000000000000e+02 1.821956898112664192e+02 4.753506360573999700e+04 9.729999999999999760e-01 3.909012663517563713e-01 0.000000000000000000e+00 1.000000000000000056e-01 1.570796326794896558e+00 8.098089183638047949e+19 1.000000000000000000e+00 0.000000000000000000e+00 0.000000000000000000e+00 7.273999999999999355e-01 2.637999999999999790e-01 8.800000000000000530e-03 5.507721628589381908e+03
3.230000000000000000e+02 1.610733673618089483e+02 5.243188488819832855e+04 9.729999999999999760e-01 6.168096958350999248e-01 0.000000000000000000e+00 1.459945458879147520e-02 1.570796326794896558e+00 9.137187373049516851e+19 1.000000000000000000e+00 0.000000000000000000e+00 0.000000000000000000e+00 7.273999999999999355e-01 2.637999999999999790e-01 8.800000000000000530e-03 5.957130237889532509e+03
3.250000000000000000e+02 2.132936231018074977e+02 5.811122135286060075e+04 9.729999999999999760e-01 1.140650055250389538e+00 0.000000000000000000e+00 9.000000000000001055e-02 0.000000000000000000e+00 1.036088476359446200e+20 1.000000000000000000e+00 0.000000000000000000e+00 0.000000000000000000e+00 7.273999999999999355e-01 2.637999999999999790e-01 8.800000000000000530e-03 6.467980787084723488e+03
3.270000000000000000e+02 4.205883330987238082e+02 6.452056409893440286e+04 9.729999999999999760e-01 8.081153620138329385e-01 0.000000000000000000e+00 9.000000000000001055e-02 0.000000000000000000e+00 1.177676339733853307e+20 1.000000000000000000e+00 0.000000000000000000e+00 0.000000000000000000e+00 7.273999999999999355e-01 2.637999999999999790e-01 8.800000000000000530e-03 7.032653871403917947e+03
3.300000000000000000e+02 1.709414522630415263e+02 7.846714608142846555e+04 9.729999999999999760e-01 9.546883851281826594e-01 0.000000000000000000e+00 1.000000000000000056e-01 0.000000000000000000e+00 1.484379389141875753e+20 1.000000000000000000e+00 0.000000000000000000e+00 0.000000000000000000e+00 7.273999999999999355e-01 2.637999999999999790e-01 8.800000000000000530e-03 8.224528394444951118e+03
3.350000000000000000e+02 7.700000000000001137e+02 1.018454538131223235e+05 9.729999999999999760e-01 1.131219964389396315e+00 0.000000000000000000e+00 1.000000000000000056e-01 1.570796326794896558e+00 2.048377754334663803e+20 1.000000000000000000e+00 0.000000000000000000e+00 0.000000000000000000e+00 7.273999999999999355e-01 2.637999999999999790e-01 8.800000000000000530e-03 1.013243990577770637e+04
3.370000000000000000e+02 7.700000000000001137e+02 1.153216290895293059e+05 9.729999999999999760e-01 1.557735694409664307e-01 0.000000000000000000e+00 1.000000000000000056e-01 0.000000000000000000e+00 2.378660988132884152e+20 1.000000000000000000e+00 0.000000000000000000e+00 0.000000000000000000e+00 7.273999999999999355e-01 2.637999999999999790e-01 8.800000000000000530e-03 1.119152665921281368e+04
3.380000000000000000e+02 7.700000000000001137e+02 1.233126100293930213e+05 9.729999999999999760e-01 4.816627386009473266e-01 0.000000000000000000e+00 1.000000000000000056e-01 1.570796326794896558e+00 2.576318249462993715e+20 1.000000000000000000e+00 0.000000000000000000e+00 0.000000000000000000e+00 7.273999999999999355e-01 2.637999999999999790e-01 8.800000000000000530e-03 1.180773806835740288e+04
3.430000000000000000e+02 7.700000000000001137e+02 1.636287683861007972e+05 9.729999999999999760e-01 9.895313090845512249e-01 0.000000000000000000e+00 1.000000000000000056e-01 1.570796326794896558e+00 3.649808994814503158e+20 1.000000000000000000e+00 0.000000000000000000e+00 0.000000000000000000e+00 7.273999999999999355e-01 2.637999999999999790e-01 8.800000000000000530e-03 1.480636488141277187e+04
3.440000000000000000e+02 7.700000000000001137e+02 1.777491303266511823e+05 9.729999999999999760e-01 5.049691164676988198e-01 0.000000000000000000e+00 1.000000000000000056e-01 1.570796326794896558e+00 4.018177752451855811e+20 1.000000000000000000e+00 0.000000000000000000e+00 0.000000000000000000e+00 7.273999999999999355e-01 2.637999999999999790e-01 8.800000000000000530e-03 1.582000826847571261e+04
3.470000000000000000e+02 7.700000000000001137e+02 2.112785870876763656e+05 9.729999999999999760e-01 1.383538544580324103e+00 0.000000000000000000e+00 1.000000000000000056e-01 0.000000000000000000e+00 4.975822572258933473e+20 1.000000000000000000e+00 0.000000000000000000e+00 0.000000000000000000e+00 7.273999999999999355e-01 2.637999999999999790e-01 8.800000000000000530e-03 1.816540586493808223e+04
3.510000000000000000e+02 7.700000000000001137e+02 2.805452931480085826e+05 9.729999999999999760e-01 8.031653826459638212e-01 0.000000000000000000e+00 1.000000000000000056e-01 0.000000000000000000e+00 6.989301640093525606e+20 1.000000000000000000e+00 0.000000000000000000e+00 0.000000000000000000e+00 7.273999999999999355e-01 2.637999999999999790e-01 8.800000000000000530e-03 2.279098566161766939e+04
3.520000000000000000e+02 7.700000000000001137e+02 2.924629007602907950e+05 9.729999999999999760e-01 1.301891726462669041e+00 0.000000000000000000e+00 1.000000000000000056e-01 1.570796326794896558e+00 7.392523808847940813e+20 1.000000000000000000e+00 0.000000000000000000e+00 0.000000000000000000e+00 7.273999999999999355e-01 2.637999999999999790e-01 8.800000000000000530e-03 2.356228176257770247e+04
3.530000000000000000e+02 7.700000000000001137e+02 3.187517837335358490e+05 9.729999999999999760e-01 9.009221023529163930e-02 0.000000000000000000e+00 1.000000000000000056e-01 0.000000000000000000e+00 8.174414659235452027e+20 1.000000000000000000e+00 0.000000000000000000e+00 0.000000000000000000e+00 7.273999999999999355e-01 2.637999999999999790e-01 8.800000000000000530e-03 2.524194508240696086e+04
3.540000000000000000e+02 7.700000000000001137e+02 3.458064985861033783e+05 9.729999999999999760e-01 1.465501106593413372e+00 0.000000000000000000e+00 1.000000000000000056e-01 0.000000000000000000e+00 8.998935466260876493e+20 1.000000000000000000e+00 0.000000000000000000e+00 0.000000000000000000e+00 7.273999999999999355e-01 2.637999999999999790e-01 8.800000000000000530e-03 2.694183914887987339e+04
3.550000000000000000e+02 7.700000000000001137e+02 3.657779138319607009e+05 9.729999999999999760e-01 4.094587260379096150e-01 0.000000000000000000e+00 1.000000000000000056e-01 0.000000000000000000e+00 9.660110160735879823e+20 1.000000000000000000e+00 0.000000000000000000e+00 0.000000000000000000e+00 7.273999999999999355e-01 2.637999999999999790e-01 8.800000000000000530e-03 2.817959203738575161e+04
3.560000000000000000e+02 7.700000000000001137e+02 3.925807756041391403e+05 9.729999999999999760e-01 5.870468578376046853e-01 0.000000000000000000e+00 1.000000000000000056e-01 1.570796326794896558e+00 1.052354521156574380e+21 1.000000000000000000e+00 0.000000000000000000e+00 0.000000000000000000e+00 7.273999999999999355e-01 2.637999999999999790e-01 8.800000000000000530e-03 2.981974611002950041e+04
3.580000000000000000e+02 7.700000000000001137e+02 4.527378354482062859e+05 9.729999999999999760e-01 7.777385509682667175e-01 0.000000000000000000e+00 1.000000000000000056e-01 0.000000000000000000e+00 1.250884667073758757e+21 1.000000000000000000e+00 0.000000000000000000e+00 0.000000000000000000e+00 7.273999999999999355e-01 2.637999999999999790e-01 8.800000000000000530e-03 3.342243987083748652e+04
3.590000000000000000e+02 7.700000000000001137e+02 4.826876675629314268e+05 9.729999999999999760e-01 7.257567624350137470e-01 0.000000000000000000e+00 1.000000000000000056e-01 1.570796326794896558e+00 1.354179026995865453e+21 1.000000000000000000e+00 0.000000000000000000e+00 0.000000000000000000e+00 7.273999999999999355e-01 2.637999999999999790e-01 8.800000000000000530e-03 3.517982549617566110e+04
3.620000000000000000e+02 7.700000000000001137e+02 6.074603376906707417e+05 9.729999999999999760e-01 1.081634035878914935e+00 0.000000000000000000e+00 1.000000000000000056e-01 1.570796326794896558e+00 1.785871041894888243e+21 1.000000000000000000e+00 0.000000000000000000e+00 0.000000000000000000e+00 7.273999999999999355e-01 2.637999999999999790e-01 8.800000000000000530e-03 4.228390226327970595e+04
