# id_num orb_a mass spin spin_angle orb_inc orb_ecc orb_arg_periapse orb_ang_mom gen galaxy time_passed gw_freq gw_strain
1.600000000000000000e+01 3.918053880826380191e+04 2.122599003225440484e+01 7.433978042427145938e-02 6.222050845485461723e-01 3.153015509337179445e+00 2.136400060322398153e-01 1.570796326794896558e+00 -1.000000000000000000e+00 1.000000000000000000e+00 0.000000000000000000e+00 0.000000000000000000e+00 -1.000000000000000000e+00 -1.000000000000000000e+00
2.200000000000000000e+01 3.503288228835785412e+04 1.366833585385342609e+01 -1.219420654723740310e-01 2.605449924167962283e+00 3.140105003016598229e+00 1.352053921999592512e-01 1.570796326794896558e+00 -1.000000000000000000e+00 1.000000000000000000e+00 0.000000000000000000e+00 0.000000000000000000e+00 -1.000000000000000000e+00 -1.000000000000000000e+00
4.500000000000000000e+01 2.804261426387090978e+04 2.280094402326161429e+01 -1.227252825853134555e-01 2.168452825398398343e+00 3.124731338353113674e+00 2.957006516013552244e-01 1.570796326794896558e+00 -1.000000000000000000e+00 1.000000000000000000e+00 0.000000000000000000e+00 0.000000000000000000e+00 -1.000000000000000000e+00 -1.000000000000000000e+00
4.700000000000000000e+01 1.188799735068310292e+04 1.164557130992914225e+01 -1.726032194035503203e-02 2.541634166797564820e+00 3.153957607682542186e+00 2.867641016743134874e-01 1.570796326794896558e+00 -1.000000000000000000e+00 1.000000000000000000e+00 0.000000000000000000e+00 0.000000000000000000e+00 -1.000000000000000000e+00 -1.000000000000000000e+00
6.700000000000000000e+01 3.268847342481818123e+04 1.046459350421205414e+01 -7.855438249838032905e-02 1.915540596156358522e+00 3.130764964562843033e+00 2.586470319508852866e-01 1.570796326794896558e+00 -1.000000000000000000e+00 1.000000000000000000e+00 0.000000000000000000e+00 0.000000000000000000e+00 -1.000000000000000000e+00 -1.000000000000000000e+00
7.100000000000000000e+01 3.102034404942000037e+04 3.346902287933239251e+01 9.454655597492250818e-02 1.233944743929910048e+00 3.114648145032862026e+00 1.742561707722689035e-01 1.570796326794896558e+00 -1.000000000000000000e+00 1.000000000000000000e+00 0.000000000000000000e+00 0.000000000000000000e+00 -1.000000000000000000e+00 -1.000000000000000000e+00
7.800000000000000000e+01 1.562600553651559130e+04 1.576104218358802100e+01 -5.723046672366963877e-02 1.897117890758628800e+00 3.144346481651273173e+00 5.137798829002523243e-02 1.570796326794896558e+00 -1.000000000000000000e+00 1.000000000000000000e+00 0.000000000000000000e+00 0.000000000000000000e+00 -1.000000000000000000e+00 -1.000000000000000000e+00
8.800000000000000000e+01 3.597274465588975727e+04 1.171435709308394735e+01 -4.696357636455405354e-02 3.056213323331101517e+00 3.105248276649991812e+00 1.635795774987123807e-01 1.570796326794896558e+00 -1.000000000000000000e+00 1.000000000000000000e+00 0.000000000000000000e+00 0.000000000000000000e+00 -1.000000000000000000e+00 -1.000000000000000000e+00
9.100000000000000000e+01 8.680711603998099235e+03 1.161895588160802362e+01 3.461252025988666853e-02 3.830504065528078650e-01 3.141173150262538627e+00 1.300372054698469004e-01 1.570796326794896558e+00 -1.000000000000000000e+00 1.000000000000000000e+00 0.000000000000000000e+00 0.000000000000000000e+00 -1.000000000000000000e+00 -1.000000000000000000e+00
1.030000000000000000e+02 2.870520735103342304e+04 2.363646432063565328e+01 -6.457856557081463611e-02 1.705029890749725219e+00 3.144886497915511114e+00 7.632882620159626985e-02 1.570796326794896558e+00 -1.000000000000000000e+00 1.000000000000000000e+00 0.000000000000000000e+00 0.000000000000000000e+00 -1.000000000000000000e+00 -1.000000000000000000e+00
1.040000000000000000e+02 4.216035892488262107e+03 3.410702268519536773e+01 -9.339858109982128453e-02 2.599726640608519546e+00 3.138495587965299372e+00 5.057650636735873395e-02 1.570796326794896558e+00 -1.000000000000000000e+00 1.000000000000000000e+00 0.000000000000000000e+00 0.000000000000000000e+00 -1.000000000000000000e+00 -1.000000000000000000e+00
1.460000000000000000e+02 8.606038356400305929e+03 1.004100649677509516e+01 1.089583344892048056e-01 1.595652884185523868e-01 3.158901706210486715e+00 2.637853427739108580e-01 1.570796326794896558e+00 -1.000000000000000000e+00 1.000000000000000000e+00 0.000000000000000000e+00 0.000000000000000000e+00 -1.000000000000000000e+00 -1.000000000000000000e+00
1.510000000000000000e+02 3.011487310503275876e+04 1.531251473820886666e+01 4.068407485820239172e-02 1.547556818871093531e+00 3.135899274117857960e+00 2.223081753463029553e-01 1.570796326794896558e+00 -1.000000000000000000e+00 1.000000000000000000e+00 0.000000000000000000e+00 0.000000000000000000e+00 -1.000000000000000000e+00 -1.000000000000000000e+00
1.620000000000000000e+02 6.214924657107091662e+03 1.063507079171115066e+01 -5.648482413214273024e-02 2.897899438108171299e+00 3.129445680682053865e+00 1.050026637128981116e-01 1.570796326794896558e+00 -1.000000000000000000e+00 1.000000000000000000e+00 0.000000000000000000e+00 0.000000000000000000e+00 -1.000000000000000000e+00 -1.000000000000000000e+00
1.660000000000000000e+02 7.128276424944075188e+03 1.192298787821437323e+01 8.112533244935377086e-02 2.606796762576653048e-01 3.143367719116491266e+00 1.675473345522515145e-01 1.570796326794896558e+00 -1.000000000000000000e+00 1.000000000000000000e+00 0.000000000000000000e+00 0.000000000000000000e+00 -1.000000000000000000e+00 -1.000000000000000000e+00
1.680000000000000000e+02 4.240184537471298972e+04 1.435965251490444849e+01 -4.976335846405381680e-03 1.916398008942346243e+00 3.145744280893846945e+00 2.435432022321101231e-01 1.570796326794896558e+00 -1.000000000000000000e+00 1.000000000000000000e+00 0.000000000000000000e+00 0.000000000000000000e+00 -1.000000000000000000e+00 -1.000000000000000000e+00
1.920000000000000000e+02 3.814588770140575070e+04 1.053285661566527764e+01 5.573543047241336090e-03 7.924901365302587930e-01 3.098517677874786269e+00 7.105191768258473616e-03 1.570796326794896558e+00 -1.000000000000000000e+00 1.000000000000000000e+00 0.000000000000000000e+00 0.000000000000000000e+00 -1.000000000000000000e+00 -1.000000000000000000e+00
