# id_num orb_a mass spin spin_angle orb_inc orb_ecc orb_arg_periapse orb_ang_mom gen galaxy time_passed gw_freq gw_strain
0.000000000000000000e+00 3.924690904362494621e+04 1.043103824108673550e+01 -1.229856972477482574e-01 2.120852900906894600e+00 4.064659521957996596e-02 7.030337824339044639e-02 1.570796326794896558e+00 1.000000000000000000e+00 1.000000000000000000e+00 0.000000000000000000e+00 0.000000000000000000e+00 -1.000000000000000000e+00 -1.000000000000000000e+00
3.000000000000000000e+00 1.997205134385915517e+04 1.222994749162927519e+01 7.082180515180308555e-02 1.046666661282107613e+00 6.764871685759211127e-03 1.655202867161581839e-02 1.570796326794896558e+00 1.000000000000000000e+00 1.000000000000000000e+00 0.000000000000000000e+00 0.000000000000000000e+00 -1.000000000000000000e+00 -1.000000000000000000e+00
7.000000000000000000e+00 2.123060346825411398e+04 1.336791349702688692e+01 2.462606420596116785e-01 7.764231725706594034e-01 3.160092274740769369e+00 1.871127361745466428e-02 0.000000000000000000e+00 1.000000000000000000e+00 1.000000000000000000e+00 0.000000000000000000e+00 0.000000000000000000e+00 -1.000000000000000000e+00 -1.000000000000000000e+00
1.900000000000000000e+01 5.000000000000000000e+04 3.654199161248919125e+01 1.084934403452793017e-01 1.389252471018564083e+00 1.487061565407039876e-02 2.922635427059078889e-02 1.570796326794896558e+00 1.000000000000000000e+00 1.000000000000000000e+00 0.000000000000000000e+00 0.000000000000000000e+00 -1.000000000000000000e+00 -1.000000000000000000e+00
2.000000000000000000e+01 1.111478498624193162e+04 1.037370430850030978e+01 -9.411416190260057935e-02 3.051140000000000185e+00 3.162627280386057116e+00 1.000000000000000021e-02 0.000000000000000000e+00 1.000000000000000000e+00 1.000000000000000000e+00 0.000000000000000000e+00 0.000000000000000000e+00 -1.000000000000000000e+00 -1.000000000000000000e+00
2.400000000000000000e+01 1.052093962301343709e+04 1.186978775876979242e+01 -4.326812779425699522e-03 1.357280421423081584e+00 -1.741222715050556522e-02 4.645440971517100087e-02 0.000000000000000000e+00 1.000000000000000000e+00 1.000000000000000000e+00 0.000000000000000000e+00 0.000000000000000000e+00 -1.000000000000000000e+00 -1.000000000000000000e+00
2.500000000000000000e+01 3.621557307145962454e+02 1.341867156956339713e+01 -5.921226674031348364e-02 1.854664809490328414e+00 3.125152238958607498e+00 3.832379069037661345e-02 1.570796326794896558e+00 1.000000000000000000e+00 1.000000000000000000e+00 0.000000000000000000e+00 0.000000000000000000e+00 -1.000000000000000000e+00 -1.000000000000000000e+00
2.900000000000000000e+01 4.372910510680073912e+02 1.153630933617942134e+01 -5.738489637922253306e-02 1.605537901043976312e+00 6.364574722023711231e-03 1.815905528835728977e-02 0.000000000000000000e+00 1.000000000000000000e+00 1.000000000000000000e+00 0.000000000000000000e+00 0.000000000000000000e+00 -1.000000000000000000e+00 -1.000000000000000000e+00
3.200000000000000000e+01 3.160427223889071684e+04 3.351045135511236595e+01 -1.638538631943578516e-01 3.100000000000000089e+00 1.313618084265340963e-02 8.658293149489820761e-02 0.000000000000000000e+00 1.000000000000000000e+00 1.000000000000000000e+00 0.000000000000000000e+00 0.000000000000000000e+00 -1.000000000000000000e+00 -1.000000000000000000e+00
3.300000000000000000e+01 4.790152571689317847e+04 2.526836166999506261e+01 1.407541682773348346e-01 1.216975480908320195e+00 3.173253865939635876e+00 3.449884923245098017e-02 1.570796326794896558e+00 1.000000000000000000e+00 1.000000000000000000e+00 0.000000000000000000e+00 0.000000000000000000e+00 -1.000000000000000000e+00 -1.000000000000000000e+00
3.400000000000000000e+01 2.874992258118651444e+04 1.694381386361818542e+01 2.705812160716377854e-03 1.558844957098256767e+00 2.718256249062721633e-02 6.850685353381720522e-02 0.000000000000000000e+00 1.000000000000000000e+00 1.000000000000000000e+00 0.000000000000000000e+00 0.000000000000000000e+00 -1.000000000000000000e+00 -1.000000000000000000e+00
3.600000000000000000e+01 5.733266960134834562e+02 3.655579436368622481e+01 -1.171467093887087196e-01 2.197153046381379315e+00 8.856233300005764836e-03 9.000000000000001055e-02 1.570796326794896558e+00 1.000000000000000000e+00 1.000000000000000000e+00 0.000000000000000000e+00 0.000000000000000000e+00 -1.000000000000000000e+00 -1.000000000000000000e+00
4.000000000000000000e+01 1.580463730568352912e+04 1.120045382050129845e+01 1.060203767909138062e-01 1.472362060865365585e+00 1.461677580122689758e-02 5.791655337632301698e-02 1.570796326794896558e+00 1.000000000000000000e+00 1.000000000000000000e+00 0.000000000000000000e+00 0.000000000000000000e+00 -1.000000000000000000e+00 -1.000000000000000000e+00
4.300000000000000000e+01 4.239365059736530384e+04 3.377217568558738492e+01 6.898998184074403572e-02 1.186067691448623007e+00 3.073401740203120236e-02 2.107009254802049217e-02 0.000000000000000000e+00 1.000000000000000000e+00 1.000000000000000000e+00 0.000000000000000000e+00 0.000000000000000000e+00 -1.000000000000000000e+00 -1.000000000000000000e+00
4.900000000000000000e+01 5.000000000000000000e+04 1.810612767492757769e+01 -1.189049900652229264e-01 2.600876904131769862e+00 -5.045908575088121212e-02 2.249132170301484587e-02 0.000000000000000000e+00 1.000000000000000000e+00 1.000000000000000000e+00 0.000000000000000000e+00 0.000000000000000000e+00 -1.000000000000000000e+00 -1.000000000000000000e+00
5.100000000000000000e+01 7.421169666361331110e+03 1.024879057154904949e+01 -9.444090491085442574e-02 2.041247256962850809e+00 3.153046409407123996e+00 3.275741070384445564e-02 1.570796326794896558e+00 1.000000000000000000e+00 1.000000000000000000e+00 0.000000000000000000e+00 0.000000000000000000e+00 -1.000000000000000000e+00 -1.000000000000000000e+00
5.200000000000000000e+01 2.173150141699677260e+04 1.166457115245435006e+01 1.292508279886027678e-01 1.554427659767598557e+00 3.167498063894183868e+00 1.000000000000000021e-02 1.570796326794896558e+00 1.000000000000000000e+00 1.000000000000000000e+00 0.000000000000000000e+00 0.000000000000000000e+00 -1.000000000000000000e+00 -1.000000000000000000e+00
5.400000000000000000e+01 4.403037692437944202e+02 1.157433821653678407e+01 -3.278937732599060406e-02 8.352133594581621079e-01 3.132107734476034633e+00 1.894057894334720896e-02 1.570796326794896558e+00 1.000000000000000000e+00 1.000000000000000000e+00 0.000000000000000000e+00 0.000000000000000000e+00 -1.000000000000000000e+00 -1.000000000000000000e+00
5.500000000000000000e+01 4.934853842960813927e+04 1.681354520312105194e+01 -7.918302582805097911e-03 1.792770823991912010e+00 3.109025440953643304e+00 3.769249339782580754e-02 0.000000000000000000e+00 1.000000000000000000e+00 1.000000000000000000e+00 0.000000000000000000e+00 0.000000000000000000e+00 -1.000000000000000000e+00 -1.000000000000000000e+00
5.600000000000000000e+01 3.315460513058782090e+04 1.057015528223374901e+01 -1.734448223670673195e-01 1.988886171764818300e+00 3.152129644490442750e+00 3.569940567850354851e-02 0.000000000000000000e+00 1.000000000000000000e+00 1.000000000000000000e+00 0.000000000000000000e+00 0.000000000000000000e+00 -1.000000000000000000e+00 -1.000000000000000000e+00
6.000000000000000000e+01 3.806804548444155807e+04 3.868981452705835267e+01 -5.691256708086763275e-03 8.138168132512978437e-01 9.071628341652159672e-03 4.243504747509577180e-02 1.570796326794896558e+00 1.000000000000000000e+00 1.000000000000000000e+00 0.000000000000000000e+00 0.000000000000000000e+00 -1.000000000000000000e+00 -1.000000000000000000e+00
6.200000000000000000e+01 4.558491760660085674e+02 1.832482393739144300e+01 2.134772373402421541e-02 1.051702170859477370e+00 3.142835069632899270e+00 9.000000000000001055e-02 0.000000000000000000e+00 1.000000000000000000e+00 1.000000000000000000e+00 0.000000000000000000e+00 0.000000000000000000e+00 -1.000000000000000000e+00 -1.000000000000000000e+00
6.400000000000000000e+01 3.223585908336495413e+04 1.025986779845256258e+01 -7.764787260352849774e-02 2.350179816549927914e+00 3.175988658478725135e+00 5.911931084005606768e-02 0.000000000000000000e+00 1.000000000000000000e+00 1.000000000000000000e+00 0.000000000000000000e+00 0.000000000000000000e+00 -1.000000000000000000e+00 -1.000000000000000000e+00
6.500000000000000000e+01 5.000000000000000000e+04 1.954349869042960819e+01 -2.107146920199579332e-01 3.100000000000000089e+00 3.893336664341418007e-02 8.716571528644545541e-02 0.000000000000000000e+00 1.000000000000000000e+00 1.000000000000000000e+00 0.000000000000000000e+00 0.000000000000000000e+00 -1.000000000000000000e+00 -1.000000000000000000e+00
6.600000000000000000e+01 4.949950583325027083e+02 1.669808990661148584e+01 -1.721809253650139204e-01 2.879024436694616274e+00 3.167435472065497581e+00 2.865248929470910408e-02 1.570796326794896558e+00 1.000000000000000000e+00 1.000000000000000000e+00 0.000000000000000000e+00 0.000000000000000000e+00 -1.000000000000000000e+00 -1.000000000000000000e+00
6.700000000000000000e+01 3.987977331279972714e+04 1.085704028445925751e+01 -8.945275045268920311e-02 3.100000000000000089e+00 3.149331552620191932e+00 1.311602914175007302e-02 0.000000000000000000e+00 1.000000000000000000e+00 1.000000000000000000e+00 0.000000000000000000e+00 0.000000000000000000e+00 -1.000000000000000000e+00 -1.000000000000000000e+00
7.100000000000000000e+01 4.612394230004210272e+02 1.270865259912896050e+01 1.193008307718954331e-01 1.428234960282561028e+00 3.142261591984611968e+00 2.152831192451246101e-02 1.570796326794896558e+00 1.000000000000000000e+00 1.000000000000000000e+00 0.000000000000000000e+00 0.000000000000000000e+00 -1.000000000000000000e+00 -1.000000000000000000e+00
7.200000000000000000e+01 2.735611395704618189e+04 1.028372650582595327e+01 -3.228178309831520459e-02 1.725641067992440547e+00 3.166454494481613313e+00 1.007856657790649410e-02 0.000000000000000000e+00 1.000000000000000000e+00 1.000000000000000000e+00 0.000000000000000000e+00 0.000000000000000000e+00 -1.000000000000000000e+00 -1.000000000000000000e+00
7.300000000000000000e+01 1.900062633500534503e+04 1.490083334668248405e+01 -1.226659020120140220e-01 2.235798111468431770e+00 3.166120603896532604e+00 1.000000000000000021e-02 0.000000000000000000e+00 1.000000000000000000e+00 1.000000000000000000e+00 0.000000000000000000e+00 0.000000000000000000e+00 -1.000000000000000000e+00 -1.000000000000000000e+00
7.500000000000000000e+01 2.847498562825218323e+04 1.083713385496562331e+01 2.442452932006258792e-02 1.919843232848178705e+00 3.120529894511065994e+00 2.644978755694170694e-02 1.570796326794896558e+00 1.000000000000000000e+00 1.000000000000000000e+00 0.000000000000000000e+00 0.000000000000000000e+00 -1.000000000000000000e+00 -1.000000000000000000e+00
7.600000000000000000e+01 2.223128638125471116e+04 1.795728680798822552e+01 -9.549885622589793233e-03 1.261360525962450074e+00 -3.002728666735397442e-02 1.000000000000000021e-02 0.000000000000000000e+00 1.000000000000000000e+00 1.000000000000000000e+00 0.000000000000000000e+00 0.000000000000000000e+00 -1.000000000000000000e+00 -1.000000000000000000e+00
8.100000000000000000e+01 3.576754562335320952e+04 1.075994313727784579e+01 -1.064002022221036126e-02 7.516767096781896695e-01 -4.339254136190853067e-02 3.162720745576910047e-02 1.570796326794896558e+00 1.000000000000000000e+00 1.000000000000000000e+00 0.000000000000000000e+00 0.000000000000000000e+00 -1.000000000000000000e+00 -1.000000000000000000e+00
8.200000000000000000e+01 5.572219695916711544e+02 2.321636648036086825e+01 -2.221088966886881899e-02 1.244764010734413340e+00 3.144615001968323220e+00 4.488842860230414511e-02 0.000000000000000000e+00 1.000000000000000000e+00 1.000000000000000000e+00 0.000000000000000000e+00 0.000000000000000000e+00 -1.000000000000000000e+00 -1.000000000000000000e+00
8.400000000000000000e+01 5.000000000000000000e+04 2.389832386375258366e+01 -1.921957817247480632e-02 1.613320752900625710e+00 3.115164210593394323e+00 6.185052203394022369e-02 1.570796326794896558e+00 1.000000000000000000e+00 1.000000000000000000e+00 0.000000000000000000e+00 0.000000000000000000e+00 -1.000000000000000000e+00 -1.000000000000000000e+00
8.500000000000000000e+01 2.559556024063792211e+04 1.279673510536520453e+01 -1.125097993587820533e-01 1.997503931061073823e+00 2.659141524053837760e-02 5.664986080401291507e-02 0.000000000000000000e+00 1.000000000000000000e+00 1.000000000000000000e+00 0.000000000000000000e+00 0.000000000000000000e+00 -1.000000000000000000e+00 -1.000000000000000000e+00
9.300000000000000000e+01 5.319639531984265659e+02 1.485540887844646107e+01 -1.285281921955578055e-01 3.100000000000000089e+00 5.287113989980192844e-03 2.424225794798701497e-02 1.570796326794896558e+00 1.000000000000000000e+00 1.000000000000000000e+00 0.000000000000000000e+00 0.000000000000000000e+00 -1.000000000000000000e+00 -1.000000000000000000e+00
9.400000000000000000e+01 6.797609092065520144e+02 3.698890063506178194e+01 -1.187728866605265582e-01 2.211213353913431767e+00 3.134670640122706242e+00 9.000000000000001055e-02 1.570796326794896558e+00 1.000000000000000000e+00 1.000000000000000000e+00 0.000000000000000000e+00 0.000000000000000000e+00 -1.000000000000000000e+00 -1.000000000000000000e+00
9.500000000000000000e+01 5.000000000000000000e+04 1.812429394928652826e+01 -1.162918950671683188e-01 3.100000000000000089e+00 3.435414221289521952e-02 5.527844350789139216e-02 0.000000000000000000e+00 1.000000000000000000e+00 1.000000000000000000e+00 0.000000000000000000e+00 0.000000000000000000e+00 -1.000000000000000000e+00 -1.000000000000000000e+00
9.800000000000000000e+01 5.000000000000000000e+04 3.613199743840244338e+01 -1.416016464604859248e-01 2.837281991807413029e+00 4.566121164348828365e-02 1.968338499895933014e-02 0.000000000000000000e+00 1.000000000000000000e+00 1.000000000000000000e+00 0.000000000000000000e+00 0.000000000000000000e+00 -1.000000000000000000e+00 -1.000000000000000000e+00
1.020000000000000000e+02 5.000000000000000000e+04 1.274689553971475142e+01 -6.345339744619310496e-02 2.710377842810065996e+00 3.140485844329556020e+00 1.262315694354106642e-02 1.570796326794896558e+00 1.000000000000000000e+00 1.000000000000000000e+00 0.000000000000000000e+00 0.000000000000000000e+00 -1.000000000000000000e+00 -1.000000000000000000e+00
1.050000000000000000e+02 3.994834601700392523e+04 2.356561754172896173e+01 -2.554290331193478925e-01 2.658503459509991451e+00 4.187436927485844312e-02 7.783861566727171000e-02 1.570796326794896558e+00 1.000000000000000000e+00 1.000000000000000000e+00 0.000000000000000000e+00 0.000000000000000000e+00 -1.000000000000000000e+00 -1.000000000000000000e+00
1.060000000000000000e+02 3.817232198221002182e+04 1.529101930211937699e+01 -6.870403631365013843e-03 5.535680663083460962e-01 3.116325651274859609e+00 8.324996210047322376e-02 0.000000000000000000e+00 1.000000000000000000e+00 1.000000000000000000e+00 0.000000000000000000e+00 0.000000000000000000e+00 -1.000000000000000000e+00 -1.000000000000000000e+00
1.080000000000000000e+02 3.982760151314892573e+04 1.836306565493551091e+01 -2.691962936547123708e-01 2.370819745769735309e+00 3.368212360638456193e-02 2.559026711332681309e-02 1.570796326794896558e+00 1.000000000000000000e+00 1.000000000000000000e+00 0.000000000000000000e+00 0.000000000000000000e+00 -1.000000000000000000e+00 -1.000000000000000000e+00
1.100000000000000000e+02 1.495920612874271319e+04 1.556196393360820451e+01 -6.351099731388325231e-02 2.112105929028464502e+00 2.018201992616233675e-02 1.000000000000000021e-02 0.000000000000000000e+00 1.000000000000000000e+00 1.000000000000000000e+00 0.000000000000000000e+00 0.000000000000000000e+00 -1.000000000000000000e+00 -1.000000000000000000e+00
1.120000000000000000e+02 1.416002491063658454e+04 1.079813519907259867e+01 2.021660602503616566e-01 1.500213988740667359e+00 3.155637116851473856e+00 3.729717632242109115e-02 0.000000000000000000e+00 1.000000000000000000e+00 1.000000000000000000e+00 0.000000000000000000e+00 0.000000000000000000e+00 -1.000000000000000000e+00 -1.000000000000000000e+00
1.140000000000000000e+02 4.694344779627617390e+04 1.301308560808859127e+01 -1.581591926524034686e-01 2.483561114528777036e+00 -7.641725044204314074e-03 2.209363099434054623e-01 0.000000000000000000e+00 1.000000000000000000e+00 1.000000000000000000e+00 0.000000000000000000e+00 0.000000000000000000e+00 -1.000000000000000000e+00 -1.000000000000000000e+00
1.180000000000000000e+02 2.567307531460601967e+04 3.524454491892817032e+01 7.303517788490146434e-02 0.000000000000000000e+00 3.123879251719193118e+00 1.869172480454626625e-02 1.570796326794896558e+00 1.000000000000000000e+00 1.000000000000000000e+00 0.000000000000000000e+00 0.000000000000000000e+00 -1.000000000000000000e+00 -1.000000000000000000e+00
1.190000000000000000e+02 1.869768707971565891e+04 2.318354162284684250e+01 -1.157348118662957087e-01 2.007632699232401396e+00 3.141953584162435309e+00 3.203577125371115386e-02 0.000000000000000000e+00 1.000000000000000000e+00 1.000000000000000000e+00 0.000000000000000000e+00 0.000000000000000000e+00 -1.000000000000000000e+00 -1.000000000000000000e+00
1.230000000000000000e+02 2.362804976791802255e+04 1.601435630860622439e+01 -1.205976496573325923e-01 2.116223177517743359e+00 3.131258963889395286e+00 1.823632126608708617e-02 0.000000000000000000e+00 1.000000000000000000e+00 1.000000000000000000e+00 0.000000000000000000e+00 0.000000000000000000e+00 -1.000000000000000000e+00 -1.000000000000000000e+00
1.260000000000000000e+02 3.413625424973975896e+04 1.127294728356486608e+01 -1.782409556492235703e-01 2.652011353646702041e+00 -2.289469703342621870e-02 8.071480253378704450e-02 0.000000000000000000e+00 1.000000000000000000e+00 1.000000000000000000e+00 0.000000000000000000e+00 0.000000000000000000e+00 -1.000000000000000000e+00 -1.000000000000000000e+00
1.270000000000000000e+02 1.643545918612209789e+04 1.063712753400691469e+01 -1.332450504168614103e-01 3.051140000000000185e+00 3.116030924418974557e+00 1.000000000000000021e-02 1.570796326794896558e+00 1.000000000000000000e+00 1.000000000000000000e+00 0.000000000000000000e+00 0.000000000000000000e+00 -1.000000000000000000e+00 -1.000000000000000000e+00
1.280000000000000000e+02 3.915161278943224897e+04 1.254803966006653937e+01 -1.147642670919031826e-01 2.797385842409167100e+00 3.369616320767021642e-03 1.168444877075873641e-02 1.570796326794896558e+00 1.000000000000000000e+00 1.000000000000000000e+00 0.000000000000000000e+00 0.000000000000000000e+00 -1.000000000000000000e+00 -1.000000000000000000e+00
1.290000000000000000e+02 3.454732204312293470e+04 1.034749503800291492e+01 4.617391358165566506e-02 9.164568258452731042e-01 3.109720044917595683e+00 1.000000000000000056e-01 0.000000000000000000e+00 1.000000000000000000e+00 1.000000000000000000e+00 0.000000000000000000e+00 0.000000000000000000e+00 -1.000000000000000000e+00 -1.000000000000000000e+00
1.310000000000000000e+02 3.574427725453067251e+04 3.541191929884135448e+01 -5.840773022666350539e-02 2.323231107415180130e+00 5.796939635022859902e-03 1.947276784335874936e-02 0.000000000000000000e+00 1.000000000000000000e+00 1.000000000000000000e+00 0.000000000000000000e+00 0.000000000000000000e+00 -1.000000000000000000e+00 -1.000000000000000000e+00
1.350000000000000000e+02 1.462173047036339995e+04 1.472817130789142404e+01 -9.604053457156902507e-02 1.827485528820115945e+00 3.132626532461354252e+00 1.000000000000000021e-02 1.570796326794896558e+00 1.000000000000000000e+00 1.000000000000000000e+00 0.000000000000000000e+00 0.000000000000000000e+00 -1.000000000000000000e+00 -1.000000000000000000e+00
1.360000000000000000e+02 2.681399178996077535e+04 1.346816722531470134e+01 -1.978403779192073053e-01 3.100000000000000089e+00 -2.613989013752538587e-02 1.797468962119045527e-02 1.570796326794896558e+00 1.000000000000000000e+00 1.000000000000000000e+00 0.000000000000000000e+00 0.000000000000000000e+00 -1.000000000000000000e+00 -1.000000000000000000e+00
1.380000000000000000e+02 2.508624765677791584e+04 1.095034465151360159e+01 -2.413824963684718661e-01 2.909711364681397683e+00 3.117083559127224124e+00 6.424730003494306951e-02 0.000000000000000000e+00 1.000000000000000000e+00 1.000000000000000000e+00 0.000000000000000000e+00 0.000000000000000000e+00 -1.000000000000000000e+00 -1.000000000000000000e+00
1.440000000000000000e+02 2.082872791627851620e+04 1.409698903481105603e+01 2.089795985828722669e-02 6.186875861775614771e-01 3.130814372964098702e+00 4.502873376473056494e-02 1.570796326794896558e+00 1.000000000000000000e+00 1.000000000000000000e+00 0.000000000000000000e+00 0.000000000000000000e+00 -1.000000000000000000e+00 -1.000000000000000000e+00
1.460000000000000000e+02 4.602094713672299258e+04 2.711429490063603254e+01 -9.037315334565111657e-02 2.243453412756874155e+00 3.160507359608674793e+00 4.910746176876626401e-02 1.570796326794896558e+00 1.000000000000000000e+00 1.000000000000000000e+00 0.000000000000000000e+00 0.000000000000000000e+00 -1.000000000000000000e+00 -1.000000000000000000e+00
1.540000000000000000e+02 7.949722862418796012e+02 1.301041842774618829e+01 -1.473791478200923294e-02 7.553270050301571503e-01 3.155208761511046678e+00 9.000000000000001055e-02 0.000000000000000000e+00 1.000000000000000000e+00 1.000000000000000000e+00 0.000000000000000000e+00 0.000000000000000000e+00 -1.000000000000000000e+00 -1.000000000000000000e+00
1.550000000000000000e+02 2.971644163393596318e+04 3.295813630753103496e+01 -2.445899851386351687e-01 3.100000000000000089e+00 9.514780234488661587e-03 1.023705964215113930e-02 0.000000000000000000e+00 1.000000000000000000e+00 1.000000000000000000e+00 0.000000000000000000e+00 0.000000000000000000e+00 -1.000000000000000000e+00 -1.000000000000000000e+00
1.580000000000000000e+02 2.752902626932063504e+04 2.102249450437355804e+01 -1.377548395610542209e-01 2.804458019729385576e+00 3.155486530799811007e+00 1.048729417064019759e-02 0.000000000000000000e+00 1.000000000000000000e+00 1.000000000000000000e+00 0.000000000000000000e+00 0.000000000000000000e+00 -1.000000000000000000e+00 -1.000000000000000000e+00
1.600000000000000000e+02 6.255622090083018520e+03 1.974515288961076820e+01 -5.894680775545920251e-03 1.701507877852036721e+00 -2.878861027705199600e-03 9.000000000000001055e-02 1.570796326794896558e+00 1.000000000000000000e+00 1.000000000000000000e+00 0.000000000000000000e+00 0.000000000000000000e+00 -1.000000000000000000e+00 -1.000000000000000000e+00
1.610000000000000000e+02 9.355467495535211810e+02 3.320972608886582123e+01 4.010192520789218618e-02 9.213094429443366984e-01 3.140440193903663246e+00 9.000000000000001055e-02 1.570796326794896558e+00 1.000000000000000000e+00 1.000000000000000000e+00 0.000000000000000000e+00 0.000000000000000000e+00 -1.000000000000000000e+00 -1.000000000000000000e+00
1.630000000000000000e+02 4.837871315338757267e+04 1.318883099975284345e+01 4.333387268895070449e-03 1.899893367439817737e+00 3.826799808070248388e-02 2.621770172178491259e-02 0.000000000000000000e+00 1.000000000000000000e+00 1.000000000000000000e+00 0.000000000000000000e+00 0.000000000000000000e+00 -1.000000000000000000e+00 -1.000000000000000000e+00
1.650000000000000000e+02 5.832580411115460493e+02 3.892224545717565576e+01 2.236068714569916169e-03 9.010598193275652923e-01 1.230814169177568175e-02 9.000000000000001055e-02 0.000000000000000000e+00 1.000000000000000000e+00 1.000000000000000000e+00 0.000000000000000000e+00 0.000000000000000000e+00 -1.000000000000000000e+00 -1.000000000000000000e+00
1.670000000000000000e+02 2.909677386639061660e+04 1.022984039079531904e+01 -1.804411867058512697e-01 2.964534574230837549e+00 1.470398952183126114e-03 6.073123904771571269e-02 1.570796326794896558e+00 1.000000000000000000e+00 1.000000000000000000e+00 0.000000000000000000e+00 0.000000000000000000e+00 -1.000000000000000000e+00 -1.000000000000000000e+00
1.680000000000000000e+02 1.992883916499816769e+04 1.648194431508360935e+01 2.877946219159062402e-02 1.012178066662559939e+00 1.209425024051250831e-02 1.000000000000000056e-01 0.000000000000000000e+00 1.000000000000000000e+00 1.000000000000000000e+00 0.000000000000000000e+00 0.000000000000000000e+00 -1.000000000000000000e+00 -1.000000000000000000e+00
1.690000000000000000e+02 5.000000000000000000e+04 1.154496411669987666e+01 -1.413946712363666203e-01 2.813574216490152047e+00 6.772071652465635940e-04 2.870028051549539799e-02 0.000000000000000000e+00 1.000000000000000000e+00 1.000000000000000000e+00 0.000000000000000000e+00 0.000000000000000000e+00 -1.000000000000000000e+00 -1.000000000000000000e+00
1.740000000000000000e+02 3.683350255991420272e+04 1.115615170024136482e+01 -9.965723952349285486e-03 1.967849411950472138e+00 3.170720246697688705e+00 8.720068342406150919e-02 1.570796326794896558e+00 1.000000000000000000e+00 1.000000000000000000e+00 0.000000000000000000e+00 0.000000000000000000e+00 -1.000000000000000000e+00 -1.000000000000000000e+00
1.750000000000000000e+02 4.273021790499037161e+04 1.014554196458938407e+01 -1.612675828222633057e-02 1.018124303102090344e+00 3.102897259455897228e+00 2.936899617487135836e-02 0.000000000000000000e+00 1.000000000000000000e+00 1.000000000000000000e+00 0.000000000000000000e+00 0.000000000000000000e+00 -1.000000000000000000e+00 -1.000000000000000000e+00
1.770000000000000000e+02 2.772302490966916957e+04 1.123822460339732032e+01 -2.108707692011438373e-01 2.456962226464611820e+00 1.731388018670908593e-02 3.872065297853338750e-02 1.570796326794896558e+00 1.000000000000000000e+00 1.000000000000000000e+00 0.000000000000000000e+00 0.000000000000000000e+00 -1.000000000000000000e+00 -1.000000000000000000e+00
1.780000000000000000e+02 5.000000000000000000e+04 1.065970538400717871e+01 -1.825382574504580413e-02 9.972472158525170771e-01 3.165654023900222214e+00 1.565913201841244717e-01 0.000000000000000000e+00 1.000000000000000000e+00 1.000000000000000000e+00 0.000000000000000000e+00 0.000000000000000000e+00 -1.000000000000000000e+00 -1.000000000000000000e+00
1.820000000000000000e+02 5.000000000000000000e+04 1.094762076763986158e+01 6.263586265468858508e-03 1.443017997124367957e+00 3.164562481926520565e+00 1.229268876463795734e-01 1.570796326794896558e+00 1.000000000000000000e+00 1.000000000000000000e+00 0.000000000000000000e+00 0.000000000000000000e+00 -1.000000000000000000e+00 -1.000000000000000000e+00
1.850000000000000000e+02 3.704198408452903823e+04 2.767198939972963956e+01 -1.542370695502243150e-01 2.808972521398070743e+00 3.816452717610750722e-02 2.771965610290185594e-02 1.570796326794896558e+00 1.000000000000000000e+00 1.000000000000000000e+00 0.000000000000000000e+00 0.000000000000000000e+00 -1.000000000000000000e+00 -1.000000000000000000e+00
1.860000000000000000e+02 3.706412680229671969e+04 1.043207663687748976e+01 -5.103679554882558506e-02 8.356679264639219618e-01 3.149348321070037038e+00 1.778578219563198282e-02 0.000000000000000000e+00 1.000000000000000000e+00 1.000000000000000000e+00 0.000000000000000000e+00 0.000000000000000000e+00 -1.000000000000000000e+00 -1.000000000000000000e+00
1.870000000000000000e+02 4.155344898965174798e+04 1.179102794029063261e+01 4.517605125514495557e-02 5.914810599019212356e-01 -5.326014101796815343e-03 4.932680010760089051e-02 0.000000000000000000e+00 1.000000000000000000e+00 1.000000000000000000e+00 0.000000000000000000e+00 0.000000000000000000e+00 -1.000000000000000000e+00 -1.000000000000000000e+00
1.880000000000000000e+02 3.757996420451720769e+04 3.181232274740548149e+01 1.511462420455794986e-01 1.378199185064094445e+00 -7.030111018362892282e-03 7.418600578544955193e-02 1.570796326794896558e+00 1.000000000000000000e+00 1.000000000000000000e+00 0.000000000000000000e+00 0.000000000000000000e+00 -1.000000000000000000e+00 -1.000000000000000000e+00
1.930000000000000000e+02 2.834444298524005717e+04 1.226770952640637447e+01 -4.093629338385162270e-02 7.219935196277473821e-01 3.133733914789246455e+00 1.181831705543934415e-02 0.000000000000000000e+00 1.000000000000000000e+00 1.000000000000000000e+00 0.000000000000000000e+00 0.000000000000000000e+00 -1.000000000000000000e+00 -1.000000000000000000e+00
1.960000000000000000e+02 3.344336473451850179e+04 1.625822414727055687e+01 2.216621405073426754e-02 6.420421212848067549e-01 9.885779048549788242e-03 9.415102923518475775e-02 0.000000000000000000e+00 1.000000000000000000e+00 1.000000000000000000e+00 0.000000000000000000e+00 0.000000000000000000e+00 -1.000000000000000000e+00 -1.000000000000000000e+00
1.980000000000000000e+02 2.485764704889244604e+04 2.607991526041089969e+01 -1.519807350755913444e-01 2.492472019204802880e+00 3.140383382973065629e+00 8.156091474895235671e-02 1.570796326794896558e+00 1.000000000000000000e+00 1.000000000000000000e+00 0.000000000000000000e+00 0.000000000000000000e+00 -1.000000000000000000e+00 -1.000000000000000000e+00
1.990000000000000000e+02 3.171164573188763825e+04 2.426935721840953875e+01 1.419565053002268262e-02 9.649076791329319613e-01 1.343510811418601771e-02 1.854359658294877852e-02 0.000000000000000000e+00 1.000000000000000000e+00 1.000000000000000000e+00 0.000000000000000000e+00 0.000000000000000000e+00 -1.000000000000000000e+00 -1.000000000000000000e+00
3.650000000000000000e+02 2.588375101288128803e+02 1.689102552550897585e+01 7.098475881217634377e-03 1.377117355010691879e+00 0.000000000000000000e+00 7.010991474331268458e-02 -1.000000000000000000e+00 1.000000000000000000e+00 1.000000000000000000e+00 7.700000000000000000e+01 0.000000000000000000e+00 -1.000000000000000000e+00 -1.000000000000000000e+00
4.000000000000000000e+00 3.691050028242585540e+04 3.236668035460300530e+01 -5.517294543128501219e-03 1.956280557406568699e+00 2.294069432631486508e-02 1.048768103059489511e-02 1.570796326794896558e+00 1.000000000000000000e+00 1.000000000000000000e+00 0.000000000000000000e+00 0.000000000000000000e+00 -1.000000000000000000e+00 -1.000000000000000000e+00
5.000000000000000000e+00 5.000000000000000000e+04 1.218331544443020675e+01 -8.502766267104344688e-02 3.100000000000000089e+00 3.218969538121226048e-02 1.158986073587212340e-01 1.570796326794896558e+00 1.000000000000000000e+00 1.000000000000000000e+00 0.000000000000000000e+00 0.000000000000000000e+00 -1.000000000000000000e+00 -1.000000000000000000e+00
9.000000000000000000e+00 3.248966410256608287e+04 1.790735994241141427e+01 -1.603268807929321693e-01 2.625838589622637276e+00 0.000000000000000000e+00 3.002151950180235312e-02 1.570796326794896558e+00 1.000000000000000000e+00 1.000000000000000000e+00 0.000000000000000000e+00 0.000000000000000000e+00 -1.000000000000000000e+00 -1.000000000000000000e+00
1.200000000000000000e+01 1.243473300577565533e+04 1.030513237270238314e+01 -7.235016996742367479e-02 2.821250831257487324e+00 0.000000000000000000e+00 1.000000000000000021e-02 1.570796326794896558e+00 1.000000000000000000e+00 1.000000000000000000e+00 0.000000000000000000e+00 0.000000000000000000e+00 -1.000000000000000000e+00 -1.000000000000000000e+00
3.500000000000000000e+01 2.937218665269478515e+04 2.559430768601433215e+01 5.053889346912870950e-02 5.310161839710342280e-01 0.000000000000000000e+00 7.562820965424067732e-02 1.570796326794896558e+00 1.000000000000000000e+00 1.000000000000000000e+00 0.000000000000000000e+00 0.000000000000000000e+00 -1.000000000000000000e+00 -1.000000000000000000e+00
4.100000000000000000e+01 5.000000000000000000e+04 1.239090825594688638e+01 -1.481728623180841031e-01 2.524689465327893512e+00 0.000000000000000000e+00 1.159956986392724626e-02 1.570796326794896558e+00 1.000000000000000000e+00 1.000000000000000000e+00 0.000000000000000000e+00 0.000000000000000000e+00 -1.000000000000000000e+00 -1.000000000000000000e+00
7.700000000000000000e+01 3.750153727365430677e+04 2.179328183312917844e+01 -9.055223709196587312e-02 3.100000000000000089e+00 1.445733659799974466e-02 1.040821474420400641e-02 1.570796326794896558e+00 1.000000000000000000e+00 1.000000000000000000e+00 0.000000000000000000e+00 0.000000000000000000e+00 -1.000000000000000000e+00 -1.000000000000000000e+00
8.000000000000000000e+01 3.246304875855263890e+04 1.603212342152169612e+01 -6.518380430340484089e-02 3.100000000000000089e+00 0.000000000000000000e+00 1.949829491965303363e-02 1.570796326794896558e+00 1.000000000000000000e+00 1.000000000000000000e+00 0.000000000000000000e+00 0.000000000000000000e+00 -1.000000000000000000e+00 -1.000000000000000000e+00
8.900000000000000000e+01 4.414319066867559741e+04 1.320930251098414843e+01 -1.047437174705199286e-02 1.712042412371435285e+00 0.000000000000000000e+00 2.800138800586328067e-02 1.570796326794896558e+00 1.000000000000000000e+00 1.000000000000000000e+00 0.000000000000000000e+00 0.000000000000000000e+00 -1.000000000000000000e+00 -1.000000000000000000e+00
9.000000000000000000e+01 5.000000000000000000e+04 2.959107469003468438e+01 -1.555898790095242290e-01 2.910179562834680045e+00 1.545938611351007144e-02 4.437354932355708215e-02 1.570796326794896558e+00 1.000000000000000000e+00 1.000000000000000000e+00 0.000000000000000000e+00 0.000000000000000000e+00 -1.000000000000000000e+00 -1.000000000000000000e+00
1.200000000000000000e+02 4.523457899899103359e+04 1.173162307588850339e+01 1.502447799539478879e-02 6.922348359955848851e-01 9.046575057723547572e-03 1.398710463625209288e-01 1.570796326794896558e+00 1.000000000000000000e+00 1.000000000000000000e+00 0.000000000000000000e+00 0.000000000000000000e+00 -1.000000000000000000e+00 -1.000000000000000000e+00
1.210000000000000000e+02 5.000000000000000000e+04 1.999544341137159975e+01 -8.329741375959601180e-02 2.287934119927661492e+00 0.000000000000000000e+00 5.395529275027781402e-02 1.570796326794896558e+00 1.000000000000000000e+00 1.000000000000000000e+00 0.000000000000000000e+00 0.000000000000000000e+00 -1.000000000000000000e+00 -1.000000000000000000e+00
1.240000000000000000e+02 4.095527644141326891e+04 1.315711966508569830e+01 -2.251245884236539319e-01 2.959170647876219196e+00 3.704381831716200332e-03 1.000000000000000021e-02 1.570796326794896558e+00 1.000000000000000000e+00 1.000000000000000000e+00 0.000000000000000000e+00 0.000000000000000000e+00 -1.000000000000000000e+00 -1.000000000000000000e+00
1.340000000000000000e+02 5.000000000000000000e+04 3.545437321543972331e+01 -1.009737060944832648e-01 2.594295652898215288e+00 0.000000000000000000e+00 6.386939229667731865e-02 1.570796326794896558e+00 1.000000000000000000e+00 1.000000000000000000e+00 0.000000000000000000e+00 0.000000000000000000e+00 -1.000000000000000000e+00 -1.000000000000000000e+00
1.370000000000000000e+02 1.426686675071990612e+04 1.440888165657784903e+01 3.772448459759795980e-02 1.686789768692020353e+00 0.000000000000000000e+00 1.000000000000000021e-02 1.570796326794896558e+00 1.000000000000000000e+00 1.000000000000000000e+00 0.000000000000000000e+00 0.000000000000000000e+00 -1.000000000000000000e+00 -1.000000000000000000e+00
1.420000000000000000e+02 3.518592950435628882e+04 1.044095227561620121e+01 -2.412552373371689984e-01 2.742809968484918315e+00 0.000000000000000000e+00 1.435884814216109411e-02 1.570796326794896558e+00 1.000000000000000000e+00 1.000000000000000000e+00 0.000000000000000000e+00 0.000000000000000000e+00 -1.000000000000000000e+00 -1.000000000000000000e+00
1.490000000000000000e+02 3.918402796839985240e+04 2.459090771238900075e+01 7.107274080830963681e-04 7.342054037196098504e-01 0.000000000000000000e+00 4.571053284052593174e-02 1.570796326794896558e+00 1.000000000000000000e+00 1.000000000000000000e+00 0.000000000000000000e+00 0.000000000000000000e+00 -1.000000000000000000e+00 -1.000000000000000000e+00
1.500000000000000000e+02 6.219633327347991099e+02 1.137850890399595194e+01 3.647744528754412463e-02 1.722303187567035154e+00 4.345712311206411174e-03 2.189909956606283375e-02 1.570796326794896558e+00 1.000000000000000000e+00 1.000000000000000000e+00 0.000000000000000000e+00 0.000000000000000000e+00 -1.000000000000000000e+00 -1.000000000000000000e+00
1.620000000000000000e+02 1.288830567375664577e+04 1.313971779986404620e+01 -6.003445637319974881e-02 2.984741828778920247e+00 0.000000000000000000e+00 1.000000000000000021e-02 1.570796326794896558e+00 1.000000000000000000e+00 1.000000000000000000e+00 0.000000000000000000e+00 0.000000000000000000e+00 -1.000000000000000000e+00 -1.000000000000000000e+00
1.800000000000000000e+02 2.691580118915595449e+04 1.073068027689908632e+01 -1.181608256435543042e-01 1.905007126152113539e+00 1.289005249987704854e-02 5.161341870340596660e-02 1.570796326794896558e+00 1.000000000000000000e+00 1.000000000000000000e+00 0.000000000000000000e+00 0.000000000000000000e+00 -1.000000000000000000e+00 -1.000000000000000000e+00
1.890000000000000000e+02 2.477200198726340386e+04 1.294055499868705184e+01 4.148403146584100920e-02 1.009559786536907477e+00 2.274341957591090660e-02 2.474877770948297542e-02 1.570796326794896558e+00 1.000000000000000000e+00 1.000000000000000000e+00 0.000000000000000000e+00 0.000000000000000000e+00 -1.000000000000000000e+00 -1.000000000000000000e+00
1.400000000000000000e+01 7.017573935489890573e+02 1.153476971644309401e+01 -1.287056221434637882e-01 2.714353601289672735e+00 0.000000000000000000e+00 9.000000000000001055e-02 0.000000000000000000e+00 1.000000000000000000e+00 1.000000000000000000e+00 0.000000000000000000e+00 0.000000000000000000e+00 -1.000000000000000000e+00 -1.000000000000000000e+00
1.800000000000000000e+01 9.153351275026625444e+03 3.105977006261739959e+01 2.729037580239242200e-02 4.381237357013255118e-01 0.000000000000000000e+00 1.000000000000000021e-02 0.000000000000000000e+00 1.000000000000000000e+00 1.000000000000000000e+00 0.000000000000000000e+00 0.000000000000000000e+00 -1.000000000000000000e+00 -1.000000000000000000e+00
4.600000000000000000e+01 6.699273305665011549e+02 1.163569186253610788e+01 1.714219170529645009e-01 1.320955452608703284e+00 0.000000000000000000e+00 9.000000000000001055e-02 0.000000000000000000e+00 1.000000000000000000e+00 1.000000000000000000e+00 0.000000000000000000e+00 0.000000000000000000e+00 -1.000000000000000000e+00 -1.000000000000000000e+00
6.900000000000000000e+01 6.237000000000001592e+02 1.723548492437359059e+01 -1.833793374596046077e-01 2.037830463071927944e+00 0.000000000000000000e+00 8.100000000000001643e-02 0.000000000000000000e+00 1.000000000000000000e+00 1.000000000000000000e+00 0.000000000000000000e+00 0.000000000000000000e+00 -1.000000000000000000e+00 -1.000000000000000000e+00
7.000000000000000000e+01 5.816176193762174080e+03 1.038317892198340786e+01 -2.554652498940585166e-03 1.186863364464655124e+00 0.000000000000000000e+00 2.065034017935914179e-02 0.000000000000000000e+00 1.000000000000000000e+00 1.000000000000000000e+00 0.000000000000000000e+00 0.000000000000000000e+00 -1.000000000000000000e+00 -1.000000000000000000e+00
8.800000000000000000e+01 6.447310482656364002e+03 2.126181106285201139e+01 -1.395944494109905842e-01 2.288548274664767845e+00 0.000000000000000000e+00 9.000000000000001055e-02 0.000000000000000000e+00 1.000000000000000000e+00 1.000000000000000000e+00 0.000000000000000000e+00 0.000000000000000000e+00 -1.000000000000000000e+00 -1.000000000000000000e+00
9.200000000000000000e+01 7.145865758456645835e+02 2.325849675357976309e+01 2.619117475080956492e-02 1.781553763667033774e+00 0.000000000000000000e+00 9.000000000000001055e-02 0.000000000000000000e+00 1.000000000000000000e+00 1.000000000000000000e+00 0.000000000000000000e+00 0.000000000000000000e+00 -1.000000000000000000e+00 -1.000000000000000000e+00
1.250000000000000000e+02 4.699656871836559731e+03 1.058643801169064602e+01 -5.538372472163292926e-02 3.093020000000000103e+00 0.000000000000000000e+00 9.000000000000001055e-02 0.000000000000000000e+00 1.000000000000000000e+00 1.000000000000000000e+00 0.000000000000000000e+00 0.000000000000000000e+00 -1.000000000000000000e+00 -1.000000000000000000e+00
1.400000000000000000e+02 3.006873197755105593e+03 1.217549637242910876e+01 7.919173146599653434e-02 6.986667296749436984e-01 0.000000000000000000e+00 9.000000000000001055e-02 0.000000000000000000e+00 1.000000000000000000e+00 1.000000000000000000e+00 0.000000000000000000e+00 0.000000000000000000e+00 -1.000000000000000000e+00 -1.000000000000000000e+00
1.830000000000000000e+02 5.346741254999627927e+03 1.470106917809066971e+01 -9.230803093469033827e-03 6.100797077656650025e-01 0.000000000000000000e+00 1.000000000000000021e-02 0.000000000000000000e+00 1.000000000000000000e+00 1.000000000000000000e+00 0.000000000000000000e+00 0.000000000000000000e+00 -1.000000000000000000e+00 -1.000000000000000000e+00
3.660000000000000000e+02 7.700000000000001137e+02 2.316136515184550504e+01 9.490448449678470788e-02 5.579792198533073400e-01 0.000000000000000000e+00 1.000000000000000056e-01 -1.000000000000000000e+00 1.000000000000000000e+00 1.000000000000000000e+00 7.700000000000000000e+01 1.000000000000000000e+05 -1.000000000000000000e+00 -1.000000000000000000e+00
3.670000000000000000e+02 7.520454291203849380e+02 1.117989490165442845e+01 7.257022242660281230e-02 1.779830256201356820e+00 0.000000000000000000e+00 9.000000000000001055e-02 -1.000000000000000000e+00 1.000000000000000000e+00 1.000000000000000000e+00 7.700000000000000000e+01 2.000000000000000000e+05 -1.000000000000000000e+00 -1.000000000000000000e+00
3.680000000000000000e+02 3.439975317215347604e+04 5.234182908350313568e+01 6.159309691921851515e-01 0.000000000000000000e+00 0.000000000000000000e+00 4.196053329213002281e-02 -1.000000000000000000e+00 1.000000000000000000e+00 2.000000000000000000e+00 7.700000000000000000e+01 2.800000000000000000e+05 -1.000000000000000000e+00 -1.000000000000000000e+00
3.710000000000000000e+02 6.886493759178754317e+02 3.520277543633930861e+01 -2.643640965655972078e-02 7.898791375813389859e-01 0.000000000000000000e+00 1.332117523896406835e-02 -1.000000000000000000e+00 1.000000000000000000e+00 1.000000000000000000e+00 7.700000000000000000e+01 3.000000000000000000e+05 -1.000000000000000000e+00 -1.000000000000000000e+00
3.750000000000000000e+02 9.735276784527100972e+03 7.588716648661653608e+01 8.202784306974129080e-01 0.000000000000000000e+00 0.000000000000000000e+00 9.000000000000001055e-02 -1.000000000000000000e+00 1.000000000000000000e+00 3.000000000000000000e+00 7.700000000000000000e+01 3.500000000000000000e+05 -1.000000000000000000e+00 -1.000000000000000000e+00
5.700000000000000000e+01 4.178249897471516306e+04 1.051082436992970948e+01 4.930800640786451444e-02 6.360690945373935756e-01 3.118952562788127381e+00 7.414703633634886493e-02 1.570796326794896558e+00 1.000000000000000000e+00 1.000000000000000000e+00 0.000000000000000000e+00 0.000000000000000000e+00 -1.000000000000000000e+00 -1.000000000000000000e+00
3.720000000000000000e+02 1.774799003926588921e+04 2.423493461980913466e+01 6.914422487449058963e-01 0.000000000000000000e+00 0.000000000000000000e+00 1.000000000000000021e-02 -1.000000000000000000e+00 1.000000000000000000e+00 2.000000000000000000e+00 7.700000000000000000e+01 3.700000000000000000e+05 -1.000000000000000000e+00 -1.000000000000000000e+00
3.780000000000000000e+02 8.481335504029758567e+02 3.873354522652477527e+01 6.662722654631941799e-02 1.168699690967442528e+00 0.000000000000000000e+00 9.000000000000001055e-02 -1.000000000000000000e+00 1.000000000000000000e+00 1.000000000000000000e+00 7.700000000000000000e+01 4.000000000000000000e+05 -1.000000000000000000e+00 -1.000000000000000000e+00
3.790000000000000000e+02 9.345608561549659498e+03 2.669989824672313006e+01 6.987231541399880896e-01 0.000000000000000000e+00 0.000000000000000000e+00 1.000000000000000021e-02 -1.000000000000000000e+00 1.000000000000000000e+00 2.000000000000000000e+00 7.700000000000000000e+01 4.600000000000000000e+05 -1.000000000000000000e+00 -1.000000000000000000e+00
3.830000000000000000e+02 8.243251527664492642e+02 3.580923453033554438e+01 1.536668931988651732e-01 7.848129884173143944e-01 0.000000000000000000e+00 9.000000000000001055e-02 -1.000000000000000000e+00 1.000000000000000000e+00 1.000000000000000000e+00 7.700000000000000000e+01 5.000000000000000000e+05 -1.000000000000000000e+00 -1.000000000000000000e+00
3.770000000000000000e+02 2.339122419604187235e+04 3.142006986525704448e+01 6.033182615795986692e-01 0.000000000000000000e+00 0.000000000000000000e+00 2.323837417421214732e-02 -1.000000000000000000e+00 1.000000000000000000e+00 2.000000000000000000e+00 7.700000000000000000e+01 5.200000000000000000e+05 -1.000000000000000000e+00 -1.000000000000000000e+00
3.860000000000000000e+02 1.544259961845799626e+04 2.509650666871467095e+01 6.386415158184489682e-01 0.000000000000000000e+00 0.000000000000000000e+00 1.000000000000000021e-02 -1.000000000000000000e+00 1.000000000000000000e+00 2.000000000000000000e+00 7.700000000000000000e+01 5.600000000000000000e+05 -1.000000000000000000e+00 -1.000000000000000000e+00
3.820000000000000000e+02 2.076267564073421090e+04 5.590356045455263256e+01 6.449229278369493779e-01 0.000000000000000000e+00 0.000000000000000000e+00 1.000000000000000021e-02 -1.000000000000000000e+00 1.000000000000000000e+00 2.000000000000000000e+00 7.700000000000000000e+01 5.800000000000000000e+05 -1.000000000000000000e+00 -1.000000000000000000e+00
