# id_num orb_a mass spin spin_angle orb_inc orb_ecc orb_arg_periapse orb_ang_mom gen galaxy time_passed gw_freq gw_strain
7.000000000000000000e+00 1.858627888033934505e+04 1.133642276338090582e+01 8.319085310341980954e-02 1.011438868772235544e+00 3.114489669718449871e+00 2.145562092132653476e-01 1.570796326794896558e+00 -1.000000000000000000e+00 1.000000000000000000e+00 0.000000000000000000e+00 0.000000000000000000e+00 -1.000000000000000000e+00 -1.000000000000000000e+00
9.000000000000000000e+00 2.933192399661167656e+03 1.917668835482693268e+01 -8.095159171238584805e-02 2.590067187649774283e+00 3.145001484849687223e+00 1.855218104074359275e-01 1.570796326794896558e+00 -1.000000000000000000e+00 1.000000000000000000e+00 0.000000000000000000e+00 0.000000000000000000e+00 -1.000000000000000000e+00 -1.000000000000000000e+00
1.200000000000000000e+01 2.825972227204377486e+04 1.351053005463047185e+01 2.059116044491537956e-01 9.682851420844116319e-01 3.128576060888942134e+00 2.828450216750064139e-01 1.570796326794896558e+00 -1.000000000000000000e+00 1.000000000000000000e+00 0.000000000000000000e+00 0.000000000000000000e+00 -1.000000000000000000e+00 -1.000000000000000000e+00
4.600000000000000000e+01 4.657653042280899535e+04 3.507145152848696767e+01 4.444643799582144450e-02 4.014706000807479747e-01 3.154183897642774959e+00 2.919082111449176065e-01 1.570796326794896558e+00 -1.000000000000000000e+00 1.000000000000000000e+00 0.000000000000000000e+00 0.000000000000000000e+00 -1.000000000000000000e+00 -1.000000000000000000e+00
4.700000000000000000e+01 4.302265603410645417e+04 2.713259682295117159e+01 1.374269518427920500e-01 1.085267087436035283e+00 3.127839842064321640e+00 2.325320681769125764e-01 1.570796326794896558e+00 -1.000000000000000000e+00 1.000000000000000000e+00 0.000000000000000000e+00 0.000000000000000000e+00 -1.000000000000000000e+00 -1.000000000000000000e+00
4.800000000000000000e+01 2.933039669354961370e+04 2.497442442820148401e+01 -7.618056335886065622e-02 2.532822942388622600e+00 3.136851161461112092e+00 5.595929384727870576e-02 1.570796326794896558e+00 -1.000000000000000000e+00 1.000000000000000000e+00 0.000000000000000000e+00 0.000000000000000000e+00 -1.000000000000000000e+00 -1.000000000000000000e+00
5.700000000000000000e+01 2.923212957635824205e+04 1.383964280001212366e+01 -4.597928773485743248e-02 1.922087134401733177e+00 3.148702801733156420e+00 2.337622200411738627e-01 1.570796326794896558e+00 -1.000000000000000000e+00 1.000000000000000000e+00 0.000000000000000000e+00 0.000000000000000000e+00 -1.000000000000000000e+00 -1.000000000000000000e+00
6.300000000000000000e+01 4.509812870614743588e+04 1.176464654467675430e+01 -3.855282762197102114e-02 1.867567295305056829e+00 3.134375089880154786e+00 1.424332525145834139e-01 1.570796326794896558e+00 -1.000000000000000000e+00 1.000000000000000000e+00 0.000000000000000000e+00 0.000000000000000000e+00 -1.000000000000000000e+00 -1.000000000000000000e+00
7.100000000000000000e+01 1.225838059632740442e+04 2.952903770330832955e+01 1.207832602594365867e-01 1.273914943293320112e+00 3.159114711289728206e+00 6.035834801751546741e-02 1.570796326794896558e+00 -1.000000000000000000e+00 1.000000000000000000e+00 0.000000000000000000e+00 0.000000000000000000e+00 -1.000000000000000000e+00 -1.000000000000000000e+00
7.800000000000000000e+01 5.415700491404021477e+02 1.101562056040171811e+01 -1.403915979526417224e-01 2.910599701939502459e+00 3.161070264330413160e+00 6.398444442853384873e-02 1.570796326794896558e+00 -1.000000000000000000e+00 1.000000000000000000e+00 0.000000000000000000e+00 0.000000000000000000e+00 -1.000000000000000000e+00 -1.000000000000000000e+00
8.600000000000000000e+01 4.486997174939984689e+04 1.465318290178327132e+01 -1.305752473383793855e-01 2.080126402091629689e+00 3.154968294993282019e+00 7.583300794842225134e-02 1.570796326794896558e+00 -1.000000000000000000e+00 1.000000000000000000e+00 0.000000000000000000e+00 0.000000000000000000e+00 -1.000000000000000000e+00 -1.000000000000000000e+00
9.000000000000000000e+01 2.182856712171672189e+04 1.282373903140444149e+01 7.325034961521841026e-02 7.391692958180529072e-01 3.144724722691560004e+00 1.775500216910858367e-02 1.570796326794896558e+00 -1.000000000000000000e+00 1.000000000000000000e+00 0.000000000000000000e+00 0.000000000000000000e+00 -1.000000000000000000e+00 -1.000000000000000000e+00
1.040000000000000000e+02 3.103770230005951089e+04 2.178256451142823380e+01 1.259963182475209720e-01 3.080451505199420792e-01 3.146374361793578878e+00 4.676145317213786096e-02 1.570796326794896558e+00 -1.000000000000000000e+00 1.000000000000000000e+00 0.000000000000000000e+00 0.000000000000000000e+00 -1.000000000000000000e+00 -1.000000000000000000e+00
1.070000000000000000e+02 3.111146310826569970e+04 1.975380372921992844e+01 -1.078998714048829133e-01 2.991622486722477881e+00 3.109960911686795004e+00 7.479244725843971209e-02 1.570796326794896558e+00 -1.000000000000000000e+00 1.000000000000000000e+00 0.000000000000000000e+00 0.000000000000000000e+00 -1.000000000000000000e+00 -1.000000000000000000e+00
1.360000000000000000e+02 1.969059310483105219e+04 1.044880102229340224e+01 -3.739027428144856696e-02 3.004816054268965697e+00 3.144027135520887306e+00 2.604550360969236644e-01 1.570796326794896558e+00 -1.000000000000000000e+00 1.000000000000000000e+00 0.000000000000000000e+00 0.000000000000000000e+00 -1.000000000000000000e+00 -1.000000000000000000e+00
1.600000000000000000e+02 4.347136140721513220e+04 1.295893070046506779e+01 -1.481351495531728346e-01 3.128645207993971056e+00 3.150927540001741800e+00 1.176863090080350616e-01 1.570796326794896558e+00 -1.000000000000000000e+00 1.000000000000000000e+00 0.000000000000000000e+00 0.000000000000000000e+00 -1.000000000000000000e+00 -1.000000000000000000e+00
1.630000000000000000e+02 1.627317426913923782e+03 1.303753287029571695e+01 1.021431439345773518e-01 9.197377289907704423e-01 3.146899663825377225e+00 2.084061745150111167e-01 1.570796326794896558e+00 -1.000000000000000000e+00 1.000000000000000000e+00 0.000000000000000000e+00 0.000000000000000000e+00 -1.000000000000000000e+00 -1.000000000000000000e+00
1.960000000000000000e+02 2.617499131258175112e+03 1.881551411656077377e+01 1.197112313260165206e-01 4.260421582245345062e-01 3.133576547924239897e+00 1.734334181863960156e-01 1.570796326794896558e+00 -1.000000000000000000e+00 1.000000000000000000e+00 0.000000000000000000e+00 0.000000000000000000e+00 -1.000000000000000000e+00 -1.000000000000000000e+00
