# id_num orb_a mass spin spin_angle orb_inc orb_ecc orb_arg_periapse orb_ang_mom gen galaxy time_passed gw_freq gw_strain
1.000000000000000000e+00 4.074429514843993093e+04 1.822080935024160553e+01 -2.151972748521943091e-01 3.100000000000000089e+00 -1.798510508915638142e-02 2.391282775005912700e-02 1.570796326794896558e+00 1.000000000000000000e+00 1.000000000000000000e+00 0.000000000000000000e+00 0.000000000000000000e+00 -1.000000000000000000e+00 -1.000000000000000000e+00
2.000000000000000000e+00 5.000000000000000000e+04 2.893444928202375976e+01 2.262736341393389861e-02 1.071832760317479538e+00 3.179403110736125360e+00 4.543156462608751583e-02 0.000000000000000000e+00 1.000000000000000000e+00 1.000000000000000000e+00 0.000000000000000000e+00 0.000000000000000000e+00 -1.000000000000000000e+00 -1.000000000000000000e+00
4.000000000000000000e+00 3.304868331356171257e+04 1.852489353081211121e+01 3.824726270112217830e-02 1.145468765387189336e+00 3.122219205762768457e+00 1.758546094071281041e-02 1.570796326794896558e+00 1.000000000000000000e+00 1.000000000000000000e+00 0.000000000000000000e+00 0.000000000000000000e+00 -1.000000000000000000e+00 -1.000000000000000000e+00
5.000000000000000000e+00 4.209477778156198474e+04 1.143611315097691694e+01 -1.784694267435348314e-01 3.100000000000000089e+00 4.358200254082326280e-02 4.014102635978933353e-02 0.000000000000000000e+00 1.000000000000000000e+00 1.000000000000000000e+00 0.000000000000000000e+00 0.000000000000000000e+00 -1.000000000000000000e+00 -1.000000000000000000e+00
1.100000000000000000e+01 8.999459395450343436e+03 1.084691529527473364e+01 4.726895567041655699e-02 6.534141362064059821e-01 5.369986184355291653e-03 1.000000000000000021e-02 1.570796326794896558e+00 1.000000000000000000e+00 1.000000000000000000e+00 0.000000000000000000e+00 0.000000000000000000e+00 -1.000000000000000000e+00 -1.000000000000000000e+00
1.300000000000000000e+01 1.714826793718408953e+04 1.059905972944965846e+01 -1.330501140743087229e-02 3.824336792178037459e-01 3.095293390948906875e+00 1.761556707081842962e-02 0.000000000000000000e+00 1.000000000000000000e+00 1.000000000000000000e+00 0.000000000000000000e+00 0.000000000000000000e+00 -1.000000000000000000e+00 -1.000000000000000000e+00
1.400000000000000000e+01 2.784206349962646345e+04 1.346377570791488587e+01 -1.553434115594689024e-01 2.232408456260678964e+00 2.123716995854284598e-02 2.955353970310503967e-02 0.000000000000000000e+00 1.000000000000000000e+00 1.000000000000000000e+00 0.000000000000000000e+00 0.000000000000000000e+00 -1.000000000000000000e+00 -1.000000000000000000e+00
1.600000000000000000e+01 3.093416401319390934e+04 3.638911277359950702e+01 -1.315307363558843312e-01 3.100000000000000089e+00 -9.868154584734447135e-03 2.345239015096103885e-02 1.570796326794896558e+00 1.000000000000000000e+00 1.000000000000000000e+00 0.000000000000000000e+00 0.000000000000000000e+00 -1.000000000000000000e+00 -1.000000000000000000e+00
1.900000000000000000e+01 3.215134715836925898e+04 1.632022806803787418e+01 -6.712249981779000452e-02 2.735125217676835252e+00 -2.269016687798622312e-03 2.575893475606844119e-02 1.570796326794896558e+00 1.000000000000000000e+00 1.000000000000000000e+00 0.000000000000000000e+00 0.000000000000000000e+00 -1.000000000000000000e+00 -1.000000000000000000e+00
2.100000000000000000e+01 4.327471267025166162e+04 1.665584196156939711e+01 -1.133635040941071703e-01 2.488645005700000912e+00 -3.868889064130403427e-02 7.231949226217239401e-02 0.000000000000000000e+00 1.000000000000000000e+00 1.000000000000000000e+00 0.000000000000000000e+00 0.000000000000000000e+00 -1.000000000000000000e+00 -1.000000000000000000e+00
2.600000000000000000e+01 5.000000000000000000e+04 1.264987550723387244e+01 -8.895143369169791758e-02 2.862452177824109878e+00 3.158374213607725967e+00 2.823108067149510125e-02 1.570796326794896558e+00 1.000000000000000000e+00 1.000000000000000000e+00 0.000000000000000000e+00 0.000000000000000000e+00 -1.000000000000000000e+00 -1.000000000000000000e+00
2.700000000000000000e+01 2.861187206849777067e+04 1.535224874412063834e+01 -1.236602833349118441e-01 2.615606848200134671e+00 2.535554125556655630e-02 2.119953238610878393e-02 1.570796326794896558e+00 1.000000000000000000e+00 1.000000000000000000e+00 0.000000000000000000e+00 0.000000000000000000e+00 -1.000000000000000000e+00 -1.000000000000000000e+00
2.800000000000000000e+01 1.086508887254231922e+04 1.280629849989049873e+01 -1.034428890758501141e-01 2.960391006684105708e+00 3.161516257427561261e+00 1.499124271006598702e-02 0.000000000000000000e+00 1.000000000000000000e+00 1.000000000000000000e+00 0.000000000000000000e+00 0.000000000000000000e+00 -1.000000000000000000e+00 -1.000000000000000000e+00
2.900000000000000000e+01 3.184055811882756097e+04 1.999783898202018051e+01 -2.192462036909519768e-02 1.172386959506043658e+00 2.101171681627676119e-02 3.879786975144156047e-02 0.000000000000000000e+00 1.000000000000000000e+00 1.000000000000000000e+00 0.000000000000000000e+00 0.000000000000000000e+00 -1.000000000000000000e+00 -1.000000000000000000e+00
3.200000000000000000e+01 2.643623850054165086e+04 1.412306590780144155e+01 -1.321185209257359217e-01 2.460138400896994426e+00 -2.759929613828049008e-02 1.000000000000000021e-02 0.000000000000000000e+00 1.000000000000000000e+00 1.000000000000000000e+00 0.000000000000000000e+00 0.000000000000000000e+00 -1.000000000000000000e+00 -1.000000000000000000e+00
3.300000000000000000e+01 4.278834171227371553e+04 1.097455072952443622e+01 -3.324017685276516726e-02 8.309619751756933681e-01 3.106823619901449174e+00 4.488774373469573559e-02 0.000000000000000000e+00 1.000000000000000000e+00 1.000000000000000000e+00 0.000000000000000000e+00 0.000000000000000000e+00 -1.000000000000000000e+00 -1.000000000000000000e+00
3.500000000000000000e+01 5.480074826027190227e+01 1.711261474553165840e+01 -1.426821566698326382e-01 3.100000000000000089e+00 3.173287174184937776e+00 2.011106033364622458e-01 0.000000000000000000e+00 1.000000000000000000e+00 1.000000000000000000e+00 0.000000000000000000e+00 0.000000000000000000e+00 -1.000000000000000000e+00 -1.000000000000000000e+00
3.800000000000000000e+01 4.782311019625597692e+04 3.546382066099115349e+01 -1.746133873280646398e-01 3.100000000000000089e+00 2.659283783067717573e-03 1.377431454512359141e-02 0.000000000000000000e+00 1.000000000000000000e+00 1.000000000000000000e+00 0.000000000000000000e+00 0.000000000000000000e+00 -1.000000000000000000e+00 -1.000000000000000000e+00
3.900000000000000000e+01 4.609927162640907045e+04 1.534453174824725430e+01 -5.358376782416709311e-02 1.531159653048350666e+00 5.092953076719326788e-02 7.177119863411092482e-02 1.570796326794896558e+00 1.000000000000000000e+00 1.000000000000000000e+00 0.000000000000000000e+00 0.000000000000000000e+00 -1.000000000000000000e+00 -1.000000000000000000e+00
4.000000000000000000e+01 3.564768907270436466e+04 1.045338630371817956e+01 1.624230366591049024e-01 7.518622844447983011e-01 2.747743226236768442e-03 3.989977735474594528e-02 0.000000000000000000e+00 1.000000000000000000e+00 1.000000000000000000e+00 0.000000000000000000e+00 0.000000000000000000e+00 -1.000000000000000000e+00 -1.000000000000000000e+00
4.200000000000000000e+01 2.044171563667795272e+04 1.391326436920334864e+01 -2.230221332757670871e-01 2.410045922005028984e+00 3.157529034452494443e+00 3.473913855914981946e-02 0.000000000000000000e+00 1.000000000000000000e+00 1.000000000000000000e+00 0.000000000000000000e+00 0.000000000000000000e+00 -1.000000000000000000e+00 -1.000000000000000000e+00
4.500000000000000000e+01 4.737093491558643450e+02 1.181573103917011025e+01 -1.001462320765954123e-01 2.630725227016367018e+00 7.913359429463497768e-03 4.565476333551006516e-02 1.570796326794896558e+00 1.000000000000000000e+00 1.000000000000000000e+00 0.000000000000000000e+00 0.000000000000000000e+00 -1.000000000000000000e+00 -1.000000000000000000e+00
4.600000000000000000e+01 2.852977620967425173e+04 2.075022908414057810e+01 1.231280293072825049e-01 1.895878700054157484e+00 3.132273410383781709e+00 4.874446683145608472e-02 0.000000000000000000e+00 1.000000000000000000e+00 1.000000000000000000e+00 0.000000000000000000e+00 0.000000000000000000e+00 -1.000000000000000000e+00 -1.000000000000000000e+00
5.200000000000000000e+01 3.476108379724186671e+04 1.736840969620068620e+01 -1.761491720038003139e-01 2.192149050842604030e+00 3.151027011464973882e+00 1.450912472709851679e-02 1.570796326794896558e+00 1.000000000000000000e+00 1.000000000000000000e+00 0.000000000000000000e+00 0.000000000000000000e+00 -1.000000000000000000e+00 -1.000000000000000000e+00
5.300000000000000000e+01 3.943320488147071592e+04 1.246099749661536649e+01 -2.165860302093142176e-02 1.230734761610396077e+00 2.510936557124808857e-02 7.911829151890488465e-02 1.570796326794896558e+00 1.000000000000000000e+00 1.000000000000000000e+00 0.000000000000000000e+00 0.000000000000000000e+00 -1.000000000000000000e+00 -1.000000000000000000e+00
5.400000000000000000e+01 4.475570790264173979e+02 1.181670493471950145e+01 -9.451864674614514350e-03 1.154248361705732862e+00 3.133547223418570393e+00 9.000000000000001055e-02 0.000000000000000000e+00 1.000000000000000000e+00 1.000000000000000000e+00 0.000000000000000000e+00 0.000000000000000000e+00 -1.000000000000000000e+00 -1.000000000000000000e+00
5.600000000000000000e+01 6.206260605893140564e+03 1.184655942700554654e+01 7.515797551657343867e-02 6.453651657511865203e-01 3.146302641750551743e+00 1.000000000000000021e-02 0.000000000000000000e+00 1.000000000000000000e+00 1.000000000000000000e+00 0.000000000000000000e+00 0.000000000000000000e+00 -1.000000000000000000e+00 -1.000000000000000000e+00
6.100000000000000000e+01 1.251067676481790841e+04 1.557103689809741454e+01 -7.349940140348361350e-02 2.459342742382418123e+00 -1.512548796701864914e-02 5.982180264250280127e-02 0.000000000000000000e+00 1.000000000000000000e+00 1.000000000000000000e+00 0.000000000000000000e+00 0.000000000000000000e+00 -1.000000000000000000e+00 -1.000000000000000000e+00
6.200000000000000000e+01 4.131066134911333938e+04 2.534972686964953681e+01 -7.169581795426861748e-02 2.609380169209014166e+00 1.078606502229187240e-03 1.274978882773919811e-02 1.570796326794896558e+00 1.000000000000000000e+00 1.000000000000000000e+00 0.000000000000000000e+00 0.000000000000000000e+00 -1.000000000000000000e+00 -1.000000000000000000e+00
6.300000000000000000e+01 3.313823570513063169e+04 2.035586782181038856e+01 -1.259859920403143957e-02 1.268618907433477938e+00 1.974350955799532986e-02 9.256049340533747949e-02 1.570796326794896558e+00 1.000000000000000000e+00 1.000000000000000000e+00 0.000000000000000000e+00 0.000000000000000000e+00 -1.000000000000000000e+00 -1.000000000000000000e+00
6.700000000000000000e+01 5.133226772293568274e+02 3.907440859498542096e+01 -1.903506457650671613e-01 2.481754150952530047e+00 3.141310906166922212e+00 1.290001797354558243e-02 0.000000000000000000e+00 1.000000000000000000e+00 1.000000000000000000e+00 0.000000000000000000e+00 0.000000000000000000e+00 -1.000000000000000000e+00 -1.000000000000000000e+00
7.000000000000000000e+01 2.367834440769538560e+04 1.796851329640069750e+01 -8.327450663979497902e-02 3.100000000000000089e+00 8.371114975698031729e-03 3.818976111860314382e-02 0.000000000000000000e+00 1.000000000000000000e+00 1.000000000000000000e+00 0.000000000000000000e+00 0.000000000000000000e+00 -1.000000000000000000e+00 -1.000000000000000000e+00
7.200000000000000000e+01 5.812578004065909226e+03 1.127263343787615923e+01 -2.253037133430079164e-01 2.904708641582709916e+00 3.125381199999247350e+00 1.817769830315531937e-02 0.000000000000000000e+00 1.000000000000000000e+00 1.000000000000000000e+00 0.000000000000000000e+00 0.000000000000000000e+00 -1.000000000000000000e+00 -1.000000000000000000e+00
7.400000000000000000e+01 3.333119962759633199e+04 3.300618025793570354e+01 -9.218304367922315612e-02 2.166480112725445828e+00 -2.232077395643713991e-02 2.682706879620653032e-02 0.000000000000000000e+00 1.000000000000000000e+00 1.000000000000000000e+00 0.000000000000000000e+00 0.000000000000000000e+00 -1.000000000000000000e+00 -1.000000000000000000e+00
8.300000000000000000e+01 4.217853358085176296e+04 1.436946807707621154e+01 -2.389126406832409177e-01 2.999330919434946008e+00 3.144422980154832015e+00 5.632225971083875543e-02 1.570796326794896558e+00 1.000000000000000000e+00 1.000000000000000000e+00 0.000000000000000000e+00 0.000000000000000000e+00 -1.000000000000000000e+00 -1.000000000000000000e+00
8.500000000000000000e+01 3.287085870819362754e+04 1.847345493943922889e+01 -2.116902788703265703e-01 2.294584692582675611e+00 -9.316935587991785617e-03 3.497948588151770372e-02 1.570796326794896558e+00 1.000000000000000000e+00 1.000000000000000000e+00 0.000000000000000000e+00 0.000000000000000000e+00 -1.000000000000000000e+00 -1.000000000000000000e+00
8.700000000000000000e+01 3.787104828572296537e+04 1.258342620842642212e+01 -1.333367682684596586e-03 8.784372422304465022e-01 3.138810972522410481e+00 4.452158358521451920e-02 1.570796326794896558e+00 1.000000000000000000e+00 1.000000000000000000e+00 0.000000000000000000e+00 0.000000000000000000e+00 -1.000000000000000000e+00 -1.000000000000000000e+00
8.900000000000000000e+01 5.000000000000000000e+04 3.863714240414867618e+01 2.025222173058121786e-03 1.540085168932944226e+00 -4.224124746928539960e-03 2.316096562318708391e-02 0.000000000000000000e+00 1.000000000000000000e+00 1.000000000000000000e+00 0.000000000000000000e+00 0.000000000000000000e+00 -1.000000000000000000e+00 -1.000000000000000000e+00
9.000000000000000000e+01 3.176670576538864043e+04 3.365668119389989954e+01 -4.006398062071342414e-02 8.279262069326464024e-01 2.112496306999022549e-02 1.000000000000000021e-02 1.570796326794896558e+00 1.000000000000000000e+00 1.000000000000000000e+00 0.000000000000000000e+00 0.000000000000000000e+00 -1.000000000000000000e+00 -1.000000000000000000e+00
9.300000000000000000e+01 2.610895975548930437e+04 1.075890402751167052e+01 8.105176864127514036e-02 1.176227180129321148e+00 -5.486642998939599350e-03 8.560138214713214344e-02 1.570796326794896558e+00 1.000000000000000000e+00 1.000000000000000000e+00 0.000000000000000000e+00 0.000000000000000000e+00 -1.000000000000000000e+00 -1.000000000000000000e+00
9.700000000000000000e+01 5.000000000000000000e+04 3.608989657180968180e+01 -4.356527306410531986e-02 7.928346586112555716e-01 -3.939547876496096723e-02 1.655080169875221621e-02 0.000000000000000000e+00 1.000000000000000000e+00 1.000000000000000000e+00 0.000000000000000000e+00 0.000000000000000000e+00 -1.000000000000000000e+00 -1.000000000000000000e+00
9.900000000000000000e+01 3.349065950793492084e+04 3.288768111500488800e+01 -1.678747669535968212e-01 3.100000000000000089e+00 3.109245849371963022e+00 1.574121225652696382e-02 1.570796326794896558e+00 1.000000000000000000e+00 1.000000000000000000e+00 0.000000000000000000e+00 0.000000000000000000e+00 -1.000000000000000000e+00 -1.000000000000000000e+00
1.030000000000000000e+02 1.626029216116020871e+04 1.569251547152006410e+01 3.543485339957308522e-02 7.103250384389031558e-01 1.073394415671077330e-02 1.358764633493998557e-02 1.570796326794896558e+00 1.000000000000000000e+00 1.000000000000000000e+00 0.000000000000000000e+00 0.000000000000000000e+00 -1.000000000000000000e+00 -1.000000000000000000e+00
1.040000000000000000e+02 5.000000000000000000e+04 1.722192511173780360e+01 -3.377407079218654878e-02 7.341977866155974253e-01 3.101490928569629713e+00 6.630027057632940923e-02 0.000000000000000000e+00 1.000000000000000000e+00 1.000000000000000000e+00 0.000000000000000000e+00 0.000000000000000000e+00 -1.000000000000000000e+00 -1.000000000000000000e+00
1.060000000000000000e+02 1.238312474562415628e+04 1.396149894085820264e+01 -7.741062531868597718e-02 3.065100000000000158e+00 3.120455710596834020e+00 1.000000000000000021e-02 0.000000000000000000e+00 1.000000000000000000e+00 1.000000000000000000e+00 0.000000000000000000e+00 0.000000000000000000e+00 -1.000000000000000000e+00 -1.000000000000000000e+00
1.070000000000000000e+02 9.735067943542555440e+03 1.033805129020971059e+01 3.719696672771681534e-02 1.821703242151864410e+00 -3.293919193174657447e-03 1.000000000000000056e-01 0.000000000000000000e+00 1.000000000000000000e+00 1.000000000000000000e+00 0.000000000000000000e+00 0.000000000000000000e+00 -1.000000000000000000e+00 -1.000000000000000000e+00
1.090000000000000000e+02 1.734869899279777019e+04 1.457331212745797622e+01 -2.216602246108205672e-03 1.169684006985278746e+00 3.121503587428389181e+00 1.238275122213548102e-02 0.000000000000000000e+00 1.000000000000000000e+00 1.000000000000000000e+00 0.000000000000000000e+00 0.000000000000000000e+00 -1.000000000000000000e+00 -1.000000000000000000e+00
1.100000000000000000e+02 5.065915144786452515e+02 1.196748960489643210e+01 1.904061331953484926e-01 0.000000000000000000e+00 3.148366757507126579e+00 1.484693209556793916e-02 0.000000000000000000e+00 1.000000000000000000e+00 1.000000000000000000e+00 0.000000000000000000e+00 0.000000000000000000e+00 -1.000000000000000000e+00 -1.000000000000000000e+00
1.130000000000000000e+02 1.364926374449665491e+04 1.361155531900246807e+01 -9.483957905722634196e-02 2.981499660081752268e+00 1.081134681294958384e-02 1.000000000000000021e-02 0.000000000000000000e+00 1.000000000000000000e+00 1.000000000000000000e+00 0.000000000000000000e+00 0.000000000000000000e+00 -1.000000000000000000e+00 -1.000000000000000000e+00
1.170000000000000000e+02 4.404188246065439307e+04 3.394661017965774619e+01 1.752431007643673322e-02 9.801928623812868890e-01 -1.061703206522865081e-02 1.631758132857207000e-02 1.570796326794896558e+00 1.000000000000000000e+00 1.000000000000000000e+00 0.000000000000000000e+00 0.000000000000000000e+00 -1.000000000000000000e+00 -1.000000000000000000e+00
1.190000000000000000e+02 4.126367334808056330e+04 1.127003815457166702e+01 -2.344426321766868160e-01 2.697496497279773475e+00 -1.378497444999910067e-02 1.282616422219515044e-02 1.570796326794896558e+00 1.000000000000000000e+00 1.000000000000000000e+00 0.000000000000000000e+00 0.000000000000000000e+00 -1.000000000000000000e+00 -1.000000000000000000e+00
1.210000000000000000e+02 3.311548155174739077e+04 1.168523901939582110e+01 -1.762628530499558976e-02 5.673470530745545748e-01 3.597907835314029940e-02 1.013981451451316865e-02 0.000000000000000000e+00 1.000000000000000000e+00 1.000000000000000000e+00 0.000000000000000000e+00 0.000000000000000000e+00 -1.000000000000000000e+00 -1.000000000000000000e+00
1.220000000000000000e+02 3.810945079723667732e+04 2.774315282162478624e+01 -7.817312581561669527e-02 2.323641704919601647e+00 3.128702335858575712e+00 3.486222707070817800e-02 1.570796326794896558e+00 1.000000000000000000e+00 1.000000000000000000e+00 0.000000000000000000e+00 0.000000000000000000e+00 -1.000000000000000000e+00 -1.000000000000000000e+00
1.250000000000000000e+02 5.000000000000000000e+04 1.153402186091646087e+01 -1.626887093435318565e-01 2.117861457878071452e+00 -4.767007552858661817e-03 1.038095350158872027e-01 1.570796326794896558e+00 1.000000000000000000e+00 1.000000000000000000e+00 0.000000000000000000e+00 0.000000000000000000e+00 -1.000000000000000000e+00 -1.000000000000000000e+00
1.270000000000000000e+02 4.170360733007898671e+04 1.688029781691194842e+01 -1.576777489056649384e-02 9.152114614073958432e-01 -2.441367634350392196e-02 2.088729105205131345e-02 1.570796326794896558e+00 1.000000000000000000e+00 1.000000000000000000e+00 0.000000000000000000e+00 0.000000000000000000e+00 -1.000000000000000000e+00 -1.000000000000000000e+00
1.290000000000000000e+02 5.000000000000000000e+04 3.319540320141744871e+01 -9.641172385922290589e-02 3.091464865546320162e+00 -1.682543280149889978e-02 1.127529682979569459e-02 1.570796326794896558e+00 1.000000000000000000e+00 1.000000000000000000e+00 0.000000000000000000e+00 0.000000000000000000e+00 -1.000000000000000000e+00 -1.000000000000000000e+00
1.300000000000000000e+02 3.981776950274808769e+04 1.676415815809247789e+01 -1.017975386330676885e-01 2.462864172901154891e+00 3.180122451867707145e+00 1.492173772010342049e-02 0.000000000000000000e+00 1.000000000000000000e+00 1.000000000000000000e+00 0.000000000000000000e+00 0.000000000000000000e+00 -1.000000000000000000e+00 -1.000000000000000000e+00
1.330000000000000000e+02 2.564079093885020120e+04 3.294642233883035942e+01 -5.662041006606610694e-02 3.100000000000000089e+00 3.118581712350094737e+00 7.873491945437204043e-02 1.570796326794896558e+00 1.000000000000000000e+00 1.000000000000000000e+00 0.000000000000000000e+00 0.000000000000000000e+00 -1.000000000000000000e+00 -1.000000000000000000e+00
1.340000000000000000e+02 3.719154028425747674e+04 3.718806555542624181e+01 -2.011364058424377210e-01 2.993192777632069479e+00 3.178328369616069793e+00 4.146641637542399644e-02 0.000000000000000000e+00 1.000000000000000000e+00 1.000000000000000000e+00 0.000000000000000000e+00 0.000000000000000000e+00 -1.000000000000000000e+00 -1.000000000000000000e+00
1.370000000000000000e+02 6.377619958355420522e+02 3.817747878340490786e+01 -1.584374154033628690e-01 2.769115780089043355e+00 3.135774508203735156e+00 9.000000000000001055e-02 0.000000000000000000e+00 1.000000000000000000e+00 1.000000000000000000e+00 0.000000000000000000e+00 0.000000000000000000e+00 -1.000000000000000000e+00 -1.000000000000000000e+00
1.400000000000000000e+02 5.000000000000000000e+04 1.223517283179667814e+01 -7.366330127848318143e-02 3.100000000000000089e+00 3.137291750853756334e+00 1.396071346615156659e-02 1.570796326794896558e+00 1.000000000000000000e+00 1.000000000000000000e+00 0.000000000000000000e+00 0.000000000000000000e+00 -1.000000000000000000e+00 -1.000000000000000000e+00
1.410000000000000000e+02 5.000000000000000000e+04 1.698428508330001918e+01 -8.654321664356880162e-02 3.100000000000000089e+00 3.167334121714347361e+00 5.645447582181420398e-02 0.000000000000000000e+00 1.000000000000000000e+00 1.000000000000000000e+00 0.000000000000000000e+00 0.000000000000000000e+00 -1.000000000000000000e+00 -1.000000000000000000e+00
1.420000000000000000e+02 3.690658217715857609e+04 1.075662138260813450e+01 -1.987019656248765753e-01 2.393502086949939933e+00 3.188731416206041835e+00 1.376046407098653612e-01 1.570796326794896558e+00 1.000000000000000000e+00 1.000000000000000000e+00 0.000000000000000000e+00 0.000000000000000000e+00 -1.000000000000000000e+00 -1.000000000000000000e+00
1.440000000000000000e+02 5.000000000000000000e+04 2.542164995539351935e+01 2.440159330291322703e-01 1.592791310088553569e+00 3.128537558940147623e+00 3.775272346920227617e-02 1.570796326794896558e+00 1.000000000000000000e+00 1.000000000000000000e+00 0.000000000000000000e+00 0.000000000000000000e+00 -1.000000000000000000e+00 -1.000000000000000000e+00
1.480000000000000000e+02 2.130760968261760354e+04 1.186324662943162700e+01 -7.335288324948481542e-02 3.013261962635749747e+00 3.160525635179486148e+00 1.000000000000000021e-02 0.000000000000000000e+00 1.000000000000000000e+00 1.000000000000000000e+00 0.000000000000000000e+00 0.000000000000000000e+00 -1.000000000000000000e+00 -1.000000000000000000e+00
1.530000000000000000e+02 5.000000000000000000e+04 1.207922791821539832e+01 -5.955067700618041360e-02 7.124660948515459946e-01 -7.515847357738103876e-03 2.007886462140111294e-02 0.000000000000000000e+00 1.000000000000000000e+00 1.000000000000000000e+00 0.000000000000000000e+00 0.000000000000000000e+00 -1.000000000000000000e+00 -1.000000000000000000e+00
1.560000000000000000e+02 4.578918329060910037e+04 1.122287454574922805e+01 1.671364041281303003e-01 1.630655768485669510e+00 3.154648560164313942e+00 2.037652873659072661e-01 0.000000000000000000e+00 1.000000000000000000e+00 1.000000000000000000e+00 0.000000000000000000e+00 0.000000000000000000e+00 -1.000000000000000000e+00 -1.000000000000000000e+00
1.570000000000000000e+02 3.602244317037019209e+04 1.536802656353634511e+01 1.050244940151678352e-01 7.185085529939375659e-01 3.099899639798402884e+00 1.589882442238637339e-01 0.000000000000000000e+00 1.000000000000000000e+00 1.000000000000000000e+00 0.000000000000000000e+00 0.000000000000000000e+00 -1.000000000000000000e+00 -1.000000000000000000e+00
1.580000000000000000e+02 5.000000000000000000e+04 1.067365898629375565e+01 1.660482453406822954e-03 1.849568448076383653e+00 3.137905108715363767e+00 4.417091803345305628e-02 0.000000000000000000e+00 1.000000000000000000e+00 1.000000000000000000e+00 0.000000000000000000e+00 0.000000000000000000e+00 -1.000000000000000000e+00 -1.000000000000000000e+00
1.610000000000000000e+02 4.588105270423541515e+04 1.637611944039065648e+01 -1.063517192418438756e-01 2.563506323239884033e+00 2.845826785489373803e-02 8.603373659886298652e-02 0.000000000000000000e+00 1.000000000000000000e+00 1.000000000000000000e+00 0.000000000000000000e+00 0.000000000000000000e+00 -1.000000000000000000e+00 -1.000000000000000000e+00
1.630000000000000000e+02 5.000000000000000000e+04 1.432084934566897516e+01 9.555019455448054977e-02 9.354661683940347361e-01 3.155119690648952702e+00 1.994201078702643182e-01 0.000000000000000000e+00 1.000000000000000000e+00 1.000000000000000000e+00 0.000000000000000000e+00 0.000000000000000000e+00 -1.000000000000000000e+00 -1.000000000000000000e+00
1.670000000000000000e+02 5.810634763669169160e+02 1.298375469159745421e+01 -1.047677846161740173e-01 3.100000000000000089e+00 8.928182203503042327e-03 2.300864502117100710e-02 0.000000000000000000e+00 1.000000000000000000e+00 1.000000000000000000e+00 0.000000000000000000e+00 0.000000000000000000e+00 -1.000000000000000000e+00 -1.000000000000000000e+00
1.710000000000000000e+02 5.606359686157150009e+02 1.304818095989689297e+01 -2.621025983079999233e-01 2.177540996548108954e+00 4.942734889373001303e-03 2.218374504270982997e-02 0.000000000000000000e+00 1.000000000000000000e+00 1.000000000000000000e+00 0.000000000000000000e+00 0.000000000000000000e+00 -1.000000000000000000e+00 -1.000000000000000000e+00
1.760000000000000000e+02 4.159435727271615906e+04 1.423246087511896896e+01 -1.820683949142673230e-01 3.100000000000000089e+00 -3.104992553025679239e-02 3.427646516684423883e-02 0.000000000000000000e+00 1.000000000000000000e+00 1.000000000000000000e+00 0.000000000000000000e+00 0.000000000000000000e+00 -1.000000000000000000e+00 -1.000000000000000000e+00
1.780000000000000000e+02 5.000000000000000000e+04 2.498166353226553582e+01 1.094221171357458999e-01 4.916252908748197092e-01 1.465836371977146356e-02 1.804149798370710892e-02 0.000000000000000000e+00 1.000000000000000000e+00 1.000000000000000000e+00 0.000000000000000000e+00 0.000000000000000000e+00 -1.000000000000000000e+00 -1.000000000000000000e+00
1.800000000000000000e+02 4.235910938656966755e+04 2.657179804016695002e+01 2.614924134010311596e-02 9.463877025369286100e-01 -5.868750634129201241e-03 2.779146976456661755e-02 0.000000000000000000e+00 1.000000000000000000e+00 1.000000000000000000e+00 0.000000000000000000e+00 0.000000000000000000e+00 -1.000000000000000000e+00 -1.000000000000000000e+00
1.830000000000000000e+02 3.319476932453147310e+04 1.788154140576050111e+01 -6.135218364773108862e-02 1.604603619822157823e+00 3.114370395889724197e+00 3.684973711410892416e-02 0.000000000000000000e+00 1.000000000000000000e+00 1.000000000000000000e+00 0.000000000000000000e+00 0.000000000000000000e+00 -1.000000000000000000e+00 -1.000000000000000000e+00
1.840000000000000000e+02 5.000000000000000000e+04 1.437961249548200549e+01 -4.843060577249011338e-03 4.842603703677152982e-01 2.312990133782320823e-02 2.672435542098673678e-02 0.000000000000000000e+00 1.000000000000000000e+00 1.000000000000000000e+00 0.000000000000000000e+00 0.000000000000000000e+00 -1.000000000000000000e+00 -1.000000000000000000e+00
1.850000000000000000e+02 4.821034168081019743e+04 1.051726512417740800e+01 -8.354501989863967470e-02 2.151909706928381905e+00 -4.246356982043648920e-02 3.112679018224375968e-02 0.000000000000000000e+00 1.000000000000000000e+00 1.000000000000000000e+00 0.000000000000000000e+00 0.000000000000000000e+00 -1.000000000000000000e+00 -1.000000000000000000e+00
1.860000000000000000e+02 2.406500751649674567e+04 1.959208509873824511e+01 -9.215174422602172288e-02 3.100000000000000089e+00 3.153409014037837910e+00 1.050286606966829329e-02 1.570796326794896558e+00 1.000000000000000000e+00 1.000000000000000000e+00 0.000000000000000000e+00 0.000000000000000000e+00 -1.000000000000000000e+00 -1.000000000000000000e+00
1.900000000000000000e+02 5.000000000000000000e+04 2.515463111475886393e+01 5.604615758177673712e-02 1.559721725116735236e+00 -4.451744901001205429e-02 5.620656411350999360e-02 1.570796326794896558e+00 1.000000000000000000e+00 1.000000000000000000e+00 0.000000000000000000e+00 0.000000000000000000e+00 -1.000000000000000000e+00 -1.000000000000000000e+00
1.920000000000000000e+02 3.351546806292141991e+04 1.273664495272859298e+01 -9.354065577911081786e-03 1.505158906561529397e+00 9.065733037267898267e-03 2.267026885832041858e-02 1.570796326794896558e+00 1.000000000000000000e+00 1.000000000000000000e+00 0.000000000000000000e+00 0.000000000000000000e+00 -1.000000000000000000e+00 -1.000000000000000000e+00
1.930000000000000000e+02 6.079705183640865016e+02 1.145405683524684015e+01 -1.242456388861269412e-01 2.146768627968745680e+00 2.692769175652670599e-03 5.309237313776082878e-02 1.570796326794896558e+00 1.000000000000000000e+00 1.000000000000000000e+00 0.000000000000000000e+00 0.000000000000000000e+00 -1.000000000000000000e+00 -1.000000000000000000e+00
1.950000000000000000e+02 8.152719230563280689e+03 1.349722000051899684e+01 -1.596070311553734189e-01 3.093020000000000103e+00 3.144308084071468112e+00 4.381881691060687811e-02 1.570796326794896558e+00 1.000000000000000000e+00 1.000000000000000000e+00 0.000000000000000000e+00 0.000000000000000000e+00 -1.000000000000000000e+00 -1.000000000000000000e+00
3.650000000000000000e+02 6.527958844365372215e+02 1.049860328020460365e+01 -6.782992706118050330e-02 3.100000000000000089e+00 0.000000000000000000e+00 9.000000000000001055e-02 -1.000000000000000000e+00 1.000000000000000000e+00 1.000000000000000000e+00 8.500000000000000000e+01 0.000000000000000000e+00 -1.000000000000000000e+00 -1.000000000000000000e+00
3.000000000000000000e+00 1.522554984071425133e+04 1.430920595867559619e+01 -1.405838022998401604e-01 2.164297859678133484e+00 1.724173603992248949e-02 1.000000000000000056e-01 1.570796326794896558e+00 1.000000000000000000e+00 1.000000000000000000e+00 0.000000000000000000e+00 0.000000000000000000e+00 -1.000000000000000000e+00 -1.000000000000000000e+00
8.000000000000000000e+00 4.588396637294541870e+04 1.090193133355285937e+01 -7.109201587178759496e-02 3.100000000000000089e+00 1.309362144725029209e-02 3.974328715005375628e-02 1.570796326794896558e+00 1.000000000000000000e+00 1.000000000000000000e+00 0.000000000000000000e+00 0.000000000000000000e+00 -1.000000000000000000e+00 -1.000000000000000000e+00
4.800000000000000000e+01 6.869821915085082082e+02 1.596738350051654898e+01 -1.893450074361361507e-02 1.359969385407399978e+00 8.452718404969101346e-03 9.000000000000001055e-02 1.570796326794896558e+00 1.000000000000000000e+00 1.000000000000000000e+00 0.000000000000000000e+00 0.000000000000000000e+00 -1.000000000000000000e+00 -1.000000000000000000e+00
4.900000000000000000e+01 2.419647433669791644e+04 1.131216062686263513e+01 -1.730248028668114613e-01 3.100000000000000089e+00 2.691955134612527764e-02 9.100842933901892584e-02 1.570796326794896558e+00 1.000000000000000000e+00 1.000000000000000000e+00 0.000000000000000000e+00 0.000000000000000000e+00 -1.000000000000000000e+00 -1.000000000000000000e+00
5.100000000000000000e+01 4.221526529215028859e+04 1.268634568403413176e+01 -4.072654204154601415e-03 1.719068217209187788e+00 0.000000000000000000e+00 3.705939996725014091e-02 1.570796326794896558e+00 1.000000000000000000e+00 1.000000000000000000e+00 0.000000000000000000e+00 0.000000000000000000e+00 -1.000000000000000000e+00 -1.000000000000000000e+00
6.900000000000000000e+01 6.341471444111664368e+02 1.121348324486153381e+01 -1.474953717389013153e-01 2.510431474099191096e+00 0.000000000000000000e+00 1.069666188220219291e-02 1.570796326794896558e+00 1.000000000000000000e+00 1.000000000000000000e+00 0.000000000000000000e+00 0.000000000000000000e+00 -1.000000000000000000e+00 -1.000000000000000000e+00
7.800000000000000000e+01 5.000000000000000000e+04 1.703388492897845552e+01 -2.986022893938015121e-01 2.868110531292995979e+00 4.902094698153167812e-02 3.985895376221231662e-02 1.570796326794896558e+00 1.000000000000000000e+00 1.000000000000000000e+00 0.000000000000000000e+00 0.000000000000000000e+00 -1.000000000000000000e+00 -1.000000000000000000e+00
7.900000000000000000e+01 4.058026548283454031e+04 2.141700832555683576e+01 3.239460115881609426e-02 1.128181223552740420e+00 0.000000000000000000e+00 7.175640974086743007e-02 1.570796326794896558e+00 1.000000000000000000e+00 1.000000000000000000e+00 0.000000000000000000e+00 0.000000000000000000e+00 -1.000000000000000000e+00 -1.000000000000000000e+00
8.000000000000000000e+01 3.766916324656778306e+04 1.300628813792500260e+01 -7.615292239204637936e-02 2.123173119234315731e+00 7.528703379504107264e-03 2.056083426829486208e-02 1.570796326794896558e+00 1.000000000000000000e+00 1.000000000000000000e+00 0.000000000000000000e+00 0.000000000000000000e+00 -1.000000000000000000e+00 -1.000000000000000000e+00
8.100000000000000000e+01 4.002188269028965442e+04 2.242942713690260348e+01 -1.121980803008220950e-01 2.170279783381765082e+00 0.000000000000000000e+00 1.001474505025363483e-02 1.570796326794896558e+00 1.000000000000000000e+00 1.000000000000000000e+00 0.000000000000000000e+00 0.000000000000000000e+00 -1.000000000000000000e+00 -1.000000000000000000e+00
9.200000000000000000e+01 1.572249883722565937e+04 1.480808220462003177e+01 1.249822395554903987e-01 1.320858768139846040e+00 1.716474359528911368e-03 9.000000000000001055e-02 1.570796326794896558e+00 1.000000000000000000e+00 1.000000000000000000e+00 0.000000000000000000e+00 0.000000000000000000e+00 -1.000000000000000000e+00 -1.000000000000000000e+00
1.150000000000000000e+02 1.283726091080217157e+04 2.266445398987840676e+01 -5.659484242717129077e-02 2.105025433356120690e+00 0.000000000000000000e+00 1.000000000000000021e-02 1.570796326794896558e+00 1.000000000000000000e+00 1.000000000000000000e+00 0.000000000000000000e+00 0.000000000000000000e+00 -1.000000000000000000e+00 -1.000000000000000000e+00
1.160000000000000000e+02 5.000000000000000000e+04 3.161094096967627110e+01 -3.209034288633798998e-02 1.173412052062783095e+00 0.000000000000000000e+00 3.158316767101746608e-02 1.570796326794896558e+00 1.000000000000000000e+00 1.000000000000000000e+00 0.000000000000000000e+00 0.000000000000000000e+00 -1.000000000000000000e+00 -1.000000000000000000e+00
1.380000000000000000e+02 4.039774532988001738e+04 1.338132856869535736e+01 -1.120211953728532939e-01 3.093020000000000103e+00 1.808070618362787527e-02 1.000000000000000056e-01 1.570796326794896558e+00 1.000000000000000000e+00 1.000000000000000000e+00 0.000000000000000000e+00 0.000000000000000000e+00 -1.000000000000000000e+00 -1.000000000000000000e+00
1.450000000000000000e+02 3.905593086703756853e+04 1.364512072445744728e+01 4.473579340808678251e-02 5.509585857614233140e-01 0.000000000000000000e+00 5.083105756251336121e-02 1.570796326794896558e+00 1.000000000000000000e+00 1.000000000000000000e+00 0.000000000000000000e+00 0.000000000000000000e+00 -1.000000000000000000e+00 -1.000000000000000000e+00
1.550000000000000000e+02 1.469815233362589424e+04 1.048754047620720620e+01 -1.056262550836234854e-01 2.246989456378846395e+00 2.770742122726355117e-02 1.000000000000000021e-02 1.570796326794896558e+00 1.000000000000000000e+00 1.000000000000000000e+00 0.000000000000000000e+00 0.000000000000000000e+00 -1.000000000000000000e+00 -1.000000000000000000e+00
1.990000000000000000e+02 6.038237105080654601e+02 1.027597239576508414e+01 -2.113928751430133313e-01 2.660028967056838667e+00 0.000000000000000000e+00 8.100000000000001643e-02 1.570796326794896558e+00 1.000000000000000000e+00 1.000000000000000000e+00 0.000000000000000000e+00 0.000000000000000000e+00 -1.000000000000000000e+00 -1.000000000000000000e+00
6.000000000000000000e+00 3.096999092291841407e+03 1.319292600470584809e+01 -6.184119186746380586e-02 3.100000000000000089e+00 0.000000000000000000e+00 9.000000000000001055e-02 0.000000000000000000e+00 1.000000000000000000e+00 1.000000000000000000e+00 0.000000000000000000e+00 0.000000000000000000e+00 -1.000000000000000000e+00 -1.000000000000000000e+00
1.800000000000000000e+01 5.605753473196265986e+03 1.649898231900943202e+01 -1.187162842746962155e-01 2.049176249966604413e+00 0.000000000000000000e+00 1.000000000000000021e-02 0.000000000000000000e+00 1.000000000000000000e+00 1.000000000000000000e+00 0.000000000000000000e+00 0.000000000000000000e+00 -1.000000000000000000e+00 -1.000000000000000000e+00
3.000000000000000000e+01 7.415707583871994757e+02 1.263558501474914841e+01 7.799571953607584152e-02 2.008107714557203050e+00 0.000000000000000000e+00 1.000000000000000056e-01 0.000000000000000000e+00 1.000000000000000000e+00 1.000000000000000000e+00 0.000000000000000000e+00 0.000000000000000000e+00 -1.000000000000000000e+00 -1.000000000000000000e+00
5.700000000000000000e+01 9.481994052143832050e+02 1.479722397524722410e+01 -6.901015124449789984e-02 2.329869284092191517e+00 0.000000000000000000e+00 9.000000000000001055e-02 0.000000000000000000e+00 1.000000000000000000e+00 1.000000000000000000e+00 0.000000000000000000e+00 0.000000000000000000e+00 -1.000000000000000000e+00 -1.000000000000000000e+00
7.300000000000000000e+01 7.846049608977911021e+02 1.195439477884020718e+01 -1.758940120992350808e-01 2.592328677857212327e+00 0.000000000000000000e+00 9.000000000000001055e-02 0.000000000000000000e+00 1.000000000000000000e+00 1.000000000000000000e+00 0.000000000000000000e+00 0.000000000000000000e+00 -1.000000000000000000e+00 -1.000000000000000000e+00
8.200000000000000000e+01 4.495892847751722911e+03 1.107313044487742459e+01 -2.363360633792972454e-01 2.613337838122674839e+00 0.000000000000000000e+00 9.000000000000001055e-02 0.000000000000000000e+00 1.000000000000000000e+00 1.000000000000000000e+00 0.000000000000000000e+00 0.000000000000000000e+00 -1.000000000000000000e+00 -1.000000000000000000e+00
1.230000000000000000e+02 2.507816969883535876e+03 1.160977487093330573e+01 -7.462646552599361272e-02 2.532759052269578870e+00 0.000000000000000000e+00 9.000000000000001055e-02 0.000000000000000000e+00 1.000000000000000000e+00 1.000000000000000000e+00 0.000000000000000000e+00 0.000000000000000000e+00 -1.000000000000000000e+00 -1.000000000000000000e+00
1.240000000000000000e+02 7.643731325269366152e+02 2.066232182794102101e+01 -2.014305796464664899e-01 2.404296421843264753e+00 0.000000000000000000e+00 8.100000000000001643e-02 0.000000000000000000e+00 1.000000000000000000e+00 1.000000000000000000e+00 0.000000000000000000e+00 0.000000000000000000e+00 -1.000000000000000000e+00 -1.000000000000000000e+00
1.700000000000000000e+02 4.416373962547834822e+02 1.976354778220138897e+01 2.064478651651689978e-01 1.089715895539741908e+00 0.000000000000000000e+00 3.906945317279019725e-01 0.000000000000000000e+00 1.000000000000000000e+00 1.000000000000000000e+00 0.000000000000000000e+00 0.000000000000000000e+00 -1.000000000000000000e+00 -1.000000000000000000e+00
3.660000000000000000e+02 3.898104560921394750e+02 1.043860920983376950e+01 1.994652021658995245e-01 1.066140653253492054e+00 0.000000000000000000e+00 1.388192883447824516e-02 -1.000000000000000000e+00 1.000000000000000000e+00 1.000000000000000000e+00 8.500000000000000000e+01 1.000000000000000000e+05 -1.000000000000000000e+00 -1.000000000000000000e+00
3.670000000000000000e+02 7.994140948198910337e+02 2.969060459086856696e+01 -2.752397906872732294e-02 5.905250484485752294e-01 0.000000000000000000e+00 9.000000000000001055e-02 -1.000000000000000000e+00 1.000000000000000000e+00 1.000000000000000000e+00 8.500000000000000000e+01 2.000000000000000000e+05 -1.000000000000000000e+00 -1.000000000000000000e+00
3.700000000000000000e+02 2.677947608433680671e+02 1.705666127633488927e+01 -1.738686002533383068e-01 2.936484687193322340e+00 0.000000000000000000e+00 8.304629265024970897e-02 -1.000000000000000000e+00 1.000000000000000000e+00 1.000000000000000000e+00 8.500000000000000000e+01 3.000000000000000000e+05 -1.000000000000000000e+00 -1.000000000000000000e+00
3.690000000000000000e+02 1.917453771349903036e+04 3.295188719214223028e+01 5.615958486277906614e-01 0.000000000000000000e+00 0.000000000000000000e+00 2.759273756734432342e-02 -1.000000000000000000e+00 1.000000000000000000e+00 2.000000000000000000e+00 8.500000000000000000e+01 3.500000000000000000e+05 -1.000000000000000000e+00 -1.000000000000000000e+00
3.750000000000000000e+02 1.966548156579249189e+04 3.598065781709851052e+01 5.182888808384026325e-01 0.000000000000000000e+00 0.000000000000000000e+00 2.669322095656328706e-02 -1.000000000000000000e+00 1.000000000000000000e+00 2.000000000000000000e+00 8.500000000000000000e+01 3.800000000000000000e+05 -1.000000000000000000e+00 -1.000000000000000000e+00
3.790000000000000000e+02 9.361179274316590408e+02 1.121786595543633958e+01 2.726302286706556999e-02 2.625476128628898009e-01 0.000000000000000000e+00 1.000000000000000056e-01 -1.000000000000000000e+00 1.000000000000000000e+00 1.000000000000000000e+00 8.500000000000000000e+01 4.000000000000000000e+05 -1.000000000000000000e+00 -1.000000000000000000e+00
3.770000000000000000e+02 7.305810665652357784e+03 2.462463545398603060e+01 6.411950108638709844e-01 0.000000000000000000e+00 0.000000000000000000e+00 1.000000000000000021e-02 -1.000000000000000000e+00 1.000000000000000000e+00 2.000000000000000000e+00 8.500000000000000000e+01 4.200000000000000000e+05 -1.000000000000000000e+00 -1.000000000000000000e+00
3.780000000000000000e+02 2.125223999251818896e+04 4.364043584549236954e+01 4.965402732634095484e-01 0.000000000000000000e+00 0.000000000000000000e+00 1.023627991088461343e-02 -1.000000000000000000e+00 1.000000000000000000e+00 2.000000000000000000e+00 8.500000000000000000e+01 4.400000000000000000e+05 -1.000000000000000000e+00 -1.000000000000000000e+00
3.820000000000000000e+02 1.544348290115310374e+04 3.865538986067437577e+01 6.013621146361818326e-01 0.000000000000000000e+00 0.000000000000000000e+00 1.000000000000000021e-02 -1.000000000000000000e+00 1.000000000000000000e+00 2.000000000000000000e+00 8.500000000000000000e+01 4.800000000000000000e+05 -1.000000000000000000e+00 -1.000000000000000000e+00
3.840000000000000000e+02 6.837015192112061413e+03 3.637708425831272763e+01 6.705835044883242668e-01 0.000000000000000000e+00 0.000000000000000000e+00 9.000000000000001055e-02 -1.000000000000000000e+00 1.000000000000000000e+00 2.000000000000000000e+00 8.500000000000000000e+01 4.900000000000000000e+05 -1.000000000000000000e+00 -1.000000000000000000e+00
3.880000000000000000e+02 8.221793799511467569e+02 1.306455628480009779e+01 -1.513658375814623258e-01 2.662571613661316228e+00 0.000000000000000000e+00 9.000000000000001055e-02 -1.000000000000000000e+00 1.000000000000000000e+00 1.000000000000000000e+00 8.500000000000000000e+01 5.000000000000000000e+05 -1.000000000000000000e+00 -1.000000000000000000e+00
9.400000000000000000e+01 3.411742056303371646e+04 1.088308670361282360e+01 -1.727510148986984365e-02 1.837784117600523848e+00 3.166356661008955076e+00 5.779574399397426065e-02 1.570796326794896558e+00 1.000000000000000000e+00 1.000000000000000000e+00 0.000000000000000000e+00 0.000000000000000000e+00 -1.000000000000000000e+00 -1.000000000000000000e+00
3.930000000000000000e+02 5.463265312543137497e+02 1.298315925641612800e+01 -1.058972225590228827e-01 2.410111859015494851e+00 0.000000000000000000e+00 1.310040490706763233e-02 -1.000000000000000000e+00 1.000000000000000000e+00 1.000000000000000000e+00 8.500000000000000000e+01 6.000000000000000000e+05 -1.000000000000000000e+00 -1.000000000000000000e+00
3.950000000000000000e+02 2.437244829401460083e+04 2.179878863456530169e+01 6.972952774316296676e-01 0.000000000000000000e+00 0.000000000000000000e+00 1.000000000000000021e-02 -1.000000000000000000e+00 1.000000000000000000e+00 2.000000000000000000e+00 8.500000000000000000e+01 6.400000000000000000e+05 -1.000000000000000000e+00 -1.000000000000000000e+00
