# id_num orb_a mass spin spin_angle orb_inc orb_ecc orb_arg_periapse orb_ang_mom gen galaxy time_passed gw_freq gw_strain
3.000000000000000000e+00 5.863762128110636695e+03 1.030600408031747683e+01 -2.177394173918857645e-02 1.452463612054585962e+00 3.149008440587463209e+00 1.000000000000000021e-02 0.000000000000000000e+00 1.000000000000000000e+00 1.000000000000000000e+00 0.000000000000000000e+00 0.000000000000000000e+00 -1.000000000000000000e+00 -1.000000000000000000e+00
4.000000000000000000e+00 2.312986774290789617e+04 1.361671653043285524e+01 -2.248220212652326522e-01 2.818371450833271119e+00 3.114838722189047893e+00 1.000000000000000021e-02 1.570796326794896558e+00 1.000000000000000000e+00 1.000000000000000000e+00 0.000000000000000000e+00 0.000000000000000000e+00 -1.000000000000000000e+00 -1.000000000000000000e+00
9.000000000000000000e+00 2.437729741208561973e+04 1.878124026903022425e+01 -1.546636444269837707e-01 3.022513251266135015e+00 3.129744812397906362e+00 8.575186997896581953e-02 0.000000000000000000e+00 1.000000000000000000e+00 1.000000000000000000e+00 0.000000000000000000e+00 0.000000000000000000e+00 -1.000000000000000000e+00 -1.000000000000000000e+00
1.400000000000000000e+01 2.585659541625259226e+04 1.239420050338052093e+01 -1.632652426683900079e-03 1.596123292627154022e+00 -4.019336581321334562e-02 1.318781491724792254e-02 0.000000000000000000e+00 1.000000000000000000e+00 1.000000000000000000e+00 0.000000000000000000e+00 0.000000000000000000e+00 -1.000000000000000000e+00 -1.000000000000000000e+00
1.700000000000000000e+01 5.000000000000000000e+04 1.051228514739705844e+01 -1.278624096982397540e-01 2.979261330254701523e+00 3.179671770649288298e+00 3.623510724239398240e-02 0.000000000000000000e+00 1.000000000000000000e+00 1.000000000000000000e+00 0.000000000000000000e+00 0.000000000000000000e+00 -1.000000000000000000e+00 -1.000000000000000000e+00
2.100000000000000000e+01 4.369175952215498546e+04 3.741107169539021982e+01 -1.718070890016414609e-01 2.076820833035666780e+00 6.044127573602803977e-03 2.899013567508275033e-02 1.570796326794896558e+00 1.000000000000000000e+00 1.000000000000000000e+00 0.000000000000000000e+00 0.000000000000000000e+00 -1.000000000000000000e+00 -1.000000000000000000e+00
2.300000000000000000e+01 4.036291513227714063e+02 1.290583536476696302e+01 -1.687536740735393614e-01 2.585806753120298396e+00 3.146707283728418680e+00 1.397993428253315601e-02 1.570796326794896558e+00 1.000000000000000000e+00 1.000000000000000000e+00 0.000000000000000000e+00 0.000000000000000000e+00 -1.000000000000000000e+00 -1.000000000000000000e+00
2.500000000000000000e+01 3.145085675301571973e+04 1.088101059894082745e+01 -6.481497444331089930e-02 2.940497088134343073e+00 1.956901995231189947e-02 1.000000000000000056e-01 1.570796326794896558e+00 1.000000000000000000e+00 1.000000000000000000e+00 0.000000000000000000e+00 0.000000000000000000e+00 -1.000000000000000000e+00 -1.000000000000000000e+00
2.600000000000000000e+01 3.989291430778575159e+04 1.188932795757730965e+01 -1.956052179970063643e-02 6.734047104326534861e-01 -3.938577600645506299e-02 5.197002264599943910e-02 0.000000000000000000e+00 1.000000000000000000e+00 1.000000000000000000e+00 0.000000000000000000e+00 0.000000000000000000e+00 -1.000000000000000000e+00 -1.000000000000000000e+00
2.800000000000000000e+01 4.759278068866068497e+04 1.578549317240188898e+01 -3.026427741406903515e-01 1.990161372375269355e+00 4.778740029452235860e-02 1.308476520237932678e-02 1.570796326794896558e+00 1.000000000000000000e+00 1.000000000000000000e+00 0.000000000000000000e+00 0.000000000000000000e+00 -1.000000000000000000e+00 -1.000000000000000000e+00
2.900000000000000000e+01 3.479252957992524171e+04 2.819336454273542714e+01 3.702381735868434665e-02 1.425576134354564095e+00 3.179835218584934786e+00 2.970267679238355885e-02 1.570796326794896558e+00 1.000000000000000000e+00 1.000000000000000000e+00 0.000000000000000000e+00 0.000000000000000000e+00 -1.000000000000000000e+00 -1.000000000000000000e+00
3.100000000000000000e+01 2.753217348098510229e+02 1.113840454024578541e+01 -9.727873627190024297e-02 2.497348827911706870e+00 -2.132062154809990021e-02 1.008607553720014954e-01 1.570796326794896558e+00 1.000000000000000000e+00 1.000000000000000000e+00 0.000000000000000000e+00 0.000000000000000000e+00 -1.000000000000000000e+00 -1.000000000000000000e+00
3.200000000000000000e+01 5.000000000000000000e+04 3.108984752669707419e+01 1.304671441450299951e-01 1.778909530915202764e+00 3.133643147634960435e+00 1.000000000000000021e-02 1.570796326794896558e+00 1.000000000000000000e+00 1.000000000000000000e+00 0.000000000000000000e+00 0.000000000000000000e+00 -1.000000000000000000e+00 -1.000000000000000000e+00
3.400000000000000000e+01 4.970677329192282923e+04 2.131330145979276125e+01 -2.085542808592217856e-01 2.508065581353901230e+00 -4.659536284035250414e-02 1.149619053209311077e-02 0.000000000000000000e+00 1.000000000000000000e+00 1.000000000000000000e+00 0.000000000000000000e+00 0.000000000000000000e+00 -1.000000000000000000e+00 -1.000000000000000000e+00
3.500000000000000000e+01 4.058310246519902762e+02 2.366644807444900778e+01 -1.681881891199604462e-01 2.311738085408015841e+00 1.364285043976956775e-02 1.244044625647386382e-02 0.000000000000000000e+00 1.000000000000000000e+00 1.000000000000000000e+00 0.000000000000000000e+00 0.000000000000000000e+00 -1.000000000000000000e+00 -1.000000000000000000e+00
3.600000000000000000e+01 2.304816659553631689e+04 2.665438945488741496e+01 -6.704955230554184020e-02 3.100000000000000089e+00 -1.053835776915767672e-02 1.213619249201238447e-02 0.000000000000000000e+00 1.000000000000000000e+00 1.000000000000000000e+00 0.000000000000000000e+00 0.000000000000000000e+00 -1.000000000000000000e+00 -1.000000000000000000e+00
3.700000000000000000e+01 1.368965621222980189e+04 1.302733839902735546e+01 -7.567505068421026201e-04 4.743840725792453639e-01 3.158417700639185810e+00 9.000000000000001055e-02 1.570796326794896558e+00 1.000000000000000000e+00 1.000000000000000000e+00 0.000000000000000000e+00 0.000000000000000000e+00 -1.000000000000000000e+00 -1.000000000000000000e+00
3.800000000000000000e+01 3.974832469924262114e+04 2.117320812891346193e+01 -7.766835739736119293e-02 2.787725713546775452e+00 -1.452629687277357667e-02 2.809284468120503558e-02 1.570796326794896558e+00 1.000000000000000000e+00 1.000000000000000000e+00 0.000000000000000000e+00 0.000000000000000000e+00 -1.000000000000000000e+00 -1.000000000000000000e+00
4.400000000000000000e+01 1.543895762887825367e+04 2.198350730866178182e+01 -1.915624026116674247e-02 4.228551526908338465e-01 3.164776334510384981e+00 1.000000000000000021e-02 0.000000000000000000e+00 1.000000000000000000e+00 1.000000000000000000e+00 0.000000000000000000e+00 0.000000000000000000e+00 -1.000000000000000000e+00 -1.000000000000000000e+00
5.000000000000000000e+01 5.218130492896898431e+02 1.167064239800159342e+01 -3.311744161775111162e-02 1.827723977441175540e+00 3.140676133416547611e+00 3.501196336238513590e-02 1.570796326794896558e+00 1.000000000000000000e+00 1.000000000000000000e+00 0.000000000000000000e+00 0.000000000000000000e+00 -1.000000000000000000e+00 -1.000000000000000000e+00
5.200000000000000000e+01 1.715293083997071881e+04 3.090743883870823794e+01 1.463052881491622159e-01 5.528182442337582492e-01 2.188248003180629994e-02 1.579459896166562211e-02 1.570796326794896558e+00 1.000000000000000000e+00 1.000000000000000000e+00 0.000000000000000000e+00 0.000000000000000000e+00 -1.000000000000000000e+00 -1.000000000000000000e+00
5.600000000000000000e+01 3.532889759766819043e+04 2.334816016271787475e+01 6.900507712322534459e-02 9.782060640587550981e-01 3.125209436558550991e+00 9.279417665078715238e-02 1.570796326794896558e+00 1.000000000000000000e+00 1.000000000000000000e+00 0.000000000000000000e+00 0.000000000000000000e+00 -1.000000000000000000e+00 -1.000000000000000000e+00
5.900000000000000000e+01 7.680413995844455712e+03 1.056864296714820206e+01 2.099876574122486184e-02 7.926504471846185229e-01 -1.073656738986202182e-02 1.000000000000000021e-02 1.570796326794896558e+00 1.000000000000000000e+00 1.000000000000000000e+00 0.000000000000000000e+00 0.000000000000000000e+00 -1.000000000000000000e+00 -1.000000000000000000e+00
6.300000000000000000e+01 4.311037292059980973e+04 1.155152486352402619e+01 -6.639862306502287981e-02 2.256773137336163249e+00 3.180047548394046242e+00 3.307544308543946404e-02 0.000000000000000000e+00 1.000000000000000000e+00 1.000000000000000000e+00 0.000000000000000000e+00 0.000000000000000000e+00 -1.000000000000000000e+00 -1.000000000000000000e+00
6.400000000000000000e+01 3.880931622833041911e+04 2.303817449394281169e+01 -1.847150556075030092e-01 2.533451722066540235e+00 3.112068823719086996e+00 2.520864402452053371e-02 1.570796326794896558e+00 1.000000000000000000e+00 1.000000000000000000e+00 0.000000000000000000e+00 0.000000000000000000e+00 -1.000000000000000000e+00 -1.000000000000000000e+00
6.700000000000000000e+01 3.654318201023338042e+04 1.237133720777729984e+01 -1.743508589865634117e-01 2.882777535854459838e+00 3.151161131349353717e+00 9.644721873723444139e-02 1.570796326794896558e+00 1.000000000000000000e+00 1.000000000000000000e+00 0.000000000000000000e+00 0.000000000000000000e+00 -1.000000000000000000e+00 -1.000000000000000000e+00
6.800000000000000000e+01 5.000000000000000000e+04 1.025763921889207175e+01 5.493142777531195842e-02 4.659913187820255431e-01 3.134672664333415959e+00 2.305347351514969861e-02 1.570796326794896558e+00 1.000000000000000000e+00 1.000000000000000000e+00 0.000000000000000000e+00 0.000000000000000000e+00 -1.000000000000000000e+00 -1.000000000000000000e+00
7.000000000000000000e+01 5.000000000000000000e+04 1.106134599348367153e+01 -9.351154544364971566e-02 2.066979105629906499e+00 2.490942242346475335e-02 9.693708177234579282e-02 1.570796326794896558e+00 1.000000000000000000e+00 1.000000000000000000e+00 0.000000000000000000e+00 0.000000000000000000e+00 -1.000000000000000000e+00 -1.000000000000000000e+00
7.400000000000000000e+01 3.800389262509474065e+04 1.648223989117192900e+01 -1.686031633527175499e-01 3.100000000000000089e+00 3.158702300019337272e+00 1.893213290883228803e-02 1.570796326794896558e+00 1.000000000000000000e+00 1.000000000000000000e+00 0.000000000000000000e+00 0.000000000000000000e+00 -1.000000000000000000e+00 -1.000000000000000000e+00
7.500000000000000000e+01 1.287857536429476568e+04 1.849289228268453300e+01 6.567834015230591960e-02 9.275704375434520310e-01 3.133562424395137214e+00 9.000000000000001055e-02 0.000000000000000000e+00 1.000000000000000000e+00 1.000000000000000000e+00 0.000000000000000000e+00 0.000000000000000000e+00 -1.000000000000000000e+00 -1.000000000000000000e+00
7.700000000000000000e+01 3.967203248485168297e+04 1.121435446831866756e+01 -1.181205199932648803e-01 2.965945249704048159e+00 3.131770549457639774e+00 1.299348089261134764e-01 1.570796326794896558e+00 1.000000000000000000e+00 1.000000000000000000e+00 0.000000000000000000e+00 0.000000000000000000e+00 -1.000000000000000000e+00 -1.000000000000000000e+00
7.800000000000000000e+01 5.000000000000000000e+04 1.030513447278779360e+01 -5.630165688478277336e-02 1.116658857773353386e+00 3.179061825569801325e+00 1.331445274190179440e-01 0.000000000000000000e+00 1.000000000000000000e+00 1.000000000000000000e+00 0.000000000000000000e+00 0.000000000000000000e+00 -1.000000000000000000e+00 -1.000000000000000000e+00
7.900000000000000000e+01 3.322306849801224598e+04 1.654974272091790866e+01 -1.158354834758033858e-02 1.700367889662192322e+00 3.109650903458868410e+00 3.672352307808081362e-02 1.570796326794896558e+00 1.000000000000000000e+00 1.000000000000000000e+00 0.000000000000000000e+00 0.000000000000000000e+00 -1.000000000000000000e+00 -1.000000000000000000e+00
8.000000000000000000e+01 2.064923324670065631e+04 1.959924280419271625e+01 8.633487690033581075e-03 1.686321590121953706e+00 3.160954020882650983e+00 2.268957679608370193e-02 0.000000000000000000e+00 1.000000000000000000e+00 1.000000000000000000e+00 0.000000000000000000e+00 0.000000000000000000e+00 -1.000000000000000000e+00 -1.000000000000000000e+00
8.100000000000000000e+01 3.193055164148540644e+04 1.034798845452580096e+01 -1.386325784140914619e-01 2.989323989156638994e+00 2.381285191381531195e-03 1.628754628725510856e-02 0.000000000000000000e+00 1.000000000000000000e+00 1.000000000000000000e+00 0.000000000000000000e+00 0.000000000000000000e+00 -1.000000000000000000e+00 -1.000000000000000000e+00
8.200000000000000000e+01 2.453012428975402145e+04 1.220186048557738445e+01 5.902043821078764574e-02 1.281347883125814269e+00 3.146279087845104350e+00 4.541015335234462741e-02 1.570796326794896558e+00 1.000000000000000000e+00 1.000000000000000000e+00 0.000000000000000000e+00 0.000000000000000000e+00 -1.000000000000000000e+00 -1.000000000000000000e+00
8.300000000000000000e+01 4.489623074645495535e+02 1.098369264022890235e+01 2.730602510719938592e-02 5.865541304257692046e-01 -2.350975433823035594e-03 6.242860413643774170e-02 0.000000000000000000e+00 1.000000000000000000e+00 1.000000000000000000e+00 0.000000000000000000e+00 0.000000000000000000e+00 -1.000000000000000000e+00 -1.000000000000000000e+00
8.500000000000000000e+01 5.000000000000000000e+04 1.827031861394340595e+01 -9.977170980576033354e-02 2.926797620513336806e+00 3.092911788845906784e+00 2.787371594360775473e-02 1.570796326794896558e+00 1.000000000000000000e+00 1.000000000000000000e+00 0.000000000000000000e+00 0.000000000000000000e+00 -1.000000000000000000e+00 -1.000000000000000000e+00
8.600000000000000000e+01 2.114585596274326963e+04 1.206426197436212178e+01 9.739080422475987486e-02 1.335877654665535763e+00 3.114416247204836008e+00 1.051424337166185705e-02 0.000000000000000000e+00 1.000000000000000000e+00 1.000000000000000000e+00 0.000000000000000000e+00 0.000000000000000000e+00 -1.000000000000000000e+00 -1.000000000000000000e+00
8.800000000000000000e+01 4.212533077039703494e+04 1.337403551750318975e+01 -5.613809838272270161e-03 8.427943900536634114e-01 3.154057652633830866e+00 8.352194818776333129e-02 0.000000000000000000e+00 1.000000000000000000e+00 1.000000000000000000e+00 0.000000000000000000e+00 0.000000000000000000e+00 -1.000000000000000000e+00 -1.000000000000000000e+00
9.200000000000000000e+01 2.071187924665553510e+04 1.381522250330365686e+01 -6.024183103447364185e-02 2.215554775538470800e+00 2.985394242282353406e-04 4.177017335039302087e-02 0.000000000000000000e+00 1.000000000000000000e+00 1.000000000000000000e+00 0.000000000000000000e+00 0.000000000000000000e+00 -1.000000000000000000e+00 -1.000000000000000000e+00
9.300000000000000000e+01 2.759347389708704941e+04 1.209666802448419709e+01 -4.448250479578324396e-02 1.835024388810913232e+00 -2.894277593702485746e-02 1.637505177073207349e-02 0.000000000000000000e+00 1.000000000000000000e+00 1.000000000000000000e+00 0.000000000000000000e+00 0.000000000000000000e+00 -1.000000000000000000e+00 -1.000000000000000000e+00
9.400000000000000000e+01 1.431361244984870245e+04 1.845309049859049466e+01 -1.605040795564850187e-01 2.580738711530733198e+00 3.138884739964267201e+00 5.061347999496868671e-02 1.570796326794896558e+00 1.000000000000000000e+00 1.000000000000000000e+00 0.000000000000000000e+00 0.000000000000000000e+00 -1.000000000000000000e+00 -1.000000000000000000e+00
9.500000000000000000e+01 2.137620287816947894e+04 1.795474017685338808e+01 1.806687599477101169e-02 1.643377583950049292e+00 3.167586971596158207e+00 4.610664094764399534e-02 1.570796326794896558e+00 1.000000000000000000e+00 1.000000000000000000e+00 0.000000000000000000e+00 0.000000000000000000e+00 -1.000000000000000000e+00 -1.000000000000000000e+00
9.700000000000000000e+01 5.573287858106014028e+02 1.421374109713442913e+01 -1.061185352034515750e-01 2.465225882090027021e+00 3.136069918493961328e+00 3.897342495552443692e-02 0.000000000000000000e+00 1.000000000000000000e+00 1.000000000000000000e+00 0.000000000000000000e+00 0.000000000000000000e+00 -1.000000000000000000e+00 -1.000000000000000000e+00
9.900000000000000000e+01 1.589098111583625268e+03 1.347268254531287290e+01 -2.677514421092400121e-02 7.014991882105057197e-01 7.473635528811291805e-03 9.000000000000001055e-02 0.000000000000000000e+00 1.000000000000000000e+00 1.000000000000000000e+00 0.000000000000000000e+00 0.000000000000000000e+00 -1.000000000000000000e+00 -1.000000000000000000e+00
1.060000000000000000e+02 5.000000000000000000e+04 3.713016853036882736e+01 -2.392225769833057625e-02 9.458910714524751961e-01 -4.926143690445081852e-02 2.538409376159449921e-02 1.570796326794896558e+00 1.000000000000000000e+00 1.000000000000000000e+00 0.000000000000000000e+00 0.000000000000000000e+00 -1.000000000000000000e+00 -1.000000000000000000e+00
1.080000000000000000e+02 5.000000000000000000e+04 1.265436986330699298e+01 -6.261452804975499442e-02 2.368393536075747541e+00 3.137856858963562257e+00 1.566140891077433261e-02 1.570796326794896558e+00 1.000000000000000000e+00 1.000000000000000000e+00 0.000000000000000000e+00 0.000000000000000000e+00 -1.000000000000000000e+00 -1.000000000000000000e+00
1.090000000000000000e+02 5.000000000000000000e+04 3.289632228348030907e+01 -2.769409620522314541e-02 1.332949057540885551e+00 -3.546638734715061581e-02 5.237648784131528762e-02 0.000000000000000000e+00 1.000000000000000000e+00 1.000000000000000000e+00 0.000000000000000000e+00 0.000000000000000000e+00 -1.000000000000000000e+00 -1.000000000000000000e+00
1.110000000000000000e+02 4.027029142898697319e+04 1.442290724129232871e+01 -4.673286901191026077e-02 1.965736382638947788e+00 -3.396993185104074664e-02 1.583029333236265351e-02 1.570796326794896558e+00 1.000000000000000000e+00 1.000000000000000000e+00 0.000000000000000000e+00 0.000000000000000000e+00 -1.000000000000000000e+00 -1.000000000000000000e+00
1.150000000000000000e+02 4.584497889734547061e+04 1.318733203163218448e+01 -6.248097322523725461e-02 3.100000000000000089e+00 -8.413070627492962028e-03 7.962376223542969034e-02 1.570796326794896558e+00 1.000000000000000000e+00 1.000000000000000000e+00 0.000000000000000000e+00 0.000000000000000000e+00 -1.000000000000000000e+00 -1.000000000000000000e+00
1.180000000000000000e+02 4.369681003225928725e+04 1.604776972207719155e+01 -1.317842556201605786e-01 3.083974236688571402e+00 2.392152005989829980e-02 1.327512213557924259e-02 1.570796326794896558e+00 1.000000000000000000e+00 1.000000000000000000e+00 0.000000000000000000e+00 0.000000000000000000e+00 -1.000000000000000000e+00 -1.000000000000000000e+00
1.210000000000000000e+02 2.591138358566689567e+04 1.846779508830450212e+01 -1.197174868661642771e-01 3.100000000000000089e+00 3.118150806612597137e+00 2.844460181102650975e-02 0.000000000000000000e+00 1.000000000000000000e+00 1.000000000000000000e+00 0.000000000000000000e+00 0.000000000000000000e+00 -1.000000000000000000e+00 -1.000000000000000000e+00
1.220000000000000000e+02 3.335687244582585845e+04 1.092832405785111938e+01 -4.306044896899785535e-02 8.572586780285554875e-01 -2.303129118423013696e-02 2.501178258820823883e-02 0.000000000000000000e+00 1.000000000000000000e+00 1.000000000000000000e+00 0.000000000000000000e+00 0.000000000000000000e+00 -1.000000000000000000e+00 -1.000000000000000000e+00
1.230000000000000000e+02 2.005441373086525709e+04 1.531846480216022144e+01 -2.178248716722462897e-01 3.100000000000000089e+00 1.277370977199336448e-02 1.984496087943615761e-02 1.570796326794896558e+00 1.000000000000000000e+00 1.000000000000000000e+00 0.000000000000000000e+00 0.000000000000000000e+00 -1.000000000000000000e+00 -1.000000000000000000e+00
1.250000000000000000e+02 2.025333409684155583e+02 1.072332972159014020e+01 1.447093856882868956e-01 4.198881068423523377e-01 7.112882202647012597e-02 8.540397115774189807e-02 1.570796326794896558e+00 1.000000000000000000e+00 1.000000000000000000e+00 0.000000000000000000e+00 0.000000000000000000e+00 -1.000000000000000000e+00 -1.000000000000000000e+00
1.260000000000000000e+02 5.000000000000000000e+04 1.692384418920184430e+01 -7.720426699862545372e-02 3.100000000000000089e+00 3.130255321811184821e+00 6.368172897257756704e-02 1.570796326794896558e+00 1.000000000000000000e+00 1.000000000000000000e+00 0.000000000000000000e+00 0.000000000000000000e+00 -1.000000000000000000e+00 -1.000000000000000000e+00
1.330000000000000000e+02 8.284792628257506522e+02 1.087954473149841483e+01 1.577021249469304220e-04 1.553212375183421479e+00 -1.330736286532371339e-02 1.820032457735035539e-02 0.000000000000000000e+00 1.000000000000000000e+00 1.000000000000000000e+00 0.000000000000000000e+00 0.000000000000000000e+00 -1.000000000000000000e+00 -1.000000000000000000e+00
1.340000000000000000e+02 3.590356263214146020e+04 1.700764907800072123e+01 -1.471695845486615806e-01 3.100000000000000089e+00 3.099629134773314032e+00 1.433581309801859778e-02 1.570796326794896558e+00 1.000000000000000000e+00 1.000000000000000000e+00 0.000000000000000000e+00 0.000000000000000000e+00 -1.000000000000000000e+00 -1.000000000000000000e+00
1.370000000000000000e+02 2.861049559119913829e+04 1.503472561924983530e+01 -1.165220680375071566e-01 2.129549936238275265e+00 -3.062301926017316558e-02 6.832172720554502421e-02 1.570796326794896558e+00 1.000000000000000000e+00 1.000000000000000000e+00 0.000000000000000000e+00 0.000000000000000000e+00 -1.000000000000000000e+00 -1.000000000000000000e+00
1.380000000000000000e+02 8.528425868925654640e+02 3.428897096443639469e+01 1.388000803243752412e-01 9.160630543706426154e-01 -1.919310429210873206e-02 9.000000000000001055e-02 0.000000000000000000e+00 1.000000000000000000e+00 1.000000000000000000e+00 0.000000000000000000e+00 0.000000000000000000e+00 -1.000000000000000000e+00 -1.000000000000000000e+00
1.400000000000000000e+02 3.593709529024148651e+04 1.407712355300531115e+01 -1.122251740838682010e-01 2.381804879704058298e+00 3.122657808329319273e+00 5.006941947355735001e-02 0.000000000000000000e+00 1.000000000000000000e+00 1.000000000000000000e+00 0.000000000000000000e+00 0.000000000000000000e+00 -1.000000000000000000e+00 -1.000000000000000000e+00
1.490000000000000000e+02 5.429057171598850573e+02 1.165501490958588171e+01 -9.800790780204479691e-02 3.100000000000000089e+00 3.141798416097982827e+00 6.051713812127827719e-02 0.000000000000000000e+00 1.000000000000000000e+00 1.000000000000000000e+00 0.000000000000000000e+00 0.000000000000000000e+00 -1.000000000000000000e+00 -1.000000000000000000e+00
1.500000000000000000e+02 3.279379161019900494e+03 1.318177998075945290e+01 -1.005082230179272645e-01 2.712293570806795451e+00 3.138034700694126489e+00 9.000000000000001055e-02 0.000000000000000000e+00 1.000000000000000000e+00 1.000000000000000000e+00 0.000000000000000000e+00 0.000000000000000000e+00 -1.000000000000000000e+00 -1.000000000000000000e+00
1.510000000000000000e+02 3.649592368021613220e+04 1.467562708900540080e+01 -1.070950483867477709e-01 3.086040000000000116e+00 -1.049755168357888874e-02 9.578512184714817190e-02 0.000000000000000000e+00 1.000000000000000000e+00 1.000000000000000000e+00 0.000000000000000000e+00 0.000000000000000000e+00 -1.000000000000000000e+00 -1.000000000000000000e+00
1.520000000000000000e+02 5.000000000000000000e+04 3.890774808388727735e+01 -8.968458608869528392e-02 3.100000000000000089e+00 -3.576705182142402017e-02 2.472715177667286074e-02 0.000000000000000000e+00 1.000000000000000000e+00 1.000000000000000000e+00 0.000000000000000000e+00 0.000000000000000000e+00 -1.000000000000000000e+00 -1.000000000000000000e+00
1.570000000000000000e+02 4.106272859677845554e+04 2.829638781616609577e+01 3.542606208784396249e-02 5.873740797247652967e-01 3.131042300650753063e+00 8.147899610752444566e-02 1.570796326794896558e+00 1.000000000000000000e+00 1.000000000000000000e+00 0.000000000000000000e+00 0.000000000000000000e+00 -1.000000000000000000e+00 -1.000000000000000000e+00
1.590000000000000000e+02 4.939276762310209597e+04 1.146937728672598134e+01 1.114110016255516478e-02 7.940255765675259259e-01 -1.307315092920613951e-02 6.401081910058883939e-02 0.000000000000000000e+00 1.000000000000000000e+00 1.000000000000000000e+00 0.000000000000000000e+00 0.000000000000000000e+00 -1.000000000000000000e+00 -1.000000000000000000e+00
1.610000000000000000e+02 3.116555387984477056e+04 1.031272893020937076e+01 8.841836423540047618e-02 7.603318338764307738e-01 3.111902663725199858e+00 5.896686688491003386e-02 0.000000000000000000e+00 1.000000000000000000e+00 1.000000000000000000e+00 0.000000000000000000e+00 0.000000000000000000e+00 -1.000000000000000000e+00 -1.000000000000000000e+00
1.620000000000000000e+02 3.518680101792758069e+04 2.116623753029157484e+01 -9.082689851421631155e-02 3.059446095979206248e+00 3.151163625296006021e+00 1.000000000000000021e-02 1.570796326794896558e+00 1.000000000000000000e+00 1.000000000000000000e+00 0.000000000000000000e+00 0.000000000000000000e+00 -1.000000000000000000e+00 -1.000000000000000000e+00
1.630000000000000000e+02 3.097227510433678617e+04 1.512160736119375493e+01 -1.961846138097488382e-02 5.313369554519169480e-01 1.652027854510716362e-02 8.059130065685887745e-02 0.000000000000000000e+00 1.000000000000000000e+00 1.000000000000000000e+00 0.000000000000000000e+00 0.000000000000000000e+00 -1.000000000000000000e+00 -1.000000000000000000e+00
1.660000000000000000e+02 3.361878693258562998e+04 1.020698546319727562e+01 6.148881315357124233e-02 1.582999088967450119e+00 -3.901900826135409894e-03 6.864116086907212644e-02 0.000000000000000000e+00 1.000000000000000000e+00 1.000000000000000000e+00 0.000000000000000000e+00 0.000000000000000000e+00 -1.000000000000000000e+00 -1.000000000000000000e+00
1.680000000000000000e+02 3.958691790895602026e+04 1.025111821455304373e+01 -2.796988112840798069e-01 2.543069296313337446e+00 3.168572986224659882e+00 9.526966217829162253e-02 0.000000000000000000e+00 1.000000000000000000e+00 1.000000000000000000e+00 0.000000000000000000e+00 0.000000000000000000e+00 -1.000000000000000000e+00 -1.000000000000000000e+00
1.710000000000000000e+02 2.498101942424816298e+04 1.407030338238307365e+01 -1.105600131815218379e-01 3.093020000000000103e+00 -2.302964943291278127e-02 5.077104863467973850e-02 1.570796326794896558e+00 1.000000000000000000e+00 1.000000000000000000e+00 0.000000000000000000e+00 0.000000000000000000e+00 -1.000000000000000000e+00 -1.000000000000000000e+00
1.730000000000000000e+02 4.324633995209995192e+04 3.390111275487396369e+01 -6.320171402589348786e-02 1.990954250484900934e+00 3.130812793481255074e+00 1.457115425248542082e-02 0.000000000000000000e+00 1.000000000000000000e+00 1.000000000000000000e+00 0.000000000000000000e+00 0.000000000000000000e+00 -1.000000000000000000e+00 -1.000000000000000000e+00
1.770000000000000000e+02 3.843938342086825287e+04 1.897227116496963006e+01 -1.014962873323643766e-01 2.663991710672086732e+00 1.470303224416321958e-03 3.901849708785717907e-02 0.000000000000000000e+00 1.000000000000000000e+00 1.000000000000000000e+00 0.000000000000000000e+00 0.000000000000000000e+00 -1.000000000000000000e+00 -1.000000000000000000e+00
1.780000000000000000e+02 2.603609209163339619e+04 1.062212404693569212e+01 -2.980804339523593360e-01 3.100000000000000089e+00 3.123579009900586012e+00 3.090118948874255242e-02 1.570796326794896558e+00 1.000000000000000000e+00 1.000000000000000000e+00 0.000000000000000000e+00 0.000000000000000000e+00 -1.000000000000000000e+00 -1.000000000000000000e+00
1.790000000000000000e+02 4.200204038937472797e+04 3.711544500537944913e+01 -6.032969262722778087e-02 2.463627952701090695e+00 4.806024233359672271e-02 1.049483773975780007e-02 0.000000000000000000e+00 1.000000000000000000e+00 1.000000000000000000e+00 0.000000000000000000e+00 0.000000000000000000e+00 -1.000000000000000000e+00 -1.000000000000000000e+00
1.800000000000000000e+02 4.837140246322240273e+04 1.013646999535074933e+01 1.010996437446524121e-01 6.914423221454243373e-01 3.167616449492921760e+00 1.107279652180015311e-01 1.570796326794896558e+00 1.000000000000000000e+00 1.000000000000000000e+00 0.000000000000000000e+00 0.000000000000000000e+00 -1.000000000000000000e+00 -1.000000000000000000e+00
1.820000000000000000e+02 4.679461443106489605e+04 1.059404330642717262e+01 -1.336609055626086784e-01 3.100000000000000089e+00 3.103603028840695277e+00 1.139189510615617046e-01 1.570796326794896558e+00 1.000000000000000000e+00 1.000000000000000000e+00 0.000000000000000000e+00 0.000000000000000000e+00 -1.000000000000000000e+00 -1.000000000000000000e+00
1.830000000000000000e+02 7.105115605149310795e+03 1.112020975620242069e+01 -8.626591273250827641e-02 2.442429899876962018e+00 2.543131486982401143e-03 1.000000000000000021e-02 0.000000000000000000e+00 1.000000000000000000e+00 1.000000000000000000e+00 0.000000000000000000e+00 0.000000000000000000e+00 -1.000000000000000000e+00 -1.000000000000000000e+00
1.840000000000000000e+02 4.550472388882877567e+04 1.475689270171715428e+01 -2.604891360637005826e-02 6.284011984271160589e-01 -2.181553868658128031e-02 1.268277449516633064e-02 1.570796326794896558e+00 1.000000000000000000e+00 1.000000000000000000e+00 0.000000000000000000e+00 0.000000000000000000e+00 -1.000000000000000000e+00 -1.000000000000000000e+00
1.870000000000000000e+02 3.006218788887521077e+04 3.150465253659961817e+01 -1.872368783431591077e-01 2.224376220188242659e+00 3.150764132431797204e+00 4.252406102238436708e-02 1.570796326794896558e+00 1.000000000000000000e+00 1.000000000000000000e+00 0.000000000000000000e+00 0.000000000000000000e+00 -1.000000000000000000e+00 -1.000000000000000000e+00
1.910000000000000000e+02 4.356687179230139736e+04 2.529780224252190024e+01 -1.525497736050788339e-02 1.238464568258177856e+00 3.093855908945981614e+00 7.948948232169973649e-02 1.570796326794896558e+00 1.000000000000000000e+00 1.000000000000000000e+00 0.000000000000000000e+00 0.000000000000000000e+00 -1.000000000000000000e+00 -1.000000000000000000e+00
1.920000000000000000e+02 1.848069118900537069e+04 1.225871353405485742e+01 -2.089070108390608527e-01 2.835648577049184382e+00 3.117373884862370659e+00 1.000000000000000021e-02 0.000000000000000000e+00 1.000000000000000000e+00 1.000000000000000000e+00 0.000000000000000000e+00 0.000000000000000000e+00 -1.000000000000000000e+00 -1.000000000000000000e+00
1.940000000000000000e+02 5.000000000000000000e+04 1.317120468522928611e+01 -2.831552285788199383e-02 6.475648849578283794e-01 3.996865836313280573e-02 7.849199153140595797e-02 1.570796326794896558e+00 1.000000000000000000e+00 1.000000000000000000e+00 0.000000000000000000e+00 0.000000000000000000e+00 -1.000000000000000000e+00 -1.000000000000000000e+00
1.950000000000000000e+02 2.642226646181161777e+04 2.252091387513532084e+01 2.558803656905503376e-02 1.727215566325158047e+00 3.129632103923490227e+00 1.000000000000000021e-02 0.000000000000000000e+00 1.000000000000000000e+00 1.000000000000000000e+00 0.000000000000000000e+00 0.000000000000000000e+00 -1.000000000000000000e+00 -1.000000000000000000e+00
1.970000000000000000e+02 5.000000000000000000e+04 1.596637228010777676e+01 -1.067158961701634989e-02 1.298611891166374654e+00 3.157887759228396707e+00 1.431068414525143995e-02 0.000000000000000000e+00 1.000000000000000000e+00 1.000000000000000000e+00 0.000000000000000000e+00 0.000000000000000000e+00 -1.000000000000000000e+00 -1.000000000000000000e+00
1.990000000000000000e+02 4.890251929015759379e+04 2.828248939882178092e+01 5.301156309836330127e-02 1.164400851004022019e+00 -3.720931124142071861e-02 1.937019239132304824e-02 1.570796326794896558e+00 1.000000000000000000e+00 1.000000000000000000e+00 0.000000000000000000e+00 0.000000000000000000e+00 -1.000000000000000000e+00 -1.000000000000000000e+00
2.000000000000000000e+02 3.445761270496612997e+04 1.256866327325000476e+01 1.662999714851472466e-01 6.012770668311756550e-01 3.439909103319849920e-02 1.241500027175373722e-01 1.570796326794896558e+00 1.000000000000000000e+00 1.000000000000000000e+00 0.000000000000000000e+00 0.000000000000000000e+00 -1.000000000000000000e+00 -1.000000000000000000e+00
3.650000000000000000e+02 5.542656729392526813e+02 1.035470729724490191e+01 2.434955462378951552e-02 1.781865614038428802e+00 0.000000000000000000e+00 1.688875431938319585e-02 -1.000000000000000000e+00 1.000000000000000000e+00 1.000000000000000000e+00 3.500000000000000000e+01 0.000000000000000000e+00 -1.000000000000000000e+00 -1.000000000000000000e+00
0.000000000000000000e+00 9.984248903101988617e+03 1.376410249718819934e+01 6.818721876240677049e-02 0.000000000000000000e+00 0.000000000000000000e+00 9.000000000000001055e-02 1.570796326794896558e+00 1.000000000000000000e+00 1.000000000000000000e+00 0.000000000000000000e+00 0.000000000000000000e+00 -1.000000000000000000e+00 -1.000000000000000000e+00
1.000000000000000000e+00 1.503998901798086990e+04 1.168232170233120648e+01 -1.956767419313379663e-01 2.352657707406174303e+00 0.000000000000000000e+00 9.000000000000001055e-02 1.570796326794896558e+00 1.000000000000000000e+00 1.000000000000000000e+00 0.000000000000000000e+00 0.000000000000000000e+00 -1.000000000000000000e+00 -1.000000000000000000e+00
1.000000000000000000e+01 1.679315942758195888e+04 1.149395904531636070e+01 -5.987852329569870458e-02 3.018585223877768176e+00 0.000000000000000000e+00 3.223615119380529581e-02 1.570796326794896558e+00 1.000000000000000000e+00 1.000000000000000000e+00 0.000000000000000000e+00 0.000000000000000000e+00 -1.000000000000000000e+00 -1.000000000000000000e+00
1.200000000000000000e+01 4.279119058013134054e+04 1.096711611186349877e+01 -8.879670940033806970e-02 2.880450276742636539e+00 3.500659340263601038e-02 6.754912580829630642e-02 1.570796326794896558e+00 1.000000000000000000e+00 1.000000000000000000e+00 0.000000000000000000e+00 0.000000000000000000e+00 -1.000000000000000000e+00 -1.000000000000000000e+00
2.400000000000000000e+01 3.444399592749581643e+04 1.940348217077672643e+01 -3.032217369903337026e-02 8.637260289017125725e-01 6.348191805537592783e-03 3.139479300900153980e-02 1.570796326794896558e+00 1.000000000000000000e+00 1.000000000000000000e+00 0.000000000000000000e+00 0.000000000000000000e+00 -1.000000000000000000e+00 -1.000000000000000000e+00
3.000000000000000000e+01 1.356872836265400110e+04 1.052873495132684134e+01 2.771304411027716852e-02 5.487940933737159854e-01 0.000000000000000000e+00 1.000000000000000021e-02 1.570796326794896558e+00 1.000000000000000000e+00 1.000000000000000000e+00 0.000000000000000000e+00 0.000000000000000000e+00 -1.000000000000000000e+00 -1.000000000000000000e+00
4.000000000000000000e+01 3.298781819247876410e+04 1.028930105965023145e+01 3.723087727839773098e-02 1.170908995203625125e+00 0.000000000000000000e+00 6.580097170478875490e-02 1.570796326794896558e+00 1.000000000000000000e+00 1.000000000000000000e+00 0.000000000000000000e+00 0.000000000000000000e+00 -1.000000000000000000e+00 -1.000000000000000000e+00
4.700000000000000000e+01 2.153378505058365045e+04 1.040971820951297566e+01 6.677790755559256941e-02 1.886580707432307769e+00 0.000000000000000000e+00 1.000000000000000021e-02 1.570796326794896558e+00 1.000000000000000000e+00 1.000000000000000000e+00 0.000000000000000000e+00 0.000000000000000000e+00 -1.000000000000000000e+00 -1.000000000000000000e+00
5.100000000000000000e+01 3.679544998894877062e+04 1.662016594477779918e+01 -5.416223509960666621e-02 7.667828747793030697e-01 0.000000000000000000e+00 1.968502686392878398e-01 1.570796326794896558e+00 1.000000000000000000e+00 1.000000000000000000e+00 0.000000000000000000e+00 0.000000000000000000e+00 -1.000000000000000000e+00 -1.000000000000000000e+00
5.300000000000000000e+01 4.584759554239385034e+04 1.579629792167806990e+01 1.455318130623012018e-01 1.051874302733170952e+00 0.000000000000000000e+00 5.084294415862122829e-02 1.570796326794896558e+00 1.000000000000000000e+00 1.000000000000000000e+00 0.000000000000000000e+00 0.000000000000000000e+00 -1.000000000000000000e+00 -1.000000000000000000e+00
5.500000000000000000e+01 3.458896442448437938e+03 1.802090542035518439e+01 -7.667698681562810925e-02 1.949153167445356383e+00 0.000000000000000000e+00 9.000000000000001055e-02 1.570796326794896558e+00 1.000000000000000000e+00 1.000000000000000000e+00 0.000000000000000000e+00 0.000000000000000000e+00 -1.000000000000000000e+00 -1.000000000000000000e+00
6.200000000000000000e+01 1.616622714704236205e+04 2.191679636076895576e+01 -1.040523007831252178e-01 1.899606805894448414e+00 0.000000000000000000e+00 5.296555327318409889e-02 1.570796326794896558e+00 1.000000000000000000e+00 1.000000000000000000e+00 0.000000000000000000e+00 0.000000000000000000e+00 -1.000000000000000000e+00 -1.000000000000000000e+00
6.500000000000000000e+01 3.001825167445257102e+04 1.440676151178151088e+01 -4.636068004871699705e-02 9.284863010119106530e-01 0.000000000000000000e+00 7.275755519390443571e-02 1.570796326794896558e+00 1.000000000000000000e+00 1.000000000000000000e+00 0.000000000000000000e+00 0.000000000000000000e+00 -1.000000000000000000e+00 -1.000000000000000000e+00
6.900000000000000000e+01 5.000000000000000000e+04 1.044924255237518551e+01 1.008123189987868151e-01 1.286397405682112804e+00 3.464693120933322323e-02 4.958104658150328664e-02 1.570796326794896558e+00 1.000000000000000000e+00 1.000000000000000000e+00 0.000000000000000000e+00 0.000000000000000000e+00 -1.000000000000000000e+00 -1.000000000000000000e+00
8.900000000000000000e+01 8.830790114050048942e+03 1.941280653890326136e+01 -2.235898373134767025e-01 1.911953028877185989e+00 0.000000000000000000e+00 9.000000000000001055e-02 1.570796326794896558e+00 1.000000000000000000e+00 1.000000000000000000e+00 0.000000000000000000e+00 0.000000000000000000e+00 -1.000000000000000000e+00 -1.000000000000000000e+00
9.600000000000000000e+01 6.641055948608965309e+02 1.786921156219052165e+01 4.918145739935289584e-02 7.821449003070845007e-01 0.000000000000000000e+00 1.000000000000000056e-01 1.570796326794896558e+00 1.000000000000000000e+00 1.000000000000000000e+00 0.000000000000000000e+00 0.000000000000000000e+00 -1.000000000000000000e+00 -1.000000000000000000e+00
1.040000000000000000e+02 3.699714992624711840e+02 1.375063933366782720e+01 8.940357228453538196e-02 6.127829939902412759e-01 4.427113167802167182e-02 1.093645240727718349e-01 1.570796326794896558e+00 1.000000000000000000e+00 1.000000000000000000e+00 0.000000000000000000e+00 0.000000000000000000e+00 -1.000000000000000000e+00 -1.000000000000000000e+00
1.310000000000000000e+02 4.350473543032068847e+04 1.281758556244964176e+01 -6.379132183231648635e-03 5.406838754882442588e-01 0.000000000000000000e+00 2.492491649646501675e-02 1.570796326794896558e+00 1.000000000000000000e+00 1.000000000000000000e+00 0.000000000000000000e+00 0.000000000000000000e+00 -1.000000000000000000e+00 -1.000000000000000000e+00
1.450000000000000000e+02 1.453326887953998630e+04 1.459073442670188747e+01 -1.445488364779520529e-01 2.711910684731438703e+00 7.883884008224673404e-03 5.789220643220818058e-02 1.570796326794896558e+00 1.000000000000000000e+00 1.000000000000000000e+00 0.000000000000000000e+00 0.000000000000000000e+00 -1.000000000000000000e+00 -1.000000000000000000e+00
1.470000000000000000e+02 6.237000000000001592e+02 3.248894070898919040e+01 1.237997873043865382e-02 1.422091436668251552e+00 8.697620011345302826e-03 8.100000000000001643e-02 1.570796326794896558e+00 1.000000000000000000e+00 1.000000000000000000e+00 0.000000000000000000e+00 0.000000000000000000e+00 -1.000000000000000000e+00 -1.000000000000000000e+00
1.530000000000000000e+02 7.620844451934699464e+03 1.237009317690503174e+01 9.959889035883071062e-02 1.242328953722133589e+00 7.051522703809610590e-03 2.790849814395043871e-02 1.570796326794896558e+00 1.000000000000000000e+00 1.000000000000000000e+00 0.000000000000000000e+00 0.000000000000000000e+00 -1.000000000000000000e+00 -1.000000000000000000e+00
1.540000000000000000e+02 5.316407996723233737e+03 1.341314633657363764e+01 -1.641664997517378877e-01 2.849468131323745990e+00 1.272117063011809698e-02 9.000000000000001055e-02 1.570796326794896558e+00 1.000000000000000000e+00 1.000000000000000000e+00 0.000000000000000000e+00 0.000000000000000000e+00 -1.000000000000000000e+00 -1.000000000000000000e+00
1.650000000000000000e+02 3.644836550360263209e+04 1.444973293549025506e+01 -2.091279604195814268e-01 2.600508409691450140e+00 4.659219864456072557e-02 6.581278061603067220e-02 1.570796326794896558e+00 1.000000000000000000e+00 1.000000000000000000e+00 0.000000000000000000e+00 0.000000000000000000e+00 -1.000000000000000000e+00 -1.000000000000000000e+00
1.690000000000000000e+02 5.000000000000000000e+04 1.537860092425481007e+01 7.240663823071796790e-02 1.254734711259216873e+00 0.000000000000000000e+00 2.932278000955920033e-02 1.570796326794896558e+00 1.000000000000000000e+00 1.000000000000000000e+00 0.000000000000000000e+00 0.000000000000000000e+00 -1.000000000000000000e+00 -1.000000000000000000e+00
1.720000000000000000e+02 4.444117251537406992e+04 1.502775200066352745e+01 -1.249517076319747733e-02 9.083643848431737222e-01 0.000000000000000000e+00 6.952448306801783939e-02 1.570796326794896558e+00 1.000000000000000000e+00 1.000000000000000000e+00 0.000000000000000000e+00 0.000000000000000000e+00 -1.000000000000000000e+00 -1.000000000000000000e+00
1.850000000000000000e+02 2.538873572238682391e+04 1.061645774685566579e+01 -1.204600138026394179e-01 2.187814382588546103e+00 0.000000000000000000e+00 3.694626179422842022e-02 1.570796326794896558e+00 1.000000000000000000e+00 1.000000000000000000e+00 0.000000000000000000e+00 0.000000000000000000e+00 -1.000000000000000000e+00 -1.000000000000000000e+00
1.880000000000000000e+02 2.635671759789286807e+04 1.272332026885047185e+01 -6.914361202119165273e-02 2.577662782772908834e+00 2.487480494275845153e-02 2.088629309582206578e-02 1.570796326794896558e+00 1.000000000000000000e+00 1.000000000000000000e+00 0.000000000000000000e+00 0.000000000000000000e+00 -1.000000000000000000e+00 -1.000000000000000000e+00
5.000000000000000000e+00 5.621578514741905792e+02 1.493081168057319630e+01 -7.665866149198256874e-02 2.475688847538464632e+00 0.000000000000000000e+00 1.452160667136355096e-02 0.000000000000000000e+00 1.000000000000000000e+00 1.000000000000000000e+00 0.000000000000000000e+00 0.000000000000000000e+00 -1.000000000000000000e+00 -1.000000000000000000e+00
2.200000000000000000e+01 7.533274092825456592e+02 1.345752683239318159e+01 1.181260945881237034e-01 1.844111099264341913e+00 0.000000000000000000e+00 2.106356521517137315e-02 0.000000000000000000e+00 1.000000000000000000e+00 1.000000000000000000e+00 0.000000000000000000e+00 0.000000000000000000e+00 -1.000000000000000000e+00 -1.000000000000000000e+00
3.900000000000000000e+01 7.324734074207568710e+02 1.067981302516008490e+01 -7.779373740432117545e-03 1.304133855589342916e+00 0.000000000000000000e+00 4.681036670645032788e-02 0.000000000000000000e+00 1.000000000000000000e+00 1.000000000000000000e+00 0.000000000000000000e+00 0.000000000000000000e+00 -1.000000000000000000e+00 -1.000000000000000000e+00
4.800000000000000000e+01 9.165707396142710422e+03 1.637249371018748079e+01 -1.016860491491851787e-01 2.344198267880183373e+00 0.000000000000000000e+00 9.000000000000001055e-02 0.000000000000000000e+00 1.000000000000000000e+00 1.000000000000000000e+00 0.000000000000000000e+00 0.000000000000000000e+00 -1.000000000000000000e+00 -1.000000000000000000e+00
6.100000000000000000e+01 7.700000000000001137e+02 1.393599610271478717e+01 3.442873061191327466e-02 1.463587140086086036e+00 0.000000000000000000e+00 1.000000000000000056e-01 0.000000000000000000e+00 1.000000000000000000e+00 1.000000000000000000e+00 0.000000000000000000e+00 0.000000000000000000e+00 -1.000000000000000000e+00 -1.000000000000000000e+00
8.400000000000000000e+01 1.080234713857568067e+03 1.147903222423667025e+01 -1.979318509928912062e-01 3.100000000000000089e+00 0.000000000000000000e+00 9.000000000000001055e-02 0.000000000000000000e+00 1.000000000000000000e+00 1.000000000000000000e+00 0.000000000000000000e+00 0.000000000000000000e+00 -1.000000000000000000e+00 -1.000000000000000000e+00
1.000000000000000000e+02 9.612520942943521050e+02 1.971123931675720797e+01 -1.877151149078310766e-01 2.954861669741815966e+00 0.000000000000000000e+00 9.000000000000001055e-02 0.000000000000000000e+00 1.000000000000000000e+00 1.000000000000000000e+00 0.000000000000000000e+00 0.000000000000000000e+00 -1.000000000000000000e+00 -1.000000000000000000e+00
1.010000000000000000e+02 6.128735969350713276e+03 1.469147251476393912e+01 -2.164765705621719272e-01 2.428889350685620840e+00 0.000000000000000000e+00 1.306358995527858585e-02 0.000000000000000000e+00 1.000000000000000000e+00 1.000000000000000000e+00 0.000000000000000000e+00 0.000000000000000000e+00 -1.000000000000000000e+00 -1.000000000000000000e+00
1.290000000000000000e+02 9.577804294201436278e+03 2.316394486596276181e+01 -1.273184428331498586e-01 2.857684404612306217e+00 0.000000000000000000e+00 1.000000000000000021e-02 0.000000000000000000e+00 1.000000000000000000e+00 1.000000000000000000e+00 0.000000000000000000e+00 0.000000000000000000e+00 -1.000000000000000000e+00 -1.000000000000000000e+00
1.300000000000000000e+02 1.828944354041792394e+03 1.415606981925111718e+01 5.888321579080046941e-02 1.292343880295278025e+00 0.000000000000000000e+00 9.000000000000001055e-02 0.000000000000000000e+00 1.000000000000000000e+00 1.000000000000000000e+00 0.000000000000000000e+00 0.000000000000000000e+00 -1.000000000000000000e+00 -1.000000000000000000e+00
1.350000000000000000e+02 7.841674403743691983e+03 1.739637316159212332e+01 -8.881300727471413969e-02 2.851028514089332333e+00 0.000000000000000000e+00 9.000000000000001055e-02 0.000000000000000000e+00 1.000000000000000000e+00 1.000000000000000000e+00 0.000000000000000000e+00 0.000000000000000000e+00 -1.000000000000000000e+00 -1.000000000000000000e+00
3.670000000000000000e+02 7.182676509413614667e+02 1.420718745588648169e+01 -1.226734985137714617e-01 2.366507981774689018e+00 0.000000000000000000e+00 2.464415043852503234e-02 -1.000000000000000000e+00 1.000000000000000000e+00 1.000000000000000000e+00 3.500000000000000000e+01 1.000000000000000000e+05 -1.000000000000000000e+00 -1.000000000000000000e+00
3.680000000000000000e+02 6.970197210140051993e+02 3.246896389349794987e+01 -1.385493650007888489e-01 1.966714169931226275e+00 0.000000000000000000e+00 1.434449704039902213e-02 -1.000000000000000000e+00 1.000000000000000000e+00 1.000000000000000000e+00 3.500000000000000000e+01 2.000000000000000000e+05 -1.000000000000000000e+00 -1.000000000000000000e+00
3.660000000000000000e+02 5.000000000000000000e+04 3.113535903234699731e+01 6.392761698225520872e-01 0.000000000000000000e+00 0.000000000000000000e+00 3.213647465422064808e-02 -1.000000000000000000e+00 1.000000000000000000e+00 2.000000000000000000e+00 3.500000000000000000e+01 2.500000000000000000e+05 -1.000000000000000000e+00 -1.000000000000000000e+00
3.690000000000000000e+02 7.347566424842729020e+02 1.173245946908642168e+01 1.230798427765180530e-02 8.585430596781762347e-01 0.000000000000000000e+00 2.819693992514302194e-02 -1.000000000000000000e+00 1.000000000000000000e+00 1.000000000000000000e+00 3.500000000000000000e+01 3.000000000000000000e+05 -1.000000000000000000e+00 -1.000000000000000000e+00
3.700000000000000000e+02 3.024011390731903884e+04 3.238460412450511683e+01 6.640102678055689323e-01 0.000000000000000000e+00 0.000000000000000000e+00 5.845903970867517840e-02 -1.000000000000000000e+00 1.000000000000000000e+00 2.000000000000000000e+00 3.500000000000000000e+01 3.700000000000000000e+05 -1.000000000000000000e+00 -1.000000000000000000e+00
3.710000000000000000e+02 2.554027940606767515e+04 4.458167526231726185e+01 6.489703566937532475e-01 0.000000000000000000e+00 0.000000000000000000e+00 2.469423530025424696e-02 -1.000000000000000000e+00 1.000000000000000000e+00 2.000000000000000000e+00 3.500000000000000000e+01 4.000000000000000000e+05 -1.000000000000000000e+00 -1.000000000000000000e+00
3.730000000000000000e+02 8.390278801066484675e+02 2.870392728138834215e+01 6.640900419923425821e-03 3.077465687526024229e-01 0.000000000000000000e+00 9.000000000000001055e-02 -1.000000000000000000e+00 1.000000000000000000e+00 1.000000000000000000e+00 3.500000000000000000e+01 4.000000000000000000e+05 -1.000000000000000000e+00 -1.000000000000000000e+00
3.740000000000000000e+02 1.119676546204866281e+04 2.111666652226037755e+01 6.556795822878301871e-01 0.000000000000000000e+00 0.000000000000000000e+00 1.000000000000000021e-02 -1.000000000000000000e+00 1.000000000000000000e+00 2.000000000000000000e+00 3.500000000000000000e+01 5.000000000000000000e+05 -1.000000000000000000e+00 -1.000000000000000000e+00
3.770000000000000000e+02 1.492285765163566111e+02 2.025896744082223222e+01 1.204311005498869339e-02 1.555577264587245656e+00 0.000000000000000000e+00 8.947866798206012551e-02 -1.000000000000000000e+00 1.000000000000000000e+00 1.000000000000000000e+00 3.500000000000000000e+01 5.000000000000000000e+05 -1.000000000000000000e+00 -1.000000000000000000e+00
3.780000000000000000e+02 9.797129295392125641e+03 4.694179835043109250e+01 5.104096404732976211e-01 0.000000000000000000e+00 0.000000000000000000e+00 1.000000000000000021e-02 -1.000000000000000000e+00 1.000000000000000000e+00 2.000000000000000000e+00 3.500000000000000000e+01 5.200000000000000000e+05 -1.000000000000000000e+00 -1.000000000000000000e+00
3.760000000000000000e+02 1.455126682935758436e+04 4.223821066684204339e+01 5.571103747542196505e-01 0.000000000000000000e+00 0.000000000000000000e+00 1.000000000000000021e-02 -1.000000000000000000e+00 1.000000000000000000e+00 2.000000000000000000e+00 3.500000000000000000e+01 5.700000000000000000e+05 -1.000000000000000000e+00 -1.000000000000000000e+00
