# id_num orb_a mass spin spin_angle orb_inc orb_ecc orb_arg_periapse orb_ang_mom gen galaxy time_passed gw_freq gw_strain
0.000000000000000000e+00 1.668364049977135801e+04 3.949268348665593464e+01 -2.058211478369580683e-01 1.796378438700400926e+00 3.159279143580781213e+00 4.799960952004935638e-02 1.570796326794896558e+00 1.000000000000000000e+00 1.000000000000000000e+00 0.000000000000000000e+00 0.000000000000000000e+00 -1.000000000000000000e+00 -1.000000000000000000e+00
1.000000000000000000e+00 2.814111737267365243e+04 1.369205983494694578e+01 -2.794808684509303073e-02 1.890736632583743360e+00 3.122010342909141922e+00 3.495388683312293521e-02 1.570796326794896558e+00 1.000000000000000000e+00 1.000000000000000000e+00 0.000000000000000000e+00 0.000000000000000000e+00 -1.000000000000000000e+00 -1.000000000000000000e+00
6.000000000000000000e+00 3.217660034791068483e+03 1.111379317433799940e+01 -1.456216821628529556e-02 1.850444019970688636e+00 3.132665384595329172e+00 9.000000000000001055e-02 1.570796326794896558e+00 1.000000000000000000e+00 1.000000000000000000e+00 0.000000000000000000e+00 0.000000000000000000e+00 -1.000000000000000000e+00 -1.000000000000000000e+00
8.000000000000000000e+00 2.532646727528625343e+04 3.536835308326698168e+01 -1.464720137445499337e-01 3.016787143145915451e+00 5.130275045696967157e-03 7.676908213985818297e-02 1.570796326794896558e+00 1.000000000000000000e+00 1.000000000000000000e+00 0.000000000000000000e+00 0.000000000000000000e+00 -1.000000000000000000e+00 -1.000000000000000000e+00
1.100000000000000000e+01 4.467573360048007453e+04 1.522140936400237976e+01 -1.815329116333445555e-02 3.032294044412850553e+00 -1.183307344318476964e-02 2.133258866231548811e-01 1.570796326794896558e+00 1.000000000000000000e+00 1.000000000000000000e+00 0.000000000000000000e+00 0.000000000000000000e+00 -1.000000000000000000e+00 -1.000000000000000000e+00
1.200000000000000000e+01 5.000000000000000000e+04 1.165107550460531272e+01 -3.793817572678166716e-02 2.500982300659105650e+00 -2.041980399364124593e-02 6.510878831523993215e-02 1.570796326794896558e+00 1.000000000000000000e+00 1.000000000000000000e+00 0.000000000000000000e+00 0.000000000000000000e+00 -1.000000000000000000e+00 -1.000000000000000000e+00
1.300000000000000000e+01 3.923266890708519441e+03 1.256620244380304108e+01 7.554247566442917616e-02 1.872342690672832433e-01 3.137939206928549218e+00 9.000000000000001055e-02 0.000000000000000000e+00 1.000000000000000000e+00 1.000000000000000000e+00 0.000000000000000000e+00 0.000000000000000000e+00 -1.000000000000000000e+00 -1.000000000000000000e+00
1.500000000000000000e+01 4.004778920954946079e+04 1.027211838049152171e+01 3.308646785429423393e-02 4.696156123450892506e-01 2.264543555935860999e-02 1.719838679403557988e-02 1.570796326794896558e+00 1.000000000000000000e+00 1.000000000000000000e+00 0.000000000000000000e+00 0.000000000000000000e+00 -1.000000000000000000e+00 -1.000000000000000000e+00
1.600000000000000000e+01 4.802698571319466282e+04 1.105686655814260533e+01 1.127303875177056158e-02 7.679497151436883717e-01 -1.989026322420506254e-02 1.429327227796557687e-01 0.000000000000000000e+00 1.000000000000000000e+00 1.000000000000000000e+00 0.000000000000000000e+00 0.000000000000000000e+00 -1.000000000000000000e+00 -1.000000000000000000e+00
2.100000000000000000e+01 1.841762328930073272e+04 1.666284894915299120e+01 -2.351994820866799493e-02 2.055043199399411158e+00 3.130754706502727025e+00 1.320030521424454296e-02 1.570796326794896558e+00 1.000000000000000000e+00 1.000000000000000000e+00 0.000000000000000000e+00 0.000000000000000000e+00 -1.000000000000000000e+00 -1.000000000000000000e+00
2.300000000000000000e+01 2.478846470555128690e+04 1.145389706871199387e+01 -9.538055926646306359e-02 2.064565439027329585e+00 3.125835348573085870e+00 2.556471371552328925e-02 0.000000000000000000e+00 1.000000000000000000e+00 1.000000000000000000e+00 0.000000000000000000e+00 0.000000000000000000e+00 -1.000000000000000000e+00 -1.000000000000000000e+00
2.900000000000000000e+01 6.952463941496267580e+03 1.073036007158380833e+01 -2.017420367720556065e-03 6.564683085018289121e-01 1.801671663741167065e-02 2.796830366124386860e-02 0.000000000000000000e+00 1.000000000000000000e+00 1.000000000000000000e+00 0.000000000000000000e+00 0.000000000000000000e+00 -1.000000000000000000e+00 -1.000000000000000000e+00
3.300000000000000000e+01 1.155949919829440114e+04 1.066433973573181149e+01 8.224334501416293713e-03 9.907761436905831998e-01 3.127582852553171922e+00 6.802464922773292233e-02 1.570796326794896558e+00 1.000000000000000000e+00 1.000000000000000000e+00 0.000000000000000000e+00 0.000000000000000000e+00 -1.000000000000000000e+00 -1.000000000000000000e+00
3.500000000000000000e+01 2.306196314138617163e+04 1.766884448654472806e+01 -2.670909714034863658e-02 2.160241522249252366e+00 3.974862263816243170e-03 2.807717271662402495e-02 1.570796326794896558e+00 1.000000000000000000e+00 1.000000000000000000e+00 0.000000000000000000e+00 0.000000000000000000e+00 -1.000000000000000000e+00 -1.000000000000000000e+00
3.700000000000000000e+01 1.990917615328447209e+04 3.853937483298453515e+01 -2.083453772047328192e-02 2.249972338215833645e+00 3.153802258800068703e+00 1.607830689766581722e-01 1.570796326794896558e+00 1.000000000000000000e+00 1.000000000000000000e+00 0.000000000000000000e+00 0.000000000000000000e+00 -1.000000000000000000e+00 -1.000000000000000000e+00
4.200000000000000000e+01 7.977823078948047169e+02 2.041049739810842567e+01 -7.387785428245172148e-02 2.605354726937972210e+00 -3.749133422164816973e-03 9.000000000000001055e-02 1.570796326794896558e+00 1.000000000000000000e+00 1.000000000000000000e+00 0.000000000000000000e+00 0.000000000000000000e+00 -1.000000000000000000e+00 -1.000000000000000000e+00
4.500000000000000000e+01 1.752500962822117799e+04 1.275226923273408275e+01 -2.448432288973896240e-02 2.127604741382493447e+00 3.133307669883329094e+00 1.730609854419389373e-02 0.000000000000000000e+00 1.000000000000000000e+00 1.000000000000000000e+00 0.000000000000000000e+00 0.000000000000000000e+00 -1.000000000000000000e+00 -1.000000000000000000e+00
4.600000000000000000e+01 3.777596764332908788e+04 1.473723252353615720e+01 2.607609922528927870e-01 1.238283886151936297e+00 3.552401637298489151e-02 2.478057131880093411e-01 0.000000000000000000e+00 1.000000000000000000e+00 1.000000000000000000e+00 0.000000000000000000e+00 0.000000000000000000e+00 -1.000000000000000000e+00 -1.000000000000000000e+00
4.900000000000000000e+01 5.000000000000000000e+04 1.159833631979865842e+01 1.208771191057485261e-01 1.206713149144909680e+00 3.575563753140722362e-02 8.496410577785169782e-02 0.000000000000000000e+00 1.000000000000000000e+00 1.000000000000000000e+00 0.000000000000000000e+00 0.000000000000000000e+00 -1.000000000000000000e+00 -1.000000000000000000e+00
5.100000000000000000e+01 3.007905883515718233e+04 1.091809043954492076e+01 -2.996329579450969678e-03 9.053453958788689748e-01 3.182469601677888615e+00 1.639719597900991532e-01 1.570796326794896558e+00 1.000000000000000000e+00 1.000000000000000000e+00 0.000000000000000000e+00 0.000000000000000000e+00 -1.000000000000000000e+00 -1.000000000000000000e+00
5.200000000000000000e+01 3.629640974565940996e+04 1.084265288946386896e+01 1.085803967611953386e-01 7.338671705791395272e-01 3.171795035660292861e+00 2.542881078234697778e-01 0.000000000000000000e+00 1.000000000000000000e+00 1.000000000000000000e+00 0.000000000000000000e+00 0.000000000000000000e+00 -1.000000000000000000e+00 -1.000000000000000000e+00
5.300000000000000000e+01 4.378855607729755138e+04 1.077519626706216549e+01 2.658341804694584060e-02 8.371887858033107976e-01 1.207686966068012221e-02 2.231264017048091575e-01 1.570796326794896558e+00 1.000000000000000000e+00 1.000000000000000000e+00 0.000000000000000000e+00 0.000000000000000000e+00 -1.000000000000000000e+00 -1.000000000000000000e+00
5.400000000000000000e+01 2.987917865014389827e+04 1.138142575423199432e+01 -2.884893959552090395e-02 3.045116673880173153e+00 -3.310808393998976307e-02 5.067201816519912444e-02 1.570796326794896558e+00 1.000000000000000000e+00 1.000000000000000000e+00 0.000000000000000000e+00 0.000000000000000000e+00 -1.000000000000000000e+00 -1.000000000000000000e+00
5.600000000000000000e+01 9.255090646595742783e+02 1.849674347034254396e+01 -8.960369431379633376e-02 1.674907087655014948e+00 -1.023071347105473884e-03 9.000000000000001055e-02 0.000000000000000000e+00 1.000000000000000000e+00 1.000000000000000000e+00 0.000000000000000000e+00 0.000000000000000000e+00 -1.000000000000000000e+00 -1.000000000000000000e+00
5.700000000000000000e+01 3.863236870772966358e+04 1.971389320761915798e+01 -1.444552161585602526e-02 2.515026757601873442e+00 -2.911293081445938402e-02 5.871253517561925150e-02 1.570796326794896558e+00 1.000000000000000000e+00 1.000000000000000000e+00 0.000000000000000000e+00 0.000000000000000000e+00 -1.000000000000000000e+00 -1.000000000000000000e+00
5.800000000000000000e+01 2.544247598233778626e+04 3.467019183486379319e+01 2.531119923868963700e-02 1.265207375982777549e-01 -8.609441953314875620e-03 2.678904549050431169e-02 1.570796326794896558e+00 1.000000000000000000e+00 1.000000000000000000e+00 0.000000000000000000e+00 0.000000000000000000e+00 -1.000000000000000000e+00 -1.000000000000000000e+00
6.100000000000000000e+01 2.230941766025296602e+04 1.653108473285302793e+01 -1.804827016294143632e-02 3.100000000000000089e+00 1.324410177002221904e-02 1.791445571578845555e-02 0.000000000000000000e+00 1.000000000000000000e+00 1.000000000000000000e+00 0.000000000000000000e+00 0.000000000000000000e+00 -1.000000000000000000e+00 -1.000000000000000000e+00
6.200000000000000000e+01 4.879291334288116923e+04 1.463407371341416230e+01 -1.755201779350725605e-02 2.962147587461948284e+00 3.190483817551574397e+00 4.491214236175586350e-02 1.570796326794896558e+00 1.000000000000000000e+00 1.000000000000000000e+00 0.000000000000000000e+00 0.000000000000000000e+00 -1.000000000000000000e+00 -1.000000000000000000e+00
6.300000000000000000e+01 3.904833776110793406e+04 1.826387105440502623e+01 2.593360863414068129e-02 7.749338105434899759e-01 3.167518942020108419e+00 6.956346882676653354e-02 1.570796326794896558e+00 1.000000000000000000e+00 1.000000000000000000e+00 0.000000000000000000e+00 0.000000000000000000e+00 -1.000000000000000000e+00 -1.000000000000000000e+00
6.400000000000000000e+01 2.293408291527612892e+04 1.144799170820032863e+01 -1.083459742287768979e-01 2.712336967694579215e+00 -5.128221133666597403e-03 5.272905469104566950e-02 1.570796326794896558e+00 1.000000000000000000e+00 1.000000000000000000e+00 0.000000000000000000e+00 0.000000000000000000e+00 -1.000000000000000000e+00 -1.000000000000000000e+00
6.800000000000000000e+01 2.900911475356915980e+04 1.217219209799459634e+01 -1.290222666222808900e-01 2.843262577846539685e+00 3.172858978464704549e+00 1.901302997430018293e-01 0.000000000000000000e+00 1.000000000000000000e+00 1.000000000000000000e+00 0.000000000000000000e+00 0.000000000000000000e+00 -1.000000000000000000e+00 -1.000000000000000000e+00
7.000000000000000000e+01 4.632337922394431371e+04 1.753816772053960804e+01 -4.087799280076390152e-02 2.296423094436400802e+00 -3.279825621314420153e-02 2.777223527802751835e-01 1.570796326794896558e+00 1.000000000000000000e+00 1.000000000000000000e+00 0.000000000000000000e+00 0.000000000000000000e+00 -1.000000000000000000e+00 -1.000000000000000000e+00
7.100000000000000000e+01 4.442911140354036615e+04 3.776763984433326726e+01 -1.862470886619844654e-02 2.331876619119763738e+00 3.114098580051399612e+00 2.517577798603436515e-02 1.570796326794896558e+00 1.000000000000000000e+00 1.000000000000000000e+00 0.000000000000000000e+00 0.000000000000000000e+00 -1.000000000000000000e+00 -1.000000000000000000e+00
7.200000000000000000e+01 3.159177852237953994e+04 1.754159966598132314e+01 -1.096891557979195464e-01 2.799773035114324404e+00 3.136610229942415007e+00 2.173513463033891480e-01 0.000000000000000000e+00 1.000000000000000000e+00 1.000000000000000000e+00 0.000000000000000000e+00 0.000000000000000000e+00 -1.000000000000000000e+00 -1.000000000000000000e+00
7.500000000000000000e+01 4.901788031598880480e+04 1.615433923754265066e+01 -4.827426876415297913e-02 2.720274401713704382e+00 2.119333952835988910e-02 6.402123794816148850e-02 0.000000000000000000e+00 1.000000000000000000e+00 1.000000000000000000e+00 0.000000000000000000e+00 0.000000000000000000e+00 -1.000000000000000000e+00 -1.000000000000000000e+00
7.700000000000000000e+01 2.793017142966177198e+04 1.260113567249203115e+01 -1.739464349429174217e-01 2.182791494873542515e+00 -3.946050930885067198e-02 2.122877807336342182e-01 0.000000000000000000e+00 1.000000000000000000e+00 1.000000000000000000e+00 0.000000000000000000e+00 0.000000000000000000e+00 -1.000000000000000000e+00 -1.000000000000000000e+00
7.800000000000000000e+01 4.587081373525021627e+04 1.511097798971856676e+01 -1.391143935396272624e-01 3.050007467075956491e+00 3.133310468271766958e+00 2.884652184617337856e-01 1.570796326794896558e+00 1.000000000000000000e+00 1.000000000000000000e+00 0.000000000000000000e+00 0.000000000000000000e+00 -1.000000000000000000e+00 -1.000000000000000000e+00
7.900000000000000000e+01 4.522718866639593762e+04 1.011383529943993231e+01 -1.349797667670442070e-01 2.857904789673833879e+00 3.153762637372107935e+00 2.508513488239244582e-01 0.000000000000000000e+00 1.000000000000000000e+00 1.000000000000000000e+00 0.000000000000000000e+00 0.000000000000000000e+00 -1.000000000000000000e+00 -1.000000000000000000e+00
8.200000000000000000e+01 2.010548888163330412e+04 1.576570861709270233e+01 6.452038982780887444e-02 4.073456247471086145e-01 3.172003519552710316e+00 1.918952255632752624e-01 0.000000000000000000e+00 1.000000000000000000e+00 1.000000000000000000e+00 0.000000000000000000e+00 0.000000000000000000e+00 -1.000000000000000000e+00 -1.000000000000000000e+00
8.300000000000000000e+01 2.675399405847523667e+04 1.043466484694071639e+01 1.560627510578156685e-01 0.000000000000000000e+00 3.152983656198046880e+00 2.435955190008948223e-01 0.000000000000000000e+00 1.000000000000000000e+00 1.000000000000000000e+00 0.000000000000000000e+00 0.000000000000000000e+00 -1.000000000000000000e+00 -1.000000000000000000e+00
8.500000000000000000e+01 3.388571309884981747e+04 1.133160154167556577e+01 9.833222935108926893e-03 7.035146931932334535e-01 3.122773393194270053e+00 2.678350923162020614e-01 0.000000000000000000e+00 1.000000000000000000e+00 1.000000000000000000e+00 0.000000000000000000e+00 0.000000000000000000e+00 -1.000000000000000000e+00 -1.000000000000000000e+00
8.800000000000000000e+01 5.000000000000000000e+04 3.267209954962799401e+01 -1.201841281178109427e-01 2.404510586059332766e+00 3.183460533161549755e+00 1.335424901969326783e-01 1.570796326794896558e+00 1.000000000000000000e+00 1.000000000000000000e+00 0.000000000000000000e+00 0.000000000000000000e+00 -1.000000000000000000e+00 -1.000000000000000000e+00
8.900000000000000000e+01 2.959766185803497137e+04 2.616586527513394955e+01 -1.114862084630088152e-01 2.615849459927940934e+00 -3.320656484688264826e-02 3.074836958542907783e-02 0.000000000000000000e+00 1.000000000000000000e+00 1.000000000000000000e+00 0.000000000000000000e+00 0.000000000000000000e+00 -1.000000000000000000e+00 -1.000000000000000000e+00
9.000000000000000000e+01 2.109746236124921052e+04 1.883696079853194405e+01 -6.349189916788597343e-02 2.470031440987411564e+00 3.139652541882026249e+00 2.967411676146997079e-02 0.000000000000000000e+00 1.000000000000000000e+00 1.000000000000000000e+00 0.000000000000000000e+00 0.000000000000000000e+00 -1.000000000000000000e+00 -1.000000000000000000e+00
9.100000000000000000e+01 3.140078771078189311e+04 1.805648094791149560e+01 -1.163610920029810036e-01 2.418016811764143625e+00 3.160415266307415205e+00 9.240956278899467580e-02 0.000000000000000000e+00 1.000000000000000000e+00 1.000000000000000000e+00 0.000000000000000000e+00 0.000000000000000000e+00 -1.000000000000000000e+00 -1.000000000000000000e+00
9.200000000000000000e+01 4.450643898416806223e+02 1.791383965109610799e+01 2.250352604908924803e-01 8.756011201693001400e-01 3.145278993661681621e+00 2.614293726505430571e-01 0.000000000000000000e+00 1.000000000000000000e+00 1.000000000000000000e+00 0.000000000000000000e+00 0.000000000000000000e+00 -1.000000000000000000e+00 -1.000000000000000000e+00
9.500000000000000000e+01 4.151591979720846211e+03 1.254378770640242813e+01 -4.533075556763344754e-02 1.810514420791270007e+00 3.118214892991219827e-03 9.000000000000001055e-02 1.570796326794896558e+00 1.000000000000000000e+00 1.000000000000000000e+00 0.000000000000000000e+00 0.000000000000000000e+00 -1.000000000000000000e+00 -1.000000000000000000e+00
9.700000000000000000e+01 4.114369742635664443e+04 2.395426999927320466e+01 -1.644565115117900267e-01 2.223157082129533002e+00 -1.817453162956116433e-02 5.488647485477970989e-02 0.000000000000000000e+00 1.000000000000000000e+00 1.000000000000000000e+00 0.000000000000000000e+00 0.000000000000000000e+00 -1.000000000000000000e+00 -1.000000000000000000e+00
1.010000000000000000e+02 4.852756772410857229e+04 1.090827419340814863e+01 -3.762964801556660521e-02 1.843396658356517115e+00 4.071268238713722509e-02 3.412424581636690213e-02 1.570796326794896558e+00 1.000000000000000000e+00 1.000000000000000000e+00 0.000000000000000000e+00 0.000000000000000000e+00 -1.000000000000000000e+00 -1.000000000000000000e+00
1.020000000000000000e+02 1.547600245528796404e+04 1.205362495294237135e+01 -7.981282326139808869e-03 8.385547254599807765e-01 -1.324770249128938036e-03 2.311271104457009173e-02 0.000000000000000000e+00 1.000000000000000000e+00 1.000000000000000000e+00 0.000000000000000000e+00 0.000000000000000000e+00 -1.000000000000000000e+00 -1.000000000000000000e+00
1.030000000000000000e+02 3.900747807874630962e+04 2.011332417879086520e+01 7.445592107478277155e-02 1.130256343984164635e+00 6.835278465115517468e-03 1.627595059049186110e-01 0.000000000000000000e+00 1.000000000000000000e+00 1.000000000000000000e+00 0.000000000000000000e+00 0.000000000000000000e+00 -1.000000000000000000e+00 -1.000000000000000000e+00
1.060000000000000000e+02 5.005712534859393600e+03 1.597595187614378887e+01 -4.400734543986006136e-02 1.916809997812262356e+00 -4.870096264606622177e-03 9.000000000000001055e-02 1.570796326794896558e+00 1.000000000000000000e+00 1.000000000000000000e+00 0.000000000000000000e+00 0.000000000000000000e+00 -1.000000000000000000e+00 -1.000000000000000000e+00
1.090000000000000000e+02 1.357390931620865194e+04 1.250814408779152309e+01 5.964873481471129335e-02 4.010912901400791042e-01 3.120948186356062415e+00 9.000000000000001055e-02 1.570796326794896558e+00 1.000000000000000000e+00 1.000000000000000000e+00 0.000000000000000000e+00 0.000000000000000000e+00 -1.000000000000000000e+00 -1.000000000000000000e+00
1.100000000000000000e+02 3.921798547533519013e+04 1.099396464560777886e+01 -1.502134627809139367e-01 1.963698715344331713e+00 -2.197263724497385690e-02 2.135399658613814367e-01 0.000000000000000000e+00 1.000000000000000000e+00 1.000000000000000000e+00 0.000000000000000000e+00 0.000000000000000000e+00 -1.000000000000000000e+00 -1.000000000000000000e+00
1.160000000000000000e+02 4.989051740832416544e+04 1.546680909950132765e+01 -1.836391560131069023e-01 3.100000000000000089e+00 3.356936428392050253e-02 2.217743236665449535e-01 0.000000000000000000e+00 1.000000000000000000e+00 1.000000000000000000e+00 0.000000000000000000e+00 0.000000000000000000e+00 -1.000000000000000000e+00 -1.000000000000000000e+00
1.170000000000000000e+02 3.155651222034820239e+04 1.042160302121259186e+01 -7.880654873691261830e-02 2.772214634528280541e+00 -9.973846679526192447e-04 1.541227569591738233e-01 0.000000000000000000e+00 1.000000000000000000e+00 1.000000000000000000e+00 0.000000000000000000e+00 0.000000000000000000e+00 -1.000000000000000000e+00 -1.000000000000000000e+00
1.180000000000000000e+02 2.655688477176300148e+04 1.339806446490747938e+01 5.252667404654493000e-04 1.216637222764876514e+00 -3.501509780559858981e-02 3.490776538337073132e-02 1.570796326794896558e+00 1.000000000000000000e+00 1.000000000000000000e+00 0.000000000000000000e+00 0.000000000000000000e+00 -1.000000000000000000e+00 -1.000000000000000000e+00
1.190000000000000000e+02 2.187152769210372571e+04 3.917936602812918778e+01 -4.403775127375483128e-02 3.024284066916592018e+00 3.170347078557735454e+00 6.626261710315592413e-02 0.000000000000000000e+00 1.000000000000000000e+00 1.000000000000000000e+00 0.000000000000000000e+00 0.000000000000000000e+00 -1.000000000000000000e+00 -1.000000000000000000e+00
1.220000000000000000e+02 5.000000000000000000e+04 1.191290136417069334e+01 -5.841437398787816676e-02 2.662106982308223735e+00 3.100171751760420591e+00 8.458945885361832118e-02 0.000000000000000000e+00 1.000000000000000000e+00 1.000000000000000000e+00 0.000000000000000000e+00 0.000000000000000000e+00 -1.000000000000000000e+00 -1.000000000000000000e+00
1.240000000000000000e+02 5.644585603092564270e+03 2.608312571236019650e+01 -1.115014009379859949e-01 2.227426037143635629e+00 3.132426443683935080e+00 9.000000000000001055e-02 1.570796326794896558e+00 1.000000000000000000e+00 1.000000000000000000e+00 0.000000000000000000e+00 0.000000000000000000e+00 -1.000000000000000000e+00 -1.000000000000000000e+00
1.260000000000000000e+02 3.297148485831984726e+04 1.009881472921840384e+01 3.543193287701356699e-03 1.282926632216159435e+00 -3.796210010142937741e-02 9.035556549954351646e-02 0.000000000000000000e+00 1.000000000000000000e+00 1.000000000000000000e+00 0.000000000000000000e+00 0.000000000000000000e+00 -1.000000000000000000e+00 -1.000000000000000000e+00
1.270000000000000000e+02 3.165584559499969691e+04 1.135319642802409312e+01 2.126266834769091063e-01 1.541773485864734283e+00 4.093619517085568538e-02 1.475646096250472251e-02 1.570796326794896558e+00 1.000000000000000000e+00 1.000000000000000000e+00 0.000000000000000000e+00 0.000000000000000000e+00 -1.000000000000000000e+00 -1.000000000000000000e+00
1.300000000000000000e+02 9.529224000169815554e+02 2.456780801739520115e+01 -1.569691104734427800e-01 2.367983032627732687e+00 3.139889520769559184e+00 9.000000000000001055e-02 1.570796326794896558e+00 1.000000000000000000e+00 1.000000000000000000e+00 0.000000000000000000e+00 0.000000000000000000e+00 -1.000000000000000000e+00 -1.000000000000000000e+00
1.320000000000000000e+02 1.169628715558065778e+04 1.002862625176811306e+01 -1.044363768648151752e-01 1.807237944964603660e+00 3.123445111813873964e+00 1.000000000000000056e-01 1.570796326794896558e+00 1.000000000000000000e+00 1.000000000000000000e+00 0.000000000000000000e+00 0.000000000000000000e+00 -1.000000000000000000e+00 -1.000000000000000000e+00
1.330000000000000000e+02 5.000000000000000000e+04 1.102104099756190614e+01 -1.058137472854207839e-02 6.676734958072217951e-01 3.388328755127036074e-02 3.142080975433689943e-02 1.570796326794896558e+00 1.000000000000000000e+00 1.000000000000000000e+00 0.000000000000000000e+00 0.000000000000000000e+00 -1.000000000000000000e+00 -1.000000000000000000e+00
1.340000000000000000e+02 4.871332171787689003e+04 1.352983233490560622e+01 -5.751014389896302870e-02 1.714792503379331867e+00 3.745188277616062766e-02 1.537837744132203033e-01 0.000000000000000000e+00 1.000000000000000000e+00 1.000000000000000000e+00 0.000000000000000000e+00 0.000000000000000000e+00 -1.000000000000000000e+00 -1.000000000000000000e+00
1.350000000000000000e+02 4.541080719476116792e+04 2.401048151244171791e+01 -3.661405653543651356e-02 1.825199601319854370e+00 2.500019989530980619e-02 2.657404582842826449e-02 1.570796326794896558e+00 1.000000000000000000e+00 1.000000000000000000e+00 0.000000000000000000e+00 0.000000000000000000e+00 -1.000000000000000000e+00 -1.000000000000000000e+00
1.360000000000000000e+02 1.374267576870549237e+04 3.753650611139070747e+01 7.198974941549413087e-02 1.081562082943112291e+00 -1.346348908836261489e-03 1.000000000000000056e-01 0.000000000000000000e+00 1.000000000000000000e+00 1.000000000000000000e+00 0.000000000000000000e+00 0.000000000000000000e+00 -1.000000000000000000e+00 -1.000000000000000000e+00
1.380000000000000000e+02 5.906752618678642648e+03 1.132044709033374907e+01 1.021383444823344977e-01 3.626696704966512197e-01 -2.411894716260071150e-03 9.000000000000001055e-02 0.000000000000000000e+00 1.000000000000000000e+00 1.000000000000000000e+00 0.000000000000000000e+00 0.000000000000000000e+00 -1.000000000000000000e+00 -1.000000000000000000e+00
1.390000000000000000e+02 1.784093605646926881e+04 1.195866482161062017e+01 -1.215010752543994599e-01 2.840609157679109487e+00 3.155885421055523832e+00 9.695286160662211494e-02 0.000000000000000000e+00 1.000000000000000000e+00 1.000000000000000000e+00 0.000000000000000000e+00 0.000000000000000000e+00 -1.000000000000000000e+00 -1.000000000000000000e+00
1.420000000000000000e+02 2.978638755934987421e+04 1.133020376478450331e+01 -5.356508594476581953e-02 1.999790636021549162e+00 3.123436564563090823e+00 1.723341957909076128e-01 0.000000000000000000e+00 1.000000000000000000e+00 1.000000000000000000e+00 0.000000000000000000e+00 0.000000000000000000e+00 -1.000000000000000000e+00 -1.000000000000000000e+00
1.470000000000000000e+02 1.993049773715720949e+04 2.607064742567821014e+01 -1.660485451908381427e-01 3.100000000000000089e+00 1.676188516036247701e-03 7.146944093992027569e-02 1.570796326794896558e+00 1.000000000000000000e+00 1.000000000000000000e+00 0.000000000000000000e+00 0.000000000000000000e+00 -1.000000000000000000e+00 -1.000000000000000000e+00
1.520000000000000000e+02 2.012695820200214075e+04 1.121171423434623016e+01 -1.246673208543267256e-02 1.845803314326213584e+00 1.360508252274567065e-02 1.776872667696613103e-02 1.570796326794896558e+00 1.000000000000000000e+00 1.000000000000000000e+00 0.000000000000000000e+00 0.000000000000000000e+00 -1.000000000000000000e+00 -1.000000000000000000e+00
1.540000000000000000e+02 1.624926033381639536e+04 1.215937827287190842e+01 1.310353407183817709e-01 1.636047383056258298e+00 1.137133765406754884e-02 5.732875960868120263e-02 0.000000000000000000e+00 1.000000000000000000e+00 1.000000000000000000e+00 0.000000000000000000e+00 0.000000000000000000e+00 -1.000000000000000000e+00 -1.000000000000000000e+00
1.560000000000000000e+02 1.442539743820903641e+04 2.640300622112470919e+01 1.384825981851592891e-01 1.395007109458804129e+00 -4.708767911070558393e-03 1.000000000000000056e-01 0.000000000000000000e+00 1.000000000000000000e+00 1.000000000000000000e+00 0.000000000000000000e+00 0.000000000000000000e+00 -1.000000000000000000e+00 -1.000000000000000000e+00
1.610000000000000000e+02 9.234344972689415954e+03 1.140375988576057331e+01 5.502770244464011418e-02 6.331880048017042295e-01 7.216610301337929908e-04 5.541033600910532514e-02 1.570796326794896558e+00 1.000000000000000000e+00 1.000000000000000000e+00 0.000000000000000000e+00 0.000000000000000000e+00 -1.000000000000000000e+00 -1.000000000000000000e+00
1.630000000000000000e+02 4.642162445957813907e+04 2.396938430247277552e+01 6.813902350657081997e-02 1.351799434751028706e+00 3.148581965011344241e+00 2.327525700008996612e-01 1.570796326794896558e+00 1.000000000000000000e+00 1.000000000000000000e+00 0.000000000000000000e+00 0.000000000000000000e+00 -1.000000000000000000e+00 -1.000000000000000000e+00
1.650000000000000000e+02 4.668041588001503987e+04 2.529377042787089636e+01 1.200937306009116912e-01 4.361335710028599322e-01 3.176516486205836376e+00 1.259933051097889556e-01 0.000000000000000000e+00 1.000000000000000000e+00 1.000000000000000000e+00 0.000000000000000000e+00 0.000000000000000000e+00 -1.000000000000000000e+00 -1.000000000000000000e+00
1.690000000000000000e+02 1.979619284830885226e+04 1.264753748683783030e+01 -5.891736673199138991e-02 2.395816139379157939e+00 1.726439388897544822e-02 1.000000000000000056e-01 0.000000000000000000e+00 1.000000000000000000e+00 1.000000000000000000e+00 0.000000000000000000e+00 0.000000000000000000e+00 -1.000000000000000000e+00 -1.000000000000000000e+00
1.700000000000000000e+02 2.641440017360661659e+04 2.004405329654991164e+01 1.154697599356582782e-01 3.574954235725033569e-01 -2.144454950609587032e-02 2.217172705677972477e-01 0.000000000000000000e+00 1.000000000000000000e+00 1.000000000000000000e+00 0.000000000000000000e+00 0.000000000000000000e+00 -1.000000000000000000e+00 -1.000000000000000000e+00
1.710000000000000000e+02 7.098823711228865250e+03 2.335192702539468712e+01 4.184641179874590972e-02 1.307680589351806422e+00 -8.205241274208538091e-03 9.000000000000001055e-02 1.570796326794896558e+00 1.000000000000000000e+00 1.000000000000000000e+00 0.000000000000000000e+00 0.000000000000000000e+00 -1.000000000000000000e+00 -1.000000000000000000e+00
1.750000000000000000e+02 1.140093731944851970e+04 1.018297940381000721e+01 -1.938988403964939378e-01 2.341180249665571811e+00 1.206367867949448280e-02 3.660142258708489610e-02 0.000000000000000000e+00 1.000000000000000000e+00 1.000000000000000000e+00 0.000000000000000000e+00 0.000000000000000000e+00 -1.000000000000000000e+00 -1.000000000000000000e+00
1.760000000000000000e+02 4.958603898699702404e+04 1.195070400320170556e+01 -4.010381888887744328e-02 2.811899185701491000e+00 3.171187537561631853e+00 6.865891427822777560e-02 0.000000000000000000e+00 1.000000000000000000e+00 1.000000000000000000e+00 0.000000000000000000e+00 0.000000000000000000e+00 -1.000000000000000000e+00 -1.000000000000000000e+00
1.810000000000000000e+02 6.579262357873516521e+03 2.718380675905411792e+01 1.469667497489665353e-01 7.681114363861023531e-01 3.142865540240548317e+00 9.000000000000001055e-02 1.570796326794896558e+00 1.000000000000000000e+00 1.000000000000000000e+00 0.000000000000000000e+00 0.000000000000000000e+00 -1.000000000000000000e+00 -1.000000000000000000e+00
1.840000000000000000e+02 1.949846869707190854e+04 1.521112903281335171e+01 2.839372176054049540e-02 8.609579893891644575e-01 2.148513318727159060e-02 4.323371288610820123e-02 0.000000000000000000e+00 1.000000000000000000e+00 1.000000000000000000e+00 0.000000000000000000e+00 0.000000000000000000e+00 -1.000000000000000000e+00 -1.000000000000000000e+00
1.870000000000000000e+02 4.427208196928774851e+04 2.019701662030856681e+01 7.817864658984872983e-02 6.001798609212188884e-01 1.803600566133620534e-02 1.554129342169332795e-01 0.000000000000000000e+00 1.000000000000000000e+00 1.000000000000000000e+00 0.000000000000000000e+00 0.000000000000000000e+00 -1.000000000000000000e+00 -1.000000000000000000e+00
1.880000000000000000e+02 2.967313435388437574e+04 1.255082271732490184e+01 -7.544904235340371690e-02 1.857636665454054814e+00 3.140554795831333568e+00 2.622216610163479733e-01 0.000000000000000000e+00 1.000000000000000000e+00 1.000000000000000000e+00 0.000000000000000000e+00 0.000000000000000000e+00 -1.000000000000000000e+00 -1.000000000000000000e+00
1.910000000000000000e+02 8.669439139872423766e+03 1.333177702694930211e+01 -3.103382921735342234e-02 2.998876657898112974e+00 3.121420609084003761e+00 4.676130545409939304e-02 0.000000000000000000e+00 1.000000000000000000e+00 1.000000000000000000e+00 0.000000000000000000e+00 0.000000000000000000e+00 -1.000000000000000000e+00 -1.000000000000000000e+00
1.950000000000000000e+02 2.086332265560133601e+04 1.059365605706058311e+01 1.286948349087494448e-01 4.429015497155613379e-01 3.116189455023349097e+00 4.281678001407302619e-02 1.570796326794896558e+00 1.000000000000000000e+00 1.000000000000000000e+00 0.000000000000000000e+00 0.000000000000000000e+00 -1.000000000000000000e+00 -1.000000000000000000e+00
1.960000000000000000e+02 1.984482398146344349e+04 3.833093154198088826e+01 7.868778484357955016e-02 1.259198003548406941e+00 3.152272909521255162e+00 1.000000000000000056e-01 1.570796326794896558e+00 1.000000000000000000e+00 1.000000000000000000e+00 0.000000000000000000e+00 0.000000000000000000e+00 -1.000000000000000000e+00 -1.000000000000000000e+00
2.000000000000000000e+02 1.945418850619676232e+04 1.051608364328616396e+01 1.398101157671298722e-01 1.225037970035891322e+00 3.174314919388927958e+00 3.485568268371778272e-02 0.000000000000000000e+00 1.000000000000000000e+00 1.000000000000000000e+00 0.000000000000000000e+00 0.000000000000000000e+00 -1.000000000000000000e+00 -1.000000000000000000e+00
3.650000000000000000e+02 5.760208583491811396e+02 1.761100684093021229e+01 4.705412779335382822e-02 1.325600064022239177e+00 0.000000000000000000e+00 4.813574261739941157e-02 -1.000000000000000000e+00 1.000000000000000000e+00 1.000000000000000000e+00 9.200000000000000000e+01 0.000000000000000000e+00 -1.000000000000000000e+00 -1.000000000000000000e+00
9.000000000000000000e+00 4.478405887696050195e+04 1.572623956975754744e+01 9.264468732532225859e-02 1.017348988147867006e+00 0.000000000000000000e+00 6.367282749149498489e-02 1.570796326794896558e+00 1.000000000000000000e+00 1.000000000000000000e+00 0.000000000000000000e+00 0.000000000000000000e+00 -1.000000000000000000e+00 -1.000000000000000000e+00
1.400000000000000000e+01 1.375158352124039084e+04 1.837813745873081572e+01 -1.231343458695152854e-01 2.327421903068019216e+00 8.435116149057869661e-03 2.218923996365127285e-02 1.570796326794896558e+00 1.000000000000000000e+00 1.000000000000000000e+00 0.000000000000000000e+00 0.000000000000000000e+00 -1.000000000000000000e+00 -1.000000000000000000e+00
1.700000000000000000e+01 3.931331995230881876e+04 1.196334936058119958e+01 -1.341015465586038735e-01 3.100000000000000089e+00 0.000000000000000000e+00 1.685239161871011915e-01 1.570796326794896558e+00 1.000000000000000000e+00 1.000000000000000000e+00 0.000000000000000000e+00 0.000000000000000000e+00 -1.000000000000000000e+00 -1.000000000000000000e+00
2.200000000000000000e+01 3.261477384447102304e+04 1.210921132902255870e+01 -6.483751888603841995e-02 2.490956229460734139e+00 0.000000000000000000e+00 1.545799707382581600e-01 1.570796326794896558e+00 1.000000000000000000e+00 1.000000000000000000e+00 0.000000000000000000e+00 0.000000000000000000e+00 -1.000000000000000000e+00 -1.000000000000000000e+00
3.000000000000000000e+01 3.759703440347519063e+03 1.121975206752824938e+01 -1.103844329121214524e-01 2.515782570259835982e+00 8.404922083222493567e-03 9.000000000000001055e-02 1.570796326794896558e+00 1.000000000000000000e+00 1.000000000000000000e+00 0.000000000000000000e+00 0.000000000000000000e+00 -1.000000000000000000e+00 -1.000000000000000000e+00
4.400000000000000000e+01 2.186905666856869357e+04 2.823642182874056417e+01 1.717895077607183366e-02 9.563865028856823880e-01 0.000000000000000000e+00 3.105210390510456525e-02 1.570796326794896558e+00 1.000000000000000000e+00 1.000000000000000000e+00 0.000000000000000000e+00 0.000000000000000000e+00 -1.000000000000000000e+00 -1.000000000000000000e+00
4.700000000000000000e+01 9.685658913087476321e+03 1.070732348664145839e+01 7.212913838860016136e-02 6.544388175443142108e-01 0.000000000000000000e+00 5.976565336897052966e-02 1.570796326794896558e+00 1.000000000000000000e+00 1.000000000000000000e+00 0.000000000000000000e+00 0.000000000000000000e+00 -1.000000000000000000e+00 -1.000000000000000000e+00
4.800000000000000000e+01 6.333946507896110234e+03 1.772863451443624427e+01 9.394362641555523141e-02 2.893585334275060594e-01 0.000000000000000000e+00 9.000000000000001055e-02 1.570796326794896558e+00 1.000000000000000000e+00 1.000000000000000000e+00 0.000000000000000000e+00 0.000000000000000000e+00 -1.000000000000000000e+00 -1.000000000000000000e+00
6.500000000000000000e+01 5.794834475657369694e+03 1.375891004268399698e+01 -6.989741911704598631e-02 2.362912781617914959e+00 4.944526200454176131e-04 1.000000000000000056e-01 1.570796326794896558e+00 1.000000000000000000e+00 1.000000000000000000e+00 0.000000000000000000e+00 0.000000000000000000e+00 -1.000000000000000000e+00 -1.000000000000000000e+00
8.400000000000000000e+01 3.506538497820751945e+04 1.379984419613665914e+01 -2.220919537301654922e-02 1.781928976951769661e+00 0.000000000000000000e+00 1.317111181879772330e-01 1.570796326794896558e+00 1.000000000000000000e+00 1.000000000000000000e+00 0.000000000000000000e+00 0.000000000000000000e+00 -1.000000000000000000e+00 -1.000000000000000000e+00
9.300000000000000000e+01 2.497982900040262393e+04 1.013341082535884041e+01 8.663679685336247993e-02 2.341953266171896697e-01 1.516669017352101703e-02 3.409840649093619225e-02 1.570796326794896558e+00 1.000000000000000000e+00 1.000000000000000000e+00 0.000000000000000000e+00 0.000000000000000000e+00 -1.000000000000000000e+00 -1.000000000000000000e+00
1.040000000000000000e+02 5.000000000000000000e+04 3.155786647583197890e+01 -7.075826284611593311e-03 1.522231961754909602e+00 4.191110886427494575e-02 1.587663011014729328e-02 1.570796326794896558e+00 1.000000000000000000e+00 1.000000000000000000e+00 0.000000000000000000e+00 0.000000000000000000e+00 -1.000000000000000000e+00 -1.000000000000000000e+00
1.070000000000000000e+02 1.914295244932816422e+04 2.599609400197987696e+01 1.494766940897639118e-04 6.050864081767673985e-01 0.000000000000000000e+00 2.095923535297983600e-02 1.570796326794896558e+00 1.000000000000000000e+00 1.000000000000000000e+00 0.000000000000000000e+00 0.000000000000000000e+00 -1.000000000000000000e+00 -1.000000000000000000e+00
1.080000000000000000e+02 1.731532212167030229e+04 3.587775519963321358e+01 -9.428837348746198221e-02 2.300259535315026582e+00 0.000000000000000000e+00 1.585545159412264302e-02 1.570796326794896558e+00 1.000000000000000000e+00 1.000000000000000000e+00 0.000000000000000000e+00 0.000000000000000000e+00 -1.000000000000000000e+00 -1.000000000000000000e+00
1.210000000000000000e+02 3.931930386200224893e+04 1.113329421839507560e+01 5.964033590285852671e-02 1.633746957974036240e+00 0.000000000000000000e+00 2.358003609803495104e-01 1.570796326794896558e+00 1.000000000000000000e+00 1.000000000000000000e+00 0.000000000000000000e+00 0.000000000000000000e+00 -1.000000000000000000e+00 -1.000000000000000000e+00
1.250000000000000000e+02 1.246427729995004847e+04 1.008996091194956612e+01 -1.497751495190477455e-02 2.793206473230286591e+00 2.423840402696521637e-02 7.255483822625333201e-02 1.570796326794896558e+00 1.000000000000000000e+00 1.000000000000000000e+00 0.000000000000000000e+00 0.000000000000000000e+00 -1.000000000000000000e+00 -1.000000000000000000e+00
1.450000000000000000e+02 3.150218285840112731e+04 1.004159484569358796e+01 -1.258572698545712965e-01 2.744293515155237451e+00 2.274299814487521984e-02 2.544355426712451851e-01 1.570796326794896558e+00 1.000000000000000000e+00 1.000000000000000000e+00 0.000000000000000000e+00 0.000000000000000000e+00 -1.000000000000000000e+00 -1.000000000000000000e+00
1.480000000000000000e+02 2.248650509586157204e+04 1.916426768936369740e+01 7.874160687384938739e-02 1.113616666395220944e+00 1.296821669350978548e-02 1.854387912037769315e-02 1.570796326794896558e+00 1.000000000000000000e+00 1.000000000000000000e+00 0.000000000000000000e+00 0.000000000000000000e+00 -1.000000000000000000e+00 -1.000000000000000000e+00
1.510000000000000000e+02 2.590981022180113200e+02 1.311576793384428186e+01 -5.995029198646210228e-02 1.701930540506235934e+00 0.000000000000000000e+00 1.954726056021346414e-01 1.570796326794896558e+00 1.000000000000000000e+00 1.000000000000000000e+00 0.000000000000000000e+00 0.000000000000000000e+00 -1.000000000000000000e+00 -1.000000000000000000e+00
1.590000000000000000e+02 1.117631432891404984e+04 1.171334093939486110e+01 9.500983404086910111e-02 5.235929775033283384e-01 0.000000000000000000e+00 2.199603789498784726e-02 1.570796326794896558e+00 1.000000000000000000e+00 1.000000000000000000e+00 0.000000000000000000e+00 0.000000000000000000e+00 -1.000000000000000000e+00 -1.000000000000000000e+00
1.620000000000000000e+02 2.282898431211518982e+04 2.434484878698191324e+01 -6.188122679285778388e-02 2.862422385333176056e+00 2.258385284922044892e-02 1.206677461354135200e-01 1.570796326794896558e+00 1.000000000000000000e+00 1.000000000000000000e+00 0.000000000000000000e+00 0.000000000000000000e+00 -1.000000000000000000e+00 -1.000000000000000000e+00
1.640000000000000000e+02 4.629137840391926875e+04 2.128205498207078605e+01 2.144643109812993664e-02 1.279321623835623978e+00 0.000000000000000000e+00 2.716508930114191478e-01 1.570796326794896558e+00 1.000000000000000000e+00 1.000000000000000000e+00 0.000000000000000000e+00 0.000000000000000000e+00 -1.000000000000000000e+00 -1.000000000000000000e+00
1.660000000000000000e+02 4.233642933457640902e+04 1.383154285317358045e+01 1.430656676415285045e-01 4.820816928411726376e-01 2.808517667305020921e-02 2.098798127358782462e-01 1.570796326794896558e+00 1.000000000000000000e+00 1.000000000000000000e+00 0.000000000000000000e+00 0.000000000000000000e+00 -1.000000000000000000e+00 -1.000000000000000000e+00
1.720000000000000000e+02 5.000000000000000000e+04 1.093145373760772721e+01 1.594141301954770107e-01 1.428035977760603981e+00 4.940929026543811053e-02 9.697249923709021224e-02 1.570796326794896558e+00 1.000000000000000000e+00 1.000000000000000000e+00 0.000000000000000000e+00 0.000000000000000000e+00 -1.000000000000000000e+00 -1.000000000000000000e+00
1.740000000000000000e+02 3.033818541594572525e+04 3.691216213781213895e+01 1.874191883922045679e-03 5.804050948274888100e-01 2.882238879075174273e-02 6.882328155630250410e-02 1.570796326794896558e+00 1.000000000000000000e+00 1.000000000000000000e+00 0.000000000000000000e+00 0.000000000000000000e+00 -1.000000000000000000e+00 -1.000000000000000000e+00
1.820000000000000000e+02 3.469104221160730958e+04 1.373269410872970653e+01 -3.097944902348541765e-02 3.100000000000000089e+00 0.000000000000000000e+00 9.407502327671193876e-02 1.570796326794896558e+00 1.000000000000000000e+00 1.000000000000000000e+00 0.000000000000000000e+00 0.000000000000000000e+00 -1.000000000000000000e+00 -1.000000000000000000e+00
1.830000000000000000e+02 8.447758063194853094e+03 2.382509518851325225e+01 -1.366628240417372409e-02 2.423138727084172661e+00 0.000000000000000000e+00 1.000000000000000056e-01 1.570796326794896558e+00 1.000000000000000000e+00 1.000000000000000000e+00 0.000000000000000000e+00 0.000000000000000000e+00 -1.000000000000000000e+00 -1.000000000000000000e+00
1.930000000000000000e+02 4.910188689609199355e+04 3.516555411683945920e+01 -3.864930607736544177e-03 1.321802683220510755e+00 0.000000000000000000e+00 2.774241488129206012e-01 1.570796326794896558e+00 1.000000000000000000e+00 1.000000000000000000e+00 0.000000000000000000e+00 0.000000000000000000e+00 -1.000000000000000000e+00 -1.000000000000000000e+00
1.980000000000000000e+02 5.000000000000000000e+04 1.422328211305568502e+01 1.737204825841220657e-01 1.251609649716585171e-01 0.000000000000000000e+00 6.997921831835567097e-02 1.570796326794896558e+00 1.000000000000000000e+00 1.000000000000000000e+00 0.000000000000000000e+00 0.000000000000000000e+00 -1.000000000000000000e+00 -1.000000000000000000e+00
1.990000000000000000e+02 3.507568109910088242e+04 1.237537055761040428e+01 -1.367350529824983285e-01 3.068160129172416983e+00 0.000000000000000000e+00 1.226601717684217344e-02 1.570796326794896558e+00 1.000000000000000000e+00 1.000000000000000000e+00 0.000000000000000000e+00 0.000000000000000000e+00 -1.000000000000000000e+00 -1.000000000000000000e+00
1.000000000000000000e+01 8.826608126476721736e+03 1.090968677777872209e+01 7.325347283276461598e-03 1.371581929440140124e+00 0.000000000000000000e+00 2.483492099258894081e-01 0.000000000000000000e+00 1.000000000000000000e+00 1.000000000000000000e+00 0.000000000000000000e+00 0.000000000000000000e+00 -1.000000000000000000e+00 -1.000000000000000000e+00
3.400000000000000000e+01 1.341318941800978428e+04 1.534719947978175014e+01 -1.603176768471904767e-01 2.187080693776517037e+00 0.000000000000000000e+00 4.256946015687088636e-01 0.000000000000000000e+00 1.000000000000000000e+00 1.000000000000000000e+00 0.000000000000000000e+00 0.000000000000000000e+00 -1.000000000000000000e+00 -1.000000000000000000e+00
8.000000000000000000e+01 1.220323543262508610e+04 1.312606208919691575e+01 1.239948827885589966e-01 1.522359492861292019e+00 0.000000000000000000e+00 5.291784885033670172e-01 0.000000000000000000e+00 1.000000000000000000e+00 1.000000000000000000e+00 0.000000000000000000e+00 0.000000000000000000e+00 -1.000000000000000000e+00 -1.000000000000000000e+00
9.600000000000000000e+01 2.157915244191618331e+04 1.239459295454866705e+01 1.842642423842515143e-04 1.223650862868033373e+00 0.000000000000000000e+00 5.890900186291370133e-01 0.000000000000000000e+00 1.000000000000000000e+00 1.000000000000000000e+00 0.000000000000000000e+00 0.000000000000000000e+00 -1.000000000000000000e+00 -1.000000000000000000e+00
1.000000000000000000e+02 1.347593083606491746e+04 2.904467596253928718e+01 -7.395286660439869507e-03 1.427619645479911270e+00 0.000000000000000000e+00 7.247519583276563759e-01 0.000000000000000000e+00 1.000000000000000000e+00 1.000000000000000000e+00 0.000000000000000000e+00 0.000000000000000000e+00 -1.000000000000000000e+00 -1.000000000000000000e+00
1.140000000000000000e+02 3.752775059958151542e+04 1.345637170688057083e+01 4.999832255880588827e-02 6.532496842129391634e-01 0.000000000000000000e+00 8.992966962701786082e-01 0.000000000000000000e+00 1.000000000000000000e+00 1.000000000000000000e+00 0.000000000000000000e+00 0.000000000000000000e+00 -1.000000000000000000e+00 -1.000000000000000000e+00
1.280000000000000000e+02 1.668741801723927438e+03 2.551654845098337887e+01 3.566799706370037820e-02 9.749637824710780665e-01 0.000000000000000000e+00 8.477089460407895016e-01 0.000000000000000000e+00 1.000000000000000000e+00 1.000000000000000000e+00 0.000000000000000000e+00 0.000000000000000000e+00 -1.000000000000000000e+00 -1.000000000000000000e+00
1.490000000000000000e+02 3.386732379173262598e+04 1.291218727434674385e+01 -4.913217162939541305e-02 1.985663209992587497e+00 0.000000000000000000e+00 8.094052590615167242e-01 0.000000000000000000e+00 1.000000000000000000e+00 1.000000000000000000e+00 0.000000000000000000e+00 0.000000000000000000e+00 -1.000000000000000000e+00 -1.000000000000000000e+00
1.670000000000000000e+02 1.141111828305844756e+04 1.309847407392330254e+01 1.319161920016188316e-01 1.455772161616364135e+00 0.000000000000000000e+00 8.063138780519831794e-01 0.000000000000000000e+00 1.000000000000000000e+00 1.000000000000000000e+00 0.000000000000000000e+00 0.000000000000000000e+00 -1.000000000000000000e+00 -1.000000000000000000e+00
1.780000000000000000e+02 1.905268227983806810e+03 1.039393951163558150e+01 8.191547066038366853e-02 1.312667415110586600e-01 0.000000000000000000e+00 9.711136725164927208e-01 0.000000000000000000e+00 1.000000000000000000e+00 1.000000000000000000e+00 0.000000000000000000e+00 0.000000000000000000e+00 -1.000000000000000000e+00 -1.000000000000000000e+00
1.850000000000000000e+02 1.817075401376924856e+04 1.005432185222295871e+01 3.219281722037634075e-02 1.268193941311431816e+00 0.000000000000000000e+00 6.544076296675879201e-01 0.000000000000000000e+00 1.000000000000000000e+00 1.000000000000000000e+00 0.000000000000000000e+00 0.000000000000000000e+00 -1.000000000000000000e+00 -1.000000000000000000e+00
1.860000000000000000e+02 1.792978525577342225e+04 1.518877690964748339e+01 1.965171733886340033e-01 1.194707685066366709e+00 0.000000000000000000e+00 8.980921538936974535e-01 0.000000000000000000e+00 1.000000000000000000e+00 1.000000000000000000e+00 0.000000000000000000e+00 0.000000000000000000e+00 -1.000000000000000000e+00 -1.000000000000000000e+00
1.900000000000000000e+02 4.239707754878872038e+03 1.618413131055698528e+01 3.789048873552280927e-02 3.557280136331341658e-01 0.000000000000000000e+00 9.834405348978522143e-01 0.000000000000000000e+00 1.000000000000000000e+00 1.000000000000000000e+00 0.000000000000000000e+00 0.000000000000000000e+00 -1.000000000000000000e+00 -1.000000000000000000e+00
3.660000000000000000e+02 7.373979092807129518e+02 1.096719438178389794e+01 -8.639578069092157531e-02 2.087766973239842727e+00 0.000000000000000000e+00 1.000000000000000056e-01 -1.000000000000000000e+00 1.000000000000000000e+00 1.000000000000000000e+00 9.200000000000000000e+01 1.000000000000000000e+05 -1.000000000000000000e+00 -1.000000000000000000e+00
