# id_num orb_a mass spin spin_angle orb_inc orb_ecc orb_arg_periapse orb_ang_mom gen galaxy time_passed gw_freq gw_strain
3.000000000000000000e+00 4.084136234171532851e+04 3.567138384011217767e+01 -7.072438611934434016e-03 1.578838786173032638e+00 3.154920350608466872e+00 1.290119795671405833e-01 1.570796326794896558e+00 -1.000000000000000000e+00 1.000000000000000000e+00 0.000000000000000000e+00 0.000000000000000000e+00 -1.000000000000000000e+00 -1.000000000000000000e+00
4.000000000000000000e+00 2.830914780620063993e+03 1.238578151286090723e+01 -1.152002523332310846e-01 3.039411670890420858e+00 3.132370900043436102e+00 2.171721395220814199e-01 1.570796326794896558e+00 -1.000000000000000000e+00 1.000000000000000000e+00 0.000000000000000000e+00 0.000000000000000000e+00 -1.000000000000000000e+00 -1.000000000000000000e+00
1.900000000000000000e+01 4.380844940402131033e+04 3.631419731132239548e+01 -3.140563717128168342e-02 2.546746141859570933e+00 3.149888148579604863e+00 6.199150552884642729e-02 1.570796326794896558e+00 -1.000000000000000000e+00 1.000000000000000000e+00 0.000000000000000000e+00 0.000000000000000000e+00 -1.000000000000000000e+00 -1.000000000000000000e+00
2.800000000000000000e+01 4.601393364956168080e+04 1.592953365794483034e+01 4.889900252891880156e-02 4.769056095683123497e-01 3.141473240008525902e+00 2.374314941833431114e-01 1.570796326794896558e+00 -1.000000000000000000e+00 1.000000000000000000e+00 0.000000000000000000e+00 0.000000000000000000e+00 -1.000000000000000000e+00 -1.000000000000000000e+00
4.000000000000000000e+01 1.520402820501484530e+04 1.226547049159719727e+01 -7.914693758059000717e-02 2.696070180599175803e+00 3.120039656387453508e+00 1.287966437714465305e-02 1.570796326794896558e+00 -1.000000000000000000e+00 1.000000000000000000e+00 0.000000000000000000e+00 0.000000000000000000e+00 -1.000000000000000000e+00 -1.000000000000000000e+00
4.300000000000000000e+01 2.692180749839027703e+04 1.025748572150244087e+01 1.093271808682746704e-01 8.410477556201318983e-01 3.143027856829907485e+00 8.709251783074152542e-02 1.570796326794896558e+00 -1.000000000000000000e+00 1.000000000000000000e+00 0.000000000000000000e+00 0.000000000000000000e+00 -1.000000000000000000e+00 -1.000000000000000000e+00
5.500000000000000000e+01 3.869867250309402152e+04 3.524911885879632933e+01 -5.507231971852902946e-02 2.258619225514657103e+00 3.155678036467157277e+00 2.359369968375616966e-01 1.570796326794896558e+00 -1.000000000000000000e+00 1.000000000000000000e+00 0.000000000000000000e+00 0.000000000000000000e+00 -1.000000000000000000e+00 -1.000000000000000000e+00
6.000000000000000000e+01 4.981204890440382769e+03 1.080494310931299395e+01 1.065567210020009203e-01 6.427359897938219602e-01 3.122811340294130655e+00 2.724466272878722783e-01 1.570796326794896558e+00 -1.000000000000000000e+00 1.000000000000000000e+00 0.000000000000000000e+00 0.000000000000000000e+00 -1.000000000000000000e+00 -1.000000000000000000e+00
7.300000000000000000e+01 2.625632617516606842e+04 1.042497177729674718e+01 -1.167547008301161038e-01 2.539438473444263433e+00 3.108711204193638444e+00 2.401970692309272903e-02 1.570796326794896558e+00 -1.000000000000000000e+00 1.000000000000000000e+00 0.000000000000000000e+00 0.000000000000000000e+00 -1.000000000000000000e+00 -1.000000000000000000e+00
8.100000000000000000e+01 1.946959610404563864e+04 1.499651921212156402e+01 9.622720319851889303e-02 1.181905991633036113e+00 3.162192247143953860e+00 7.878832527654133777e-02 1.570796326794896558e+00 -1.000000000000000000e+00 1.000000000000000000e+00 0.000000000000000000e+00 0.000000000000000000e+00 -1.000000000000000000e+00 -1.000000000000000000e+00
8.600000000000000000e+01 3.080830031099469488e+04 1.016111375647752446e+01 2.875150351681858563e-02 1.931951039157807359e-01 3.126214058980992139e+00 4.061869489774552061e-02 1.570796326794896558e+00 -1.000000000000000000e+00 1.000000000000000000e+00 0.000000000000000000e+00 0.000000000000000000e+00 -1.000000000000000000e+00 -1.000000000000000000e+00
8.700000000000000000e+01 4.788890535176671256e+04 1.577251258379853205e+01 -1.687680656181420047e-02 1.738171498521764002e+00 3.105436035409068207e+00 1.934414569390487948e-01 1.570796326794896558e+00 -1.000000000000000000e+00 1.000000000000000000e+00 0.000000000000000000e+00 0.000000000000000000e+00 -1.000000000000000000e+00 -1.000000000000000000e+00
9.400000000000000000e+01 1.271006980928928169e+04 1.597648934150610600e+01 -1.661527928691421963e-01 1.869577614252876607e+00 3.160567396949752084e+00 1.836894057747620601e-01 1.570796326794896558e+00 -1.000000000000000000e+00 1.000000000000000000e+00 0.000000000000000000e+00 0.000000000000000000e+00 -1.000000000000000000e+00 -1.000000000000000000e+00
9.900000000000000000e+01 3.453918768537388678e+04 1.771936749962695501e+01 -6.995739794638590470e-02 1.694696704395824982e+00 3.163882912755269228e+00 2.264310457377874050e-02 1.570796326794896558e+00 -1.000000000000000000e+00 1.000000000000000000e+00 0.000000000000000000e+00 0.000000000000000000e+00 -1.000000000000000000e+00 -1.000000000000000000e+00
1.290000000000000000e+02 3.068550626481730069e+04 1.331337018100072811e+01 -9.835135457930381520e-02 1.921853605013260857e+00 3.130734168172914167e+00 2.224583126131110811e-01 1.570796326794896558e+00 -1.000000000000000000e+00 1.000000000000000000e+00 0.000000000000000000e+00 0.000000000000000000e+00 -1.000000000000000000e+00 -1.000000000000000000e+00
1.400000000000000000e+02 1.786163537704234477e+04 1.363988628782699664e+01 6.714938511418112876e-02 4.445351597643245611e-01 3.123475343219833888e+00 1.499267933407253395e-01 1.570796326794896558e+00 -1.000000000000000000e+00 1.000000000000000000e+00 0.000000000000000000e+00 0.000000000000000000e+00 -1.000000000000000000e+00 -1.000000000000000000e+00
1.410000000000000000e+02 1.716977292545891396e+04 1.774518782630802605e+01 7.172865092825508881e-02 5.066113605074693549e-01 3.161748390576170298e+00 2.707414683830481339e-01 1.570796326794896558e+00 -1.000000000000000000e+00 1.000000000000000000e+00 0.000000000000000000e+00 0.000000000000000000e+00 -1.000000000000000000e+00 -1.000000000000000000e+00
1.580000000000000000e+02 4.819818848751143378e+04 1.835935183752584265e+01 -9.731826494100609404e-02 2.866787086658425743e+00 3.093436313702860652e+00 2.682170219514603549e-01 1.570796326794896558e+00 -1.000000000000000000e+00 1.000000000000000000e+00 0.000000000000000000e+00 0.000000000000000000e+00 -1.000000000000000000e+00 -1.000000000000000000e+00
1.770000000000000000e+02 3.123020364895671810e+04 2.332036472005473371e+01 -5.499597600268314734e-02 2.084065417483570215e+00 3.146660154654964625e+00 1.538803588464718042e-01 1.570796326794896558e+00 -1.000000000000000000e+00 1.000000000000000000e+00 0.000000000000000000e+00 0.000000000000000000e+00 -1.000000000000000000e+00 -1.000000000000000000e+00
1.790000000000000000e+02 3.893109830155043892e+04 2.314594547263298807e+01 5.542847016767973867e-02 1.488032692291566761e+00 3.158592736990075700e+00 1.680962613230926606e-01 1.570796326794896558e+00 -1.000000000000000000e+00 1.000000000000000000e+00 0.000000000000000000e+00 0.000000000000000000e+00 -1.000000000000000000e+00 -1.000000000000000000e+00
1.920000000000000000e+02 4.353212651495993487e+04 3.159439061898942924e+01 1.464433453310849398e-01 8.652517345615972078e-01 3.111683653855529030e+00 1.509003792613897166e-01 1.570796326794896558e+00 -1.000000000000000000e+00 1.000000000000000000e+00 0.000000000000000000e+00 0.000000000000000000e+00 -1.000000000000000000e+00 -1.000000000000000000e+00
1.970000000000000000e+02 4.746589167104077933e+04 1.003145546349659867e+01 5.396895604826498771e-02 3.182049493046635799e-03 3.110259937546721698e+00 1.913739403107847861e-02 1.570796326794896558e+00 -1.000000000000000000e+00 1.000000000000000000e+00 0.000000000000000000e+00 0.000000000000000000e+00 -1.000000000000000000e+00 -1.000000000000000000e+00
