# id_num orb_a mass spin spin_angle orb_inc orb_ecc orb_arg_periapse orb_ang_mom gen galaxy time_passed star_X star_Y star_Z radius
2.370000000000000000e+02 4.139354435949832833e+01 1.476889359393249379e+03 9.349999999999999423e-01 1.378444008926157149e+00 0.000000000000000000e+00 3.253320908684292911e-01 1.570796326794896558e+00 1.192171751160762880e+18 1.000000000000000000e+00 0.000000000000000000e+00 0.000000000000000000e+00 7.273999999999999355e-01 2.637999999999999790e-01 8.800000000000000530e-03 3.402534212450463542e+02
2.410000000000000000e+02 3.997959544775895324e+01 2.220715113672340067e+03 9.349999999999999423e-01 7.517264502004384896e-01 0.000000000000000000e+00 3.577760157402780639e-01 0.000000000000000000e+00 1.844365595752343296e+18 1.000000000000000000e+00 0.000000000000000000e+00 0.000000000000000000e+00 7.273999999999999355e-01 2.637999999999999790e-01 8.800000000000000530e-03 4.715398599107386417e+02
2.420000000000000000e+02 4.501439564893603773e+01 1.865899330799620884e+03 9.349999999999999423e-01 1.499721123651714061e+00 0.000000000000000000e+00 3.187182621054631126e-01 0.000000000000000000e+00 1.560545102102503168e+18 1.000000000000000000e+00 0.000000000000000000e+00 0.000000000000000000e+00 7.273999999999999355e-01 2.637999999999999790e-01 8.800000000000000530e-03 4.102368782135797574e+02
2.430000000000000000e+02 3.670147727416676986e+01 2.195993140371352638e+03 9.349999999999999423e-01 7.473064782981023724e-01 0.000000000000000000e+00 5.632550892262303543e-01 1.570796326794896558e+00 1.849631118733360128e+18 1.000000000000000000e+00 0.000000000000000000e+00 0.000000000000000000e+00 7.273999999999999355e-01 2.637999999999999790e-01 8.800000000000000530e-03 4.673356532842177558e+02
2.440000000000000000e+02 4.132354314975705734e+01 1.783421237214254688e+03 9.349999999999999423e-01 5.144280904282644284e-01 0.000000000000000000e+00 5.741773169949501154e-01 1.570796326794896558e+00 1.513336263461420032e+18 1.000000000000000000e+00 0.000000000000000000e+00 0.000000000000000000e+00 7.273999999999999355e-01 2.637999999999999790e-01 8.800000000000000530e-03 3.956646755111584639e+02
2.450000000000000000e+02 5.955891000028978510e+01 1.976818526758181179e+03 9.349999999999999423e-01 4.182420129081190763e-01 0.000000000000000000e+00 1.790135581787298882e-02 0.000000000000000000e+00 1.688876093719920128e+18 1.000000000000000000e+00 0.000000000000000000e+00 0.000000000000000000e+00 7.273999999999999355e-01 2.637999999999999790e-01 8.800000000000000530e-03 4.296329422116866112e+02
2.490000000000000000e+02 5.774770967213847683e+01 2.432421578153126575e+03 9.349999999999999423e-01 1.589447452474677114e+00 0.000000000000000000e+00 1.145484337880053015e-02 0.000000000000000000e+00 2.139981804962748928e+18 1.000000000000000000e+00 0.000000000000000000e+00 0.000000000000000000e+00 7.273999999999999355e-01 2.637999999999999790e-01 8.800000000000000530e-03 5.071719304783264306e+02
2.500000000000000000e+02 5.193370031865204339e+01 2.327224640153062865e+03 9.349999999999999423e-01 1.156229967224737143e+00 0.000000000000000000e+00 1.291306791670828180e-01 0.000000000000000000e+00 2.062807224482209024e+18 1.000000000000000000e+00 0.000000000000000000e+00 0.000000000000000000e+00 7.273999999999999355e-01 2.637999999999999790e-01 8.800000000000000530e-03 4.895474319337604356e+02
2.520000000000000000e+02 6.193557405008132122e+01 2.597874259320400597e+03 9.349999999999999423e-01 1.832211671877220560e+00 0.000000000000000000e+00 1.642911039997215286e-02 1.570796326794896558e+00 2.337864440471569920e+18 1.000000000000000000e+00 0.000000000000000000e+00 0.000000000000000000e+00 7.273999999999999355e-01 2.637999999999999790e-01 8.800000000000000530e-03 5.345872948039191215e+02
2.530000000000000000e+02 5.785683054187821028e+01 3.134997603665230599e+03 9.349999999999999423e-01 1.829208572528821630e+00 0.000000000000000000e+00 4.433264766104170335e-02 0.000000000000000000e+00 2.841192388526515200e+18 1.000000000000000000e+00 0.000000000000000000e+00 0.000000000000000000e+00 7.273999999999999355e-01 2.637999999999999790e-01 8.800000000000000530e-03 6.213179520262822280e+02
2.540000000000000000e+02 6.340116682639210666e+01 2.568521808324684571e+03 9.349999999999999423e-01 1.156904114699673691e+00 0.000000000000000000e+00 3.145136867602513209e-02 1.570796326794896558e+00 2.346214482532845568e+18 1.000000000000000000e+00 0.000000000000000000e+00 0.000000000000000000e+00 7.273999999999999355e-01 2.637999999999999790e-01 8.800000000000000530e-03 5.297497220384990442e+02
2.550000000000000000e+02 6.658649524111699236e+01 2.935641707597978439e+03 9.349999999999999423e-01 7.443531170502828420e-01 0.000000000000000000e+00 3.662773170762463615e-02 1.570796326794896558e+00 2.702591675319688192e+18 1.000000000000000000e+00 0.000000000000000000e+00 0.000000000000000000e+00 7.273999999999999355e-01 2.637999999999999790e-01 8.800000000000000530e-03 5.895037483448264766e+02
2.560000000000000000e+02 5.101000552451569803e+01 2.597138036880509844e+03 9.349999999999999423e-01 6.193725924000192951e-01 0.000000000000000000e+00 4.495024538686162585e-01 1.570796326794896558e+00 2.409356839356982272e+18 1.000000000000000000e+00 0.000000000000000000e+00 0.000000000000000000e+00 7.273999999999999355e-01 2.637999999999999790e-01 8.800000000000000530e-03 5.344660922272939843e+02
2.570000000000000000e+02 4.687107022984099558e+01 3.036377059135179934e+03 9.349999999999999423e-01 1.643697511553909640e+00 0.000000000000000000e+00 4.919945009334747432e-01 0.000000000000000000e+00 2.838119105498781184e+18 1.000000000000000000e+00 0.000000000000000000e+00 0.000000000000000000e+00 7.273999999999999355e-01 2.637999999999999790e-01 8.800000000000000530e-03 6.056318307732196899e+02
2.590000000000000000e+02 4.333117354323433545e+01 2.992745708024877331e+03 9.349999999999999423e-01 7.965220561794450482e-01 0.000000000000000000e+00 4.804154378746193776e-01 0.000000000000000000e+00 2.840249578570723840e+18 1.000000000000000000e+00 0.000000000000000000e+00 0.000000000000000000e+00 7.273999999999999355e-01 2.637999999999999790e-01 8.800000000000000530e-03 5.986596463898746379e+02
2.600000000000000000e+02 7.401194013063096122e+01 3.333838019669055029e+03 9.349999999999999423e-01 1.655977480799800894e+00 0.000000000000000000e+00 1.487089513894248108e-02 1.570796326794896558e+00 3.188591163052505600e+18 1.000000000000000000e+00 0.000000000000000000e+00 0.000000000000000000e+00 7.273999999999999355e-01 2.637999999999999790e-01 8.800000000000000530e-03 6.526490760855990629e+02
2.660000000000000000e+02 7.410038704308099966e+01 4.095914698577795662e+03 9.349999999999999423e-01 1.055357270658787261e+00 0.000000000000000000e+00 1.268066920974894769e-02 1.570796326794896558e+00 4.108230881437187584e+18 1.000000000000000000e+00 0.000000000000000000e+00 0.000000000000000000e+00 7.273999999999999355e-01 2.637999999999999790e-01 8.800000000000000530e-03 7.694933203758052969e+02
2.670000000000000000e+02 8.063164686988422147e+01 4.280523672617711782e+03 9.349999999999999423e-01 6.955349840450804066e-01 0.000000000000000000e+00 3.736760919135913295e-02 0.000000000000000000e+00 4.327207353651597824e+18 1.000000000000000000e+00 0.000000000000000000e+00 0.000000000000000000e+00 7.273999999999999355e-01 2.637999999999999790e-01 8.800000000000000530e-03 7.971162340405571740e+02
2.680000000000000000e+02 8.473235883914922795e+01 4.457557963098681284e+03 9.349999999999999423e-01 1.653131773904387591e+00 0.000000000000000000e+00 1.226522472317772595e-02 0.000000000000000000e+00 4.544870562817133056e+18 1.000000000000000000e+00 0.000000000000000000e+00 0.000000000000000000e+00 7.273999999999999355e-01 2.637999999999999790e-01 8.800000000000000530e-03 8.233826867033247936e+02
2.690000000000000000e+02 5.592214286865861794e+01 4.745606426965560786e+03 9.349999999999999423e-01 1.534071941804374672e+00 0.000000000000000000e+00 2.678726961987027907e-02 1.570796326794896558e+00 4.878759743408959488e+18 1.000000000000000000e+00 0.000000000000000000e+00 0.000000000000000000e+00 7.273999999999999355e-01 2.637999999999999790e-01 8.800000000000000530e-03 8.656802421572887170e+02
2.710000000000000000e+02 7.545628970098178456e+01 5.766313444094221268e+03 9.349999999999999423e-01 8.859809420792960077e-01 0.000000000000000000e+00 6.242895233554621170e-02 0.000000000000000000e+00 6.023835621367356416e+18 1.000000000000000000e+00 0.000000000000000000e+00 0.000000000000000000e+00 7.273999999999999355e-01 2.637999999999999790e-01 8.800000000000000530e-03 1.011678983937642897e+03
2.740000000000000000e+02 9.669822088238495894e+01 6.000256860988313747e+03 9.349999999999999423e-01 1.650921384125350722e+00 0.000000000000000000e+00 9.000000000000001055e-02 0.000000000000000000e+00 6.425760349397899264e+18 1.000000000000000000e+00 0.000000000000000000e+00 0.000000000000000000e+00 7.273999999999999355e-01 2.637999999999999790e-01 8.800000000000000530e-03 1.044383508158006407e+03
2.750000000000000000e+02 8.219965120539650627e+01 6.516672248621888684e+03 9.389999999999999458e-01 1.191587952756940627e+00 0.000000000000000000e+00 4.855198703917912306e-02 1.570796326794896558e+00 7.039300097955464192e+18 1.000000000000000000e+00 0.000000000000000000e+00 0.000000000000000000e+00 7.273999999999999355e-01 2.637999999999999790e-01 8.800000000000000530e-03 1.115693324842333595e+03
2.770000000000000000e+02 1.075706470346175081e+02 6.863009015832671139e+03 9.349999999999999423e-01 3.630626580311394069e-01 0.000000000000000000e+00 2.792034486753681294e-02 0.000000000000000000e+00 7.540291968709658624e+18 1.000000000000000000e+00 0.000000000000000000e+00 0.000000000000000000e+00 7.273999999999999355e-01 2.637999999999999790e-01 8.800000000000000530e-03 1.162882371705398327e+03
2.800000000000000000e+02 1.024038174042814546e+02 6.811653158547403109e+03 9.349999999999999423e-01 1.586690033326870530e+00 0.000000000000000000e+00 9.000000000000001055e-02 1.570796326794896558e+00 7.680368245206550528e+18 1.000000000000000000e+00 0.000000000000000000e+00 0.000000000000000000e+00 7.273999999999999355e-01 2.637999999999999790e-01 8.800000000000000530e-03 1.155915673062784890e+03
2.810000000000000000e+02 1.060956272165071823e+02 7.165775606440120100e+03 9.349999999999999423e-01 8.572447785843173573e-01 0.000000000000000000e+00 2.634881612260127001e-02 0.000000000000000000e+00 8.149846684171401216e+18 1.000000000000000000e+00 0.000000000000000000e+00 0.000000000000000000e+00 7.273999999999999355e-01 2.637999999999999790e-01 8.800000000000000530e-03 1.203745550796087173e+03
2.820000000000000000e+02 1.023331984488043673e+02 8.001913481506610879e+03 9.349999999999999423e-01 0.000000000000000000e+00 0.000000000000000000e+00 8.100000000000001643e-02 1.570796326794896558e+00 9.181647944829302784e+18 1.000000000000000000e+00 0.000000000000000000e+00 0.000000000000000000e+00 7.273999999999999355e-01 2.637999999999999790e-01 8.800000000000000530e-03 1.314859088452863489e+03
2.830000000000000000e+02 1.124440506080064068e+02 8.398796778015106611e+03 9.349999999999999423e-01 7.909365430333795688e-01 0.000000000000000000e+00 9.000000000000001055e-02 1.570796326794896558e+00 9.720470947217795072e+18 1.000000000000000000e+00 0.000000000000000000e+00 0.000000000000000000e+00 7.273999999999999355e-01 2.637999999999999790e-01 8.800000000000000530e-03 1.366777402671993514e+03
2.840000000000000000e+02 1.112341103831091829e+02 8.432035020046028876e+03 9.349999999999999423e-01 1.389879330242242972e+00 0.000000000000000000e+00 8.100000000000001643e-02 0.000000000000000000e+00 9.845564785055901696e+18 1.000000000000000000e+00 0.000000000000000000e+00 0.000000000000000000e+00 7.273999999999999355e-01 2.637999999999999790e-01 8.800000000000000530e-03 1.371102910629591406e+03
2.870000000000000000e+02 1.191038546908468874e+02 9.887249073455108373e+03 9.349999999999999423e-01 1.790581015042557844e+00 0.000000000000000000e+00 1.936794364924188105e-02 1.570796326794896558e+00 1.185972454450211021e+19 1.000000000000000000e+00 0.000000000000000000e+00 0.000000000000000000e+00 7.273999999999999355e-01 2.637999999999999790e-01 8.800000000000000530e-03 1.557343846982427067e+03
2.880000000000000000e+02 1.271080511431470370e+02 9.998604140453830041e+03 9.349999999999999423e-01 6.438522441086588222e-01 0.000000000000000000e+00 1.000000000000000056e-01 1.570796326794896558e+00 1.210326222344397414e+19 1.000000000000000000e+00 0.000000000000000000e+00 0.000000000000000000e+00 7.273999999999999355e-01 2.637999999999999790e-01 8.800000000000000530e-03 1.571359773116643964e+03
2.900000000000000000e+02 1.113311651350412887e+02 1.099088383825301207e+04 9.349999999999999423e-01 1.254908234995612659e+00 0.000000000000000000e+00 3.173390188833113967e-02 0.000000000000000000e+00 1.354789520586189005e+19 1.000000000000000000e+00 0.000000000000000000e+00 0.000000000000000000e+00 7.273999999999999355e-01 2.637999999999999790e-01 8.800000000000000530e-03 1.694923986295573286e+03
2.910000000000000000e+02 1.343657837491805651e+02 1.129223901192558696e+04 9.349999999999999423e-01 1.055207033101726921e+00 0.000000000000000000e+00 1.154161090530180823e-02 0.000000000000000000e+00 1.404790820179524608e+19 1.000000000000000000e+00 0.000000000000000000e+00 0.000000000000000000e+00 7.273999999999999355e-01 2.637999999999999790e-01 8.800000000000000530e-03 1.732001169764600490e+03
2.950000000000000000e+02 1.317858442729873616e+02 1.381855199355093646e+04 9.349999999999999423e-01 1.110429019539890261e+00 0.000000000000000000e+00 1.806776111710451521e-02 1.570796326794896558e+00 1.784941892061670605e+19 1.000000000000000000e+00 0.000000000000000000e+00 0.000000000000000000e+00 7.273999999999999355e-01 2.637999999999999790e-01 8.800000000000000530e-03 2.035608056570388044e+03
2.990000000000000000e+02 1.468153520975981507e+02 1.662730914309496075e+04 9.349999999999999423e-01 3.540312883813374056e-01 0.000000000000000000e+00 4.468646948644626471e-02 0.000000000000000000e+00 2.231894154261631386e+19 1.000000000000000000e+00 0.000000000000000000e+00 0.000000000000000000e+00 7.273999999999999355e-01 2.637999999999999790e-01 8.800000000000000530e-03 2.360378818291108473e+03
3.010000000000000000e+02 1.570684211671219828e+02 1.752470072292049736e+04 9.349999999999999423e-01 1.312251118933873473e+00 0.000000000000000000e+00 1.000000000000000056e-01 1.570796326794896558e+00 2.398566688637056614e+19 1.000000000000000000e+00 0.000000000000000000e+00 0.000000000000000000e+00 7.273999999999999355e-01 2.637999999999999790e-01 8.800000000000000530e-03 2.461753814623662038e+03
3.030000000000000000e+02 1.610281807994699648e+02 1.978917416785599926e+04 9.349999999999999423e-01 1.829387762296727837e+00 0.000000000000000000e+00 1.000000000000000056e-01 1.570796326794896558e+00 2.762706384182350234e+19 1.000000000000000000e+00 0.000000000000000000e+00 0.000000000000000000e+00 7.273999999999999355e-01 2.637999999999999790e-01 8.800000000000000530e-03 2.713102916096269837e+03
3.040000000000000000e+02 1.792562912263858266e+02 2.111338100275365650e+04 9.349999999999999423e-01 4.854977414188613727e-01 0.000000000000000000e+00 2.400151248589487904e-02 1.570796326794896558e+00 2.977046488611704422e+19 1.000000000000000000e+00 0.000000000000000000e+00 0.000000000000000000e+00 7.273999999999999355e-01 2.637999999999999790e-01 8.800000000000000530e-03 2.857395519418962522e+03
3.050000000000000000e+02 1.715585594100616049e+02 2.159322550203280116e+04 9.349999999999999423e-01 8.069678061861741414e-01 0.000000000000000000e+00 2.173633545925719723e-02 1.570796326794896558e+00 3.075231720177606656e+19 1.000000000000000000e+00 0.000000000000000000e+00 0.000000000000000000e+00 7.273999999999999355e-01 2.637999999999999790e-01 8.800000000000000530e-03 2.909230604859219966e+03
3.060000000000000000e+02 1.811407181899893430e+02 2.210067028462438975e+04 9.349999999999999423e-01 1.830597997654723752e+00 0.000000000000000000e+00 9.000000000000001055e-02 1.570796326794896558e+00 3.179089039729318707e+19 1.000000000000000000e+00 0.000000000000000000e+00 0.000000000000000000e+00 7.273999999999999355e-01 2.637999999999999790e-01 8.800000000000000530e-03 2.963797230559784111e+03
3.080000000000000000e+02 1.477018609272676315e+02 2.497577783880539937e+04 9.349999999999999423e-01 1.779651395789857427e+00 0.000000000000000000e+00 2.862219416986910847e-02 1.570796326794896558e+00 3.667131674859045274e+19 1.000000000000000000e+00 0.000000000000000000e+00 0.000000000000000000e+00 7.273999999999999355e-01 2.637999999999999790e-01 8.800000000000000530e-03 3.268431215566724404e+03
3.090000000000000000e+02 2.856150413828134447e+02 2.704362724658321895e+04 9.349999999999999423e-01 1.593866155214114899e+00 0.000000000000000000e+00 9.000000000000001055e-02 1.570796326794896558e+00 4.012439286353013146e+19 1.000000000000000000e+00 0.000000000000000000e+00 0.000000000000000000e+00 7.273999999999999355e-01 2.637999999999999790e-01 8.800000000000000530e-03 3.483181335098968702e+03
3.100000000000000000e+02 1.760713990587607327e+02 2.675142922074540547e+04 9.369999999999999440e-01 8.497987988350506061e-01 0.000000000000000000e+00 9.000000000000001055e-02 1.570796326794896558e+00 4.009755123463664435e+19 1.000000000000000000e+00 0.000000000000000000e+00 0.000000000000000000e+00 7.273999999999999355e-01 2.637999999999999790e-01 8.800000000000000530e-03 3.453040905785003815e+03
3.130000000000000000e+02 2.036290252479990102e+02 3.158830405206201613e+04 9.369999999999999440e-01 1.506574205435589731e+00 0.000000000000000000e+00 9.000000000000001055e-02 0.000000000000000000e+00 4.886496825452159795e+19 1.000000000000000000e+00 0.000000000000000000e+00 0.000000000000000000e+00 7.273999999999999355e-01 2.637999999999999790e-01 8.800000000000000530e-03 3.944075130678241294e+03
3.140000000000000000e+02 2.911820234099109825e+02 3.416817012892277853e+04 9.349999999999999423e-01 5.335240536665517563e-01 0.000000000000000000e+00 9.000000000000001055e-02 0.000000000000000000e+00 5.342870181177716736e+19 1.000000000000000000e+00 0.000000000000000000e+00 0.000000000000000000e+00 7.273999999999999355e-01 2.637999999999999790e-01 8.800000000000000530e-03 4.199731330757767864e+03
3.160000000000000000e+02 1.460900884482433071e+02 3.745839438275266730e+04 9.349999999999999423e-01 1.220500580627809306e+00 0.000000000000000000e+00 1.000000000000000056e-01 0.000000000000000000e+00 5.985354998914822144e+19 1.000000000000000000e+00 0.000000000000000000e+00 0.000000000000000000e+00 7.273999999999999355e-01 2.637999999999999790e-01 8.800000000000000530e-03 4.520260438574060572e+03
3.170000000000000000e+02 2.168144970131467630e+02 3.822604141061155678e+04 9.349999999999999423e-01 7.576237478713004903e-01 0.000000000000000000e+00 1.000000000000000056e-01 1.570796326794896558e+00 6.176060400855008870e+19 1.000000000000000000e+00 0.000000000000000000e+00 0.000000000000000000e+00 7.273999999999999355e-01 2.637999999999999790e-01 8.800000000000000530e-03 4.594217928331304392e+03
3.180000000000000000e+02 1.381191114457936635e+02 4.033731045372752851e+04 9.369999999999999440e-01 1.681326138470494724e+00 0.000000000000000000e+00 1.000000000000000056e-01 1.570796326794896558e+00 6.588483231966682317e+19 1.000000000000000000e+00 0.000000000000000000e+00 0.000000000000000000e+00 7.273999999999999355e-01 2.637999999999999790e-01 8.800000000000000530e-03 4.796116034507797849e+03
3.190000000000000000e+02 1.910943738327311507e+02 4.298754180611453194e+04 9.349999999999999423e-01 1.537759567846072040e+00 0.000000000000000000e+00 9.000000000000001055e-02 1.570796326794896558e+00 7.098793499744955597e+19 1.000000000000000000e+00 0.000000000000000000e+00 0.000000000000000000e+00 7.273999999999999355e-01 2.637999999999999790e-01 8.800000000000000530e-03 5.046592296925805385e+03
3.230000000000000000e+02 1.845875901214258192e+02 5.203346611218238831e+04 9.349999999999999423e-01 7.913197817844443982e-01 0.000000000000000000e+00 1.000000000000000056e-01 0.000000000000000000e+00 8.988219915232758989e+19 1.000000000000000000e+00 0.000000000000000000e+00 0.000000000000000000e+00 7.273999999999999355e-01 2.637999999999999790e-01 8.800000000000000530e-03 5.879634597671984920e+03
3.260000000000000000e+02 2.368907159001923333e+02 6.239908653933284950e+04 9.349999999999999423e-01 1.274064674003375863e+00 0.000000000000000000e+00 9.000000000000001055e-02 1.570796326794896558e+00 1.115889189894731694e+20 1.000000000000000000e+00 0.000000000000000000e+00 0.000000000000000000e+00 7.273999999999999355e-01 2.637999999999999790e-01 8.800000000000000530e-03 6.799339352267366849e+03
3.300000000000000000e+02 1.284142990874326813e+02 7.722044680035948113e+04 9.349999999999999423e-01 1.403331155815729758e+00 0.000000000000000000e+00 1.667718169966658087e-02 1.570796326794896558e+00 1.448082197982578278e+20 1.000000000000000000e+00 0.000000000000000000e+00 0.000000000000000000e+00 7.273999999999999355e-01 2.637999999999999790e-01 8.800000000000000530e-03 8.063247296103264489e+03
3.310000000000000000e+02 4.682521700640131144e+02 8.095753766135135083e+04 9.349999999999999423e-01 1.037210869192695339e+00 0.000000000000000000e+00 9.000000000000001055e-02 1.570796326794896558e+00 1.536550608494127022e+20 1.000000000000000000e+00 0.000000000000000000e+00 0.000000000000000000e+00 7.273999999999999355e-01 2.637999999999999790e-01 8.800000000000000530e-03 8.373942297128303835e+03
3.330000000000000000e+02 5.655285843735935032e+02 9.219053713779697136e+04 9.349999999999999423e-01 4.610014804258467103e-01 0.000000000000000000e+00 9.000000000000001055e-02 0.000000000000000000e+00 1.793018958787536814e+20 1.000000000000000000e+00 0.000000000000000000e+00 0.000000000000000000e+00 7.273999999999999355e-01 2.637999999999999790e-01 8.800000000000000530e-03 9.291229932020121851e+03
3.340000000000000000e+02 4.097625570081804085e+02 9.796928371389301901e+04 9.349999999999999423e-01 5.515536840532850871e-01 0.000000000000000000e+00 9.000000000000001055e-02 1.570796326794896558e+00 1.929055136555888476e+20 1.000000000000000000e+00 0.000000000000000000e+00 0.000000000000000000e+00 7.273999999999999355e-01 2.637999999999999790e-01 8.800000000000000530e-03 9.754299309550031467e+03
3.360000000000000000e+02 7.700000000000001137e+02 1.095783640696895018e+05 9.349999999999999423e-01 6.956190657240539643e-01 0.000000000000000000e+00 1.000000000000000056e-01 0.000000000000000000e+00 2.212441880015316255e+20 1.000000000000000000e+00 0.000000000000000000e+00 0.000000000000000000e+00 7.273999999999999355e-01 2.637999999999999790e-01 8.800000000000000530e-03 1.066851522783572545e+04
3.420000000000000000e+02 7.700000000000001137e+02 1.587021397169193951e+05 9.349999999999999423e-01 6.610985626268883752e-01 0.000000000000000000e+00 1.000000000000000056e-01 0.000000000000000000e+00 3.462274070998035988e+20 1.000000000000000000e+00 0.000000000000000000e+00 0.000000000000000000e+00 7.273999999999999355e-01 2.637999999999999790e-01 8.800000000000000530e-03 1.434796660807295120e+04
3.430000000000000000e+02 7.700000000000001137e+02 1.649651124503424217e+05 9.349999999999999423e-01 3.904769280888498173e-01 0.000000000000000000e+00 1.000000000000000056e-01 1.570796326794896558e+00 3.647513883121864540e+20 1.000000000000000000e+00 0.000000000000000000e+00 0.000000000000000000e+00 7.273999999999999355e-01 2.637999999999999790e-01 8.800000000000000530e-03 1.479918562151664082e+04
3.470000000000000000e+02 7.700000000000001137e+02 2.160186468582694652e+05 9.349999999999999423e-01 6.571525427573565725e-01 0.000000000000000000e+00 1.000000000000000056e-01 0.000000000000000000e+00 5.043288042831516140e+20 1.000000000000000000e+00 0.000000000000000000e+00 0.000000000000000000e+00 7.273999999999999355e-01 2.637999999999999790e-01 8.800000000000000530e-03 1.836187914330378408e+04
3.480000000000000000e+02 7.700000000000001137e+02 2.268314904591235099e+05 9.349999999999999423e-01 7.917008920236541236e-01 0.000000000000000000e+00 1.000000000000000056e-01 1.570796326794896558e+00 5.369545766547090964e+20 1.000000000000000000e+00 0.000000000000000000e+00 0.000000000000000000e+00 7.273999999999999355e-01 2.637999999999999790e-01 8.800000000000000530e-03 1.909355553231413069e+04
3.490000000000000000e+02 7.700000000000001137e+02 2.463548749760058126e+05 9.349999999999999423e-01 1.095079583365336173e+00 0.000000000000000000e+00 1.000000000000000056e-01 0.000000000000000000e+00 5.914013067223935222e+20 1.000000000000000000e+00 0.000000000000000000e+00 0.000000000000000000e+00 7.273999999999999355e-01 2.637999999999999790e-01 8.800000000000000530e-03 2.039731768744460715e+04
3.500000000000000000e+02 7.700000000000001137e+02 2.618093994199276785e+05 9.349999999999999423e-01 6.813052510208135182e-01 0.000000000000000000e+00 1.000000000000000056e-01 1.570796326794896558e+00 6.374604198508071485e+20 1.000000000000000000e+00 0.000000000000000000e+00 0.000000000000000000e+00 7.273999999999999355e-01 2.637999999999999790e-01 8.800000000000000530e-03 2.141471599284842887e+04
3.510000000000000000e+02 7.700000000000001137e+02 2.801516117675896385e+05 9.349999999999999423e-01 6.600432498684262184e-01 0.000000000000000000e+00 1.000000000000000056e-01 0.000000000000000000e+00 6.919054586446664172e+20 1.000000000000000000e+00 0.000000000000000000e+00 0.000000000000000000e+00 7.273999999999999355e-01 2.637999999999999790e-01 8.800000000000000530e-03 2.260677603695764992e+04
3.550000000000000000e+02 7.700000000000001137e+02 3.679344104394951719e+05 9.349999999999999423e-01 1.180476172407831426e+00 0.000000000000000000e+00 1.000000000000000056e-01 0.000000000000000000e+00 9.632386556008384430e+20 1.000000000000000000e+00 0.000000000000000000e+00 0.000000000000000000e+00 7.273999999999999355e-01 2.637999999999999790e-01 8.800000000000000530e-03 2.811515334764713043e+04
3.560000000000000000e+02 7.700000000000001137e+02 3.968506743175281445e+05 9.349999999999999423e-01 3.649541698075071117e-01 0.000000000000000000e+00 1.000000000000000056e-01 0.000000000000000000e+00 1.054561934807982932e+21 1.000000000000000000e+00 0.000000000000000000e+00 0.000000000000000000e+00 7.273999999999999355e-01 2.637999999999999790e-01 8.800000000000000530e-03 2.986935397097262467e+04
3.570000000000000000e+02 7.700000000000001137e+02 4.234889588678569999e+05 9.349999999999999423e-01 7.766797008977806005e-01 0.000000000000000000e+00 1.000000000000000056e-01 0.000000000000000000e+00 1.142384572168026325e+21 1.000000000000000000e+00 0.000000000000000000e+00 0.000000000000000000e+00 7.273999999999999355e-01 2.637999999999999790e-01 8.800000000000000530e-03 3.146283154802569697e+04
3.580000000000000000e+02 7.700000000000001137e+02 4.559687525277118548e+05 9.349999999999999423e-01 1.232967000109444822e+00 0.000000000000000000e+00 1.000000000000000056e-01 0.000000000000000000e+00 1.248844521534732370e+21 1.000000000000000000e+00 0.000000000000000000e+00 0.000000000000000000e+00 7.273999999999999355e-01 2.637999999999999790e-01 8.800000000000000530e-03 3.337891355129509611e+04
3.590000000000000000e+02 7.700000000000001137e+02 4.865909561380181112e+05 9.349999999999999423e-01 5.132051870273701688e-01 0.000000000000000000e+00 1.000000000000000056e-01 1.570796326794896558e+00 1.353226302899724485e+21 1.000000000000000000e+00 0.000000000000000000e+00 0.000000000000000000e+00 7.273999999999999355e-01 2.637999999999999790e-01 8.800000000000000530e-03 3.516052553583191911e+04
3.600000000000000000e+02 7.700000000000001137e+02 5.225266219481828739e+05 9.349999999999999423e-01 1.787321122434776477e+00 0.000000000000000000e+00 1.000000000000000056e-01 1.570796326794896558e+00 1.475767713382216237e+21 1.000000000000000000e+00 0.000000000000000000e+00 0.000000000000000000e+00 7.273999999999999355e-01 2.637999999999999790e-01 8.800000000000000530e-03 3.722295687051853747e+04
3.630000000000000000e+02 7.700000000000001137e+02 6.565960648901505629e+05 9.349999999999999423e-01 9.757759932207807907e-01 0.000000000000000000e+00 1.000000000000000056e-01 0.000000000000000000e+00 1.944255080844712477e+21 1.000000000000000000e+00 0.000000000000000000e+00 0.000000000000000000e+00 7.273999999999999355e-01 2.637999999999999790e-01 8.800000000000000530e-03 4.468510183189732197e+04
3.640000000000000000e+02 7.700000000000001137e+02 2.992385060636514681e+05 9.349999999999999423e-01 1.109548529023644647e+00 0.000000000000000000e+00 1.000000000000000056e-01 1.570796326794896558e+00 8.979488852896524534e+20 1.000000000000000000e+00 0.000000000000000000e+00 0.000000000000000000e+00 7.273999999999999355e-01 2.637999999999999790e-01 8.800000000000000530e-03 2.383077212209642676e+04
