# id_num orb_a mass spin spin_angle orb_inc orb_ecc orb_arg_periapse orb_ang_mom gen galaxy time_passed gw_freq gw_strain
0.000000000000000000e+00 5.036062299771824087e+02 3.583265574332544645e+01 1.423781516706314476e-01 5.970546592628426241e-01 -6.399369479965515486e-03 2.702980695688013413e-02 0.000000000000000000e+00 1.000000000000000000e+00 1.000000000000000000e+00 0.000000000000000000e+00 0.000000000000000000e+00 -1.000000000000000000e+00 -1.000000000000000000e+00
3.000000000000000000e+00 1.939089303229687357e+04 1.318522931558968381e+01 -7.237172948994743948e-02 2.777582266016058288e+00 6.997175962061272236e-03 1.937435297868680267e-02 0.000000000000000000e+00 1.000000000000000000e+00 1.000000000000000000e+00 0.000000000000000000e+00 0.000000000000000000e+00 -1.000000000000000000e+00 -1.000000000000000000e+00
4.000000000000000000e+00 4.362133472417253506e+04 1.142342725837720074e+01 -4.066474410455311883e-02 2.440645845916726842e+00 3.133022915543302034e+00 1.157230611682018642e-02 0.000000000000000000e+00 1.000000000000000000e+00 1.000000000000000000e+00 0.000000000000000000e+00 0.000000000000000000e+00 -1.000000000000000000e+00 -1.000000000000000000e+00
8.000000000000000000e+00 1.651180685697149602e+04 1.590734910901808341e+01 2.330527504586208526e-02 1.137478400975301174e+00 3.111656845269015204e+00 2.629632740713641267e-02 0.000000000000000000e+00 1.000000000000000000e+00 1.000000000000000000e+00 0.000000000000000000e+00 0.000000000000000000e+00 -1.000000000000000000e+00 -1.000000000000000000e+00
9.000000000000000000e+00 4.059757151923028141e+04 1.543887099761571946e+01 -1.973830824648917792e-01 2.188084830528483682e+00 3.151400640766147010e+00 1.303597840157735485e-02 0.000000000000000000e+00 1.000000000000000000e+00 1.000000000000000000e+00 0.000000000000000000e+00 0.000000000000000000e+00 -1.000000000000000000e+00 -1.000000000000000000e+00
1.200000000000000000e+01 2.058375834882870549e+04 1.366030386225018312e+01 -6.793886868454060424e-02 3.100000000000000089e+00 -1.483751964855275877e-02 1.000000000000000056e-01 1.570796326794896558e+00 1.000000000000000000e+00 1.000000000000000000e+00 0.000000000000000000e+00 0.000000000000000000e+00 -1.000000000000000000e+00 -1.000000000000000000e+00
1.500000000000000000e+01 1.431575898611382945e+04 1.162366573951650039e+01 -1.525723016437972521e-02 1.465102621710383524e+00 -1.400053031919175350e-02 1.000000000000000056e-01 1.570796326794896558e+00 1.000000000000000000e+00 1.000000000000000000e+00 0.000000000000000000e+00 0.000000000000000000e+00 -1.000000000000000000e+00 -1.000000000000000000e+00
1.700000000000000000e+01 2.880941211239539916e+04 3.622595491197892414e+01 -3.113553275419970734e-01 3.076722061312973988e+00 -3.183999168361379816e-03 1.000000000000000056e-01 1.570796326794896558e+00 1.000000000000000000e+00 1.000000000000000000e+00 0.000000000000000000e+00 0.000000000000000000e+00 -1.000000000000000000e+00 -1.000000000000000000e+00
1.800000000000000000e+01 2.532782738791556312e+03 1.370365700670253517e+01 -1.167733863097884378e-01 3.092269338250131394e+00 -5.082609950544670838e-03 9.000000000000001055e-02 0.000000000000000000e+00 1.000000000000000000e+00 1.000000000000000000e+00 0.000000000000000000e+00 0.000000000000000000e+00 -1.000000000000000000e+00 -1.000000000000000000e+00
1.900000000000000000e+01 9.766739917563252675e+03 1.156465022552192146e+01 1.310304686306130832e-03 1.316604065761109998e+00 3.152904817698915618e+00 4.326252214903028581e-02 0.000000000000000000e+00 1.000000000000000000e+00 1.000000000000000000e+00 0.000000000000000000e+00 0.000000000000000000e+00 -1.000000000000000000e+00 -1.000000000000000000e+00
2.000000000000000000e+01 1.152639078421475233e+03 1.006508257187612720e+01 4.303831843625449682e-01 6.295449872805018998e-01 3.150558337780021922e+00 8.100000000000001643e-02 1.570796326794896558e+00 1.000000000000000000e+00 1.000000000000000000e+00 0.000000000000000000e+00 0.000000000000000000e+00 -1.000000000000000000e+00 -1.000000000000000000e+00
2.500000000000000000e+01 4.690337801708323968e+04 1.016131516639193144e+01 -2.989198552945787277e-02 2.223406524889837588e+00 3.911024539064283934e-02 1.334467529933806296e-01 1.570796326794896558e+00 1.000000000000000000e+00 1.000000000000000000e+00 0.000000000000000000e+00 0.000000000000000000e+00 -1.000000000000000000e+00 -1.000000000000000000e+00
2.600000000000000000e+01 4.781275878403401293e+04 4.011600076510471524e+01 -1.582076085839399793e-01 3.100000000000000089e+00 3.124286712972951019e+00 4.217638190812499077e-02 0.000000000000000000e+00 1.000000000000000000e+00 1.000000000000000000e+00 0.000000000000000000e+00 0.000000000000000000e+00 -1.000000000000000000e+00 -1.000000000000000000e+00
2.800000000000000000e+01 3.521752376163521694e+04 1.033050875634696908e+01 -1.403262172658039375e-01 2.542327243915150969e+00 -4.017403838720991216e-02 1.000000000000000056e-01 1.570796326794896558e+00 1.000000000000000000e+00 1.000000000000000000e+00 0.000000000000000000e+00 0.000000000000000000e+00 -1.000000000000000000e+00 -1.000000000000000000e+00
3.000000000000000000e+01 1.808786671473415845e+04 1.235135431218107982e+01 -2.890693861822599825e-02 3.013983340667585775e+00 3.135700481940196127e+00 3.031822585503234080e-02 0.000000000000000000e+00 1.000000000000000000e+00 1.000000000000000000e+00 0.000000000000000000e+00 0.000000000000000000e+00 -1.000000000000000000e+00 -1.000000000000000000e+00
3.100000000000000000e+01 1.424111369632076048e+03 1.584882318900053377e+01 5.268412567238445199e-02 1.671635451439495101e+00 3.133762031137719006e+00 1.000000000000000056e-01 0.000000000000000000e+00 1.000000000000000000e+00 1.000000000000000000e+00 0.000000000000000000e+00 0.000000000000000000e+00 -1.000000000000000000e+00 -1.000000000000000000e+00
3.200000000000000000e+01 3.823054507067137456e+04 1.959663439162601861e+01 -7.887746419749838700e-02 2.448746081159171695e+00 3.126737193232445478e+00 8.674983583161971490e-02 0.000000000000000000e+00 1.000000000000000000e+00 1.000000000000000000e+00 0.000000000000000000e+00 0.000000000000000000e+00 -1.000000000000000000e+00 -1.000000000000000000e+00
3.300000000000000000e+01 5.958489196764018061e+02 1.162810630498815101e+01 -5.459508393477498917e-02 1.853430649731648172e+00 6.186602751363364135e-03 3.732179756891462058e-02 0.000000000000000000e+00 1.000000000000000000e+00 1.000000000000000000e+00 0.000000000000000000e+00 0.000000000000000000e+00 -1.000000000000000000e+00 -1.000000000000000000e+00
3.500000000000000000e+01 2.369762182701826168e+04 1.130135787958230331e+01 4.903001919281517462e-02 8.053033556688233841e-01 1.400769152847789432e-02 1.414935540779343470e-01 0.000000000000000000e+00 1.000000000000000000e+00 1.000000000000000000e+00 0.000000000000000000e+00 0.000000000000000000e+00 -1.000000000000000000e+00 -1.000000000000000000e+00
3.600000000000000000e+01 3.318957290776858281e+04 1.348042790398026725e+01 5.907844001464063188e-02 1.168708384543992729e+00 -2.572842073601112195e-02 6.154810705807493149e-02 0.000000000000000000e+00 1.000000000000000000e+00 1.000000000000000000e+00 0.000000000000000000e+00 0.000000000000000000e+00 -1.000000000000000000e+00 -1.000000000000000000e+00
3.700000000000000000e+01 3.572619114633023128e+04 3.776586131196961560e+01 -5.105053016234181555e-03 2.842443703975844893e-01 -3.499091562114921283e-02 1.979802650844139297e-02 0.000000000000000000e+00 1.000000000000000000e+00 1.000000000000000000e+00 0.000000000000000000e+00 0.000000000000000000e+00 -1.000000000000000000e+00 -1.000000000000000000e+00
3.800000000000000000e+01 2.940604628684054114e+04 1.183916324264038522e+01 -1.943088618613840468e-02 1.003586159790657018e+00 -4.003906557026277319e-02 1.926483936438984357e-02 0.000000000000000000e+00 1.000000000000000000e+00 1.000000000000000000e+00 0.000000000000000000e+00 0.000000000000000000e+00 -1.000000000000000000e+00 -1.000000000000000000e+00
3.900000000000000000e+01 1.623337344117977409e+04 2.288499388252087385e+01 -1.752714383954778396e-02 1.642970056697891090e+00 3.148999437834687942e+00 1.000000000000000056e-01 0.000000000000000000e+00 1.000000000000000000e+00 1.000000000000000000e+00 0.000000000000000000e+00 0.000000000000000000e+00 -1.000000000000000000e+00 -1.000000000000000000e+00
4.200000000000000000e+01 5.000000000000000000e+04 1.435634187809075968e+01 6.927955855813392773e-03 3.289254133931692192e-01 3.151168158472581027e+00 9.372958587414291498e-02 0.000000000000000000e+00 1.000000000000000000e+00 1.000000000000000000e+00 0.000000000000000000e+00 0.000000000000000000e+00 -1.000000000000000000e+00 -1.000000000000000000e+00
4.500000000000000000e+01 2.496882841051899959e+04 1.462366371540498911e+01 -1.131145820957226919e-02 8.401307322712616710e-01 2.693008356360504507e-02 7.863652028263122540e-02 0.000000000000000000e+00 1.000000000000000000e+00 1.000000000000000000e+00 0.000000000000000000e+00 0.000000000000000000e+00 -1.000000000000000000e+00 -1.000000000000000000e+00
4.600000000000000000e+01 3.106956035891436113e+04 1.230204699903497101e+01 -1.209001916911506963e-02 1.656626326497592006e+00 3.145647881042342942e+00 1.344411695824823672e-01 1.570796326794896558e+00 1.000000000000000000e+00 1.000000000000000000e+00 0.000000000000000000e+00 0.000000000000000000e+00 -1.000000000000000000e+00 -1.000000000000000000e+00
4.700000000000000000e+01 3.790499985301236734e+02 2.737978718437471670e+01 -1.581472335372322291e-01 2.123245880840771704e+00 3.162209613927858598e+00 1.147378344842234395e-02 1.570796326794896558e+00 1.000000000000000000e+00 1.000000000000000000e+00 0.000000000000000000e+00 0.000000000000000000e+00 -1.000000000000000000e+00 -1.000000000000000000e+00
5.100000000000000000e+01 4.772396530684168829e+04 1.302295399649941388e+01 -3.358165396742437275e-03 4.580456977010056163e-01 3.110455261022928575e+00 1.516039683919039316e-01 1.570796326794896558e+00 1.000000000000000000e+00 1.000000000000000000e+00 0.000000000000000000e+00 0.000000000000000000e+00 -1.000000000000000000e+00 -1.000000000000000000e+00
5.200000000000000000e+01 4.365570335737005371e+04 3.319146490288842699e+01 8.787761176092749593e-03 8.037475821309199020e-01 3.124008683582820023e+00 2.810352186879061867e-02 1.570796326794896558e+00 1.000000000000000000e+00 1.000000000000000000e+00 0.000000000000000000e+00 0.000000000000000000e+00 -1.000000000000000000e+00 -1.000000000000000000e+00
5.700000000000000000e+01 6.265925867496407591e+02 2.053467497840243183e+01 8.874065734270507322e-02 1.210397164388629099e+00 3.139282434365719521e+00 9.000000000000001055e-02 0.000000000000000000e+00 1.000000000000000000e+00 1.000000000000000000e+00 0.000000000000000000e+00 0.000000000000000000e+00 -1.000000000000000000e+00 -1.000000000000000000e+00
6.000000000000000000e+01 1.544407019226112425e+04 1.053659042956739000e+01 -5.280022482046061588e-02 2.408204513287244719e+00 3.117144873547732509e+00 1.661361531052749432e-02 0.000000000000000000e+00 1.000000000000000000e+00 1.000000000000000000e+00 0.000000000000000000e+00 0.000000000000000000e+00 -1.000000000000000000e+00 -1.000000000000000000e+00
6.100000000000000000e+01 7.435656102523411164e+02 1.437884248184078473e+01 -1.432486467165519639e-01 2.940172358942044983e+00 5.351883139125538334e-03 9.000000000000001055e-02 1.570796326794896558e+00 1.000000000000000000e+00 1.000000000000000000e+00 0.000000000000000000e+00 0.000000000000000000e+00 -1.000000000000000000e+00 -1.000000000000000000e+00
6.400000000000000000e+01 5.000000000000000000e+04 3.384661597270228839e+01 4.128875824428068775e-02 1.604068451543342766e+00 3.134230876671678434e+00 6.390701988006912415e-02 0.000000000000000000e+00 1.000000000000000000e+00 1.000000000000000000e+00 0.000000000000000000e+00 0.000000000000000000e+00 -1.000000000000000000e+00 -1.000000000000000000e+00
6.500000000000000000e+01 1.184607814762527232e+04 1.594219989839270468e+01 -1.229272362921143488e-02 1.406039345033811117e+00 1.384192255281760202e-02 9.000000000000001055e-02 0.000000000000000000e+00 1.000000000000000000e+00 1.000000000000000000e+00 0.000000000000000000e+00 0.000000000000000000e+00 -1.000000000000000000e+00 -1.000000000000000000e+00
6.600000000000000000e+01 4.316846972084465233e+04 1.652004348665907685e+01 -8.699419540740965795e-02 2.830189235576118900e+00 3.094833023202210764e+00 1.254616642097449997e-01 1.570796326794896558e+00 1.000000000000000000e+00 1.000000000000000000e+00 0.000000000000000000e+00 0.000000000000000000e+00 -1.000000000000000000e+00 -1.000000000000000000e+00
6.800000000000000000e+01 3.308573173140103609e+04 3.847290736107592579e+01 1.042626828264664185e-01 1.053330362019026190e+00 3.114459250892926079e+00 1.000000000000000056e-01 1.570796326794896558e+00 1.000000000000000000e+00 1.000000000000000000e+00 0.000000000000000000e+00 0.000000000000000000e+00 -1.000000000000000000e+00 -1.000000000000000000e+00
7.200000000000000000e+01 2.253241636300833852e+04 1.238519796961780806e+01 6.466516230193633530e-04 1.443059714938108362e+00 -2.286356376364633057e-04 7.689778751884877861e-02 0.000000000000000000e+00 1.000000000000000000e+00 1.000000000000000000e+00 0.000000000000000000e+00 0.000000000000000000e+00 -1.000000000000000000e+00 -1.000000000000000000e+00
7.400000000000000000e+01 4.482678570309944917e+04 1.321208726611531858e+01 1.033660103285444914e-02 0.000000000000000000e+00 3.136638987066259432e+00 5.002407748552158140e-02 1.570796326794896558e+00 1.000000000000000000e+00 1.000000000000000000e+00 0.000000000000000000e+00 0.000000000000000000e+00 -1.000000000000000000e+00 -1.000000000000000000e+00
7.500000000000000000e+01 5.000000000000000000e+04 1.363051377637231987e+01 -1.906963009631122974e-01 2.865007758449209962e+00 6.055539996283711320e-03 9.722548636361064145e-02 1.570796326794896558e+00 1.000000000000000000e+00 1.000000000000000000e+00 0.000000000000000000e+00 0.000000000000000000e+00 -1.000000000000000000e+00 -1.000000000000000000e+00
7.600000000000000000e+01 1.801458163341274121e+04 2.946612509005948155e+01 -1.470800559820160391e-01 2.695241372651243417e+00 3.160942799550097160e+00 1.052851183233026976e-02 1.570796326794896558e+00 1.000000000000000000e+00 1.000000000000000000e+00 0.000000000000000000e+00 0.000000000000000000e+00 -1.000000000000000000e+00 -1.000000000000000000e+00
7.800000000000000000e+01 9.338047177967288007e+03 1.118738894340789258e+01 -2.974617014910266311e-01 2.272634797570640242e+00 -1.804403217241443147e-02 1.000000000000000056e-01 1.570796326794896558e+00 1.000000000000000000e+00 1.000000000000000000e+00 0.000000000000000000e+00 0.000000000000000000e+00 -1.000000000000000000e+00 -1.000000000000000000e+00
7.900000000000000000e+01 6.995683908632234989e+02 2.195873227651807369e+01 -2.337142944798594781e-03 8.362513247975686959e-01 3.248079048596939477e-03 1.000000000000000056e-01 0.000000000000000000e+00 1.000000000000000000e+00 1.000000000000000000e+00 0.000000000000000000e+00 0.000000000000000000e+00 -1.000000000000000000e+00 -1.000000000000000000e+00
8.000000000000000000e+01 2.080470044878132467e+04 1.946489923284149626e+01 5.191213194097560324e-02 6.227954359892432512e-01 3.119448401772222379e+00 1.278595330490533456e-02 1.570796326794896558e+00 1.000000000000000000e+00 1.000000000000000000e+00 0.000000000000000000e+00 0.000000000000000000e+00 -1.000000000000000000e+00 -1.000000000000000000e+00
8.200000000000000000e+01 2.542551716577714978e+04 1.148745152900255029e+01 1.086319338372212229e-01 1.301909411529839744e+00 3.117326026578945419e-02 1.810092739454157718e-01 0.000000000000000000e+00 1.000000000000000000e+00 1.000000000000000000e+00 0.000000000000000000e+00 0.000000000000000000e+00 -1.000000000000000000e+00 -1.000000000000000000e+00
8.300000000000000000e+01 3.038414321091766033e+04 1.034881926065347102e+01 1.014374817524801020e-01 1.378592452396276702e+00 3.105233535821911861e+00 1.439666394770591773e-01 0.000000000000000000e+00 1.000000000000000000e+00 1.000000000000000000e+00 0.000000000000000000e+00 0.000000000000000000e+00 -1.000000000000000000e+00 -1.000000000000000000e+00
8.400000000000000000e+01 9.805079691733399159e+03 3.036977229947433798e+01 1.186486467141580764e-02 1.118942871707706121e+00 3.157442701034956833e+00 1.000000000000000056e-01 0.000000000000000000e+00 1.000000000000000000e+00 1.000000000000000000e+00 0.000000000000000000e+00 0.000000000000000000e+00 -1.000000000000000000e+00 -1.000000000000000000e+00
8.500000000000000000e+01 1.638832497848338244e+04 2.146332986674402932e+01 -5.593186333276760347e-02 2.208824431063194371e+00 2.242258809492322230e-02 1.384142428967131792e-02 1.570796326794896558e+00 1.000000000000000000e+00 1.000000000000000000e+00 0.000000000000000000e+00 0.000000000000000000e+00 -1.000000000000000000e+00 -1.000000000000000000e+00
8.700000000000000000e+01 4.984591516025197780e+04 1.066985885014823232e+01 6.987516991682353462e-02 2.053788830633693774e-01 3.202473796031406195e-02 1.062001897874050582e-01 0.000000000000000000e+00 1.000000000000000000e+00 1.000000000000000000e+00 0.000000000000000000e+00 0.000000000000000000e+00 -1.000000000000000000e+00 -1.000000000000000000e+00
8.900000000000000000e+01 1.431558339476951551e+04 1.191238249304443109e+01 -7.695507854432410977e-02 2.763639219355700671e+00 2.934580687063554835e-02 1.000000000000000056e-01 0.000000000000000000e+00 1.000000000000000000e+00 1.000000000000000000e+00 0.000000000000000000e+00 0.000000000000000000e+00 -1.000000000000000000e+00 -1.000000000000000000e+00
9.000000000000000000e+01 3.146652284360898193e+04 3.816661609424487978e+01 -7.205702019151936921e-02 2.954930552568883151e+00 -2.860005435293333856e-02 1.000000000000000056e-01 1.570796326794896558e+00 1.000000000000000000e+00 1.000000000000000000e+00 0.000000000000000000e+00 0.000000000000000000e+00 -1.000000000000000000e+00 -1.000000000000000000e+00
9.100000000000000000e+01 1.156117045333429087e+04 1.960550935426964614e+01 -1.703223292288775503e-01 3.100000000000000089e+00 -1.607898529311718033e-02 1.000000000000000056e-01 1.570796326794896558e+00 1.000000000000000000e+00 1.000000000000000000e+00 0.000000000000000000e+00 0.000000000000000000e+00 -1.000000000000000000e+00 -1.000000000000000000e+00
9.400000000000000000e+01 3.796838907258440304e+04 3.261203413264104967e+01 1.546041874315612630e-01 1.628205174731078841e+00 3.116160131430279812e+00 1.962776219153524182e-01 0.000000000000000000e+00 1.000000000000000000e+00 1.000000000000000000e+00 0.000000000000000000e+00 0.000000000000000000e+00 -1.000000000000000000e+00 -1.000000000000000000e+00
9.500000000000000000e+01 1.580033575871429821e+04 3.202262736269877053e+01 -2.550604376313295348e-03 1.010960685896639788e+00 3.119466835465955601e+00 1.000000000000000056e-01 0.000000000000000000e+00 1.000000000000000000e+00 1.000000000000000000e+00 0.000000000000000000e+00 0.000000000000000000e+00 -1.000000000000000000e+00 -1.000000000000000000e+00
9.600000000000000000e+01 4.253572037546720094e+04 1.960222764608694845e+01 -1.132282288762329614e-01 1.920069368769927287e+00 3.108293698871685606e+00 1.062284322075386644e-02 0.000000000000000000e+00 1.000000000000000000e+00 1.000000000000000000e+00 0.000000000000000000e+00 0.000000000000000000e+00 -1.000000000000000000e+00 -1.000000000000000000e+00
9.800000000000000000e+01 1.804394447518709421e+04 2.317862737801073791e+01 1.591931800999628610e-01 9.098561462178618164e-01 7.892989241098119111e-04 1.000000000000000021e-02 1.570796326794896558e+00 1.000000000000000000e+00 1.000000000000000000e+00 0.000000000000000000e+00 0.000000000000000000e+00 -1.000000000000000000e+00 -1.000000000000000000e+00
1.000000000000000000e+02 2.989986009188695971e+04 1.027529401051484825e+01 1.628050719551523418e-01 2.127064984161985417e-01 4.237981410941921850e-02 2.171943903732705128e-01 0.000000000000000000e+00 1.000000000000000000e+00 1.000000000000000000e+00 0.000000000000000000e+00 0.000000000000000000e+00 -1.000000000000000000e+00 -1.000000000000000000e+00
1.040000000000000000e+02 1.586723719999106652e+04 1.248758771101882914e+01 8.446946518341408305e-02 1.171684631755902650e+00 3.138866663307707139e+00 1.000000000000000056e-01 0.000000000000000000e+00 1.000000000000000000e+00 1.000000000000000000e+00 0.000000000000000000e+00 0.000000000000000000e+00 -1.000000000000000000e+00 -1.000000000000000000e+00
1.060000000000000000e+02 4.075316737825109158e+04 1.431371127839723378e+01 -3.446787587201854269e-02 2.224088234036600831e+00 2.960503457585656611e-02 2.520706689926623945e-01 0.000000000000000000e+00 1.000000000000000000e+00 1.000000000000000000e+00 0.000000000000000000e+00 0.000000000000000000e+00 -1.000000000000000000e+00 -1.000000000000000000e+00
1.090000000000000000e+02 1.274264090244723411e+04 2.436130078669478394e+01 2.777493507127243300e-02 1.161384485409943101e+00 3.773034303798025561e-03 4.744675044085358562e-02 0.000000000000000000e+00 1.000000000000000000e+00 1.000000000000000000e+00 0.000000000000000000e+00 0.000000000000000000e+00 -1.000000000000000000e+00 -1.000000000000000000e+00
1.100000000000000000e+02 4.961674921173541952e+04 3.436591968255869745e+01 -2.130149460994847366e-01 1.766017954887657115e+00 4.414705976033977269e-02 7.253920533952140648e-02 0.000000000000000000e+00 1.000000000000000000e+00 1.000000000000000000e+00 0.000000000000000000e+00 0.000000000000000000e+00 -1.000000000000000000e+00 -1.000000000000000000e+00
1.110000000000000000e+02 6.167343183723645780e+03 1.034133579865380348e+01 7.330846910591776178e-02 1.738432236704239076e+00 1.213917717727503592e-02 1.000000000000000056e-01 0.000000000000000000e+00 1.000000000000000000e+00 1.000000000000000000e+00 0.000000000000000000e+00 0.000000000000000000e+00 -1.000000000000000000e+00 -1.000000000000000000e+00
1.120000000000000000e+02 4.154155108130780718e+04 2.452569664753626100e+01 1.191564880805718873e-01 6.095165957769876908e-01 3.153665566837405621e+00 4.818832236093120724e-02 1.570796326794896558e+00 1.000000000000000000e+00 1.000000000000000000e+00 0.000000000000000000e+00 0.000000000000000000e+00 -1.000000000000000000e+00 -1.000000000000000000e+00
1.170000000000000000e+02 2.072994570753771040e+04 1.357297998661160499e+01 -3.214493669267008691e-03 1.211254330860537687e+00 3.115453590455368182e+00 4.255575794178795279e-02 0.000000000000000000e+00 1.000000000000000000e+00 1.000000000000000000e+00 0.000000000000000000e+00 0.000000000000000000e+00 -1.000000000000000000e+00 -1.000000000000000000e+00
1.190000000000000000e+02 3.803729649231899384e+04 3.822212322443578358e+01 -4.148372439082988888e-02 1.841752590733715778e+00 3.111628238784317269e+00 1.725565816994652224e-02 1.570796326794896558e+00 1.000000000000000000e+00 1.000000000000000000e+00 0.000000000000000000e+00 0.000000000000000000e+00 -1.000000000000000000e+00 -1.000000000000000000e+00
1.220000000000000000e+02 1.164078620711772601e+04 1.878569297103475932e+01 -7.890695756464036204e-02 3.082652520321986334e+00 3.125391447646061582e+00 5.140097549274737915e-02 0.000000000000000000e+00 1.000000000000000000e+00 1.000000000000000000e+00 0.000000000000000000e+00 0.000000000000000000e+00 -1.000000000000000000e+00 -1.000000000000000000e+00
1.260000000000000000e+02 5.000000000000000000e+04 2.712087323957283758e+01 1.888827834903094582e-01 1.604605420567395191e+00 3.099536337445412126e+00 7.166599328510445122e-02 1.570796326794896558e+00 1.000000000000000000e+00 1.000000000000000000e+00 0.000000000000000000e+00 0.000000000000000000e+00 -1.000000000000000000e+00 -1.000000000000000000e+00
1.280000000000000000e+02 3.470360461701366148e+04 1.108690058646933707e+01 -4.485929404071727078e-02 2.575761400593277628e+00 3.145876590979726384e+00 2.466283543819139390e-02 1.570796326794896558e+00 1.000000000000000000e+00 1.000000000000000000e+00 0.000000000000000000e+00 0.000000000000000000e+00 -1.000000000000000000e+00 -1.000000000000000000e+00
1.300000000000000000e+02 4.746645303507291828e+04 1.072293727668681740e+01 -2.516563364029995170e-02 6.953057200044263642e-01 3.140152731800359032e+00 3.271561606064976591e-02 1.570796326794896558e+00 1.000000000000000000e+00 1.000000000000000000e+00 0.000000000000000000e+00 0.000000000000000000e+00 -1.000000000000000000e+00 -1.000000000000000000e+00
1.310000000000000000e+02 6.193090379943993184e+02 1.130518527746623114e+01 4.267884627651510193e-03 1.548584152570652517e+00 -5.436392127280035430e-03 1.000000000000000056e-01 1.570796326794896558e+00 1.000000000000000000e+00 1.000000000000000000e+00 0.000000000000000000e+00 0.000000000000000000e+00 -1.000000000000000000e+00 -1.000000000000000000e+00
1.320000000000000000e+02 2.749369263465499671e+02 2.673985042672809698e+01 -2.372098219305703859e-01 3.100000000000000089e+00 1.920670530092119521e-02 9.733586882270134355e-02 1.570796326794896558e+00 1.000000000000000000e+00 1.000000000000000000e+00 0.000000000000000000e+00 0.000000000000000000e+00 -1.000000000000000000e+00 -1.000000000000000000e+00
1.330000000000000000e+02 2.905504441663084435e+04 1.196046300031025567e+01 -4.921281112768854937e-02 2.418906826806522137e+00 -2.122734382427133790e-02 1.521118226510452878e-02 0.000000000000000000e+00 1.000000000000000000e+00 1.000000000000000000e+00 0.000000000000000000e+00 0.000000000000000000e+00 -1.000000000000000000e+00 -1.000000000000000000e+00
1.340000000000000000e+02 2.235319542256725254e+04 2.701324298948719616e+01 7.075469242207380917e-03 1.483794450922980346e+00 3.131701646185923060e+00 1.484834752359773767e-02 1.570796326794896558e+00 1.000000000000000000e+00 1.000000000000000000e+00 0.000000000000000000e+00 0.000000000000000000e+00 -1.000000000000000000e+00 -1.000000000000000000e+00
1.370000000000000000e+02 3.161066074944771026e+04 1.501178164315387420e+01 -1.064209870450079226e-01 1.855752071897467381e+00 3.111155309331768315e+00 6.902409559936344141e-02 1.570796326794896558e+00 1.000000000000000000e+00 1.000000000000000000e+00 0.000000000000000000e+00 0.000000000000000000e+00 -1.000000000000000000e+00 -1.000000000000000000e+00
1.380000000000000000e+02 1.265074692486900312e+04 1.508645889943184848e+01 -9.982137315988021120e-02 2.989952905117612136e+00 3.167317159800797199e+00 1.000000000000000056e-01 0.000000000000000000e+00 1.000000000000000000e+00 1.000000000000000000e+00 0.000000000000000000e+00 0.000000000000000000e+00 -1.000000000000000000e+00 -1.000000000000000000e+00
1.390000000000000000e+02 3.177547315529260959e+04 1.073795685431436198e+01 8.174856154364891492e-02 3.702184727492681127e-01 3.111616488684671999e+00 2.312361919417490336e-02 0.000000000000000000e+00 1.000000000000000000e+00 1.000000000000000000e+00 0.000000000000000000e+00 0.000000000000000000e+00 -1.000000000000000000e+00 -1.000000000000000000e+00
1.400000000000000000e+02 2.900340427379555695e+04 2.822983591494903166e+01 1.999193812067172893e-01 9.759782225377865439e-01 1.438265346993624662e-02 4.814587008742115398e-02 1.570796326794896558e+00 1.000000000000000000e+00 1.000000000000000000e+00 0.000000000000000000e+00 0.000000000000000000e+00 -1.000000000000000000e+00 -1.000000000000000000e+00
1.410000000000000000e+02 3.736211849328620883e+04 1.197468742846788636e+01 3.468825640811257216e-02 1.005748593190526785e+00 1.464846580308818737e-02 1.382780275092271305e-01 1.570796326794896558e+00 1.000000000000000000e+00 1.000000000000000000e+00 0.000000000000000000e+00 0.000000000000000000e+00 -1.000000000000000000e+00 -1.000000000000000000e+00
1.430000000000000000e+02 2.701600520939512353e+04 3.353025089209881315e+01 -2.641494376388718868e-01 3.100000000000000089e+00 -8.791105247409109272e-03 1.866028255173355493e-02 1.570796326794896558e+00 1.000000000000000000e+00 1.000000000000000000e+00 0.000000000000000000e+00 0.000000000000000000e+00 -1.000000000000000000e+00 -1.000000000000000000e+00
1.470000000000000000e+02 2.993384494510845980e+04 1.504665366869176957e+01 -1.888613147833725359e-01 2.827770612813794937e+00 -1.799981445695344323e-02 4.799004627491242070e-02 0.000000000000000000e+00 1.000000000000000000e+00 1.000000000000000000e+00 0.000000000000000000e+00 0.000000000000000000e+00 -1.000000000000000000e+00 -1.000000000000000000e+00
1.500000000000000000e+02 1.460864517909997630e+04 1.081924779105651879e+01 -6.251711856309222215e-02 3.100000000000000089e+00 -5.912857680222348596e-03 1.496715125610752033e-02 0.000000000000000000e+00 1.000000000000000000e+00 1.000000000000000000e+00 0.000000000000000000e+00 0.000000000000000000e+00 -1.000000000000000000e+00 -1.000000000000000000e+00
1.510000000000000000e+02 8.142076400884636769e+02 2.433247793601678666e+01 -9.152722333730178850e-02 2.228251037746264540e+00 3.129678060859096611e+00 9.000000000000001055e-02 0.000000000000000000e+00 1.000000000000000000e+00 1.000000000000000000e+00 0.000000000000000000e+00 0.000000000000000000e+00 -1.000000000000000000e+00 -1.000000000000000000e+00
1.560000000000000000e+02 1.823096028636827396e+04 1.644888012485755979e+01 3.496870994204456795e-02 1.392799857131275187e+00 3.119700427565565537e+00 2.063274554233237440e-02 0.000000000000000000e+00 1.000000000000000000e+00 1.000000000000000000e+00 0.000000000000000000e+00 0.000000000000000000e+00 -1.000000000000000000e+00 -1.000000000000000000e+00
1.570000000000000000e+02 7.875795016078682238e+02 2.326404624449334335e+01 -3.428837866807062790e-02 2.237903864379139574e+00 3.148525222586371353e+00 9.000000000000001055e-02 1.570796326794896558e+00 1.000000000000000000e+00 1.000000000000000000e+00 0.000000000000000000e+00 0.000000000000000000e+00 -1.000000000000000000e+00 -1.000000000000000000e+00
1.640000000000000000e+02 3.921676140500161273e+04 1.699658331357483121e+01 -1.001348928249507289e-02 1.290288301191027331e+00 1.077550211129846454e-02 1.829745782834751172e-02 1.570796326794896558e+00 1.000000000000000000e+00 1.000000000000000000e+00 0.000000000000000000e+00 0.000000000000000000e+00 -1.000000000000000000e+00 -1.000000000000000000e+00
1.650000000000000000e+02 4.143837545713935833e+04 1.271896553797624563e+01 6.527451296491180999e-02 1.300435952335346368e+00 -4.032253757617504375e-02 8.547521099824620383e-02 0.000000000000000000e+00 1.000000000000000000e+00 1.000000000000000000e+00 0.000000000000000000e+00 0.000000000000000000e+00 -1.000000000000000000e+00 -1.000000000000000000e+00
1.660000000000000000e+02 3.652517857403394737e+04 1.554071328892132264e+01 5.659619928482492734e-02 1.265079578985769393e+00 -5.030121511636359392e-03 5.973453609933776498e-02 0.000000000000000000e+00 1.000000000000000000e+00 1.000000000000000000e+00 0.000000000000000000e+00 0.000000000000000000e+00 -1.000000000000000000e+00 -1.000000000000000000e+00
1.680000000000000000e+02 5.000000000000000000e+04 1.463629465630854121e+01 -1.001473701393903321e-01 2.365334619460994325e+00 3.170169470008630253e+00 5.864713470864670736e-02 1.570796326794896558e+00 1.000000000000000000e+00 1.000000000000000000e+00 0.000000000000000000e+00 0.000000000000000000e+00 -1.000000000000000000e+00 -1.000000000000000000e+00
1.690000000000000000e+02 4.247191048015122215e+04 1.397933287907563482e+01 -3.627516233184657074e-02 2.978772480110889465e+00 3.137159272323659653e+00 2.412454899911848361e-01 1.570796326794896558e+00 1.000000000000000000e+00 1.000000000000000000e+00 0.000000000000000000e+00 0.000000000000000000e+00 -1.000000000000000000e+00 -1.000000000000000000e+00
1.710000000000000000e+02 9.563415512458058174e+02 1.022365174233285856e+01 -1.509494249212106065e-01 2.585206996742936969e+00 -1.230013212522775012e-02 9.000000000000001055e-02 1.570796326794896558e+00 1.000000000000000000e+00 1.000000000000000000e+00 0.000000000000000000e+00 0.000000000000000000e+00 -1.000000000000000000e+00 -1.000000000000000000e+00
1.740000000000000000e+02 4.525280486228132941e+04 1.062869318810738228e+01 2.537680543548061218e-02 9.556481628426455321e-01 3.166614352594048221e+00 2.886144904031683056e-02 0.000000000000000000e+00 1.000000000000000000e+00 1.000000000000000000e+00 0.000000000000000000e+00 0.000000000000000000e+00 -1.000000000000000000e+00 -1.000000000000000000e+00
1.750000000000000000e+02 3.063449129213178094e+04 1.532574998740228978e+01 -8.911225456352811491e-02 2.128868841133743750e+00 3.117203207575611312e+00 4.970374331167336929e-02 0.000000000000000000e+00 1.000000000000000000e+00 1.000000000000000000e+00 0.000000000000000000e+00 0.000000000000000000e+00 -1.000000000000000000e+00 -1.000000000000000000e+00
1.770000000000000000e+02 4.809090854628985835e+04 1.954998305475573872e+01 -2.196769598876434706e-02 5.836922195618873266e-01 5.224269808163970776e-03 1.785299338137788794e-01 0.000000000000000000e+00 1.000000000000000000e+00 1.000000000000000000e+00 0.000000000000000000e+00 0.000000000000000000e+00 -1.000000000000000000e+00 -1.000000000000000000e+00
1.790000000000000000e+02 2.261368646124732913e+04 1.090637063295816134e+01 -1.032208712876245965e-01 2.428320373642033569e+00 3.116269108239909880e+00 2.742435515277855812e-02 0.000000000000000000e+00 1.000000000000000000e+00 1.000000000000000000e+00 0.000000000000000000e+00 0.000000000000000000e+00 -1.000000000000000000e+00 -1.000000000000000000e+00
1.800000000000000000e+02 2.725584614454487019e+04 1.033127830732955843e+01 3.421566607166616480e-02 9.681773030157778681e-01 3.175380051291838424e+00 6.301322441799035723e-02 1.570796326794896558e+00 1.000000000000000000e+00 1.000000000000000000e+00 0.000000000000000000e+00 0.000000000000000000e+00 -1.000000000000000000e+00 -1.000000000000000000e+00
1.840000000000000000e+02 3.500785820817507192e+04 3.410604396242646175e+01 -9.425970812099079832e-02 1.968336729207182945e+00 3.146418733934845946e+00 1.199797555902021133e-02 1.570796326794896558e+00 1.000000000000000000e+00 1.000000000000000000e+00 0.000000000000000000e+00 0.000000000000000000e+00 -1.000000000000000000e+00 -1.000000000000000000e+00
1.850000000000000000e+02 4.330945185994059284e+04 2.331975272136928723e+01 -5.462123389188068556e-02 2.016150280344725765e+00 3.145530495427215634e+00 1.404816181879989800e-01 1.570796326794896558e+00 1.000000000000000000e+00 1.000000000000000000e+00 0.000000000000000000e+00 0.000000000000000000e+00 -1.000000000000000000e+00 -1.000000000000000000e+00
1.860000000000000000e+02 1.604374934306551040e+04 1.132634769541063768e+01 8.067783132984947259e-02 1.069909511145023862e+00 -3.071154518952273066e-02 5.710931998159356204e-02 0.000000000000000000e+00 1.000000000000000000e+00 1.000000000000000000e+00 0.000000000000000000e+00 0.000000000000000000e+00 -1.000000000000000000e+00 -1.000000000000000000e+00
1.870000000000000000e+02 2.734450187912737601e+04 3.683944599268998843e+01 -9.432133579372346810e-02 3.100000000000000089e+00 3.158327445021449797e+00 2.320983462928914026e-02 1.570796326794896558e+00 1.000000000000000000e+00 1.000000000000000000e+00 0.000000000000000000e+00 0.000000000000000000e+00 -1.000000000000000000e+00 -1.000000000000000000e+00
1.880000000000000000e+02 3.478518506696588884e+04 1.600517592560329305e+01 6.525857197319727757e-03 1.316784390110702807e+00 3.165644075868935037e+00 2.407617889778424780e-01 1.570796326794896558e+00 1.000000000000000000e+00 1.000000000000000000e+00 0.000000000000000000e+00 0.000000000000000000e+00 -1.000000000000000000e+00 -1.000000000000000000e+00
1.890000000000000000e+02 5.000000000000000000e+04 1.233638958501031269e+01 -1.304209398627373673e-01 2.199196721612752370e+00 3.126882500417581756e+00 5.934539266162791593e-02 0.000000000000000000e+00 1.000000000000000000e+00 1.000000000000000000e+00 0.000000000000000000e+00 0.000000000000000000e+00 -1.000000000000000000e+00 -1.000000000000000000e+00
1.900000000000000000e+02 1.963595981896683224e+04 1.527633358184782608e+01 2.806569480045228299e-02 6.083599709083320484e-01 1.397370790452120634e-02 1.000000000000000021e-02 1.570796326794896558e+00 1.000000000000000000e+00 1.000000000000000000e+00 0.000000000000000000e+00 0.000000000000000000e+00 -1.000000000000000000e+00 -1.000000000000000000e+00
1.920000000000000000e+02 5.405878323469037241e+02 1.778098424881507711e+01 1.454894733120549177e-01 5.208824023513751733e-01 3.130573382613564881e+00 5.722790539050148090e-02 1.570796326794896558e+00 1.000000000000000000e+00 1.000000000000000000e+00 0.000000000000000000e+00 0.000000000000000000e+00 -1.000000000000000000e+00 -1.000000000000000000e+00
1.930000000000000000e+02 4.714441394388207846e+04 1.359488964181037041e+01 1.552579645473076697e-01 6.494913452183583846e-01 -4.545416447030075323e-03 1.391243694819891026e-02 1.570796326794896558e+00 1.000000000000000000e+00 1.000000000000000000e+00 0.000000000000000000e+00 0.000000000000000000e+00 -1.000000000000000000e+00 -1.000000000000000000e+00
1.940000000000000000e+02 3.475665453365832946e+04 1.142800845719991365e+01 -1.292422001223022809e-01 1.764729689607410501e+00 9.460203377041353796e-04 3.842970251773591972e-02 1.570796326794896558e+00 1.000000000000000000e+00 1.000000000000000000e+00 0.000000000000000000e+00 0.000000000000000000e+00 -1.000000000000000000e+00 -1.000000000000000000e+00
1.950000000000000000e+02 3.910401324948921683e+04 1.667966415614662878e+01 -9.322620170868961553e-02 1.913570920373633300e+00 3.165812181006478987e+00 1.555338026462256273e-01 1.570796326794896558e+00 1.000000000000000000e+00 1.000000000000000000e+00 0.000000000000000000e+00 0.000000000000000000e+00 -1.000000000000000000e+00 -1.000000000000000000e+00
1.990000000000000000e+02 4.448706636156304012e+04 1.296185071838624125e+01 -2.594867266963950952e-02 7.489228086177415200e-01 3.112160761075341675e+00 1.848346544174156725e-01 0.000000000000000000e+00 1.000000000000000000e+00 1.000000000000000000e+00 0.000000000000000000e+00 0.000000000000000000e+00 -1.000000000000000000e+00 -1.000000000000000000e+00
2.000000000000000000e+02 4.448046836735355464e+04 1.074801404629215007e+01 3.748226182351992175e-02 6.355074959667926793e-01 -3.729045019580422629e-03 2.675908567856463138e-01 0.000000000000000000e+00 1.000000000000000000e+00 1.000000000000000000e+00 0.000000000000000000e+00 0.000000000000000000e+00 -1.000000000000000000e+00 -1.000000000000000000e+00
3.650000000000000000e+02 6.930000000000001137e+02 3.883708343447741385e+01 1.020602381208009501e-01 1.417314748965390558e+00 0.000000000000000000e+00 9.000000000000001055e-02 -1.000000000000000000e+00 1.000000000000000000e+00 1.000000000000000000e+00 3.000000000000000000e+00 0.000000000000000000e+00 -1.000000000000000000e+00 -1.000000000000000000e+00
2.000000000000000000e+00 3.384743314944525628e+04 1.061343880806049178e+01 -7.918616118172634721e-02 2.678260193000574940e+00 3.151869507486235733e+00 3.047192057168629856e-02 1.570796326794896558e+00 1.000000000000000000e+00 1.000000000000000000e+00 0.000000000000000000e+00 0.000000000000000000e+00 -1.000000000000000000e+00 -1.000000000000000000e+00
1.300000000000000000e+01 3.086401206450735117e+04 1.056564974381280386e+01 -7.948763272869424634e-02 1.906574113501960266e+00 0.000000000000000000e+00 1.092768816639246021e-02 1.570796326794896558e+00 1.000000000000000000e+00 1.000000000000000000e+00 0.000000000000000000e+00 0.000000000000000000e+00 -1.000000000000000000e+00 -1.000000000000000000e+00
1.400000000000000000e+01 8.057270761579711689e+02 2.125242416058736694e+01 1.083482601376078436e-01 1.300891920207497110e+00 0.000000000000000000e+00 9.000000000000001055e-02 1.570796326794896558e+00 1.000000000000000000e+00 1.000000000000000000e+00 0.000000000000000000e+00 0.000000000000000000e+00 -1.000000000000000000e+00 -1.000000000000000000e+00
2.300000000000000000e+01 4.474590539945348428e+04 3.355721105942774329e+01 2.749431927119914271e-02 1.280020365769424018e+00 2.723834291528356294e-02 1.662272164063164151e-02 1.570796326794896558e+00 1.000000000000000000e+00 1.000000000000000000e+00 0.000000000000000000e+00 0.000000000000000000e+00 -1.000000000000000000e+00 -1.000000000000000000e+00
2.700000000000000000e+01 4.525600527191150468e+04 2.213347664275103099e+01 7.101000667850611292e-02 9.265036786949000236e-01 0.000000000000000000e+00 7.415508113084184894e-02 1.570796326794896558e+00 1.000000000000000000e+00 1.000000000000000000e+00 0.000000000000000000e+00 0.000000000000000000e+00 -1.000000000000000000e+00 -1.000000000000000000e+00
2.900000000000000000e+01 1.348783656161026192e+04 1.188269797624693425e+01 1.434367937715576025e-01 1.476550708268687728e+00 0.000000000000000000e+00 1.000000000000000056e-01 1.570796326794896558e+00 1.000000000000000000e+00 1.000000000000000000e+00 0.000000000000000000e+00 0.000000000000000000e+00 -1.000000000000000000e+00 -1.000000000000000000e+00
4.000000000000000000e+01 1.600367194862045108e+04 1.051178604470378453e+01 -4.333797731527502112e-02 2.661129233290325580e+00 0.000000000000000000e+00 8.090469635935695902e-02 1.570796326794896558e+00 1.000000000000000000e+00 1.000000000000000000e+00 0.000000000000000000e+00 0.000000000000000000e+00 -1.000000000000000000e+00 -1.000000000000000000e+00
4.300000000000000000e+01 3.680066202779049490e+04 1.063148410195658045e+01 -1.318122895228582558e-01 2.135669111545925869e+00 1.791197019893640136e-02 7.125384553966029877e-02 1.570796326794896558e+00 1.000000000000000000e+00 1.000000000000000000e+00 0.000000000000000000e+00 0.000000000000000000e+00 -1.000000000000000000e+00 -1.000000000000000000e+00
6.900000000000000000e+01 3.598292526793799334e+04 1.184525580222526031e+01 6.452046339711112188e-02 1.641045000369206308e+00 3.546768997251478067e-02 1.855299841091138657e-01 1.570796326794896558e+00 1.000000000000000000e+00 1.000000000000000000e+00 0.000000000000000000e+00 0.000000000000000000e+00 -1.000000000000000000e+00 -1.000000000000000000e+00
7.000000000000000000e+01 4.501390505397062952e+04 1.631739791544192997e+01 1.210983366218463531e-01 7.784016057573891478e-01 0.000000000000000000e+00 6.102838592253796018e-02 1.570796326794896558e+00 1.000000000000000000e+00 1.000000000000000000e+00 0.000000000000000000e+00 0.000000000000000000e+00 -1.000000000000000000e+00 -1.000000000000000000e+00
8.100000000000000000e+01 3.184623582839575829e+04 1.067347220033371258e+01 -8.722463352525401670e-02 2.336760515668879989e+00 0.000000000000000000e+00 1.596442293642253429e-01 1.570796326794896558e+00 1.000000000000000000e+00 1.000000000000000000e+00 0.000000000000000000e+00 0.000000000000000000e+00 -1.000000000000000000e+00 -1.000000000000000000e+00
9.200000000000000000e+01 2.518139957617395703e+04 2.206954564808182795e+01 3.529223346750257062e-02 1.129107957933916273e+00 0.000000000000000000e+00 6.957064400187411290e-02 1.570796326794896558e+00 1.000000000000000000e+00 1.000000000000000000e+00 0.000000000000000000e+00 0.000000000000000000e+00 -1.000000000000000000e+00 -1.000000000000000000e+00
1.020000000000000000e+02 3.500024962175376277e+04 3.204148591565405013e+01 -1.552341680528009082e-01 2.574861517058828486e+00 3.925624328090939613e-02 2.739870935379410885e-02 1.570796326794896558e+00 1.000000000000000000e+00 1.000000000000000000e+00 0.000000000000000000e+00 0.000000000000000000e+00 -1.000000000000000000e+00 -1.000000000000000000e+00
1.030000000000000000e+02 2.462041785796306067e+04 1.498530616176697627e+01 9.594781914912842158e-02 1.750651004817583178e+00 0.000000000000000000e+00 4.678512029183984344e-02 1.570796326794896558e+00 1.000000000000000000e+00 1.000000000000000000e+00 0.000000000000000000e+00 0.000000000000000000e+00 -1.000000000000000000e+00 -1.000000000000000000e+00
1.130000000000000000e+02 1.658066411292582052e+04 1.471569550459060771e+01 1.074372609656693844e-01 1.540948766948913917e+00 0.000000000000000000e+00 2.792217741236548492e-02 1.570796326794896558e+00 1.000000000000000000e+00 1.000000000000000000e+00 0.000000000000000000e+00 0.000000000000000000e+00 -1.000000000000000000e+00 -1.000000000000000000e+00
1.140000000000000000e+02 2.770690852753474974e+04 1.165772922460529948e+01 -1.000143656032527611e-01 2.544746494981181328e+00 0.000000000000000000e+00 1.092702653520687302e-02 1.570796326794896558e+00 1.000000000000000000e+00 1.000000000000000000e+00 0.000000000000000000e+00 0.000000000000000000e+00 -1.000000000000000000e+00 -1.000000000000000000e+00
1.160000000000000000e+02 4.089221659354089206e+04 1.211119809411251147e+01 -1.209233607487005951e-01 2.342331830906832835e+00 1.998033239758850374e-02 3.125444656955771866e-02 1.570796326794896558e+00 1.000000000000000000e+00 1.000000000000000000e+00 0.000000000000000000e+00 0.000000000000000000e+00 -1.000000000000000000e+00 -1.000000000000000000e+00
1.230000000000000000e+02 4.926390366337645537e+04 2.079387433479148228e+01 -5.591740207560297327e-02 3.052067852411688875e+00 3.396198137959251240e-02 3.888436299793759238e-02 1.570796326794896558e+00 1.000000000000000000e+00 1.000000000000000000e+00 0.000000000000000000e+00 0.000000000000000000e+00 -1.000000000000000000e+00 -1.000000000000000000e+00
1.290000000000000000e+02 1.725965878039595918e+04 1.160766968592481696e+01 -1.226715062831455483e-01 1.878246821750736206e+00 1.143886968912470430e-02 4.153482182022277813e-02 1.570796326794896558e+00 1.000000000000000000e+00 1.000000000000000000e+00 0.000000000000000000e+00 0.000000000000000000e+00 -1.000000000000000000e+00 -1.000000000000000000e+00
1.350000000000000000e+02 3.554848407958578900e+04 1.007560413798022836e+01 -2.681490920675319023e-01 1.999502769198142405e+00 0.000000000000000000e+00 7.305781324807203436e-02 1.570796326794896558e+00 1.000000000000000000e+00 1.000000000000000000e+00 0.000000000000000000e+00 0.000000000000000000e+00 -1.000000000000000000e+00 -1.000000000000000000e+00
1.520000000000000000e+02 3.837353411593269993e+04 3.454888345819605178e+01 -2.972410734224512074e-02 2.537637867613697473e+00 1.493340494484514218e-02 2.140394169797483689e-02 1.570796326794896558e+00 1.000000000000000000e+00 1.000000000000000000e+00 0.000000000000000000e+00 0.000000000000000000e+00 -1.000000000000000000e+00 -1.000000000000000000e+00
1.530000000000000000e+02 4.494931978755103046e+04 1.384027257110396825e+01 -3.635040996121593343e-02 2.648901908979209630e+00 1.775062393062498342e-02 2.827488830353270741e-02 1.570796326794896558e+00 1.000000000000000000e+00 1.000000000000000000e+00 0.000000000000000000e+00 0.000000000000000000e+00 -1.000000000000000000e+00 -1.000000000000000000e+00
1.580000000000000000e+02 3.975867326554781175e+04 1.359231058855409202e+01 -8.639127079250416563e-02 2.486084761941652399e+00 0.000000000000000000e+00 1.000489446241354524e-02 1.570796326794896558e+00 1.000000000000000000e+00 1.000000000000000000e+00 0.000000000000000000e+00 0.000000000000000000e+00 -1.000000000000000000e+00 -1.000000000000000000e+00
1.590000000000000000e+02 2.977286020352480773e+04 1.021040060431603536e+01 1.743515903554946900e-01 8.431461503796084944e-01 3.185300020677923893e-02 1.462799024502547778e-02 1.570796326794896558e+00 1.000000000000000000e+00 1.000000000000000000e+00 0.000000000000000000e+00 0.000000000000000000e+00 -1.000000000000000000e+00 -1.000000000000000000e+00
1.670000000000000000e+02 8.780439557720872472e+03 1.392113952503592245e+01 3.918676404158220883e-02 9.587128119901872081e-01 1.514199903898144520e-04 4.590735284901237279e-02 1.570796326794896558e+00 1.000000000000000000e+00 1.000000000000000000e+00 0.000000000000000000e+00 0.000000000000000000e+00 -1.000000000000000000e+00 -1.000000000000000000e+00
1.720000000000000000e+02 3.335310844512667973e+04 2.708020243223160506e+01 -3.819289438147380200e-02 3.100000000000000089e+00 0.000000000000000000e+00 4.231353334702939867e-02 1.570796326794896558e+00 1.000000000000000000e+00 1.000000000000000000e+00 0.000000000000000000e+00 0.000000000000000000e+00 -1.000000000000000000e+00 -1.000000000000000000e+00
1.830000000000000000e+02 2.684624238109699945e+04 1.254563018141493025e+01 -8.952763427327030399e-03 5.354284328082971056e-01 0.000000000000000000e+00 1.877279372586310724e-01 1.570796326794896558e+00 1.000000000000000000e+00 1.000000000000000000e+00 0.000000000000000000e+00 0.000000000000000000e+00 -1.000000000000000000e+00 -1.000000000000000000e+00
7.000000000000000000e+00 6.386940324216033332e+03 1.105757693314991918e+01 8.944579363661075977e-02 1.560482507401689034e+00 0.000000000000000000e+00 1.540744469329696775e-01 0.000000000000000000e+00 1.000000000000000000e+00 1.000000000000000000e+00 0.000000000000000000e+00 0.000000000000000000e+00 -1.000000000000000000e+00 -1.000000000000000000e+00
2.100000000000000000e+01 1.829794213634930657e+03 1.708626946634018751e+01 7.283148205660947005e-02 1.294728735288359855e+00 0.000000000000000000e+00 3.136398978536088927e-02 0.000000000000000000e+00 1.000000000000000000e+00 1.000000000000000000e+00 0.000000000000000000e+00 0.000000000000000000e+00 -1.000000000000000000e+00 -1.000000000000000000e+00
3.400000000000000000e+01 4.510848789099963142e+03 1.020475939303189783e+01 -2.377964293468174117e-01 2.155977580309500041e+00 0.000000000000000000e+00 2.515563868738792674e-01 0.000000000000000000e+00 1.000000000000000000e+00 1.000000000000000000e+00 0.000000000000000000e+00 0.000000000000000000e+00 -1.000000000000000000e+00 -1.000000000000000000e+00
4.100000000000000000e+01 7.329646867094177651e+03 1.033145934469242277e+01 5.436436394192409836e-03 2.833049838662050623e-01 0.000000000000000000e+00 1.366983222516168772e-01 0.000000000000000000e+00 1.000000000000000000e+00 1.000000000000000000e+00 0.000000000000000000e+00 0.000000000000000000e+00 -1.000000000000000000e+00 -1.000000000000000000e+00
5.600000000000000000e+01 6.346742330862232848e+03 1.247201193851833345e+01 7.663164553008590396e-02 3.160261274833257583e-01 0.000000000000000000e+00 3.995854172314303177e-01 0.000000000000000000e+00 1.000000000000000000e+00 1.000000000000000000e+00 0.000000000000000000e+00 0.000000000000000000e+00 -1.000000000000000000e+00 -1.000000000000000000e+00
5.900000000000000000e+01 8.200963655674944675e+03 1.028147371082707906e+01 4.468790543722410413e-02 1.431669225999254502e+00 0.000000000000000000e+00 2.921443155044821105e-01 0.000000000000000000e+00 1.000000000000000000e+00 1.000000000000000000e+00 0.000000000000000000e+00 0.000000000000000000e+00 -1.000000000000000000e+00 -1.000000000000000000e+00
7.700000000000000000e+01 1.678474341802559502e+04 3.586143390643201201e+01 9.908623101824637347e-02 1.551391985837017096e+00 0.000000000000000000e+00 5.197532820089482142e-01 0.000000000000000000e+00 1.000000000000000000e+00 1.000000000000000000e+00 0.000000000000000000e+00 0.000000000000000000e+00 -1.000000000000000000e+00 -1.000000000000000000e+00
9.300000000000000000e+01 5.659838488565776061e+03 1.463920910522941199e+01 -1.019982885814948587e-01 2.384246007826183789e+00 0.000000000000000000e+00 7.031319324187366160e-01 0.000000000000000000e+00 1.000000000000000000e+00 1.000000000000000000e+00 0.000000000000000000e+00 0.000000000000000000e+00 -1.000000000000000000e+00 -1.000000000000000000e+00
9.900000000000000000e+01 1.962887660392091857e+04 1.018038674584095027e+01 -8.775669590714821333e-02 2.894142479040842986e+00 0.000000000000000000e+00 4.752377611234361865e-01 0.000000000000000000e+00 1.000000000000000000e+00 1.000000000000000000e+00 0.000000000000000000e+00 0.000000000000000000e+00 -1.000000000000000000e+00 -1.000000000000000000e+00
1.010000000000000000e+02 1.020395349427352994e+04 1.125264671609856215e+01 -3.153901276591877800e-02 2.564755614805293238e+00 0.000000000000000000e+00 5.829029989965982539e-01 0.000000000000000000e+00 1.000000000000000000e+00 1.000000000000000000e+00 0.000000000000000000e+00 0.000000000000000000e+00 -1.000000000000000000e+00 -1.000000000000000000e+00
1.080000000000000000e+02 9.329382796735608281e+03 1.450700774189911257e+01 -8.181383801147211476e-02 1.945272884700631755e+00 0.000000000000000000e+00 4.249353095166386041e-01 0.000000000000000000e+00 1.000000000000000000e+00 1.000000000000000000e+00 0.000000000000000000e+00 0.000000000000000000e+00 -1.000000000000000000e+00 -1.000000000000000000e+00
1.490000000000000000e+02 9.746413242036753218e+03 1.187400202895140389e+01 7.157519168649430219e-02 8.701169443110098323e-01 0.000000000000000000e+00 7.232838600266673357e-01 0.000000000000000000e+00 1.000000000000000000e+00 1.000000000000000000e+00 0.000000000000000000e+00 0.000000000000000000e+00 -1.000000000000000000e+00 -1.000000000000000000e+00
1.780000000000000000e+02 1.387297774225300782e+04 1.092914067879478601e+01 -1.230346717111066857e-01 3.075316434464989701e+00 0.000000000000000000e+00 7.251758950197026987e-01 0.000000000000000000e+00 1.000000000000000000e+00 1.000000000000000000e+00 0.000000000000000000e+00 0.000000000000000000e+00 -1.000000000000000000e+00 -1.000000000000000000e+00
1.910000000000000000e+02 6.395061068261988112e+03 1.522725190873651435e+01 5.204597116012323055e-02 1.060298811785477247e+00 0.000000000000000000e+00 8.795888148159972664e-01 0.000000000000000000e+00 1.000000000000000000e+00 1.000000000000000000e+00 0.000000000000000000e+00 0.000000000000000000e+00 -1.000000000000000000e+00 -1.000000000000000000e+00
3.660000000000000000e+02 7.584296604403423316e+02 2.796730416632376404e+01 -7.457423171863794553e-02 1.820543498895701662e+00 0.000000000000000000e+00 1.073299234851834809e-02 -1.000000000000000000e+00 1.000000000000000000e+00 1.000000000000000000e+00 3.000000000000000000e+00 1.000000000000000000e+05 -1.000000000000000000e+00 -1.000000000000000000e+00
3.670000000000000000e+02 4.322071036567967326e+02 1.484228738517635371e+01 1.349562225707749141e-01 1.053303639837315231e+00 0.000000000000000000e+00 5.189623299306420773e-02 -1.000000000000000000e+00 1.000000000000000000e+00 1.000000000000000000e+00 3.000000000000000000e+00 2.000000000000000000e+05 -1.000000000000000000e+00 -1.000000000000000000e+00
