# id_num orb_a mass spin spin_angle orb_inc orb_ecc orb_arg_periapse orb_ang_mom gen galaxy time_passed star_X star_Y star_Z radius
2.370000000000000000e+02 5.309356813896256000e+01 1.482125752522194716e+03 8.959999999999999076e-01 1.450366714861581530e+00 0.000000000000000000e+00 1.739310887553460749e-02 0.000000000000000000e+00 1.185584891821737728e+18 1.000000000000000000e+00 0.000000000000000000e+00 0.000000000000000000e+00 7.273999999999999355e-01 2.637999999999999790e-01 8.800000000000000530e-03 3.387783722506389950e+02
2.390000000000000000e+02 3.459947400553274122e+01 1.570578156484922374e+03 8.959999999999999076e-01 1.066578435845219941e+00 0.000000000000000000e+00 6.062618811754501014e-01 1.570796326794896558e+00 1.274401347840394496e+18 1.000000000000000000e+00 0.000000000000000000e+00 0.000000000000000000e+00 7.273999999999999355e-01 2.637999999999999790e-01 8.800000000000000530e-03 3.548585525213225651e+02
2.410000000000000000e+02 5.725736597737753897e+01 1.802350593862051937e+03 8.959999999999999076e-01 1.445864754360618232e+00 0.000000000000000000e+00 3.291872914348516893e-02 1.570796326794896558e+00 1.483605236024990976e+18 1.000000000000000000e+00 0.000000000000000000e+00 0.000000000000000000e+00 7.273999999999999355e-01 2.637999999999999790e-01 8.800000000000000530e-03 3.961676902901305084e+02
2.420000000000000000e+02 3.678451860805842699e+01 1.915205097271865270e+03 8.959999999999999076e-01 6.553447424671522414e-01 0.000000000000000000e+00 4.119382720086530725e-01 0.000000000000000000e+00 1.587781290074417408e+18 1.000000000000000000e+00 0.000000000000000000e+00 0.000000000000000000e+00 7.273999999999999355e-01 2.637999999999999790e-01 8.800000000000000530e-03 4.158913286908169198e+02
2.440000000000000000e+02 3.818420416967644115e+01 1.922647950841673492e+03 8.959999999999999076e-01 1.343482132823732522e+00 0.000000000000000000e+00 4.461521094631029083e-01 1.570796326794896558e+00 1.617534970552025856e+18 1.000000000000000000e+00 0.000000000000000000e+00 0.000000000000000000e+00 7.273999999999999355e-01 2.637999999999999790e-01 8.800000000000000530e-03 4.171838136333344096e+02
2.450000000000000000e+02 6.225199603535649828e+01 2.060159050432127515e+03 8.959999999999999076e-01 1.356623434603097866e+00 0.000000000000000000e+00 9.000000000000001055e-02 0.000000000000000000e+00 1.745029625924348672e+18 1.000000000000000000e+00 0.000000000000000000e+00 0.000000000000000000e+00 7.273999999999999355e-01 2.637999999999999790e-01 8.800000000000000530e-03 4.408879555863429118e+02
2.460000000000000000e+02 3.932361589407483393e+01 2.047153217286498375e+03 8.959999999999999076e-01 1.550859073243842312e+00 0.000000000000000000e+00 4.559860887202188962e-01 0.000000000000000000e+00 1.746713480181213952e+18 1.000000000000000000e+00 0.000000000000000000e+00 0.000000000000000000e+00 7.273999999999999355e-01 2.637999999999999790e-01 8.800000000000000530e-03 4.386598773926057788e+02
2.470000000000000000e+02 5.855821338203605819e+01 2.056414627662360999e+03 8.959999999999999076e-01 1.881983343639710649e+00 0.000000000000000000e+00 3.450296184589484588e-02 0.000000000000000000e+00 1.768133506859271168e+18 1.000000000000000000e+00 0.000000000000000000e+00 0.000000000000000000e+00 7.273999999999999355e-01 2.637999999999999790e-01 8.800000000000000530e-03 4.402467735687426966e+02
2.480000000000000000e+02 6.863264203602437874e+01 2.414506662927617981e+03 8.959999999999999076e-01 8.791645199003342848e-01 0.000000000000000000e+00 6.852196851989610094e-02 0.000000000000000000e+00 2.090997022703938560e+18 1.000000000000000000e+00 0.000000000000000000e+00 0.000000000000000000e+00 7.273999999999999355e-01 2.637999999999999790e-01 8.800000000000000530e-03 5.005763887006874029e+02
2.510000000000000000e+02 6.600689587536014358e+01 2.506048926719925930e+03 8.959999999999999076e-01 1.862516851603376766e+00 0.000000000000000000e+00 2.499636927196522904e-02 0.000000000000000000e+00 2.219011743680909312e+18 1.000000000000000000e+00 0.000000000000000000e+00 0.000000000000000000e+00 7.273999999999999355e-01 2.637999999999999790e-01 8.800000000000000530e-03 5.157025404579402448e+02
2.520000000000000000e+02 4.407274432575155743e+01 2.731845718854137886e+03 8.959999999999999076e-01 2.018885675815140779e+00 0.000000000000000000e+00 3.364565337158580971e-01 1.570796326794896558e+00 2.437033970515170816e+18 1.000000000000000000e+00 0.000000000000000000e+00 0.000000000000000000e+00 7.273999999999999355e-01 2.637999999999999790e-01 8.800000000000000530e-03 5.525512547026544325e+02
2.530000000000000000e+02 4.636680211984323563e+01 3.014287618276769081e+03 8.959999999999999076e-01 1.096962654894074074e+00 0.000000000000000000e+00 1.832560915711936578e-01 0.000000000000000000e+00 2.708067966149924352e+18 1.000000000000000000e+00 0.000000000000000000e+00 0.000000000000000000e+00 7.273999999999999355e-01 2.637999999999999790e-01 8.800000000000000530e-03 5.977992777395080566e+02
2.540000000000000000e+02 7.320666548917564853e+01 2.774557557569564779e+03 8.959999999999999076e-01 1.916196695591164234e+00 0.000000000000000000e+00 1.606258284272221379e-02 1.570796326794896558e+00 2.512716426752627712e+18 1.000000000000000000e+00 0.000000000000000000e+00 0.000000000000000000e+00 7.273999999999999355e-01 2.637999999999999790e-01 8.800000000000000530e-03 5.594517351650654291e+02
2.550000000000000000e+02 5.437609409818615802e+01 2.773367380638126178e+03 8.959999999999999076e-01 1.247077361079277136e+00 0.000000000000000000e+00 5.080129607265370523e-02 0.000000000000000000e+00 2.529777168937936896e+18 1.000000000000000000e+00 0.000000000000000000e+00 0.000000000000000000e+00 7.273999999999999355e-01 2.637999999999999790e-01 8.800000000000000530e-03 5.592597405561228925e+02
2.560000000000000000e+02 8.760249386468942134e+01 3.011977645117823613e+03 8.959999999999999076e-01 2.090154864106416266e+00 0.000000000000000000e+00 2.732306322867356779e-02 1.570796326794896558e+00 2.768947947312891904e+18 1.000000000000000000e+00 0.000000000000000000e+00 0.000000000000000000e+00 7.273999999999999355e-01 2.637999999999999790e-01 8.800000000000000530e-03 5.974327550137563776e+02
2.590000000000000000e+02 8.034175746008524754e+01 3.253346248973395177e+03 8.959999999999999076e-01 2.045318523624729323e+00 0.000000000000000000e+00 3.366065262503050576e-02 0.000000000000000000e+00 3.060837629053844992e+18 1.000000000000000000e+00 0.000000000000000000e+00 0.000000000000000000e+00 7.273999999999999355e-01 2.637999999999999790e-01 8.800000000000000530e-03 6.354360706018604787e+02
2.640000000000000000e+02 7.780074338008324730e+01 3.907213344015564417e+03 8.959999999999999076e-01 2.006006244932907912e+00 0.000000000000000000e+00 1.930415007228722737e-02 0.000000000000000000e+00 3.822707618567097856e+18 1.000000000000000000e+00 0.000000000000000000e+00 0.000000000000000000e+00 7.273999999999999355e-01 2.637999999999999790e-01 8.800000000000000530e-03 7.357009802327294210e+02
2.650000000000000000e+02 7.114394511315524028e+01 4.071657335237390271e+03 8.959999999999999076e-01 2.002655003686223179e+00 0.000000000000000000e+00 1.074777262409434657e-02 1.570796326794896558e+00 4.016330576085523968e+18 1.000000000000000000e+00 0.000000000000000000e+00 0.000000000000000000e+00 7.273999999999999355e-01 2.637999999999999790e-01 8.800000000000000530e-03 7.603693655959265243e+02
2.660000000000000000e+02 9.468730180125631080e+01 4.343198748536034145e+03 8.959999999999999076e-01 1.349171113187983106e+00 0.000000000000000000e+00 2.146417272099085047e-02 0.000000000000000000e+00 4.318009224935396352e+18 1.000000000000000000e+00 0.000000000000000000e+00 0.000000000000000000e+00 7.273999999999999355e-01 2.637999999999999790e-01 8.800000000000000530e-03 8.006733935651910770e+02
2.680000000000000000e+02 9.160260303511381608e+01 5.157874848612144888e+03 8.959999999999999076e-01 1.256613939300696536e+00 0.000000000000000000e+00 4.175307062287137577e-02 0.000000000000000000e+00 5.211348211503273984e+18 1.000000000000000000e+00 0.000000000000000000e+00 0.000000000000000000e+00 7.273999999999999355e-01 2.637999999999999790e-01 8.800000000000000530e-03 9.187223346039951366e+02
2.690000000000000000e+02 1.105115044495452281e+02 4.780666653641514131e+03 8.959999999999999076e-01 1.487509079501705633e+00 0.000000000000000000e+00 2.008464887169095908e-02 1.570796326794896558e+00 4.870019330166193152e+18 1.000000000000000000e+00 0.000000000000000000e+00 0.000000000000000000e+00 7.273999999999999355e-01 2.637999999999999790e-01 8.800000000000000530e-03 8.645665010357998881e+02
2.720000000000000000e+02 1.019968770071008919e+02 5.328348646477245893e+03 8.959999999999999076e-01 1.002661485981563017e+00 0.000000000000000000e+00 3.803357134980175219e-02 0.000000000000000000e+00 5.564542843726052352e+18 1.000000000000000000e+00 0.000000000000000000e+00 0.000000000000000000e+00 7.273999999999999355e-01 2.637999999999999790e-01 8.800000000000000530e-03 9.429349680126263138e+02
2.740000000000000000e+02 1.159463037756070349e+02 6.002060051485190343e+03 8.959999999999999076e-01 1.820620744863342910e+00 0.000000000000000000e+00 1.368663934761988471e-02 0.000000000000000000e+00 6.371603684966925312e+18 1.000000000000000000e+00 0.000000000000000000e+00 0.000000000000000000e+00 7.273999999999999355e-01 2.637999999999999790e-01 8.800000000000000530e-03 1.037165120890880644e+03
2.780000000000000000e+02 1.273820920577776974e+02 6.576686180132851405e+03 8.959999999999999076e-01 1.525620485616222322e+00 0.000000000000000000e+00 1.000000000000000056e-01 0.000000000000000000e+00 7.224764214618357760e+18 1.000000000000000000e+00 0.000000000000000000e+00 0.000000000000000000e+00 7.273999999999999355e-01 2.637999999999999790e-01 8.800000000000000530e-03 1.115869300611751669e+03
2.790000000000000000e+02 1.232407678076218218e+02 7.117203286605175890e+03 8.959999999999999076e-01 1.353876147738283464e+00 0.000000000000000000e+00 9.000000000000001055e-02 0.000000000000000000e+00 7.885977493927511040e+18 1.000000000000000000e+00 0.000000000000000000e+00 0.000000000000000000e+00 7.273999999999999355e-01 2.637999999999999790e-01 8.800000000000000530e-03 1.188653109498852245e+03
2.830000000000000000e+02 1.278192251127169214e+02 8.076386103205772997e+03 8.959999999999999076e-01 1.939589137381603434e+00 0.000000000000000000e+00 9.000000000000001055e-02 0.000000000000000000e+00 9.266729937167304704e+18 1.000000000000000000e+00 0.000000000000000000e+00 0.000000000000000000e+00 7.273999999999999355e-01 2.637999999999999790e-01 8.800000000000000530e-03 1.315168179521232787e+03
2.840000000000000000e+02 1.248517854613389204e+02 8.984010823416518178e+03 8.959999999999999076e-01 1.404463731403611026e+00 0.000000000000000000e+00 9.000000000000001055e-02 0.000000000000000000e+00 1.039876209510145229e+19 1.000000000000000000e+00 0.000000000000000000e+00 0.000000000000000000e+00 7.273999999999999355e-01 2.637999999999999790e-01 8.800000000000000530e-03 1.432134633529321718e+03
2.850000000000000000e+02 1.424672487212071985e+02 8.893776728377086329e+03 8.959999999999999076e-01 9.408970027548042570e-01 0.000000000000000000e+00 1.608121413894678803e-02 0.000000000000000000e+00 1.038816864483349504e+19 1.000000000000000000e+00 0.000000000000000000e+00 0.000000000000000000e+00 7.273999999999999355e-01 2.637999999999999790e-01 8.800000000000000530e-03 1.420615707863241823e+03
2.860000000000000000e+02 1.243636495498446664e+02 9.046183508540880212e+03 8.959999999999999076e-01 1.832027372497108120e+00 0.000000000000000000e+00 2.273033163896349615e-02 1.570796326794896558e+00 1.065988686590585651e+19 1.000000000000000000e+00 0.000000000000000000e+00 0.000000000000000000e+00 7.273999999999999355e-01 2.637999999999999790e-01 8.800000000000000530e-03 1.440057883717347750e+03
2.920000000000000000e+02 1.505488250377550514e+02 1.150123592319031741e+04 8.979999999999999094e-01 1.616516795590402511e+00 0.000000000000000000e+00 5.888570991253364029e-02 0.000000000000000000e+00 1.431326611497530982e+19 1.000000000000000000e+00 0.000000000000000000e+00 0.000000000000000000e+00 7.273999999999999355e-01 2.637999999999999790e-01 8.800000000000000530e-03 1.745031391942830169e+03
2.930000000000000000e+02 1.330794546124551516e+02 1.209215502544233823e+04 8.959999999999999076e-01 8.963008539040958622e-01 0.000000000000000000e+00 2.681698539866618838e-02 1.570796326794896558e+00 1.519132856643071590e+19 1.000000000000000000e+00 0.000000000000000000e+00 0.000000000000000000e+00 7.273999999999999355e-01 2.637999999999999790e-01 8.800000000000000530e-03 1.816396261538511908e+03
2.960000000000000000e+02 1.340546989658867858e+02 1.408234150799571944e+04 8.979999999999999094e-01 1.023335125246525701e+00 0.000000000000000000e+00 2.988147324884653233e-02 1.570796326794896558e+00 1.820016589358078771e+19 1.000000000000000000e+00 0.000000000000000000e+00 0.000000000000000000e+00 7.273999999999999355e-01 2.637999999999999790e-01 8.800000000000000530e-03 2.051859087113902206e+03
3.000000000000000000e+02 1.525141760251307517e+02 1.809990097103350490e+04 8.959999999999999076e-01 1.643536527263456781e+00 0.000000000000000000e+00 3.304083275280676746e-02 0.000000000000000000e+00 2.431198674142563123e+19 1.000000000000000000e+00 0.000000000000000000e+00 0.000000000000000000e+00 7.273999999999999355e-01 2.637999999999999790e-01 8.800000000000000530e-03 2.508121628578359832e+03
3.020000000000000000e+02 1.626836407211638686e+02 1.843602299302533720e+04 8.959999999999999076e-01 1.022083592021260534e+00 0.000000000000000000e+00 5.155820525990185976e-02 1.570796326794896558e+00 2.525350576833495040e+19 1.000000000000000000e+00 0.000000000000000000e+00 0.000000000000000000e+00 7.273999999999999355e-01 2.637999999999999790e-01 8.800000000000000530e-03 2.545314357024747551e+03
3.080000000000000000e+02 1.844893774310856998e+02 2.494513246846929178e+04 8.959999999999999076e-01 1.569937253452399206e+00 0.000000000000000000e+00 2.837209123300723015e-02 0.000000000000000000e+00 3.630578992453881037e+19 1.000000000000000000e+00 0.000000000000000000e+00 0.000000000000000000e+00 7.273999999999999355e-01 2.637999999999999790e-01 8.800000000000000530e-03 3.241875153848147420e+03
3.090000000000000000e+02 1.818605171358008192e+02 2.695754218833419145e+04 8.959999999999999076e-01 1.191589242592658193e+00 0.000000000000000000e+00 1.000000000000000056e-01 1.570796326794896558e+00 3.964038588807365427e+19 1.000000000000000000e+00 0.000000000000000000e+00 0.000000000000000000e+00 7.273999999999999355e-01 2.637999999999999790e-01 8.800000000000000530e-03 3.449466004011089353e+03
3.110000000000000000e+02 1.942758215966464661e+02 2.872139077169640950e+04 8.959999999999999076e-01 1.330850380666879440e+00 0.000000000000000000e+00 2.057162424888275484e-02 1.570796326794896558e+00 4.312318464815663514e+19 1.000000000000000000e+00 0.000000000000000000e+00 0.000000000000000000e+00 7.273999999999999355e-01 2.637999999999999790e-01 8.800000000000000530e-03 3.628874985053475939e+03
3.120000000000000000e+02 2.116419244249918563e+02 2.988387829033159142e+04 8.959999999999999076e-01 1.881269212950421821e+00 0.000000000000000000e+00 9.000000000000001055e-02 0.000000000000000000e+00 4.534968075024091546e+19 1.000000000000000000e+00 0.000000000000000000e+00 0.000000000000000000e+00 7.273999999999999355e-01 2.637999999999999790e-01 8.800000000000000530e-03 3.745908816263998688e+03
3.130000000000000000e+02 1.488192136521316513e+02 3.161837994849766255e+04 8.959999999999999076e-01 7.567555359453534969e-01 0.000000000000000000e+00 1.000000000000000056e-01 1.570796326794896558e+00 4.849505194254161510e+19 1.000000000000000000e+00 0.000000000000000000e+00 0.000000000000000000e+00 7.273999999999999355e-01 2.637999999999999790e-01 8.800000000000000530e-03 3.918856180593599220e+03
3.150000000000000000e+02 1.284142990874326813e+02 3.644472604104856146e+04 8.959999999999999076e-01 1.228365183793200144e+00 0.000000000000000000e+00 1.667718169966658087e-02 1.570796326794896558e+00 5.710434112871258522e+19 1.000000000000000000e+00 0.000000000000000000e+00 0.000000000000000000e+00 7.273999999999999355e-01 2.637999999999999790e-01 8.800000000000000530e-03 4.390514201485952071e+03
3.160000000000000000e+02 1.788044983669245198e+02 3.610967723677670438e+04 8.959999999999999076e-01 1.470015792311834657e+00 0.000000000000000000e+00 1.000000000000000056e-01 1.570796326794896558e+00 5.719572761654629990e+19 1.000000000000000000e+00 0.000000000000000000e+00 0.000000000000000000e+00 7.273999999999999355e-01 2.637999999999999790e-01 8.800000000000000530e-03 4.358193609382595241e+03
3.250000000000000000e+02 1.755609263772398378e+02 5.857792567545321072e+04 8.959999999999999076e-01 9.595826807469235442e-01 0.000000000000000000e+00 9.000000000000001055e-02 1.570796326794896558e+00 1.026445009171865436e+20 1.000000000000000000e+00 0.000000000000000000e+00 0.000000000000000000e+00 7.273999999999999355e-01 2.637999999999999790e-01 8.800000000000000530e-03 6.417927772503236156e+03
3.280000000000000000e+02 7.700000000000001137e+02 6.995280811149654619e+04 8.959999999999999076e-01 1.353043251783609735e+00 0.000000000000000000e+00 1.000000000000000056e-01 1.570796326794896558e+00 1.269652356825374884e+20 1.000000000000000000e+00 0.000000000000000000e+00 0.000000000000000000e+00 7.273999999999999355e-01 2.637999999999999790e-01 8.800000000000000530e-03 7.396934222358912848e+03
3.300000000000000000e+02 2.334093433524082002e+02 7.841853941842984932e+04 8.959999999999999076e-01 2.106259389698430518e+00 0.000000000000000000e+00 8.100000000000001643e-02 0.000000000000000000e+00 1.457622798023020380e+20 1.000000000000000000e+00 0.000000000000000000e+00 0.000000000000000000e+00 7.273999999999999355e-01 2.637999999999999790e-01 8.800000000000000530e-03 8.104806181584449405e+03
3.310000000000000000e+02 7.700000000000001137e+02 8.496029112735216040e+04 8.959999999999999076e-01 1.150454781744600252e+00 0.000000000000000000e+00 1.000000000000000056e-01 1.570796326794896558e+00 1.598446030944128860e+20 1.000000000000000000e+00 0.000000000000000000e+00 0.000000000000000000e+00 7.273999999999999355e-01 2.637999999999999790e-01 8.800000000000000530e-03 8.641326762540213167e+03
3.320000000000000000e+02 3.260468197360945624e+02 8.591191469141228299e+04 8.959999999999999076e-01 9.309522474976364981e-01 0.000000000000000000e+00 9.000000000000001055e-02 0.000000000000000000e+00 1.636176951415309599e+20 1.000000000000000000e+00 0.000000000000000000e+00 0.000000000000000000e+00 7.273999999999999355e-01 2.637999999999999790e-01 8.800000000000000530e-03 8.718672264365335650e+03
3.340000000000000000e+02 2.898973571626270882e+02 9.832692134641100711e+04 8.959999999999999076e-01 2.154507065713057834e+00 0.000000000000000000e+00 1.000000000000000056e-01 0.000000000000000000e+00 1.919312734634907075e+20 1.000000000000000000e+00 0.000000000000000000e+00 0.000000000000000000e+00 7.273999999999999355e-01 2.637999999999999790e-01 8.800000000000000530e-03 9.712825526001850449e+03
3.360000000000000000e+02 2.317828086802629173e+02 1.108771633482695179e+05 8.959999999999999076e-01 9.634192081294036258e-01 0.000000000000000000e+00 9.000000000000001055e-02 1.570796326794896558e+00 2.219213412091573043e+20 1.000000000000000000e+00 0.000000000000000000e+00 0.000000000000000000e+00 7.273999999999999355e-01 2.637999999999999790e-01 8.800000000000000530e-03 1.069255073296863338e+04
3.370000000000000000e+02 7.700000000000001137e+02 1.156758549604957952e+05 8.959999999999999076e-01 1.554590446906187529e+00 0.000000000000000000e+00 1.000000000000000056e-01 1.570796326794896558e+00 2.344756306289103340e+20 1.000000000000000000e+00 0.000000000000000000e+00 0.000000000000000000e+00 7.273999999999999355e-01 2.637999999999999790e-01 8.800000000000000530e-03 1.106118888966281338e+04
3.390000000000000000e+02 7.700000000000001137e+02 1.327922090365859622e+05 8.959999999999999076e-01 7.566448765749110850e-01 0.000000000000000000e+00 1.000000000000000056e-01 1.570796326794896558e+00 2.761649330589162537e+20 1.000000000000000000e+00 0.000000000000000000e+00 0.000000000000000000e+00 7.273999999999999355e-01 2.637999999999999790e-01 8.800000000000000530e-03 1.235223970108389767e+04
3.430000000000000000e+02 7.700000000000001137e+02 1.688886969090570637e+05 8.959999999999999076e-01 7.340207575003170337e-01 0.000000000000000000e+00 1.000000000000000056e-01 1.570796326794896558e+00 3.701938059672929567e+20 1.000000000000000000e+00 0.000000000000000000e+00 0.000000000000000000e+00 7.273999999999999355e-01 2.637999999999999790e-01 8.800000000000000530e-03 1.497228557844211355e+04
3.440000000000000000e+02 7.700000000000001137e+02 1.796079338950299134e+05 8.959999999999999076e-01 1.970478175953330080e+00 0.000000000000000000e+00 1.000000000000000056e-01 0.000000000000000000e+00 3.990231578439562691e+20 1.000000000000000000e+00 0.000000000000000000e+00 0.000000000000000000e+00 7.273999999999999355e-01 2.637999999999999790e-01 8.800000000000000530e-03 1.572780253623656972e+04
3.460000000000000000e+02 7.700000000000001137e+02 2.040016371458767971e+05 8.959999999999999076e-01 1.891615402480144814e+00 0.000000000000000000e+00 1.000000000000000056e-01 0.000000000000000000e+00 4.656827560784792781e+20 1.000000000000000000e+00 0.000000000000000000e+00 0.000000000000000000e+00 7.273999999999999355e-01 2.637999999999999790e-01 8.800000000000000530e-03 1.741464222321274428e+04
3.490000000000000000e+02 7.700000000000001137e+02 2.466588869558220904e+05 8.959999999999999076e-01 9.366710004441275439e-01 0.000000000000000000e+00 1.000000000000000056e-01 1.570796326794896558e+00 5.870145844840029880e+20 1.000000000000000000e+00 0.000000000000000000e+00 0.000000000000000000e+00 7.273999999999999355e-01 2.637999999999999790e-01 8.800000000000000530e-03 2.027146090893281871e+04
3.510000000000000000e+02 7.700000000000001137e+02 2.824366964092822163e+05 8.959999999999999076e-01 1.934378809878253724e+00 0.000000000000000000e+00 1.000000000000000056e-01 1.570796326794896558e+00 6.914753418913086177e+20 1.000000000000000000e+00 0.000000000000000000e+00 0.000000000000000000e+00 7.273999999999999355e-01 2.637999999999999790e-01 8.800000000000000530e-03 2.259147217725107112e+04
3.520000000000000000e+02 7.700000000000001137e+02 3.046132959397189552e+05 8.959999999999999076e-01 1.824805317956969430e+00 0.000000000000000000e+00 1.000000000000000056e-01 1.570796326794896558e+00 7.566148512897178010e+20 1.000000000000000000e+00 0.000000000000000000e+00 0.000000000000000000e+00 7.273999999999999355e-01 2.637999999999999790e-01 8.800000000000000530e-03 2.399975006183537334e+04
3.530000000000000000e+02 7.700000000000001137e+02 3.186651617399352835e+05 8.959999999999999076e-01 1.515580548230634594e+00 0.000000000000000000e+00 1.000000000000000056e-01 0.000000000000000000e+00 8.031132255996972892e+20 1.000000000000000000e+00 0.000000000000000000e+00 0.000000000000000000e+00 7.273999999999999355e-01 2.637999999999999790e-01 8.800000000000000530e-03 2.488142809754116388e+04
3.550000000000000000e+02 7.700000000000001137e+02 3.676087861239620834e+05 8.959999999999999076e-01 1.395903269699098059e+00 0.000000000000000000e+00 1.000000000000000056e-01 1.570796326794896558e+00 9.540932785311623414e+20 1.000000000000000000e+00 0.000000000000000000e+00 0.000000000000000000e+00 7.273999999999999355e-01 2.637999999999999790e-01 8.800000000000000530e-03 2.789435608248914286e+04
3.570000000000000000e+02 7.700000000000001137e+02 4.288699596615649061e+05 8.959999999999999076e-01 6.643216496453654418e-01 0.000000000000000000e+00 1.000000000000000056e-01 0.000000000000000000e+00 1.146865683499817894e+21 1.000000000000000000e+00 0.000000000000000000e+00 0.000000000000000000e+00 7.273999999999999355e-01 2.637999999999999790e-01 8.800000000000000530e-03 3.155499646845937968e+04
3.620000000000000000e+02 7.700000000000001137e+02 6.158361983576918719e+05 8.959999999999999076e-01 1.569194707810160461e+00 0.000000000000000000e+00 1.000000000000000056e-01 1.570796326794896558e+00 1.779207848815228092e+21 1.000000000000000000e+00 0.000000000000000000e+00 0.000000000000000000e+00 7.273999999999999355e-01 2.637999999999999790e-01 8.800000000000000530e-03 4.214827495754243864e+04
3.630000000000000000e+02 7.700000000000001137e+02 6.616451642096875003e+05 8.959999999999999076e-01 1.198606963483122900e+00 0.000000000000000000e+00 1.000000000000000056e-01 0.000000000000000000e+00 1.942260841461952545e+21 1.000000000000000000e+00 0.000000000000000000e+00 0.000000000000000000e+00 7.273999999999999355e-01 2.637999999999999790e-01 8.800000000000000530e-03 4.463831046769089153e+04
3.640000000000000000e+02 7.700000000000001137e+02 2.920272047815127880e+05 8.959999999999999076e-01 1.144273367537544939e+00 0.000000000000000000e+00 1.000000000000000056e-01 0.000000000000000000e+00 8.686567302368471286e+20 1.000000000000000000e+00 0.000000000000000000e+00 0.000000000000000000e+00 7.273999999999999355e-01 2.637999999999999790e-01 8.800000000000000530e-03 2.320311451955063603e+04
