# id_num orb_a mass spin spin_angle orb_inc orb_ecc orb_arg_periapse orb_ang_mom gen galaxy time_passed star_X star_Y star_Z radius
2.370000000000000000e+02 5.116541551012598177e+01 1.464168312562090932e+03 9.489999999999999547e-01 1.080426714861582260e+00 0.000000000000000000e+00 6.958051881137174155e-02 0.000000000000000000e+00 1.185584891821737728e+18 1.000000000000000000e+00 0.000000000000000000e+00 0.000000000000000000e+00 7.273999999999999355e-01 2.637999999999999790e-01 8.800000000000000530e-03 3.387783722506389950e+02
2.390000000000000000e+02 3.422401427177975108e+01 1.551549026939246232e+03 9.489999999999999547e-01 6.966384358452206715e-01 0.000000000000000000e+00 6.373054591411815295e-01 1.570796326794896558e+00 1.274401347840394496e+18 1.000000000000000000e+00 0.000000000000000000e+00 0.000000000000000000e+00 7.273999999999999355e-01 2.637999999999999790e-01 8.800000000000000530e-03 3.548585525213225651e+02
2.410000000000000000e+02 5.469597307584241008e+01 1.780513308786034941e+03 9.489999999999999547e-01 1.075924754360618962e+00 0.000000000000000000e+00 3.611169356621207055e-02 1.570796326794896558e+00 1.483605236024990976e+18 1.000000000000000000e+00 0.000000000000000000e+00 0.000000000000000000e+00 7.273999999999999355e-01 2.637999999999999790e-01 8.800000000000000530e-03 3.961676902901305084e+02
2.420000000000000000e+02 4.456254748259225096e+01 1.892000466701877258e+03 9.489999999999999547e-01 2.854047424671529165e-01 0.000000000000000000e+00 5.996634759204026999e-01 0.000000000000000000e+00 1.587781290074417408e+18 1.000000000000000000e+00 0.000000000000000000e+00 0.000000000000000000e+00 7.273999999999999355e-01 2.637999999999999790e-01 8.800000000000000530e-03 4.158913286908169198e+02
2.440000000000000000e+02 4.598401327521357018e+01 1.899353142636026178e+03 9.489999999999999547e-01 9.735421328237331418e-01 0.000000000000000000e+00 6.394399298278387045e-01 1.570796326794896558e+00 1.617534970552025856e+18 1.000000000000000000e+00 0.000000000000000000e+00 0.000000000000000000e+00 7.273999999999999355e-01 2.637999999999999790e-01 8.800000000000000530e-03 4.171838136333344096e+02
2.450000000000000000e+02 5.857174986948371753e+01 2.035198157340941862e+03 9.489999999999999547e-01 9.866834346030984859e-01 0.000000000000000000e+00 4.191350327218094224e-02 0.000000000000000000e+00 1.745029625924348672e+18 1.000000000000000000e+00 0.000000000000000000e+00 0.000000000000000000e+00 7.273999999999999355e-01 2.637999999999999790e-01 8.800000000000000530e-03 4.408879555863429118e+02
2.460000000000000000e+02 4.266898180400562524e+01 2.022349902907812748e+03 9.489999999999999547e-01 1.180919073243843043e+00 0.000000000000000000e+00 5.956671453957421702e-01 0.000000000000000000e+00 1.746713480181213952e+18 1.000000000000000000e+00 0.000000000000000000e+00 0.000000000000000000e+00 7.273999999999999355e-01 2.637999999999999790e-01 8.800000000000000530e-03 4.386598773926057788e+02
2.470000000000000000e+02 6.668163797115421687e+01 2.031499102008426689e+03 9.489999999999999547e-01 1.512043343639711379e+00 0.000000000000000000e+00 9.023642093181660773e-02 0.000000000000000000e+00 1.768133506859271168e+18 1.000000000000000000e+00 0.000000000000000000e+00 0.000000000000000000e+00 7.273999999999999355e-01 2.637999999999999790e-01 8.800000000000000530e-03 4.402467735687426966e+02
2.480000000000000000e+02 6.214369930437607081e+01 2.385252493125219189e+03 9.489999999999999547e-01 5.092245199003350153e-01 0.000000000000000000e+00 7.462134362780367680e-02 0.000000000000000000e+00 2.090997022703938560e+18 1.000000000000000000e+00 0.000000000000000000e+00 0.000000000000000000e+00 7.273999999999999355e-01 2.637999999999999790e-01 8.800000000000000530e-03 5.005763887006874029e+02
2.510000000000000000e+02 6.568685770006138114e+01 2.475685630581206169e+03 9.489999999999999547e-01 1.492576851603377497e+00 0.000000000000000000e+00 1.417824732112815157e-02 0.000000000000000000e+00 2.219011743680909312e+18 1.000000000000000000e+00 0.000000000000000000e+00 0.000000000000000000e+00 7.273999999999999355e-01 2.637999999999999790e-01 8.800000000000000530e-03 5.157025404579402448e+02
2.520000000000000000e+02 4.242103823385090067e+01 2.698746668120346840e+03 9.489999999999999547e-01 1.648945675815141287e+00 0.000000000000000000e+00 5.150160471934748241e-01 1.570796326794896558e+00 2.437033970515170816e+18 1.000000000000000000e+00 0.000000000000000000e+00 0.000000000000000000e+00 7.273999999999999355e-01 2.637999999999999790e-01 8.800000000000000530e-03 5.525512547026544325e+02
2.530000000000000000e+02 4.864934425615252422e+01 2.977766500662036378e+03 9.489999999999999547e-01 7.270226548940748046e-01 0.000000000000000000e+00 5.118985575410049949e-01 0.000000000000000000e+00 2.708067966149924352e+18 1.000000000000000000e+00 0.000000000000000000e+00 0.000000000000000000e+00 7.273999999999999355e-01 2.637999999999999790e-01 8.800000000000000530e-03 5.977992777395080566e+02
2.540000000000000000e+02 7.695464283698008501e+01 2.740941010072754580e+03 9.489999999999999547e-01 1.546256695591164965e+00 0.000000000000000000e+00 9.000000000000001055e-02 1.570796326794896558e+00 2.512716426752627712e+18 1.000000000000000000e+00 0.000000000000000000e+00 0.000000000000000000e+00 7.273999999999999355e-01 2.637999999999999790e-01 8.800000000000000530e-03 5.594517351650654291e+02
2.550000000000000000e+02 5.067286796285711858e+01 2.739765253328505423e+03 9.489999999999999547e-01 8.771373610792778663e-01 0.000000000000000000e+00 4.162665047977202049e-01 0.000000000000000000e+00 2.529777168937936896e+18 1.000000000000000000e+00 0.000000000000000000e+00 0.000000000000000000e+00 7.273999999999999355e-01 2.637999999999999790e-01 8.800000000000000530e-03 5.592597405561228925e+02
2.560000000000000000e+02 8.091866604008376385e+01 2.975484515144652960e+03 9.489999999999999547e-01 1.720214864106416996e+00 0.000000000000000000e+00 4.837963831899860789e-02 1.570796326794896558e+00 2.768947947312891904e+18 1.000000000000000000e+00 0.000000000000000000e+00 0.000000000000000000e+00 7.273999999999999355e-01 2.637999999999999790e-01 8.800000000000000530e-03 5.974327550137563776e+02
2.590000000000000000e+02 6.150397549610269721e+01 3.213928696288714491e+03 9.489999999999999547e-01 1.675378523624729832e+00 0.000000000000000000e+00 2.921600173216413743e-01 0.000000000000000000e+00 3.060837629053844992e+18 1.000000000000000000e+00 0.000000000000000000e+00 0.000000000000000000e+00 7.273999999999999355e-01 2.637999999999999790e-01 8.800000000000000530e-03 6.354360706018604787e+02
2.640000000000000000e+02 6.860542910040868492e+01 3.859873535691558573e+03 9.489999999999999547e-01 1.636066244932908642e+00 0.000000000000000000e+00 7.919074752621416136e-02 0.000000000000000000e+00 3.822707618567097856e+18 1.000000000000000000e+00 0.000000000000000000e+00 0.000000000000000000e+00 7.273999999999999355e-01 2.637999999999999790e-01 8.800000000000000530e-03 7.357009802327294210e+02
2.650000000000000000e+02 5.519485122981694047e+01 4.022325123033928776e+03 9.489999999999999547e-01 1.632715003686223687e+00 0.000000000000000000e+00 4.725759779620775647e-01 1.570796326794896558e+00 4.016330576085523968e+18 1.000000000000000000e+00 0.000000000000000000e+00 0.000000000000000000e+00 7.273999999999999355e-01 2.637999999999999790e-01 8.800000000000000530e-03 7.603693655959265243e+02
2.660000000000000000e+02 8.532967784411846424e+01 4.290576539773444892e+03 9.489999999999999547e-01 9.792311131879837260e-01 0.000000000000000000e+00 9.000000000000001055e-02 0.000000000000000000e+00 4.318009224935396352e+18 1.000000000000000000e+00 0.000000000000000000e+00 0.000000000000000000e+00 7.273999999999999355e-01 2.637999999999999790e-01 8.800000000000000530e-03 8.006733935651910770e+02
2.680000000000000000e+02 1.028443845450461112e+02 5.095382021834079751e+03 9.489999999999999547e-01 8.866739393006971559e-01 0.000000000000000000e+00 1.572162967331023481e-02 0.000000000000000000e+00 5.211348211503273984e+18 1.000000000000000000e+00 0.000000000000000000e+00 0.000000000000000000e+00 7.273999999999999355e-01 2.637999999999999790e-01 8.800000000000000530e-03 9.187223346039951366e+02
2.690000000000000000e+02 1.033592510821049757e+02 4.722744082458911180e+03 9.489999999999999547e-01 1.117569079501706364e+00 0.000000000000000000e+00 9.000000000000001055e-02 1.570796326794896558e+00 4.870019330166193152e+18 1.000000000000000000e+00 0.000000000000000000e+00 0.000000000000000000e+00 7.273999999999999355e-01 2.637999999999999790e-01 8.800000000000000530e-03 8.645665010357998881e+02
2.720000000000000000e+02 1.236001781983384973e+02 5.263790358664768974e+03 9.489999999999999547e-01 6.327214859815636361e-01 0.000000000000000000e+00 1.000000000000000056e-01 0.000000000000000000e+00 5.564542843726052352e+18 1.000000000000000000e+00 0.000000000000000000e+00 0.000000000000000000e+00 7.273999999999999355e-01 2.637999999999999790e-01 8.800000000000000530e-03 9.429349680126263138e+02
2.740000000000000000e+02 1.195938017471112573e+02 5.929339074315704238e+03 9.489999999999999547e-01 1.450680744863343641e+00 0.000000000000000000e+00 9.000000000000001055e-02 0.000000000000000000e+00 6.371603684966925312e+18 1.000000000000000000e+00 0.000000000000000000e+00 0.000000000000000000e+00 7.273999999999999355e-01 2.637999999999999790e-01 8.800000000000000530e-03 1.037165120890880644e+03
2.780000000000000000e+02 1.316996082532633352e+02 6.497003031105043192e+03 9.489999999999999547e-01 1.155680485616223052e+00 0.000000000000000000e+00 2.480811156747188273e-02 0.000000000000000000e+00 7.224764214618357760e+18 1.000000000000000000e+00 0.000000000000000000e+00 0.000000000000000000e+00 7.273999999999999355e-01 2.637999999999999790e-01 8.800000000000000530e-03 1.115869300611751669e+03
2.790000000000000000e+02 1.111070687128754884e+02 7.030971230731666765e+03 9.489999999999999547e-01 9.839361477382840837e-01 0.000000000000000000e+00 1.415908408146181012e-02 0.000000000000000000e+00 7.885977493927511040e+18 1.000000000000000000e+00 0.000000000000000000e+00 0.000000000000000000e+00 7.273999999999999355e-01 2.637999999999999790e-01 8.800000000000000530e-03 1.188653109498852245e+03
2.830000000000000000e+02 1.375395745440269195e+02 7.978532585515980827e+03 9.489999999999999547e-01 1.569649137381604165e+00 0.000000000000000000e+00 1.000000000000000056e-01 0.000000000000000000e+00 9.266729937167304704e+18 1.000000000000000000e+00 0.000000000000000000e+00 0.000000000000000000e+00 7.273999999999999355e-01 2.637999999999999790e-01 8.800000000000000530e-03 1.315168179521232787e+03
2.840000000000000000e+02 1.346280863594579955e+02 8.875160521957355741e+03 9.489999999999999547e-01 1.034523731403611757e+00 0.000000000000000000e+00 9.000000000000001055e-02 0.000000000000000000e+00 1.039876209510145229e+19 1.000000000000000000e+00 0.000000000000000000e+00 0.000000000000000000e+00 7.273999999999999355e-01 2.637999999999999790e-01 8.800000000000000530e-03 1.432134633529321718e+03
2.850000000000000000e+02 9.051124487167956545e+01 8.786019703477812072e+03 9.489999999999999547e-01 5.709570027548049875e-01 0.000000000000000000e+00 2.515474221997218707e-02 0.000000000000000000e+00 1.038816864483349504e+19 1.000000000000000000e+00 0.000000000000000000e+00 0.000000000000000000e+00 7.273999999999999355e-01 2.637999999999999790e-01 8.800000000000000530e-03 1.420615707863241823e+03
2.860000000000000000e+02 1.295177981224304062e+02 8.936579922646595151e+03 9.489999999999999547e-01 1.462087372497108850e+00 0.000000000000000000e+00 1.164408813182289323e-02 1.570796326794896558e+00 1.065988686590585651e+19 1.000000000000000000e+00 0.000000000000000000e+00 0.000000000000000000e+00 7.273999999999999355e-01 2.637999999999999790e-01 8.800000000000000530e-03 1.440057883717347750e+03
2.920000000000000000e+02 1.434838007592802285e+02 1.136188691504696544e+04 9.489999999999999547e-01 1.260536795590403214e+00 0.000000000000000000e+00 9.181936527712413615e-03 0.000000000000000000e+00 1.431326611497530982e+19 1.000000000000000000e+00 0.000000000000000000e+00 0.000000000000000000e+00 7.273999999999999355e-01 2.637999999999999790e-01 8.800000000000000530e-03 1.745031391942830169e+03
2.930000000000000000e+02 1.366015810969674362e+02 1.194564643972475096e+04 9.489999999999999547e-01 5.263608539040965928e-01 0.000000000000000000e+00 5.285908800838042682e-02 1.570796326794896558e+00 1.519132856643071590e+19 1.000000000000000000e+00 0.000000000000000000e+00 0.000000000000000000e+00 7.273999999999999355e-01 2.637999999999999790e-01 8.800000000000000530e-03 1.816396261538511908e+03
2.960000000000000000e+02 1.403077168698212631e+02 1.391171981702438097e+04 9.489999999999999547e-01 6.673551252465264039e-01 0.000000000000000000e+00 9.000000000000001055e-02 1.570796326794896558e+00 1.820016589358078771e+19 1.000000000000000000e+00 0.000000000000000000e+00 0.000000000000000000e+00 7.273999999999999355e-01 2.637999999999999790e-01 8.800000000000000530e-03 2.051859087113902206e+03
3.000000000000000000e+02 1.597703335751360214e+02 1.788060251783677450e+04 9.489999999999999547e-01 1.273596527263457512e+00 0.000000000000000000e+00 4.585445685984535641e-02 0.000000000000000000e+00 2.431198674142563123e+19 1.000000000000000000e+00 0.000000000000000000e+00 0.000000000000000000e+00 7.273999999999999355e-01 2.637999999999999790e-01 8.800000000000000530e-03 2.508121628578359832e+03
3.020000000000000000e+02 1.709455955936452369e+02 1.821265208442534276e+04 9.489999999999999547e-01 6.521435920212611537e-01 0.000000000000000000e+00 1.000000000000000056e-01 1.570796326794896558e+00 2.525350576833495040e+19 1.000000000000000000e+00 0.000000000000000000e+00 0.000000000000000000e+00 7.273999999999999355e-01 2.637999999999999790e-01 8.800000000000000530e-03 2.545314357024747551e+03
3.080000000000000000e+02 1.816090091500044537e+02 2.464289717039349125e+04 9.489999999999999547e-01 1.199997253452399937e+00 0.000000000000000000e+00 8.100000000000001643e-02 0.000000000000000000e+00 3.630578992453881037e+19 1.000000000000000000e+00 0.000000000000000000e+00 0.000000000000000000e+00 7.273999999999999355e-01 2.637999999999999790e-01 8.800000000000000530e-03 3.241875153848147420e+03
3.090000000000000000e+02 2.233841344624583201e+02 2.663092452819627579e+04 9.489999999999999547e-01 8.216492425926589238e-01 0.000000000000000000e+00 1.000000000000000056e-01 1.570796326794896558e+00 3.964038588807365427e+19 1.000000000000000000e+00 0.000000000000000000e+00 0.000000000000000000e+00 7.273999999999999355e-01 2.637999999999999790e-01 8.800000000000000530e-03 3.449466004011089353e+03
3.110000000000000000e+02 2.405465641014887126e+02 2.837340231695448529e+04 9.489999999999999547e-01 9.609103806668801706e-01 0.000000000000000000e+00 9.000000000000001055e-02 1.570796326794896558e+00 4.312318464815663514e+19 1.000000000000000000e+00 0.000000000000000000e+00 0.000000000000000000e+00 7.273999999999999355e-01 2.637999999999999790e-01 8.800000000000000530e-03 3.628874985053475939e+03
3.120000000000000000e+02 3.755240537730132360e+02 2.952180513340785910e+04 9.489999999999999547e-01 1.511329212950422551e+00 0.000000000000000000e+00 9.000000000000001055e-02 0.000000000000000000e+00 4.534968075024091546e+19 1.000000000000000000e+00 0.000000000000000000e+00 0.000000000000000000e+00 7.273999999999999355e-01 2.637999999999999790e-01 8.800000000000000530e-03 3.745908816263998688e+03
3.130000000000000000e+02 1.803749525061505494e+02 3.123529156440160295e+04 9.489999999999999547e-01 3.868155359453542275e-01 0.000000000000000000e+00 2.640180414728295066e-02 1.570796326794896558e+00 4.849505194254161510e+19 1.000000000000000000e+00 0.000000000000000000e+00 0.000000000000000000e+00 7.273999999999999355e-01 2.637999999999999790e-01 8.800000000000000530e-03 3.918856180593599220e+03
3.150000000000000000e+02 1.902253553633318575e+02 3.600316163355422032e+04 9.489999999999999547e-01 8.584251837932008744e-01 0.000000000000000000e+00 1.000000000000000056e-01 1.570796326794896558e+00 5.710434112871258522e+19 1.000000000000000000e+00 0.000000000000000000e+00 0.000000000000000000e+00 7.273999999999999355e-01 2.637999999999999790e-01 8.800000000000000530e-03 4.390514201485952071e+03
3.160000000000000000e+02 2.085052185674090879e+02 3.567217228157659702e+04 9.489999999999999547e-01 1.100075792311835388e+00 0.000000000000000000e+00 9.000000000000001055e-02 1.570796326794896558e+00 5.719572761654629990e+19 1.000000000000000000e+00 0.000000000000000000e+00 0.000000000000000000e+00 7.273999999999999355e-01 2.637999999999999790e-01 8.800000000000000530e-03 4.358193609382595241e+03
3.250000000000000000e+02 2.467525999212900558e+02 5.786819535633939813e+04 9.489999999999999547e-01 5.896426807469242748e-01 0.000000000000000000e+00 9.000000000000001055e-02 1.570796326794896558e+00 1.026445009171865436e+20 1.000000000000000000e+00 0.000000000000000000e+00 0.000000000000000000e+00 7.273999999999999355e-01 2.637999999999999790e-01 8.800000000000000530e-03 6.417927772503236156e+03
3.280000000000000000e+02 1.577865117912798496e+02 6.910525968345988076e+04 9.489999999999999547e-01 9.831032517836104656e-01 0.000000000000000000e+00 1.000000000000000056e-01 1.570796326794896558e+00 1.269652356825374884e+20 1.000000000000000000e+00 0.000000000000000000e+00 0.000000000000000000e+00 7.273999999999999355e-01 2.637999999999999790e-01 8.800000000000000530e-03 7.396934222358912848e+03
3.300000000000000000e+02 1.284142990874326813e+02 7.746842016507427616e+04 9.489999999999999547e-01 1.736319389698431248e+00 0.000000000000000000e+00 1.667718169966658087e-02 0.000000000000000000e+00 1.457622798023020380e+20 1.000000000000000000e+00 0.000000000000000000e+00 0.000000000000000000e+00 7.273999999999999355e-01 2.637999999999999790e-01 8.800000000000000530e-03 8.104806181584449405e+03
3.310000000000000000e+02 1.740120092198043551e+02 8.393091199112425966e+04 9.489999999999999547e-01 7.805147817446008718e-01 0.000000000000000000e+00 1.000000000000000056e-01 1.570796326794896558e+00 1.598446030944128860e+20 1.000000000000000000e+00 0.000000000000000000e+00 0.000000000000000000e+00 7.273999999999999355e-01 2.637999999999999790e-01 8.800000000000000530e-03 8.641326762540213167e+03
3.320000000000000000e+02 7.700000000000001137e+02 8.487100568129413296e+04 9.489999999999999547e-01 5.610122474976372287e-01 0.000000000000000000e+00 1.000000000000000056e-01 0.000000000000000000e+00 1.636176951415309599e+20 1.000000000000000000e+00 0.000000000000000000e+00 0.000000000000000000e+00 7.273999999999999355e-01 2.637999999999999790e-01 8.800000000000000530e-03 8.718672264365335650e+03
3.340000000000000000e+02 3.415595522942451225e+02 9.713559207928563410e+04 9.489999999999999547e-01 1.784567065713058565e+00 0.000000000000000000e+00 9.000000000000001055e-02 0.000000000000000000e+00 1.919312734634907075e+20 1.000000000000000000e+00 0.000000000000000000e+00 0.000000000000000000e+00 7.273999999999999355e-01 2.637999999999999790e-01 8.800000000000000530e-03 9.712825526001850449e+03
3.360000000000000000e+02 7.700000000000001137e+02 1.095337753122780559e+05 9.489999999999999547e-01 5.934792081294043564e-01 0.000000000000000000e+00 1.000000000000000056e-01 1.570796326794896558e+00 2.219213412091573043e+20 1.000000000000000000e+00 0.000000000000000000e+00 0.000000000000000000e+00 7.273999999999999355e-01 2.637999999999999790e-01 8.800000000000000530e-03 1.069255073296863338e+04
3.370000000000000000e+02 7.700000000000001137e+02 1.142743259628707456e+05 9.489999999999999547e-01 1.184650446906188259e+00 0.000000000000000000e+00 1.000000000000000056e-01 1.570796326794896558e+00 2.344756306289103340e+20 1.000000000000000000e+00 0.000000000000000000e+00 0.000000000000000000e+00 7.273999999999999355e-01 2.637999999999999790e-01 8.800000000000000530e-03 1.106118888966281338e+04
3.390000000000000000e+02 7.700000000000001137e+02 1.311832982428250834e+05 9.489999999999999547e-01 3.867048765749118155e-01 0.000000000000000000e+00 1.000000000000000056e-01 1.570796326794896558e+00 2.761649330589162537e+20 1.000000000000000000e+00 0.000000000000000000e+00 0.000000000000000000e+00 7.273999999999999355e-01 2.637999999999999790e-01 8.800000000000000530e-03 1.235223970108389767e+04
3.430000000000000000e+02 7.700000000000001137e+02 1.668424409624725231e+05 9.489999999999999547e-01 3.640807575003177088e-01 0.000000000000000000e+00 1.000000000000000056e-01 1.570796326794896558e+00 3.701938059672929567e+20 1.000000000000000000e+00 0.000000000000000000e+00 0.000000000000000000e+00 7.273999999999999355e-01 2.637999999999999790e-01 8.800000000000000530e-03 1.497228557844211355e+04
3.440000000000000000e+02 7.700000000000001137e+02 1.774318036417167168e+05 9.489999999999999547e-01 1.600538175953330811e+00 0.000000000000000000e+00 1.000000000000000056e-01 0.000000000000000000e+00 3.990231578439562691e+20 1.000000000000000000e+00 0.000000000000000000e+00 0.000000000000000000e+00 7.273999999999999355e-01 2.637999999999999790e-01 8.800000000000000530e-03 1.572780253623656972e+04
3.460000000000000000e+02 7.700000000000001137e+02 2.015299527125040477e+05 9.489999999999999547e-01 1.521675402480145545e+00 0.000000000000000000e+00 1.000000000000000056e-01 0.000000000000000000e+00 4.656827560784792781e+20 1.000000000000000000e+00 0.000000000000000000e+00 0.000000000000000000e+00 7.273999999999999355e-01 2.637999999999999790e-01 8.800000000000000530e-03 1.741464222321274428e+04
3.490000000000000000e+02 7.700000000000001137e+02 2.436703671587687277e+05 9.489999999999999547e-01 5.667310004441282745e-01 0.000000000000000000e+00 1.000000000000000056e-01 1.570796326794896558e+00 5.870145844840029880e+20 1.000000000000000000e+00 0.000000000000000000e+00 0.000000000000000000e+00 7.273999999999999355e-01 2.637999999999999790e-01 8.800000000000000530e-03 2.027146090893281871e+04
3.510000000000000000e+02 7.700000000000001137e+02 2.790146925680638524e+05 9.489999999999999547e-01 1.564438809878254455e+00 0.000000000000000000e+00 1.000000000000000056e-01 1.570796326794896558e+00 6.914753418913086177e+20 1.000000000000000000e+00 0.000000000000000000e+00 0.000000000000000000e+00 7.273999999999999355e-01 2.637999999999999790e-01 8.800000000000000530e-03 2.259147217725107112e+04
3.520000000000000000e+02 7.700000000000001137e+02 3.009226003536135540e+05 9.489999999999999547e-01 1.454865317956970161e+00 0.000000000000000000e+00 1.000000000000000056e-01 1.570796326794896558e+00 7.566148512897178010e+20 1.000000000000000000e+00 0.000000000000000000e+00 0.000000000000000000e+00 7.273999999999999355e-01 2.637999999999999790e-01 8.800000000000000530e-03 2.399975006183537334e+04
3.530000000000000000e+02 7.700000000000001137e+02 3.148042137066234136e+05 9.489999999999999547e-01 1.145640548230635325e+00 0.000000000000000000e+00 1.000000000000000056e-01 0.000000000000000000e+00 8.031132255996972892e+20 1.000000000000000000e+00 0.000000000000000000e+00 0.000000000000000000e+00 7.273999999999999355e-01 2.637999999999999790e-01 8.800000000000000530e-03 2.488142809754116388e+04
3.550000000000000000e+02 7.700000000000001137e+02 3.631548369942114223e+05 9.489999999999999547e-01 1.025963269699098790e+00 0.000000000000000000e+00 1.000000000000000056e-01 1.570796326794896558e+00 9.540932785311623414e+20 1.000000000000000000e+00 0.000000000000000000e+00 0.000000000000000000e+00 7.273999999999999355e-01 2.637999999999999790e-01 8.800000000000000530e-03 2.789435608248914286e+04
3.570000000000000000e+02 7.700000000000001137e+02 4.236737699737406801e+05 9.489999999999999547e-01 2.943816496453661724e-01 0.000000000000000000e+00 1.000000000000000056e-01 0.000000000000000000e+00 1.146865683499817894e+21 1.000000000000000000e+00 0.000000000000000000e+00 0.000000000000000000e+00 7.273999999999999355e-01 2.637999999999999790e-01 8.800000000000000530e-03 3.155499646845937968e+04
3.620000000000000000e+02 7.700000000000001137e+02 6.083747251740252832e+05 9.489999999999999547e-01 1.199254707810161191e+00 0.000000000000000000e+00 1.000000000000000056e-01 1.570796326794896558e+00 1.779207848815228092e+21 1.000000000000000000e+00 0.000000000000000000e+00 0.000000000000000000e+00 7.273999999999999355e-01 2.637999999999999790e-01 8.800000000000000530e-03 4.214827495754243864e+04
3.630000000000000000e+02 7.700000000000001137e+02 6.536286694615401793e+05 9.489999999999999547e-01 8.286669634831235198e-01 0.000000000000000000e+00 1.000000000000000056e-01 0.000000000000000000e+00 1.942260841461952545e+21 1.000000000000000000e+00 0.000000000000000000e+00 0.000000000000000000e+00 7.273999999999999355e-01 2.637999999999999790e-01 8.800000000000000530e-03 4.463831046769089153e+04
3.640000000000000000e+02 7.700000000000001137e+02 2.884890023127567256e+05 9.489999999999999547e-01 7.743333675375456693e-01 0.000000000000000000e+00 1.000000000000000056e-01 0.000000000000000000e+00 8.686567302368471286e+20 1.000000000000000000e+00 0.000000000000000000e+00 0.000000000000000000e+00 7.273999999999999355e-01 2.637999999999999790e-01 8.800000000000000530e-03 2.320311451955063603e+04
