# id_num orb_a mass spin spin_angle orb_inc orb_ecc orb_arg_periapse orb_ang_mom gen galaxy time_passed gw_freq gw_strain
0.000000000000000000e+00 4.022631861230723302e+02 1.418583234604677656e+01 -1.163121762910030582e-01 2.254381938525248152e+00 3.131917981412604579e+00 5.935150799385689735e-02 1.570796326794896558e+00 1.000000000000000000e+00 1.000000000000000000e+00 0.000000000000000000e+00 0.000000000000000000e+00 -1.000000000000000000e+00 -1.000000000000000000e+00
1.000000000000000000e+00 3.367392887777457508e+04 1.489119966434401654e+01 6.765811128024551424e-02 7.661460455110312706e-01 3.104910273265036214e+00 1.669394074558053914e-02 0.000000000000000000e+00 1.000000000000000000e+00 1.000000000000000000e+00 0.000000000000000000e+00 0.000000000000000000e+00 -1.000000000000000000e+00 -1.000000000000000000e+00
2.000000000000000000e+00 3.416984831915138784e+04 1.304813292634544553e+01 1.148906230643387261e-02 1.720638866894761643e+00 -2.186691468332498459e-02 6.497194885328975988e-02 0.000000000000000000e+00 1.000000000000000000e+00 1.000000000000000000e+00 0.000000000000000000e+00 0.000000000000000000e+00 -1.000000000000000000e+00 -1.000000000000000000e+00
4.000000000000000000e+00 4.371870628529213718e+02 1.552053930972142659e+01 -1.045476101981111655e-01 3.061384731065441400e+00 3.142618872977283040e+00 7.222273591446413954e-02 1.570796326794896558e+00 1.000000000000000000e+00 1.000000000000000000e+00 0.000000000000000000e+00 0.000000000000000000e+00 -1.000000000000000000e+00 -1.000000000000000000e+00
5.000000000000000000e+00 3.201627066745031334e+04 1.132276827371983607e+01 -1.320974735880513923e-02 1.726451809494586875e+00 3.174038335555557477e+00 1.000000000000000021e-02 0.000000000000000000e+00 1.000000000000000000e+00 1.000000000000000000e+00 0.000000000000000000e+00 0.000000000000000000e+00 -1.000000000000000000e+00 -1.000000000000000000e+00
8.000000000000000000e+00 5.000000000000000000e+04 1.065820890063645265e+01 -4.072346104062978672e-02 1.848336580637337745e+00 3.154179422366042207e+00 9.004597759903434917e-02 1.570796326794896558e+00 1.000000000000000000e+00 1.000000000000000000e+00 0.000000000000000000e+00 0.000000000000000000e+00 -1.000000000000000000e+00 -1.000000000000000000e+00
9.000000000000000000e+00 3.909064902889892892e+03 1.232807678753476743e+01 -1.198265031084704557e-01 3.100000000000000089e+00 3.145347106556517947e+00 9.000000000000001055e-02 0.000000000000000000e+00 1.000000000000000000e+00 1.000000000000000000e+00 0.000000000000000000e+00 0.000000000000000000e+00 -1.000000000000000000e+00 -1.000000000000000000e+00
1.100000000000000000e+01 3.649941680066514527e+04 3.222501709128538749e+01 -6.253182881562918682e-02 1.408716023002736240e+00 3.144928946478470433e+00 2.799805667942486739e-02 1.570796326794896558e+00 1.000000000000000000e+00 1.000000000000000000e+00 0.000000000000000000e+00 0.000000000000000000e+00 -1.000000000000000000e+00 -1.000000000000000000e+00
1.200000000000000000e+01 4.584189513668054587e+02 1.021943654498889487e+01 -1.125123719213214912e-01 3.100000000000000089e+00 2.613837291848667560e-03 4.486929410679450086e-02 1.570796326794896558e+00 1.000000000000000000e+00 1.000000000000000000e+00 0.000000000000000000e+00 0.000000000000000000e+00 -1.000000000000000000e+00 -1.000000000000000000e+00
1.300000000000000000e+01 4.542460077317116520e+04 1.333423904387691472e+01 -1.884139316625177141e-01 3.100000000000000089e+00 3.105365422584421164e+00 3.871432186672226633e-02 0.000000000000000000e+00 1.000000000000000000e+00 1.000000000000000000e+00 0.000000000000000000e+00 0.000000000000000000e+00 -1.000000000000000000e+00 -1.000000000000000000e+00
1.500000000000000000e+01 3.767762552844481252e+04 1.937851081046461132e+01 -8.782392223213780769e-02 2.351793995010881932e+00 -2.612508572501015189e-02 1.000000000000000021e-02 0.000000000000000000e+00 1.000000000000000000e+00 1.000000000000000000e+00 0.000000000000000000e+00 0.000000000000000000e+00 -1.000000000000000000e+00 -1.000000000000000000e+00
2.100000000000000000e+01 4.033666307203748147e+04 3.051683708462543265e+01 -2.520362521951441392e-01 3.100000000000000089e+00 -2.876956556932556974e-02 3.693048843337160686e-02 1.570796326794896558e+00 1.000000000000000000e+00 1.000000000000000000e+00 0.000000000000000000e+00 0.000000000000000000e+00 -1.000000000000000000e+00 -1.000000000000000000e+00
2.400000000000000000e+01 4.468750989712870796e+04 1.501452174560509079e+01 -1.325896503797092674e-01 2.726149076835603147e+00 3.967810236648121325e-02 1.000000000000000021e-02 0.000000000000000000e+00 1.000000000000000000e+00 1.000000000000000000e+00 0.000000000000000000e+00 0.000000000000000000e+00 -1.000000000000000000e+00 -1.000000000000000000e+00
2.700000000000000000e+01 7.417176626721152388e+03 1.132159988627018166e+01 7.786374415228054791e-02 1.799812636218812267e+00 3.136655316434172835e+00 1.000000000000000021e-02 0.000000000000000000e+00 1.000000000000000000e+00 1.000000000000000000e+00 0.000000000000000000e+00 0.000000000000000000e+00 -1.000000000000000000e+00 -1.000000000000000000e+00
2.800000000000000000e+01 2.303857069197003148e+04 1.260095824874660941e+01 -4.235397657300905838e-02 1.726809300375448775e+00 3.151905738214149544e+00 1.048625218288994423e-02 1.570796326794896558e+00 1.000000000000000000e+00 1.000000000000000000e+00 0.000000000000000000e+00 0.000000000000000000e+00 -1.000000000000000000e+00 -1.000000000000000000e+00
2.900000000000000000e+01 1.976806453642159977e+04 1.052703567237046300e+01 -1.128993511469233157e-01 3.100000000000000089e+00 2.415130998349388977e-02 1.816790678585838981e-02 1.570796326794896558e+00 1.000000000000000000e+00 1.000000000000000000e+00 0.000000000000000000e+00 0.000000000000000000e+00 -1.000000000000000000e+00 -1.000000000000000000e+00
3.000000000000000000e+01 3.477970462915136886e+04 2.034985668615973609e+01 9.670189055578315429e-03 2.027269130517034057e+00 1.710714230585285919e-02 1.448654581995848477e-02 1.570796326794896558e+00 1.000000000000000000e+00 1.000000000000000000e+00 0.000000000000000000e+00 0.000000000000000000e+00 -1.000000000000000000e+00 -1.000000000000000000e+00
3.700000000000000000e+01 4.973911887386548187e+02 3.737415042003379995e+01 5.503582283080668547e-02 1.369439601974318688e+00 9.674940848397595161e-03 1.026463791817755142e-02 1.570796326794896558e+00 1.000000000000000000e+00 1.000000000000000000e+00 0.000000000000000000e+00 0.000000000000000000e+00 -1.000000000000000000e+00 -1.000000000000000000e+00
4.100000000000000000e+01 3.864205865253512457e+04 1.018322586692942089e+01 -9.475908251606028621e-02 2.886433175608051904e+00 -3.802131660125803586e-02 1.229177378094272605e-02 0.000000000000000000e+00 1.000000000000000000e+00 1.000000000000000000e+00 0.000000000000000000e+00 0.000000000000000000e+00 -1.000000000000000000e+00 -1.000000000000000000e+00
4.200000000000000000e+01 4.125438302557154771e+02 1.625242222451180396e+01 -1.040010257640928554e-01 2.400052101982255603e+00 3.145684472244075103e+00 1.971240488253816342e-02 0.000000000000000000e+00 1.000000000000000000e+00 1.000000000000000000e+00 0.000000000000000000e+00 0.000000000000000000e+00 -1.000000000000000000e+00 -1.000000000000000000e+00
4.600000000000000000e+01 4.937011017517420987e+04 2.883499874159342369e+01 -1.151361827686095962e-01 3.053154850578553958e+00 -4.052768704288175344e-02 9.187225029309833979e-02 1.570796326794896558e+00 1.000000000000000000e+00 1.000000000000000000e+00 0.000000000000000000e+00 0.000000000000000000e+00 -1.000000000000000000e+00 -1.000000000000000000e+00
4.700000000000000000e+01 5.000000000000000000e+04 1.892136424305452280e+01 -2.477900896110340340e-02 8.154813094447697086e-01 5.750833007872934409e-03 3.740333857482335683e-02 0.000000000000000000e+00 1.000000000000000000e+00 1.000000000000000000e+00 0.000000000000000000e+00 0.000000000000000000e+00 -1.000000000000000000e+00 -1.000000000000000000e+00
4.800000000000000000e+01 4.380784812579596473e+04 2.854816465847307683e+01 -1.588903678666807595e-01 3.100000000000000089e+00 6.843986031668739499e-03 7.014985200214346461e-02 1.570796326794896558e+00 1.000000000000000000e+00 1.000000000000000000e+00 0.000000000000000000e+00 0.000000000000000000e+00 -1.000000000000000000e+00 -1.000000000000000000e+00
5.000000000000000000e+01 3.861568982173805853e+04 1.398971931236747146e+01 -7.684130347314928333e-02 2.184407800330048666e+00 2.175856344670143092e-02 3.665046594218947240e-02 1.570796326794896558e+00 1.000000000000000000e+00 1.000000000000000000e+00 0.000000000000000000e+00 0.000000000000000000e+00 -1.000000000000000000e+00 -1.000000000000000000e+00
5.100000000000000000e+01 2.862455873159970452e+03 1.157197026826164077e+01 1.265434623126534264e-01 1.461478862341619500e+00 -2.051210809713517949e-02 9.000000000000001055e-02 0.000000000000000000e+00 1.000000000000000000e+00 1.000000000000000000e+00 0.000000000000000000e+00 0.000000000000000000e+00 -1.000000000000000000e+00 -1.000000000000000000e+00
5.300000000000000000e+01 5.390514732945794094e+03 1.835919056503772495e+01 1.465127281926457102e-03 1.081868228861951664e+00 -7.377118693932140266e-03 9.000000000000001055e-02 1.570796326794896558e+00 1.000000000000000000e+00 1.000000000000000000e+00 0.000000000000000000e+00 0.000000000000000000e+00 -1.000000000000000000e+00 -1.000000000000000000e+00
5.400000000000000000e+01 8.592203382953261098e+03 1.272146568641240449e+01 -4.223520318405202950e-03 7.602888258117634912e-01 -8.867984890367544212e-03 1.000000000000000021e-02 1.570796326794896558e+00 1.000000000000000000e+00 1.000000000000000000e+00 0.000000000000000000e+00 0.000000000000000000e+00 -1.000000000000000000e+00 -1.000000000000000000e+00
5.800000000000000000e+01 3.217815234819223042e+04 1.471698983877171329e+01 1.102120542212464693e-01 1.761530587767300871e+00 3.111102988522910895e+00 1.434196907878968440e-02 1.570796326794896558e+00 1.000000000000000000e+00 1.000000000000000000e+00 0.000000000000000000e+00 0.000000000000000000e+00 -1.000000000000000000e+00 -1.000000000000000000e+00
6.000000000000000000e+01 3.888114888528747542e+04 1.048745573459786762e+01 -1.568059012249072848e-01 2.297845215922055928e+00 2.331646651171366200e-02 1.232647679864372521e-02 0.000000000000000000e+00 1.000000000000000000e+00 1.000000000000000000e+00 0.000000000000000000e+00 0.000000000000000000e+00 -1.000000000000000000e+00 -1.000000000000000000e+00
6.300000000000000000e+01 1.929077681958650646e+04 1.516836195330374792e+01 -2.766018406149618053e-02 7.577119692483688107e-01 3.124538202476828452e+00 1.000000000000000021e-02 1.570796326794896558e+00 1.000000000000000000e+00 1.000000000000000000e+00 0.000000000000000000e+00 0.000000000000000000e+00 -1.000000000000000000e+00 -1.000000000000000000e+00
6.400000000000000000e+01 2.133314240231558506e+04 1.153493962399109130e+01 7.253775060179695755e-02 5.963648443587590275e-01 3.140217857292584291e+00 1.194145087749741950e-02 0.000000000000000000e+00 1.000000000000000000e+00 1.000000000000000000e+00 0.000000000000000000e+00 0.000000000000000000e+00 -1.000000000000000000e+00 -1.000000000000000000e+00
6.500000000000000000e+01 3.071734248918592857e+04 1.109211610234490841e+01 6.170804815986347114e-02 5.067723437919778862e-01 3.157438732750401211e+00 9.004991919704674608e-02 0.000000000000000000e+00 1.000000000000000000e+00 1.000000000000000000e+00 0.000000000000000000e+00 0.000000000000000000e+00 -1.000000000000000000e+00 -1.000000000000000000e+00
6.600000000000000000e+01 2.089115741988092486e+04 1.559814048517597662e+01 -1.663796662741990340e-01 2.966842579367244603e+00 3.168899421115942250e+00 9.000000000000001055e-02 0.000000000000000000e+00 1.000000000000000000e+00 1.000000000000000000e+00 0.000000000000000000e+00 0.000000000000000000e+00 -1.000000000000000000e+00 -1.000000000000000000e+00
6.800000000000000000e+01 5.000000000000000000e+04 2.791333896009872717e+01 -1.328800564949282059e-01 2.142392120888593876e+00 3.270318394803571616e-02 5.137023548794757144e-02 0.000000000000000000e+00 1.000000000000000000e+00 1.000000000000000000e+00 0.000000000000000000e+00 0.000000000000000000e+00 -1.000000000000000000e+00 -1.000000000000000000e+00
7.000000000000000000e+01 2.086875619801425273e+04 1.349523811803789286e+01 -1.772001671504596365e-01 2.050795504741091957e+00 3.168845470781248785e+00 1.000000000000000021e-02 1.570796326794896558e+00 1.000000000000000000e+00 1.000000000000000000e+00 0.000000000000000000e+00 0.000000000000000000e+00 -1.000000000000000000e+00 -1.000000000000000000e+00
7.100000000000000000e+01 5.000000000000000000e+04 3.990074071324276872e+01 -1.077456131504474918e-01 2.933988886345638036e+00 3.106571752716353441e+00 4.340848284536495683e-02 1.570796326794896558e+00 1.000000000000000000e+00 1.000000000000000000e+00 0.000000000000000000e+00 0.000000000000000000e+00 -1.000000000000000000e+00 -1.000000000000000000e+00
7.200000000000000000e+01 4.511222438013830833e+04 1.414291242495453105e+01 4.240255864109850059e-02 1.882049961137962857e+00 3.173783356771165298e+00 2.088617907364624382e-01 1.570796326794896558e+00 1.000000000000000000e+00 1.000000000000000000e+00 0.000000000000000000e+00 0.000000000000000000e+00 -1.000000000000000000e+00 -1.000000000000000000e+00
7.300000000000000000e+01 3.765191782184524345e+04 1.027841906967825025e+01 7.992557495082600050e-02 1.658389458069138733e+00 3.123679849945799614e+00 1.136686624633201706e-02 1.570796326794896558e+00 1.000000000000000000e+00 1.000000000000000000e+00 0.000000000000000000e+00 0.000000000000000000e+00 -1.000000000000000000e+00 -1.000000000000000000e+00
7.700000000000000000e+01 2.440283067791673238e+04 1.345427376932530628e+01 2.360867847731613900e-02 1.578687563152062712e+00 1.758034183552197038e-02 2.473111218121028590e-02 1.570796326794896558e+00 1.000000000000000000e+00 1.000000000000000000e+00 0.000000000000000000e+00 0.000000000000000000e+00 -1.000000000000000000e+00 -1.000000000000000000e+00
8.100000000000000000e+01 3.074233881935368117e+04 1.582694355935976915e+01 -7.894747884189060039e-02 3.100000000000000089e+00 3.178649825470173163e+00 3.892171184030721043e-02 1.570796326794896558e+00 1.000000000000000000e+00 1.000000000000000000e+00 0.000000000000000000e+00 0.000000000000000000e+00 -1.000000000000000000e+00 -1.000000000000000000e+00
9.200000000000000000e+01 5.000000000000000000e+04 3.624136876562731402e+01 -1.034504129002253303e-01 2.655818435064004390e+00 3.184421185914589003e+00 1.453616352287333789e-02 1.570796326794896558e+00 1.000000000000000000e+00 1.000000000000000000e+00 0.000000000000000000e+00 0.000000000000000000e+00 -1.000000000000000000e+00 -1.000000000000000000e+00
9.300000000000000000e+01 4.717190462141481362e+02 1.678219269717241602e+01 -7.520514013500723127e-02 1.601582383940380216e+00 -9.609114423910060029e-03 1.761488443921635158e-02 0.000000000000000000e+00 1.000000000000000000e+00 1.000000000000000000e+00 0.000000000000000000e+00 0.000000000000000000e+00 -1.000000000000000000e+00 -1.000000000000000000e+00
9.400000000000000000e+01 6.458162895745584819e+02 1.967355994676699638e+01 -1.867877564933269063e-01 2.945012736892262950e+00 3.137898032448716013e+00 2.757196509911458149e-02 1.570796326794896558e+00 1.000000000000000000e+00 1.000000000000000000e+00 0.000000000000000000e+00 0.000000000000000000e+00 -1.000000000000000000e+00 -1.000000000000000000e+00
9.600000000000000000e+01 4.880904925457446097e+02 1.773107106293993951e+01 -2.931687658025349807e-01 2.770272503579761292e+00 3.148859934130253446e+00 3.542959809778620239e-02 1.570796326794896558e+00 1.000000000000000000e+00 1.000000000000000000e+00 0.000000000000000000e+00 0.000000000000000000e+00 -1.000000000000000000e+00 -1.000000000000000000e+00
9.700000000000000000e+01 5.000000000000000000e+04 3.122407850921748107e+01 -1.413789257287639128e-02 7.765651346871690341e-01 3.182477749603969563e+00 1.738687467548113985e-02 1.570796326794896558e+00 1.000000000000000000e+00 1.000000000000000000e+00 0.000000000000000000e+00 0.000000000000000000e+00 -1.000000000000000000e+00 -1.000000000000000000e+00
1.010000000000000000e+02 4.395314645164212561e+04 1.879139782366897293e+01 -1.379823805679010473e-01 2.594326609209608669e+00 1.882249073550167767e-02 1.342867798786280542e-02 0.000000000000000000e+00 1.000000000000000000e+00 1.000000000000000000e+00 0.000000000000000000e+00 0.000000000000000000e+00 -1.000000000000000000e+00 -1.000000000000000000e+00
1.030000000000000000e+02 6.197202970188897098e+02 2.756605762751564725e+01 -4.645122256569984842e-02 1.561128584680619769e+00 3.136594486580675856e+00 3.495470266006494436e-02 0.000000000000000000e+00 1.000000000000000000e+00 1.000000000000000000e+00 0.000000000000000000e+00 0.000000000000000000e+00 -1.000000000000000000e+00 -1.000000000000000000e+00
1.050000000000000000e+02 4.274951799494210718e+04 1.152385281958996011e+01 -2.013433119499430657e-01 3.100000000000000089e+00 3.133061814242259935e+00 1.641191628780397371e-01 1.570796326794896558e+00 1.000000000000000000e+00 1.000000000000000000e+00 0.000000000000000000e+00 0.000000000000000000e+00 -1.000000000000000000e+00 -1.000000000000000000e+00
1.060000000000000000e+02 5.000000000000000000e+04 1.045622837363318069e+01 -9.347389537277138449e-02 3.070314469761411758e+00 3.177933784365160719e+00 7.773615925682926531e-02 0.000000000000000000e+00 1.000000000000000000e+00 1.000000000000000000e+00 0.000000000000000000e+00 0.000000000000000000e+00 -1.000000000000000000e+00 -1.000000000000000000e+00
1.110000000000000000e+02 5.000000000000000000e+04 2.320702267730253610e+01 -2.923599009535088333e-01 3.093578746424442194e+00 3.135570185942821997e+00 8.776554439000645857e-02 1.570796326794896558e+00 1.000000000000000000e+00 1.000000000000000000e+00 0.000000000000000000e+00 0.000000000000000000e+00 -1.000000000000000000e+00 -1.000000000000000000e+00
1.140000000000000000e+02 3.472048069541387122e+03 1.272634613402026105e+01 -1.945666900551279166e-01 3.100000000000000089e+00 -9.619930309350494338e-05 9.000000000000001055e-02 1.570796326794896558e+00 1.000000000000000000e+00 1.000000000000000000e+00 0.000000000000000000e+00 0.000000000000000000e+00 -1.000000000000000000e+00 -1.000000000000000000e+00
1.150000000000000000e+02 1.788393389036285225e+04 1.055729697489691254e+01 3.012534573352353140e-02 1.709827445488111053e+00 3.132692239683077862e+00 1.113172295745167538e-02 0.000000000000000000e+00 1.000000000000000000e+00 1.000000000000000000e+00 0.000000000000000000e+00 0.000000000000000000e+00 -1.000000000000000000e+00 -1.000000000000000000e+00
1.160000000000000000e+02 5.000000000000000000e+04 1.914980618315981076e+01 -6.192442610435765910e-02 1.387221954045360750e+00 3.164423774907450859e+00 1.103650031084650873e-01 0.000000000000000000e+00 1.000000000000000000e+00 1.000000000000000000e+00 0.000000000000000000e+00 0.000000000000000000e+00 -1.000000000000000000e+00 -1.000000000000000000e+00
1.170000000000000000e+02 2.505061331507435170e+04 1.886796282571702932e+01 -6.795466419586584927e-02 2.691241801938629052e+00 1.457593229190109162e-02 2.037875178458583778e-02 1.570796326794896558e+00 1.000000000000000000e+00 1.000000000000000000e+00 0.000000000000000000e+00 0.000000000000000000e+00 -1.000000000000000000e+00 -1.000000000000000000e+00
1.200000000000000000e+02 2.989741156924577444e+04 1.084862782985147689e+01 -1.249049768434974811e-01 2.966079348202105948e+00 2.115080439519936503e-02 3.531513624162044285e-02 1.570796326794896558e+00 1.000000000000000000e+00 1.000000000000000000e+00 0.000000000000000000e+00 0.000000000000000000e+00 -1.000000000000000000e+00 -1.000000000000000000e+00
1.250000000000000000e+02 5.000000000000000000e+04 1.165425781378915282e+01 -2.963577943008626620e-02 7.097815105348644904e-01 3.150453494962000001e+00 1.167914857552248241e-02 0.000000000000000000e+00 1.000000000000000000e+00 1.000000000000000000e+00 0.000000000000000000e+00 0.000000000000000000e+00 -1.000000000000000000e+00 -1.000000000000000000e+00
1.260000000000000000e+02 5.000000000000000000e+04 1.052314074322373116e+01 7.263743308600908999e-02 1.431389196942842057e+00 -2.907822851493383973e-02 8.252071525955036180e-02 0.000000000000000000e+00 1.000000000000000000e+00 1.000000000000000000e+00 0.000000000000000000e+00 0.000000000000000000e+00 -1.000000000000000000e+00 -1.000000000000000000e+00
1.270000000000000000e+02 2.224618769621173487e+04 1.799412543636900352e+01 -1.540053593946406618e-01 2.153304664756688247e+00 -2.899043923571508266e-02 1.000000000000000021e-02 0.000000000000000000e+00 1.000000000000000000e+00 1.000000000000000000e+00 0.000000000000000000e+00 0.000000000000000000e+00 -1.000000000000000000e+00 -1.000000000000000000e+00
1.340000000000000000e+02 4.566279029391450604e+04 1.283797545396243400e+01 -2.237868729911283300e-02 1.975560074701866009e+00 3.146013244527965380e+00 5.681634574945823579e-02 1.570796326794896558e+00 1.000000000000000000e+00 1.000000000000000000e+00 0.000000000000000000e+00 0.000000000000000000e+00 -1.000000000000000000e+00 -1.000000000000000000e+00
1.350000000000000000e+02 5.943803584202606771e+02 1.375087904713884690e+01 -4.380190608551201570e-02 7.390853415323033193e-01 3.132603907609378346e+00 5.090805969456376617e-02 0.000000000000000000e+00 1.000000000000000000e+00 1.000000000000000000e+00 0.000000000000000000e+00 0.000000000000000000e+00 -1.000000000000000000e+00 -1.000000000000000000e+00
1.370000000000000000e+02 5.000000000000000000e+04 1.189889261714404611e+01 -9.825610859177455469e-02 2.771262727505036771e+00 3.179333624384637069e+00 1.234374099477859588e-01 0.000000000000000000e+00 1.000000000000000000e+00 1.000000000000000000e+00 0.000000000000000000e+00 0.000000000000000000e+00 -1.000000000000000000e+00 -1.000000000000000000e+00
1.380000000000000000e+02 2.507049671625945120e+04 1.060034478597820318e+01 -8.627558339670288179e-02 2.437920023589973617e+00 3.125964245804408126e+00 2.378512669172230115e-02 1.570796326794896558e+00 1.000000000000000000e+00 1.000000000000000000e+00 0.000000000000000000e+00 0.000000000000000000e+00 -1.000000000000000000e+00 -1.000000000000000000e+00
1.400000000000000000e+02 5.000000000000000000e+04 2.068561587548776259e+01 -2.951124314873860288e-01 3.100000000000000089e+00 3.132070873043282244e+00 4.439629207778653108e-02 0.000000000000000000e+00 1.000000000000000000e+00 1.000000000000000000e+00 0.000000000000000000e+00 0.000000000000000000e+00 -1.000000000000000000e+00 -1.000000000000000000e+00
1.440000000000000000e+02 4.562917921684015892e+04 3.084576230171509081e+01 -4.756506188975266614e-02 9.942498485109756423e-01 3.105438446804638541e+00 4.972148309315032461e-02 0.000000000000000000e+00 1.000000000000000000e+00 1.000000000000000000e+00 0.000000000000000000e+00 0.000000000000000000e+00 -1.000000000000000000e+00 -1.000000000000000000e+00
1.460000000000000000e+02 7.764422281652905440e+03 1.284734756706995462e+01 -1.037966452456016431e-01 2.769513823200700386e+00 3.156605829267973284e+00 9.000000000000001055e-02 0.000000000000000000e+00 1.000000000000000000e+00 1.000000000000000000e+00 0.000000000000000000e+00 0.000000000000000000e+00 -1.000000000000000000e+00 -1.000000000000000000e+00
1.470000000000000000e+02 3.946179561893006030e+04 1.297309441981354716e+01 -1.540429336089720602e-01 3.100000000000000089e+00 1.406459338455679810e-02 9.503750875552813282e-02 0.000000000000000000e+00 1.000000000000000000e+00 1.000000000000000000e+00 0.000000000000000000e+00 0.000000000000000000e+00 -1.000000000000000000e+00 -1.000000000000000000e+00
1.500000000000000000e+02 3.309734860571777972e+04 1.109278119030763321e+01 -5.452555542353593188e-02 1.793780639823186585e+00 3.166624935517105666e+00 6.824582307341210685e-02 1.570796326794896558e+00 1.000000000000000000e+00 1.000000000000000000e+00 0.000000000000000000e+00 0.000000000000000000e+00 -1.000000000000000000e+00 -1.000000000000000000e+00
1.530000000000000000e+02 4.683176436117698177e+04 2.180752278533303112e+01 -9.482570172842280654e-02 2.870956423649237976e+00 3.117167469075207364e+00 9.633525707535509075e-02 0.000000000000000000e+00 1.000000000000000000e+00 1.000000000000000000e+00 0.000000000000000000e+00 0.000000000000000000e+00 -1.000000000000000000e+00 -1.000000000000000000e+00
1.540000000000000000e+02 4.537918982078503177e+04 1.044144731985243624e+01 4.582147458848018218e-02 1.409479116328601123e+00 3.193256253516802978e+00 1.148656147306648528e-01 0.000000000000000000e+00 1.000000000000000000e+00 1.000000000000000000e+00 0.000000000000000000e+00 0.000000000000000000e+00 -1.000000000000000000e+00 -1.000000000000000000e+00
1.560000000000000000e+02 5.000000000000000000e+04 3.561208876872394313e+01 -2.804366677508497718e-02 1.419490700328819521e+00 3.187465768613441774e+00 7.785708850445556550e-02 0.000000000000000000e+00 1.000000000000000000e+00 1.000000000000000000e+00 0.000000000000000000e+00 0.000000000000000000e+00 -1.000000000000000000e+00 -1.000000000000000000e+00
1.580000000000000000e+02 4.314095922062815225e+04 2.217387234289845566e+01 -3.306436377601681964e-02 1.951332484512352305e+00 -1.684045355502975481e-03 6.138810482328176110e-02 0.000000000000000000e+00 1.000000000000000000e+00 1.000000000000000000e+00 0.000000000000000000e+00 0.000000000000000000e+00 -1.000000000000000000e+00 -1.000000000000000000e+00
1.620000000000000000e+02 2.928663102769924808e+04 1.041203039963328791e+01 -1.945959289513060630e-01 1.953217807687804175e+00 3.178401688227591837e+00 1.346579904772965755e-02 0.000000000000000000e+00 1.000000000000000000e+00 1.000000000000000000e+00 0.000000000000000000e+00 0.000000000000000000e+00 -1.000000000000000000e+00 -1.000000000000000000e+00
1.630000000000000000e+02 2.377190239080556421e+04 1.071381374150526256e+01 -8.223735983965503593e-02 3.100000000000000089e+00 3.146338573399448002e+00 5.654599513364250152e-02 0.000000000000000000e+00 1.000000000000000000e+00 1.000000000000000000e+00 0.000000000000000000e+00 0.000000000000000000e+00 -1.000000000000000000e+00 -1.000000000000000000e+00
1.680000000000000000e+02 6.014667186152490785e+02 1.221447187066452145e+01 4.662283827071772579e-02 1.398884773878568355e+00 3.144870784603779779e+00 8.100000000000001643e-02 1.570796326794896558e+00 1.000000000000000000e+00 1.000000000000000000e+00 0.000000000000000000e+00 0.000000000000000000e+00 -1.000000000000000000e+00 -1.000000000000000000e+00
1.700000000000000000e+02 5.183110489440457059e+03 1.285387428937595722e+01 -4.378324011606730959e-02 1.583920888185830211e+00 3.127872120190533067e+00 2.152589619410461702e-02 1.570796326794896558e+00 1.000000000000000000e+00 1.000000000000000000e+00 0.000000000000000000e+00 0.000000000000000000e+00 -1.000000000000000000e+00 -1.000000000000000000e+00
1.720000000000000000e+02 1.220114892958761448e+04 1.209990312023739278e+01 -8.584169747577659326e-02 2.442771320714099303e+00 3.163375283135608562e+00 1.000000000000000021e-02 1.570796326794896558e+00 1.000000000000000000e+00 1.000000000000000000e+00 0.000000000000000000e+00 0.000000000000000000e+00 -1.000000000000000000e+00 -1.000000000000000000e+00
1.730000000000000000e+02 1.607031655114357454e+04 1.108764814578999847e+01 -6.057805736106262884e-02 2.089097505230173457e+00 3.157202364431120234e+00 1.000000000000000021e-02 1.570796326794896558e+00 1.000000000000000000e+00 1.000000000000000000e+00 0.000000000000000000e+00 0.000000000000000000e+00 -1.000000000000000000e+00 -1.000000000000000000e+00
1.760000000000000000e+02 4.215255068584793480e+04 1.268314534545588756e+01 -7.225209415088422460e-02 1.863058681230504776e+00 3.087648779095062464e-03 8.691393369970751293e-02 0.000000000000000000e+00 1.000000000000000000e+00 1.000000000000000000e+00 0.000000000000000000e+00 0.000000000000000000e+00 -1.000000000000000000e+00 -1.000000000000000000e+00
1.770000000000000000e+02 1.989121527316793799e+04 1.216359964395090820e+01 4.104523532781345629e-02 1.659128834646497408e+00 1.087638452977966914e-02 7.485371260431158968e-02 1.570796326794896558e+00 1.000000000000000000e+00 1.000000000000000000e+00 0.000000000000000000e+00 0.000000000000000000e+00 -1.000000000000000000e+00 -1.000000000000000000e+00
1.810000000000000000e+02 6.235108598593351417e+03 1.538789834196687067e+01 1.125901317270014412e-01 4.292854068970518022e-01 3.157270073888368778e+00 9.000000000000001055e-02 1.570796326794896558e+00 1.000000000000000000e+00 1.000000000000000000e+00 0.000000000000000000e+00 0.000000000000000000e+00 -1.000000000000000000e+00 -1.000000000000000000e+00
1.850000000000000000e+02 1.431812841451385248e+04 1.113536069274774221e+01 -1.623021463310358459e-01 2.079195654081645195e+00 3.123082717777978079e+00 1.000000000000000021e-02 1.570796326794896558e+00 1.000000000000000000e+00 1.000000000000000000e+00 0.000000000000000000e+00 0.000000000000000000e+00 -1.000000000000000000e+00 -1.000000000000000000e+00
1.870000000000000000e+02 5.000000000000000000e+04 2.372408297448438574e+01 -1.028906109049622097e-01 3.088942758878243655e+00 -3.304311775310899563e-02 7.408202147046118180e-02 1.570796326794896558e+00 1.000000000000000000e+00 1.000000000000000000e+00 0.000000000000000000e+00 0.000000000000000000e+00 -1.000000000000000000e+00 -1.000000000000000000e+00
1.920000000000000000e+02 1.019208535580996977e+04 2.619136581215664705e+01 1.130030084544711433e-02 1.390432334976679840e+00 3.136749387374464515e+00 1.000000000000000056e-01 0.000000000000000000e+00 1.000000000000000000e+00 1.000000000000000000e+00 0.000000000000000000e+00 0.000000000000000000e+00 -1.000000000000000000e+00 -1.000000000000000000e+00
1.940000000000000000e+02 4.030816384056571405e+04 1.070483848647895186e+01 -5.926811823566940918e-02 8.642370392084584019e-01 3.111974551966131930e+00 9.053887201419595632e-02 0.000000000000000000e+00 1.000000000000000000e+00 1.000000000000000000e+00 0.000000000000000000e+00 0.000000000000000000e+00 -1.000000000000000000e+00 -1.000000000000000000e+00
1.960000000000000000e+02 3.929246671038826025e+04 1.856394111683025727e+01 -5.301994369971293336e-02 1.468882046663219976e+00 3.121226499909784291e+00 8.249008524160560130e-02 0.000000000000000000e+00 1.000000000000000000e+00 1.000000000000000000e+00 0.000000000000000000e+00 0.000000000000000000e+00 -1.000000000000000000e+00 -1.000000000000000000e+00
1.970000000000000000e+02 3.016227992548574184e+04 1.087516365893688786e+01 4.308461470557263528e-02 1.770531547322569121e+00 1.185402700669424200e-02 3.427408395588865675e-02 1.570796326794896558e+00 1.000000000000000000e+00 1.000000000000000000e+00 0.000000000000000000e+00 0.000000000000000000e+00 -1.000000000000000000e+00 -1.000000000000000000e+00
1.980000000000000000e+02 1.116379530704552963e+04 1.148014522246228886e+01 -1.266155276988915022e-03 7.999453995325541689e-01 -3.470174066833996585e-03 6.444036442377658325e-02 0.000000000000000000e+00 1.000000000000000000e+00 1.000000000000000000e+00 0.000000000000000000e+00 0.000000000000000000e+00 -1.000000000000000000e+00 -1.000000000000000000e+00
3.650000000000000000e+02 3.109624418626674469e+02 2.760334447044832729e+01 4.147782467263749773e-02 1.702472699930762001e+00 0.000000000000000000e+00 1.828056136807471727e-02 -1.000000000000000000e+00 1.000000000000000000e+00 1.000000000000000000e+00 5.000000000000000000e+00 0.000000000000000000e+00 -1.000000000000000000e+00 -1.000000000000000000e+00
3.800000000000000000e+01 1.841349865102153126e+04 1.234365842959705439e+01 -1.723299448996671590e-01 3.093974211350160264e+00 3.710663834996686273e-03 1.686784381165511160e-02 1.570796326794896558e+00 1.000000000000000000e+00 1.000000000000000000e+00 0.000000000000000000e+00 0.000000000000000000e+00 -1.000000000000000000e+00 -1.000000000000000000e+00
3.900000000000000000e+01 3.480646751369151752e+04 1.057090038037654089e+01 -8.883245678991706640e-02 3.100000000000000089e+00 0.000000000000000000e+00 1.535714038486503050e-02 1.570796326794896558e+00 1.000000000000000000e+00 1.000000000000000000e+00 0.000000000000000000e+00 0.000000000000000000e+00 -1.000000000000000000e+00 -1.000000000000000000e+00
4.300000000000000000e+01 4.569105942482240062e+04 1.155117175588639533e+01 -1.422411093556439632e-01 2.967343037320618215e+00 0.000000000000000000e+00 6.749567989767589482e-02 1.570796326794896558e+00 1.000000000000000000e+00 1.000000000000000000e+00 0.000000000000000000e+00 0.000000000000000000e+00 -1.000000000000000000e+00 -1.000000000000000000e+00
4.400000000000000000e+01 2.636590521746158993e+04 1.073370320657620880e+01 -1.133344019758100729e-02 1.097715598589034114e+00 0.000000000000000000e+00 2.803012806767146703e-02 1.570796326794896558e+00 1.000000000000000000e+00 1.000000000000000000e+00 0.000000000000000000e+00 0.000000000000000000e+00 -1.000000000000000000e+00 -1.000000000000000000e+00
7.400000000000000000e+01 1.170241531434257195e+04 1.068490579620595504e+01 -6.365670037569783057e-02 2.587230819253720338e+00 2.469693872362019663e-02 1.000000000000000021e-02 1.570796326794896558e+00 1.000000000000000000e+00 1.000000000000000000e+00 0.000000000000000000e+00 0.000000000000000000e+00 -1.000000000000000000e+00 -1.000000000000000000e+00
8.000000000000000000e+01 6.574211193617852587e+02 1.393035524029096095e+01 -5.705785479077289668e-02 6.229806324683471175e-01 0.000000000000000000e+00 9.000000000000001055e-02 1.570796326794896558e+00 1.000000000000000000e+00 1.000000000000000000e+00 0.000000000000000000e+00 0.000000000000000000e+00 -1.000000000000000000e+00 -1.000000000000000000e+00
1.120000000000000000e+02 3.562057700075583125e+04 1.030212909484110284e+01 4.113113183022157338e-02 9.549786157831507971e-01 0.000000000000000000e+00 1.000000000000000021e-02 1.570796326794896558e+00 1.000000000000000000e+00 1.000000000000000000e+00 0.000000000000000000e+00 0.000000000000000000e+00 -1.000000000000000000e+00 -1.000000000000000000e+00
1.130000000000000000e+02 2.774439196636426277e+04 1.027946941148431037e+01 -4.108979833442524821e-02 4.853884207828034203e-01 1.166947457171469034e-02 1.000000000000000021e-02 1.570796326794896558e+00 1.000000000000000000e+00 1.000000000000000000e+00 0.000000000000000000e+00 0.000000000000000000e+00 -1.000000000000000000e+00 -1.000000000000000000e+00
1.390000000000000000e+02 3.334579468144792190e+04 1.133990478809609925e+01 1.219145694962255055e-02 1.619602060561944779e+00 9.994385909401033372e-03 4.123294725445523362e-02 1.570796326794896558e+00 1.000000000000000000e+00 1.000000000000000000e+00 0.000000000000000000e+00 0.000000000000000000e+00 -1.000000000000000000e+00 -1.000000000000000000e+00
1.420000000000000000e+02 3.209472238801207277e+04 1.063341751922231992e+01 -1.775549213862456788e-01 2.223498471988615055e+00 7.313336175827172408e-03 1.966394456216839087e-02 1.570796326794896558e+00 1.000000000000000000e+00 1.000000000000000000e+00 0.000000000000000000e+00 0.000000000000000000e+00 -1.000000000000000000e+00 -1.000000000000000000e+00
1.430000000000000000e+02 2.850759195541416557e+04 2.560580839466454961e+01 -1.062175120228348452e-01 2.981187290714809812e+00 0.000000000000000000e+00 4.097592817492541617e-02 1.570796326794896558e+00 1.000000000000000000e+00 1.000000000000000000e+00 0.000000000000000000e+00 0.000000000000000000e+00 -1.000000000000000000e+00 -1.000000000000000000e+00
1.450000000000000000e+02 3.219035301030516712e+04 3.877646651234362452e+01 -8.571449536690105286e-02 3.100000000000000089e+00 3.780959712624670788e-02 2.565094346634410466e-02 1.570796326794896558e+00 1.000000000000000000e+00 1.000000000000000000e+00 0.000000000000000000e+00 0.000000000000000000e+00 -1.000000000000000000e+00 -1.000000000000000000e+00
1.550000000000000000e+02 2.788355740570829585e+04 1.070678534448718722e+01 -1.313075884431612883e-01 2.480446215899489104e+00 0.000000000000000000e+00 6.796017527734711516e-02 1.570796326794896558e+00 1.000000000000000000e+00 1.000000000000000000e+00 0.000000000000000000e+00 0.000000000000000000e+00 -1.000000000000000000e+00 -1.000000000000000000e+00
1.640000000000000000e+02 5.000000000000000000e+04 1.096546296130767573e+01 -3.534828390136719040e-02 1.843126134814142114e+00 0.000000000000000000e+00 2.019914296647415744e-02 1.570796326794896558e+00 1.000000000000000000e+00 1.000000000000000000e+00 0.000000000000000000e+00 0.000000000000000000e+00 -1.000000000000000000e+00 -1.000000000000000000e+00
1.660000000000000000e+02 4.553376248139126983e+04 1.047430648778705020e+01 4.775901048875191846e-02 6.425906163466723608e-01 0.000000000000000000e+00 1.482885308730516258e-02 1.570796326794896558e+00 1.000000000000000000e+00 1.000000000000000000e+00 0.000000000000000000e+00 0.000000000000000000e+00 -1.000000000000000000e+00 -1.000000000000000000e+00
1.880000000000000000e+02 4.546781652625520655e+04 1.402152085252913416e+01 -6.220808921216527260e-02 1.204966130484035336e+00 0.000000000000000000e+00 7.063381062438826852e-02 1.570796326794896558e+00 1.000000000000000000e+00 1.000000000000000000e+00 0.000000000000000000e+00 0.000000000000000000e+00 -1.000000000000000000e+00 -1.000000000000000000e+00
1.900000000000000000e+02 3.914097418412203115e+04 2.380553978177578145e+01 -3.939266108857238796e-02 1.742103846133397749e+00 9.253849570669755997e-04 2.067908827819206832e-02 1.570796326794896558e+00 1.000000000000000000e+00 1.000000000000000000e+00 0.000000000000000000e+00 0.000000000000000000e+00 -1.000000000000000000e+00 -1.000000000000000000e+00
1.930000000000000000e+02 3.099579861986819378e+04 1.096417563104006199e+01 -6.784370943482254113e-02 1.185323953413755627e+00 1.456692864654076346e-02 8.569535506927043744e-02 1.570796326794896558e+00 1.000000000000000000e+00 1.000000000000000000e+00 0.000000000000000000e+00 0.000000000000000000e+00 -1.000000000000000000e+00 -1.000000000000000000e+00
3.000000000000000000e+00 7.001869865403247786e+03 1.337777197599019274e+01 9.330987314805952448e-02 1.256616195302780126e+00 0.000000000000000000e+00 1.000000000000000021e-02 0.000000000000000000e+00 1.000000000000000000e+00 1.000000000000000000e+00 0.000000000000000000e+00 0.000000000000000000e+00 -1.000000000000000000e+00 -1.000000000000000000e+00
1.400000000000000000e+01 1.270314735443010795e+04 2.191981260538897303e+01 -8.473409809781226598e-02 1.930619793759143832e+00 0.000000000000000000e+00 1.000000000000000021e-02 0.000000000000000000e+00 1.000000000000000000e+00 1.000000000000000000e+00 0.000000000000000000e+00 0.000000000000000000e+00 -1.000000000000000000e+00 -1.000000000000000000e+00
3.300000000000000000e+01 7.384052170492300320e+02 1.044846494226635514e+01 1.329925429524179969e-02 1.914460255350915574e+00 0.000000000000000000e+00 1.000000000000000056e-01 0.000000000000000000e+00 1.000000000000000000e+00 1.000000000000000000e+00 0.000000000000000000e+00 0.000000000000000000e+00 -1.000000000000000000e+00 -1.000000000000000000e+00
6.100000000000000000e+01 2.123760020980500030e+03 1.055578800319841726e+01 -2.361076195995783222e-01 3.100000000000000089e+00 0.000000000000000000e+00 9.000000000000001055e-02 0.000000000000000000e+00 1.000000000000000000e+00 1.000000000000000000e+00 0.000000000000000000e+00 0.000000000000000000e+00 -1.000000000000000000e+00 -1.000000000000000000e+00
1.090000000000000000e+02 5.706194579222872562e+03 2.067936138452987294e+01 -2.322872461050215498e-02 5.100148883510644549e-01 0.000000000000000000e+00 9.000000000000001055e-02 0.000000000000000000e+00 1.000000000000000000e+00 1.000000000000000000e+00 0.000000000000000000e+00 0.000000000000000000e+00 -1.000000000000000000e+00 -1.000000000000000000e+00
1.230000000000000000e+02 6.689971469479296502e+02 1.180322419461985461e+01 9.325305812363637870e-02 7.320615178912949217e-01 0.000000000000000000e+00 2.756206606701004994e-02 0.000000000000000000e+00 1.000000000000000000e+00 1.000000000000000000e+00 0.000000000000000000e+00 0.000000000000000000e+00 -1.000000000000000000e+00 -1.000000000000000000e+00
1.570000000000000000e+02 4.202048496696143957e+03 1.021810932419580986e+01 -1.289456630502495149e-01 2.260743757324165326e+00 0.000000000000000000e+00 9.000000000000001055e-02 0.000000000000000000e+00 1.000000000000000000e+00 1.000000000000000000e+00 0.000000000000000000e+00 0.000000000000000000e+00 -1.000000000000000000e+00 -1.000000000000000000e+00
1.600000000000000000e+02 2.694493303470134379e+03 1.155401494495652592e+01 -5.014536357603438521e-02 1.295836206703208315e+00 0.000000000000000000e+00 9.000000000000001055e-02 0.000000000000000000e+00 1.000000000000000000e+00 1.000000000000000000e+00 0.000000000000000000e+00 0.000000000000000000e+00 -1.000000000000000000e+00 -1.000000000000000000e+00
3.660000000000000000e+02 7.288457888861364609e+02 2.287202783770110059e+01 -1.248942201856869938e-01 2.611471288891400899e+00 0.000000000000000000e+00 9.531236710342408380e-03 -1.000000000000000000e+00 1.000000000000000000e+00 1.000000000000000000e+00 5.000000000000000000e+00 1.000000000000000000e+05 -1.000000000000000000e+00 -1.000000000000000000e+00
3.670000000000000000e+02 6.882608153805279017e+02 1.155142565616914929e+01 -7.411602143829615352e-02 3.083485286746980414e+00 0.000000000000000000e+00 9.000000000000001055e-02 -1.000000000000000000e+00 1.000000000000000000e+00 1.000000000000000000e+00 5.000000000000000000e+00 2.000000000000000000e+05 -1.000000000000000000e+00 -1.000000000000000000e+00
1.700000000000000000e+01 4.663970684340648586e+04 1.037477139043272700e+01 -4.119524095641563521e-02 1.738840420443806156e+00 3.166816578053863740e+00 3.740474010136296545e-02 1.570796326794896558e+00 1.000000000000000000e+00 1.000000000000000000e+00 0.000000000000000000e+00 0.000000000000000000e+00 -1.000000000000000000e+00 -1.000000000000000000e+00
3.680000000000000000e+02 6.308859912237132903e+02 3.208698187429657622e+01 -5.976558941245452977e-02 2.865782607411757166e+00 0.000000000000000000e+00 1.571144807024408424e-02 -1.000000000000000000e+00 1.000000000000000000e+00 1.000000000000000000e+00 5.000000000000000000e+00 3.000000000000000000e+05 -1.000000000000000000e+00 -1.000000000000000000e+00
1.820000000000000000e+02 3.024015357410021170e+04 1.631662425752189449e+01 1.151663091818211915e-01 1.357253895165588364e+00 3.143653511894576091e+00 2.441371903019633194e-02 1.570796326794896558e+00 1.000000000000000000e+00 1.000000000000000000e+00 0.000000000000000000e+00 0.000000000000000000e+00 -1.000000000000000000e+00 -1.000000000000000000e+00
1.190000000000000000e+02 4.518147409319793223e+04 1.854700967316802718e+01 -5.250052962195197320e-02 3.100000000000000089e+00 3.136594315463028693e+00 2.441844974990386996e-02 1.570796326794896558e+00 1.000000000000000000e+00 1.000000000000000000e+00 0.000000000000000000e+00 0.000000000000000000e+00 -1.000000000000000000e+00 -1.000000000000000000e+00
3.710000000000000000e+02 2.604884579484139249e+04 3.547704303585619101e+01 6.670220013540111292e-01 0.000000000000000000e+00 0.000000000000000000e+00 1.144085181917930613e-02 -1.000000000000000000e+00 1.000000000000000000e+00 2.000000000000000000e+00 5.000000000000000000e+00 3.800000000000000000e+05 -1.000000000000000000e+00 -1.000000000000000000e+00
3.750000000000000000e+02 2.121637533869392769e+02 1.683397086528171016e+01 -1.267916052282332395e-01 3.100000000000000089e+00 0.000000000000000000e+00 8.601752617432163739e-02 -1.000000000000000000e+00 1.000000000000000000e+00 1.000000000000000000e+00 5.000000000000000000e+00 4.000000000000000000e+05 -1.000000000000000000e+00 -1.000000000000000000e+00
3.720000000000000000e+02 1.387023210621166072e+04 3.456887793923254293e+01 7.849198112335588062e-01 0.000000000000000000e+00 0.000000000000000000e+00 9.000000000000001055e-03 -1.000000000000000000e+00 1.000000000000000000e+00 3.000000000000000000e+00 5.000000000000000000e+00 4.100000000000000000e+05 -1.000000000000000000e+00 -1.000000000000000000e+00
3.730000000000000000e+02 8.277966425131886353e+03 4.973823075464494536e+01 5.527498712838671002e-01 0.000000000000000000e+00 0.000000000000000000e+00 9.000000000000001055e-02 -1.000000000000000000e+00 1.000000000000000000e+00 2.000000000000000000e+00 5.000000000000000000e+00 4.300000000000000000e+05 -1.000000000000000000e+00 -1.000000000000000000e+00
1.220000000000000000e+02 9.509820776449236291e+03 1.432831120782852885e+01 7.547404646266500650e-02 7.793324175350507810e-01 3.154345148748364469e+00 9.000000000000001055e-02 1.570796326794896558e+00 1.000000000000000000e+00 1.000000000000000000e+00 0.000000000000000000e+00 0.000000000000000000e+00 -1.000000000000000000e+00 -1.000000000000000000e+00
3.770000000000000000e+02 1.709913003942529758e+04 3.919837281666459461e+01 6.494375576578353959e-01 0.000000000000000000e+00 0.000000000000000000e+00 1.000000000000000021e-02 -1.000000000000000000e+00 1.000000000000000000e+00 2.000000000000000000e+00 5.000000000000000000e+00 5.000000000000000000e+05 -1.000000000000000000e+00 -1.000000000000000000e+00
3.810000000000000000e+02 8.821707241806525417e+02 1.026852537681852695e+01 -1.078437621575033534e-01 3.100000000000000089e+00 0.000000000000000000e+00 1.000000000000000056e-01 -1.000000000000000000e+00 1.000000000000000000e+00 1.000000000000000000e+00 5.000000000000000000e+00 5.000000000000000000e+05 -1.000000000000000000e+00 -1.000000000000000000e+00
3.820000000000000000e+02 8.868550720774716183e+02 1.441181973103222269e+01 -6.901029732649652249e-02 1.888594932789634306e+00 0.000000000000000000e+00 9.000000000000001055e-02 -1.000000000000000000e+00 1.000000000000000000e+00 1.000000000000000000e+00 5.000000000000000000e+00 6.000000000000000000e+05 -1.000000000000000000e+00 -1.000000000000000000e+00
3.800000000000000000e+02 3.256627126161946944e+04 5.051383146689399695e+01 6.728696453272460243e-01 0.000000000000000000e+00 0.000000000000000000e+00 2.200710603705254009e-02 -1.000000000000000000e+00 1.000000000000000000e+00 2.000000000000000000e+00 5.000000000000000000e+00 6.500000000000000000e+05 -1.000000000000000000e+00 -1.000000000000000000e+00
3.840000000000000000e+02 1.682552820522988259e+04 2.487064127066339481e+01 6.426031552535913516e-01 0.000000000000000000e+00 0.000000000000000000e+00 1.000000000000000056e-01 -1.000000000000000000e+00 1.000000000000000000e+00 2.000000000000000000e+00 5.000000000000000000e+00 6.600000000000000000e+05 -1.000000000000000000e+00 -1.000000000000000000e+00
3.830000000000000000e+02 1.158540345504107609e+04 4.383935840366202541e+01 8.008668293724260367e-01 0.000000000000000000e+00 0.000000000000000000e+00 1.000000000000000021e-02 -1.000000000000000000e+00 1.000000000000000000e+00 3.000000000000000000e+00 5.000000000000000000e+00 6.800000000000000000e+05 -1.000000000000000000e+00 -1.000000000000000000e+00
3.850000000000000000e+02 8.252504569786749471e+02 2.213270744686326097e+01 -3.107398709610625573e-02 1.706523844600494666e+00 0.000000000000000000e+00 9.000000000000001055e-02 -1.000000000000000000e+00 1.000000000000000000e+00 1.000000000000000000e+00 5.000000000000000000e+00 7.000000000000000000e+05 -1.000000000000000000e+00 -1.000000000000000000e+00
5.200000000000000000e+01 3.916275166316091054e+04 2.544767747661089885e+01 -5.729227986740750671e-03 2.519044944980609824e+00 3.157751135628771522e+00 8.824774408545554838e-02 1.570796326794896558e+00 1.000000000000000000e+00 1.000000000000000000e+00 0.000000000000000000e+00 0.000000000000000000e+00 -1.000000000000000000e+00 -1.000000000000000000e+00
