# id_num orb_a mass spin spin_angle orb_inc orb_ecc orb_arg_periapse orb_ang_mom gen galaxy time_passed star_X star_Y star_Z radius
2.370000000000000000e+02 4.829353619540531639e+01 1.550999956907829073e+03 8.859999999999998987e-01 1.085821986250961713e+00 0.000000000000000000e+00 1.345385844250815421e-02 1.570796326794896558e+00 1.238117735397856768e+18 1.000000000000000000e+00 0.000000000000000000e+00 0.000000000000000000e+00 7.273999999999999355e-01 2.637999999999999790e-01 8.800000000000000530e-03 3.506694733034078695e+02
2.380000000000000000e+02 3.873373352800167169e+01 1.750082179413185031e+03 8.859999999999998987e-01 8.160359124947408338e-01 0.000000000000000000e+00 2.346375188125391087e-01 1.570796326794896558e+00 1.407065164046919424e+18 1.000000000000000000e+00 0.000000000000000000e+00 0.000000000000000000e+00 7.273999999999999355e-01 2.637999999999999790e-01 8.800000000000000530e-03 3.862382551549205800e+02
2.390000000000000000e+02 3.909238222758514070e+01 1.737360873198306308e+03 8.859999999999998987e-01 1.143594188515888233e+00 0.000000000000000000e+00 3.728564399131069074e-01 0.000000000000000000e+00 1.406862449001787392e+18 1.000000000000000000e+00 0.000000000000000000e+00 0.000000000000000000e+00 7.273999999999999355e-01 2.637999999999999790e-01 8.800000000000000530e-03 3.839905723071372563e+02
2.420000000000000000e+02 5.738240166483301152e+01 1.352853450895076094e+03 8.859999999999998987e-01 1.639130828662914263e+00 0.000000000000000000e+00 8.070299384678820964e-02 0.000000000000000000e+00 1.118699942063196928e+18 1.000000000000000000e+00 0.000000000000000000e+00 0.000000000000000000e+00 7.273999999999999355e-01 2.637999999999999790e-01 8.800000000000000530e-03 3.143468664676189519e+02
2.430000000000000000e+02 4.190852183110977336e+01 1.902934394872230769e+03 8.859999999999998987e-01 2.116066588869294218e+00 0.000000000000000000e+00 2.288604140483027349e-01 1.570796326794896558e+00 1.585160518165946368e+18 1.000000000000000000e+00 0.000000000000000000e+00 0.000000000000000000e+00 7.273999999999999355e-01 2.637999999999999790e-01 8.800000000000000530e-03 4.129976544704763910e+02
2.450000000000000000e+02 4.415342149568953545e+01 2.218342088701702778e+03 8.859999999999998987e-01 2.051850074211237551e+00 0.000000000000000000e+00 1.066553255705542519e-01 0.000000000000000000e+00 1.874656026324918784e+18 1.000000000000000000e+00 0.000000000000000000e+00 0.000000000000000000e+00 7.273999999999999355e-01 2.637999999999999790e-01 8.800000000000000530e-03 4.669080350464543585e+02
2.460000000000000000e+02 4.444253742395495266e+01 1.970619224615805933e+03 8.859999999999998987e-01 9.143371636497245047e-01 0.000000000000000000e+00 1.417870084051525148e-01 1.570796326794896558e+00 1.677365905952503552e+18 1.000000000000000000e+00 0.000000000000000000e+00 0.000000000000000000e+00 7.273999999999999355e-01 2.637999999999999790e-01 8.800000000000000530e-03 4.247082572365320630e+02
2.470000000000000000e+02 4.518550667731239656e+01 2.247639481542150861e+03 8.859999999999998987e-01 1.798925198966084604e+00 0.000000000000000000e+00 1.413868028130251253e-01 1.570796326794896558e+00 1.927013709697506304e+18 1.000000000000000000e+00 0.000000000000000000e+00 0.000000000000000000e+00 7.273999999999999355e-01 2.637999999999999790e-01 8.800000000000000530e-03 4.718346753493493679e+02
2.480000000000000000e+02 5.968267204331819187e+01 2.181466544803963188e+03 8.859999999999998987e-01 1.162964843045176666e+00 0.000000000000000000e+00 8.126700611903711624e-02 0.000000000000000000e+00 1.884103463568817408e+18 1.000000000000000000e+00 0.000000000000000000e+00 0.000000000000000000e+00 7.273999999999999355e-01 2.637999999999999790e-01 8.800000000000000530e-03 4.606885072081511794e+02
2.520000000000000000e+02 5.336055323003193251e+01 2.691681866412300678e+03 8.859999999999998987e-01 1.376859345564872550e+00 0.000000000000000000e+00 5.751006352000485877e-02 1.570796326794896558e+00 2.394561340120613888e+18 1.000000000000000000e+00 0.000000000000000000e+00 0.000000000000000000e+00 7.273999999999999355e-01 2.637999999999999790e-01 8.800000000000000530e-03 5.450389200759799451e+02
2.540000000000000000e+02 4.076856348618238712e+01 2.856737496131888747e+03 8.859999999999998987e-01 1.811476772778612521e+00 0.000000000000000000e+00 3.413006085065409256e-01 0.000000000000000000e+00 2.580631035005544448e+18 1.000000000000000000e+00 0.000000000000000000e+00 0.000000000000000000e+00 7.273999999999999355e-01 2.637999999999999790e-01 8.800000000000000530e-03 5.716165581162989611e+02
2.560000000000000000e+02 4.852778994765297682e+01 2.992642720533171996e+03 8.859999999999998987e-01 1.269788403727260206e+00 0.000000000000000000e+00 9.640553951070339467e-02 0.000000000000000000e+00 2.744452878889210368e+18 1.000000000000000000e+00 0.000000000000000000e+00 0.000000000000000000e+00 7.273999999999999355e-01 2.637999999999999790e-01 8.800000000000000530e-03 5.932700568842320763e+02
2.570000000000000000e+02 6.078674992806337940e+01 3.055923546320513196e+03 8.859999999999998987e-01 1.665570524901796912e+00 0.000000000000000000e+00 6.580343675876498821e-02 1.570796326794896558e+00 2.823552633304907264e+18 1.000000000000000000e+00 0.000000000000000000e+00 0.000000000000000000e+00 7.273999999999999355e-01 2.637999999999999790e-01 8.800000000000000530e-03 6.032849903722062663e+02
2.600000000000000000e+02 5.940335563224504511e+01 3.396744553666946103e+03 8.859999999999998987e-01 1.018326671755392487e+00 0.000000000000000000e+00 1.607269625521792061e-02 0.000000000000000000e+00 3.212527904554731520e+18 1.000000000000000000e+00 0.000000000000000000e+00 0.000000000000000000e+00 7.273999999999999355e-01 2.637999999999999790e-01 8.800000000000000530e-03 6.565364501698294362e+02
2.610000000000000000e+02 6.541907104832958453e+01 3.663468082538009185e+03 8.859999999999998987e-01 1.133789289861036664e+00 0.000000000000000000e+00 4.597086630483551706e-02 1.570796326794896558e+00 3.492068462530731520e+18 1.000000000000000000e+00 0.000000000000000000e+00 0.000000000000000000e+00 7.273999999999999355e-01 2.637999999999999790e-01 8.800000000000000530e-03 6.974650696037614352e+02
2.620000000000000000e+02 5.660575320650860931e+01 3.559467448866008453e+03 8.859999999999998987e-01 1.128110263895570009e+00 0.000000000000000000e+00 1.276359046042586411e-02 1.570796326794896558e+00 3.419632840615790592e+18 1.000000000000000000e+00 0.000000000000000000e+00 0.000000000000000000e+00 7.273999999999999355e-01 2.637999999999999790e-01 8.800000000000000530e-03 6.815795524413348403e+02
2.630000000000000000e+02 6.389051570962288906e+01 3.853072989311566744e+03 8.859999999999998987e-01 1.650630627822419205e+00 0.000000000000000000e+00 3.325180921920248278e-02 1.570796326794896558e+00 3.731719532226254336e+18 1.000000000000000000e+00 0.000000000000000000e+00 0.000000000000000000e+00 7.273999999999999355e-01 2.637999999999999790e-01 8.800000000000000530e-03 7.261967839421282633e+02
2.640000000000000000e+02 5.173614108041957849e+01 3.505880742445773194e+03 8.859999999999998987e-01 2.164173332742325595e+00 0.000000000000000000e+00 1.650282359932310136e-02 0.000000000000000000e+00 3.422370185229282304e+18 1.000000000000000000e+00 0.000000000000000000e+00 0.000000000000000000e+00 7.273999999999999355e-01 2.637999999999999790e-01 8.800000000000000530e-03 6.733583400341573224e+02
2.670000000000000000e+02 6.909297855608788552e+01 4.057742376822350252e+03 8.859999999999998987e-01 1.799992559730798636e+00 0.000000000000000000e+00 3.189151341960334840e-02 1.570796326794896558e+00 4.057577501554998272e+18 1.000000000000000000e+00 0.000000000000000000e+00 0.000000000000000000e+00 7.273999999999999355e-01 2.637999999999999790e-01 8.800000000000000530e-03 7.568958235695824897e+02
2.680000000000000000e+02 6.891578337405637456e+01 4.631527097846371362e+03 8.859999999999998987e-01 1.721592527105511694e+00 0.000000000000000000e+00 1.363011149148248176e-02 0.000000000000000000e+00 4.668163362242739200e+18 1.000000000000000000e+00 0.000000000000000000e+00 0.000000000000000000e+00 7.273999999999999355e-01 2.637999999999999790e-01 8.800000000000000530e-03 8.413716994838343908e+02
2.710000000000000000e+02 6.487085581357173680e+01 4.697101502869870274e+03 8.859999999999998987e-01 1.475017356711759708e+00 0.000000000000000000e+00 2.653525015307855311e-02 1.570796326794896558e+00 4.851242847970057216e+18 1.000000000000000000e+00 0.000000000000000000e+00 0.000000000000000000e+00 7.273999999999999355e-01 2.637999999999999790e-01 8.800000000000000530e-03 8.508881758893865026e+02
2.720000000000000000e+02 8.146375762227502548e+01 5.549966194778006866e+03 8.859999999999998987e-01 1.723810971376338097e+00 0.000000000000000000e+00 5.503525730873658900e-02 0.000000000000000000e+00 5.782166437970485248e+18 1.000000000000000000e+00 0.000000000000000000e+00 0.000000000000000000e+00 7.273999999999999355e-01 2.637999999999999790e-01 8.800000000000000530e-03 9.723907137320750280e+02
2.740000000000000000e+02 7.769746597622248885e+01 5.662784256611300407e+03 8.879999999999999005e-01 9.458431734439002314e-01 0.000000000000000000e+00 2.005687558282263916e-02 0.000000000000000000e+00 5.997440749535529984e+18 1.000000000000000000e+00 0.000000000000000000e+00 0.000000000000000000e+00 7.273999999999999355e-01 2.637999999999999790e-01 8.800000000000000530e-03 9.881720029986639702e+02
2.760000000000000000e+02 8.241768305848482612e+01 6.507982521977392935e+03 8.859999999999998987e-01 9.383805647281241447e-01 0.000000000000000000e+00 4.346467447104645360e-02 0.000000000000000000e+00 7.011579876114394112e+18 1.000000000000000000e+00 0.000000000000000000e+00 0.000000000000000000e+00 7.273999999999999355e-01 2.637999999999999790e-01 8.800000000000000530e-03 1.104499782757190133e+03
2.770000000000000000e+02 8.914158327167172047e+01 6.431906072037828380e+03 8.859999999999998987e-01 2.187177559074898081e+00 0.000000000000000000e+00 3.657191091651936649e-02 0.000000000000000000e+00 6.987320888304223232e+18 1.000000000000000000e+00 0.000000000000000000e+00 0.000000000000000000e+00 7.273999999999999355e-01 2.637999999999999790e-01 8.800000000000000530e-03 1.094158622941522708e+03
2.790000000000000000e+02 1.054883240783963458e+02 7.027075618193736773e+03 8.859999999999998987e-01 9.997494206634870428e-01 0.000000000000000000e+00 2.694616012687047618e-02 1.570796326794896558e+00 7.766156875302352896e+18 1.000000000000000000e+00 0.000000000000000000e+00 0.000000000000000000e+00 7.273999999999999355e-01 2.637999999999999790e-01 8.800000000000000530e-03 1.174432968126551941e+03
2.810000000000000000e+02 8.988881653580050113e+01 8.131832939194517166e+03 8.859999999999998987e-01 1.569201471683102866e+00 0.000000000000000000e+00 2.535732233293674573e-02 1.570796326794896558e+00 9.145476932024281088e+18 1.000000000000000000e+00 0.000000000000000000e+00 0.000000000000000000e+00 7.273999999999999355e-01 2.637999999999999790e-01 8.800000000000000530e-03 1.319955502421087886e+03
2.830000000000000000e+02 1.091421026491828172e+02 8.703844896902779510e+03 8.859999999999998987e-01 2.156566887644634445e+00 0.000000000000000000e+00 2.067846916245286507e-02 0.000000000000000000e+00 9.959230644428165120e+18 1.000000000000000000e+00 0.000000000000000000e+00 0.000000000000000000e+00 7.273999999999999355e-01 2.637999999999999790e-01 8.800000000000000530e-03 1.393726144976731348e+03
2.840000000000000000e+02 8.942336829976551371e+01 8.396907965782946121e+03 8.879999999999999005e-01 1.789711688475907003e+00 0.000000000000000000e+00 1.776607976369570449e-02 1.570796326794896558e+00 9.695329886349887488e+18 1.000000000000000000e+00 0.000000000000000000e+00 0.000000000000000000e+00 7.273999999999999355e-01 2.637999999999999790e-01 8.800000000000000530e-03 1.354266223559497575e+03
2.850000000000000000e+02 1.170624241687679330e+02 9.163586456744678799e+03 8.919999999999999041e-01 1.571271026748325861e+00 0.000000000000000000e+00 9.000000000000001055e-02 1.570796326794896558e+00 1.067621626821527347e+19 1.000000000000000000e+00 0.000000000000000000e+00 0.000000000000000000e+00 7.273999999999999355e-01 2.637999999999999790e-01 8.800000000000000530e-03 1.452315317315108587e+03
2.880000000000000000e+02 1.111558225495459595e+02 1.042731133013755971e+04 8.859999999999998987e-01 1.285801160146542665e+00 0.000000000000000000e+00 1.000000000000000056e-01 1.570796326794896558e+00 1.247862261363847578e+19 1.000000000000000000e+00 0.000000000000000000e+00 0.000000000000000000e+00 7.273999999999999355e-01 2.637999999999999790e-01 8.800000000000000530e-03 1.610446882017057533e+03
2.890000000000000000e+02 1.010369734676299203e+02 1.045678235942690480e+04 8.859999999999998987e-01 1.845616994446861225e+00 0.000000000000000000e+00 1.620854475386660637e-02 1.570796326794896558e+00 1.262838386271883059e+19 1.000000000000000000e+00 0.000000000000000000e+00 0.000000000000000000e+00 7.273999999999999355e-01 2.637999999999999790e-01 8.800000000000000530e-03 1.614087178286843027e+03
2.900000000000000000e+02 1.213102726432471741e+02 1.059235233525300828e+04 8.859999999999998987e-01 1.197977678257648559e+00 0.000000000000000000e+00 2.119084895346155101e-02 0.000000000000000000e+00 1.290991791715107226e+19 1.000000000000000000e+00 0.000000000000000000e+00 0.000000000000000000e+00 7.273999999999999355e-01 2.637999999999999790e-01 8.800000000000000530e-03 1.630806625265152661e+03
2.910000000000000000e+02 1.122656178080398348e+02 1.234190027396524238e+04 8.859999999999998987e-01 1.270190036077610385e+00 0.000000000000000000e+00 8.100000000000001643e-02 1.570796326794896558e+00 1.518284645088148480e+19 1.000000000000000000e+00 0.000000000000000000e+00 0.000000000000000000e+00 7.273999999999999355e-01 2.637999999999999790e-01 8.800000000000000530e-03 1.842952571439313715e+03
2.920000000000000000e+02 1.148725756152153394e+02 1.194732846299965422e+04 8.859999999999998987e-01 8.917733872426900632e-01 0.000000000000000000e+00 8.100000000000001643e-02 1.570796326794896558e+00 1.483309486355707494e+19 1.000000000000000000e+00 0.000000000000000000e+00 0.000000000000000000e+00 7.273999999999999355e-01 2.637999999999999790e-01 8.800000000000000530e-03 1.795664411697677679e+03
2.930000000000000000e+02 1.385639798870419668e+02 1.194108817398483370e+04 8.859999999999998987e-01 1.619178259828745858e+00 0.000000000000000000e+00 1.000000000000000056e-01 0.000000000000000000e+00 1.496513452919162061e+19 1.000000000000000000e+00 0.000000000000000000e+00 0.000000000000000000e+00 7.273999999999999355e-01 2.637999999999999790e-01 8.800000000000000530e-03 1.794914048110386375e+03
2.940000000000000000e+02 1.347447359820147312e+02 1.408893567599468406e+04 8.859999999999998987e-01 2.032374979487303612e+00 0.000000000000000000e+00 9.000000000000001055e-02 0.000000000000000000e+00 1.782104090473396224e+19 1.000000000000000000e+00 0.000000000000000000e+00 0.000000000000000000e+00 7.273999999999999355e-01 2.637999999999999790e-01 8.800000000000000530e-03 2.048854328156980046e+03
2.950000000000000000e+02 1.368716763330482991e+02 1.405099071790309245e+04 8.879999999999999005e-01 1.214681818280164860e+00 0.000000000000000000e+00 1.537077697926187911e-02 1.570796326794896558e+00 1.794275952848756941e+19 1.000000000000000000e+00 0.000000000000000000e+00 0.000000000000000000e+00 7.273999999999999355e-01 2.637999999999999790e-01 8.800000000000000530e-03 2.044438684319655749e+03
2.960000000000000000e+02 1.277710110899468816e+02 1.450874680035223355e+04 8.879999999999999005e-01 1.292424575657048269e+00 0.000000000000000000e+00 3.310762063346209955e-02 0.000000000000000000e+00 1.870735678199066624e+19 1.000000000000000000e+00 0.000000000000000000e+00 0.000000000000000000e+00 7.273999999999999355e-01 2.637999999999999790e-01 8.800000000000000530e-03 2.097550636314793792e+03
2.970000000000000000e+02 1.471042456192362522e+02 1.442134378157332867e+04 8.879999999999999005e-01 2.210207363960751792e+00 0.000000000000000000e+00 1.117445261766576194e-02 1.570796326794896558e+00 1.876996193332145357e+19 1.000000000000000000e+00 0.000000000000000000e+00 0.000000000000000000e+00 7.273999999999999355e-01 2.637999999999999790e-01 8.800000000000000530e-03 2.087435746614806249e+03
3.000000000000000000e+02 1.585260678841336812e+02 1.749458267880863423e+04 8.859999999999998987e-01 1.787935565403565574e+00 0.000000000000000000e+00 2.447026102000543143e-02 0.000000000000000000e+00 2.344119226535673856e+19 1.000000000000000000e+00 0.000000000000000000e+00 0.000000000000000000e+00 7.273999999999999355e-01 2.637999999999999790e-01 8.800000000000000530e-03 2.436303573238316858e+03
3.010000000000000000e+02 1.633545512497876473e+02 1.807497174908552915e+04 8.859999999999998987e-01 7.370044104087083436e-01 0.000000000000000000e+00 2.123025511892868630e-02 1.570796326794896558e+00 2.445757475695799501e+19 1.000000000000000000e+00 0.000000000000000000e+00 0.000000000000000000e+00 7.273999999999999355e-01 2.637999999999999790e-01 8.800000000000000530e-03 2.500752054039512586e+03
3.020000000000000000e+02 1.705218078817397895e+02 1.909810422582402680e+04 8.879999999999999005e-01 8.028055876993994699e-01 0.000000000000000000e+00 1.329792325986140118e-02 0.000000000000000000e+00 2.609776743069114368e+19 1.000000000000000000e+00 0.000000000000000000e+00 0.000000000000000000e+00 7.273999999999999355e-01 2.637999999999999790e-01 8.800000000000000530e-03 2.613369027676946644e+03
3.080000000000000000e+02 1.912068124033577305e+02 2.579353787130623823e+04 8.859999999999998987e-01 2.060796698815921868e+00 0.000000000000000000e+00 9.000000000000001055e-02 0.000000000000000000e+00 3.744522328934781747e+19 1.000000000000000000e+00 0.000000000000000000e+00 0.000000000000000000e+00 7.273999999999999355e-01 2.637999999999999790e-01 8.800000000000000530e-03 3.323665155679163945e+03
3.090000000000000000e+02 2.345983878642517482e+02 2.621676380797844467e+04 8.879999999999999005e-01 1.502885798517842320e+00 0.000000000000000000e+00 9.000000000000001055e-02 1.570796326794896558e+00 3.845465848971322982e+19 1.000000000000000000e+00 0.000000000000000000e+00 0.000000000000000000e+00 7.273999999999999355e-01 2.637999999999999790e-01 8.800000000000000530e-03 3.367222367219069383e+03
3.110000000000000000e+02 2.091368283056095549e+02 2.836614919379647836e+04 8.899999999999999023e-01 2.087882066989786178e+00 0.000000000000000000e+00 1.235535438241119194e-02 1.570796326794896558e+00 4.248426864817856512e+19 1.000000000000000000e+00 0.000000000000000000e+00 0.000000000000000000e+00 7.273999999999999355e-01 2.637999999999999790e-01 8.800000000000000530e-03 3.586318352627353306e+03
3.140000000000000000e+02 1.566263072734375896e+02 3.427934900834602013e+04 8.859999999999998987e-01 7.945149513317149026e-01 0.000000000000000000e+00 2.554249813079687709e-02 0.000000000000000000e+00 5.299612629968311091e+19 1.000000000000000000e+00 0.000000000000000000e+00 0.000000000000000000e+00 7.273999999999999355e-01 2.637999999999999790e-01 8.800000000000000530e-03 4.172867405433278691e+03
3.170000000000000000e+02 3.387977892074848114e+02 3.920654564945455786e+04 8.899999999999999023e-01 1.157326059211578384e+00 0.000000000000000000e+00 9.000000000000001055e-02 1.570796326794896558e+00 6.261637091206864896e+19 1.000000000000000000e+00 0.000000000000000000e+00 0.000000000000000000e+00 7.273999999999999355e-01 2.637999999999999790e-01 8.800000000000000530e-03 4.646173209934395345e+03
3.180000000000000000e+02 1.762384978712728412e+02 4.059442537234438350e+04 8.859999999999998987e-01 1.117582891545362278e+00 0.000000000000000000e+00 2.215867837147860939e-02 1.570796326794896558e+00 6.555331592256287539e+19 1.000000000000000000e+00 0.000000000000000000e+00 0.000000000000000000e+00 7.273999999999999355e-01 2.637999999999999790e-01 8.800000000000000530e-03 4.777290501356073037e+03
3.190000000000000000e+02 2.485244593994962372e+02 4.393101774339129042e+04 8.899999999999999023e-01 1.174635843218629239e+00 0.000000000000000000e+00 9.000000000000001055e-02 1.570796326794896558e+00 7.172393862978244608e+19 1.000000000000000000e+00 0.000000000000000000e+00 0.000000000000000000e+00 7.273999999999999355e-01 2.637999999999999790e-01 8.800000000000000530e-03 5.088919068665420127e+03
3.200000000000000000e+02 3.837890709218734742e+02 4.585735764158434904e+04 8.899999999999999023e-01 6.646111942570974707e-01 0.000000000000000000e+00 9.000000000000001055e-02 1.570796326794896558e+00 7.571979904119449190e+19 1.000000000000000000e+00 0.000000000000000000e+00 0.000000000000000000e+00 7.273999999999999355e-01 2.637999999999999790e-01 8.800000000000000530e-03 5.266665713969151511e+03
3.220000000000000000e+02 2.543396084798123127e+02 5.037608235175083973e+04 8.899999999999999023e-01 1.566826129261394085e+00 0.000000000000000000e+00 9.000000000000001055e-02 1.570796326794896558e+00 8.507165232044240077e+19 1.000000000000000000e+00 0.000000000000000000e+00 0.000000000000000000e+00 7.273999999999999355e-01 2.637999999999999790e-01 8.800000000000000530e-03 5.677903990909505410e+03
3.230000000000000000e+02 1.933980402671419938e+02 5.445410291700935340e+04 8.859999999999998987e-01 1.689840613275591430e+00 0.000000000000000000e+00 9.000000000000001055e-02 1.570796326794896558e+00 9.300996205175337779e+19 1.000000000000000000e+00 0.000000000000000000e+00 0.000000000000000000e+00 7.273999999999999355e-01 2.637999999999999790e-01 8.800000000000000530e-03 6.042727621933668161e+03
3.240000000000000000e+02 1.235718564494770391e+02 5.348899145208113623e+04 8.899999999999999023e-01 1.097569886020771879e+00 0.000000000000000000e+00 1.000000000000000056e-01 1.570796326794896558e+00 9.240423006735297741e+19 1.000000000000000000e+00 0.000000000000000000e+00 0.000000000000000000e+00 7.273999999999999355e-01 2.637999999999999790e-01 8.800000000000000530e-03 5.956896575103764917e+03
3.260000000000000000e+02 2.406137321155111977e+02 6.262036261978453695e+04 8.879999999999999005e-01 1.224023084699377151e+00 0.000000000000000000e+00 9.000000000000001055e-02 0.000000000000000000e+00 1.107149469356091310e+20 1.000000000000000000e+00 0.000000000000000000e+00 0.000000000000000000e+00 7.273999999999999355e-01 2.637999999999999790e-01 8.800000000000000530e-03 6.757421278143858217e+03
3.270000000000000000e+02 3.782872630867063322e+02 6.678628459156877943e+04 8.859999999999998987e-01 1.770357283637072010e+00 0.000000000000000000e+00 9.000000000000001055e-02 1.570796326794896558e+00 1.194821865437783654e+20 1.000000000000000000e+00 0.000000000000000000e+00 0.000000000000000000e+00 7.273999999999999355e-01 2.637999999999999790e-01 8.800000000000000530e-03 7.114728951002649410e+03
3.310000000000000000e+02 1.548774248184357987e+02 8.279455725247570081e+04 8.859999999999998987e-01 2.031666156339985374e+00 0.000000000000000000e+00 1.000000000000000056e-01 0.000000000000000000e+00 1.553641780196111483e+20 1.000000000000000000e+00 0.000000000000000000e+00 0.000000000000000000e+00 7.273999999999999355e-01 2.637999999999999790e-01 8.800000000000000530e-03 8.449090518717961459e+03
3.360000000000000000e+02 1.430911500999637553e+02 1.101565297392625071e+05 8.859999999999998987e-01 1.545894628154543815e+00 0.000000000000000000e+00 1.000000000000000056e-01 0.000000000000000000e+00 2.198897975589728748e+20 1.000000000000000000e+00 0.000000000000000000e+00 0.000000000000000000e+00 7.273999999999999355e-01 2.637999999999999790e-01 8.800000000000000530e-03 1.061736454847534333e+04
3.370000000000000000e+02 1.155728691786894160e+02 1.204837983202495816e+05 8.859999999999998987e-01 1.940417705530116166e+00 0.000000000000000000e+00 1.500946352969992348e-02 0.000000000000000000e+00 2.435747062614688072e+20 1.000000000000000000e+00 0.000000000000000000e+00 0.000000000000000000e+00 7.273999999999999355e-01 2.637999999999999790e-01 8.800000000000000530e-03 1.140647499636904649e+04
3.380000000000000000e+02 7.700000000000001137e+02 1.229449053288652503e+05 8.859999999999998987e-01 1.582815511568357758e+00 0.000000000000000000e+00 1.000000000000000056e-01 1.570796326794896558e+00 2.517581626263411098e+20 1.000000000000000000e+00 0.000000000000000000e+00 0.000000000000000000e+00 7.273999999999999355e-01 2.637999999999999790e-01 8.800000000000000530e-03 1.159249619319970770e+04
3.390000000000000000e+02 7.700000000000001137e+02 1.318957894405898114e+05 8.859999999999998987e-01 1.222489985940861557e+00 0.000000000000000000e+00 1.000000000000000056e-01 0.000000000000000000e+00 2.735605979421773988e+20 1.000000000000000000e+00 0.000000000000000000e+00 0.000000000000000000e+00 7.273999999999999355e-01 2.637999999999999790e-01 8.800000000000000530e-03 1.226290256969831717e+04
3.400000000000000000e+02 7.700000000000001137e+02 1.418011515935081698e+05 8.859999999999998987e-01 1.226201010825686444e+00 0.000000000000000000e+00 1.000000000000000056e-01 0.000000000000000000e+00 2.979488648970078126e+20 1.000000000000000000e+00 0.000000000000000000e+00 0.000000000000000000e+00 7.273999999999999355e-01 2.637999999999999790e-01 8.800000000000000530e-03 1.299428353215692368e+04
3.410000000000000000e+02 7.700000000000001137e+02 1.485827173881375929e+05 8.859999999999998987e-01 0.000000000000000000e+00 0.000000000000000000e+00 1.000000000000000056e-01 1.570796326794896558e+00 3.163136894801686692e+20 1.000000000000000000e+00 0.000000000000000000e+00 0.000000000000000000e+00 7.273999999999999355e-01 2.637999999999999790e-01 8.800000000000000530e-03 1.348910607531015194e+04
3.420000000000000000e+02 7.700000000000001137e+02 1.585655916901050368e+05 8.859999999999998987e-01 1.770251344746866629e+00 0.000000000000000000e+00 1.000000000000000056e-01 0.000000000000000000e+00 3.420470584349619651e+20 1.000000000000000000e+00 0.000000000000000000e+00 0.000000000000000000e+00 7.273999999999999355e-01 2.637999999999999790e-01 8.800000000000000530e-03 1.420939850945902981e+04
3.440000000000000000e+02 7.700000000000001137e+02 1.773627795566382993e+05 8.859999999999998987e-01 1.297248412615167545e+00 0.000000000000000000e+00 1.000000000000000056e-01 0.000000000000000000e+00 3.929545735727472312e+20 1.000000000000000000e+00 0.000000000000000000e+00 0.000000000000000000e+00 7.273999999999999355e-01 2.637999999999999790e-01 8.800000000000000530e-03 1.554169999617702160e+04
3.470000000000000000e+02 7.700000000000001137e+02 2.141039186276616820e+05 8.859999999999998987e-01 7.989247162610859654e-01 0.000000000000000000e+00 1.000000000000000056e-01 0.000000000000000000e+00 4.942076865492455916e+20 1.000000000000000000e+00 0.000000000000000000e+00 0.000000000000000000e+00 7.273999999999999355e-01 2.637999999999999790e-01 8.800000000000000530e-03 1.806792275922918998e+04
3.490000000000000000e+02 7.700000000000001137e+02 2.509876378425298899e+05 8.859999999999998987e-01 2.077654572927037702e+00 0.000000000000000000e+00 1.000000000000000056e-01 0.000000000000000000e+00 5.957268473606618481e+20 1.000000000000000000e+00 0.000000000000000000e+00 0.000000000000000000e+00 7.273999999999999355e-01 2.637999999999999790e-01 8.800000000000000530e-03 2.051778135262569413e+04
3.500000000000000000e+02 7.700000000000001137e+02 2.654988821604174445e+05 8.859999999999998987e-01 1.473276836043931670e+00 0.000000000000000000e+00 1.000000000000000056e-01 1.570796326794896558e+00 6.391324730910741627e+20 1.000000000000000000e+00 0.000000000000000000e+00 0.000000000000000000e+00 7.273999999999999355e-01 2.637999999999999790e-01 8.800000000000000530e-03 2.146143167192281544e+04
3.510000000000000000e+02 7.700000000000001137e+02 2.850470492561182473e+05 8.859999999999998987e-01 1.705536009720048041e+00 0.000000000000000000e+00 1.000000000000000056e-01 1.570796326794896558e+00 6.960299173754992067e+20 1.000000000000000000e+00 0.000000000000000000e+00 0.000000000000000000e+00 7.273999999999999355e-01 2.637999999999999790e-01 8.800000000000000530e-03 2.271651846660127558e+04
3.530000000000000000e+02 7.700000000000001137e+02 3.220582753824129468e+05 8.859999999999998987e-01 1.687987169876161930e+00 0.000000000000000000e+00 1.000000000000000056e-01 1.570796326794896558e+00 8.094389083694478131e+20 1.000000000000000000e+00 0.000000000000000000e+00 0.000000000000000000e+00 7.273999999999999355e-01 2.637999999999999790e-01 8.800000000000000530e-03 2.504702232234917392e+04
3.550000000000000000e+02 7.700000000000001137e+02 3.764833661176622263e+05 8.859999999999998987e-01 2.020555939337567164e+00 0.000000000000000000e+00 1.000000000000000056e-01 0.000000000000000000e+00 9.744651681790458593e+20 1.000000000000000000e+00 0.000000000000000000e+00 0.000000000000000000e+00 7.273999999999999355e-01 2.637999999999999790e-01 8.800000000000000530e-03 2.837952790955584351e+04
3.570000000000000000e+02 7.700000000000001137e+02 4.325551424857926322e+05 8.859999999999998987e-01 2.202747672933036860e+00 0.000000000000000000e+00 1.000000000000000056e-01 0.000000000000000000e+00 1.153661870905473761e+21 1.000000000000000000e+00 0.000000000000000000e+00 0.000000000000000000e+00 7.273999999999999355e-01 2.637999999999999790e-01 8.800000000000000530e-03 3.171332046168788293e+04
3.590000000000000000e+02 7.700000000000001137e+02 4.965509355491833412e+05 8.859999999999998987e-01 1.812810990087516450e+00 0.000000000000000000e+00 1.000000000000000056e-01 1.570796326794896558e+00 1.365287539168760562e+21 1.000000000000000000e+00 0.000000000000000000e+00 0.000000000000000000e+00 7.273999999999999355e-01 2.637999999999999790e-01 8.800000000000000530e-03 3.541437453961400752e+04
3.610000000000000000e+02 7.700000000000001137e+02 5.727538086626670556e+05 8.859999999999998987e-01 0.000000000000000000e+00 0.000000000000000000e+00 1.000000000000000056e-01 1.570796326794896558e+00 1.624421419937582547e+21 1.000000000000000000e+00 0.000000000000000000e+00 0.000000000000000000e+00 7.273999999999999355e-01 2.637999999999999790e-01 8.800000000000000530e-03 3.969930658145102643e+04
3.630000000000000000e+02 7.700000000000001137e+02 6.581796098257590784e+05 8.859999999999998987e-01 1.428645741054866747e+00 0.000000000000000000e+00 1.000000000000000056e-01 1.570796326794896558e+00 1.926721774962046140e+21 1.000000000000000000e+00 0.000000000000000000e+00 0.000000000000000000e+00 7.273999999999999355e-01 2.637999999999999790e-01 8.800000000000000530e-03 4.436945268539085373e+04
3.640000000000000000e+02 7.700000000000001137e+02 3.142074641905077151e+05 8.859999999999998987e-01 1.188841016207241585e+00 0.000000000000000000e+00 1.000000000000000056e-01 1.570796326794896558e+00 9.321795033978725990e+20 1.000000000000000000e+00 0.000000000000000000e+00 0.000000000000000000e+00 7.273999999999999355e-01 2.637999999999999790e-01 8.800000000000000530e-03 2.455736304342523363e+04
