# id_num orb_a mass spin spin_angle orb_inc orb_ecc orb_arg_periapse orb_ang_mom gen galaxy time_passed gw_freq gw_strain
0.000000000000000000e+00 4.021391337925289235e+02 1.418256997979368705e+01 -1.153121762910030573e-01 2.247401938525248166e+00 3.131917981412604579e+00 6.342751155434986354e-02 1.570796326794896558e+00 1.000000000000000000e+00 1.000000000000000000e+00 0.000000000000000000e+00 0.000000000000000000e+00 -1.000000000000000000e+00 -1.000000000000000000e+00
1.000000000000000000e+00 3.364927356859105930e+04 1.488777508226325530e+01 6.865811128024551513e-02 7.591660455110312844e-01 3.104910273265036214e+00 1.788125817130787817e-02 0.000000000000000000e+00 1.000000000000000000e+00 1.000000000000000000e+00 0.000000000000000000e+00 0.000000000000000000e+00 -1.000000000000000000e+00 -1.000000000000000000e+00
2.000000000000000000e+00 3.414765164888453000e+04 1.304513220086904468e+01 1.248906230643387349e-02 1.713658866894761656e+00 -2.186691468332498459e-02 6.882523902712907315e-02 0.000000000000000000e+00 1.000000000000000000e+00 1.000000000000000000e+00 0.000000000000000000e+00 0.000000000000000000e+00 -1.000000000000000000e+00 -1.000000000000000000e+00
4.000000000000000000e+00 4.369613365731940462e+02 1.551696999616698491e+01 -1.035476101981111646e-01 3.054404731065441414e+00 3.142618872977283040e+00 8.092992282404364024e-02 1.570796326794896558e+00 1.000000000000000000e+00 1.000000000000000000e+00 0.000000000000000000e+00 0.000000000000000000e+00 -1.000000000000000000e+00 -1.000000000000000000e+00
5.000000000000000000e+00 3.199921353198811266e+04 1.132016433648114351e+01 -1.220974735880513834e-02 1.719471809494586889e+00 3.174038335555557477e+00 1.034623572722346944e-02 0.000000000000000000e+00 1.000000000000000000e+00 1.000000000000000000e+00 0.000000000000000000e+00 0.000000000000000000e+00 -1.000000000000000000e+00 -1.000000000000000000e+00
8.000000000000000000e+00 5.000000000000000000e+04 1.065575779447732074e+01 -3.972346104062978583e-02 1.841356580637337759e+00 3.154179422366042207e+00 9.140583163084704810e-02 1.570796326794896558e+00 1.000000000000000000e+00 1.000000000000000000e+00 0.000000000000000000e+00 0.000000000000000000e+00 -1.000000000000000000e+00 -1.000000000000000000e+00
9.000000000000000000e+00 4.026266330224842022e+03 1.232524165592626808e+01 -1.188265031084704548e-01 3.100000000000000089e+00 3.145347106556517947e+00 9.000000000000001055e-02 0.000000000000000000e+00 1.000000000000000000e+00 1.000000000000000000e+00 0.000000000000000000e+00 0.000000000000000000e+00 -1.000000000000000000e+00 -1.000000000000000000e+00
1.100000000000000000e+01 3.643692754244551907e+04 3.221760618964075462e+01 -6.153182881562919287e-02 1.401736023002736253e+00 3.144928946478470433e+00 3.146378386467511834e-02 1.570796326794896558e+00 1.000000000000000000e+00 1.000000000000000000e+00 0.000000000000000000e+00 0.000000000000000000e+00 -1.000000000000000000e+00 -1.000000000000000000e+00
1.200000000000000000e+01 4.582192751379143942e+02 1.021708634486692269e+01 -1.115123719213214903e-01 3.100000000000000089e+00 2.613837291848667560e-03 5.112406182135198485e-02 1.570796326794896558e+00 1.000000000000000000e+00 1.000000000000000000e+00 0.000000000000000000e+00 0.000000000000000000e+00 -1.000000000000000000e+00 -1.000000000000000000e+00
1.300000000000000000e+01 4.536934528085366765e+04 1.333117252156040955e+01 -1.874139316625177132e-01 3.100000000000000089e+00 3.105365422584421164e+00 3.969521501841206945e-02 0.000000000000000000e+00 1.000000000000000000e+00 1.000000000000000000e+00 0.000000000000000000e+00 0.000000000000000000e+00 -1.000000000000000000e+00 -1.000000000000000000e+00
1.500000000000000000e+01 3.763727663456890150e+04 1.937405426550052212e+01 -8.882392223213780857e-02 2.358773995010881919e+00 -2.612508572501015189e-02 1.000000000000000021e-02 0.000000000000000000e+00 1.000000000000000000e+00 1.000000000000000000e+00 0.000000000000000000e+00 0.000000000000000000e+00 -1.000000000000000000e+00 -1.000000000000000000e+00
2.100000000000000000e+01 4.026202419956678932e+04 3.050981901920443207e+01 -2.510362521951441384e-01 3.100000000000000089e+00 -2.876956556932556974e-02 4.007974664388014308e-02 1.570796326794896558e+00 1.000000000000000000e+00 1.000000000000000000e+00 0.000000000000000000e+00 0.000000000000000000e+00 -1.000000000000000000e+00 -1.000000000000000000e+00
2.400000000000000000e+01 4.463079730300266965e+04 1.501106880270725874e+01 -1.315896503797092665e-01 2.719169076835603160e+00 3.967810236648121325e-02 1.026768453587011132e-02 0.000000000000000000e+00 1.000000000000000000e+00 1.000000000000000000e+00 0.000000000000000000e+00 0.000000000000000000e+00 -1.000000000000000000e+00 -1.000000000000000000e+00
2.700000000000000000e+01 7.452435208306297682e+03 1.131899621772970121e+01 7.686374415228054702e-02 1.806792636218812254e+00 3.136655316434172835e+00 1.000000000000000021e-02 0.000000000000000000e+00 1.000000000000000000e+00 1.000000000000000000e+00 0.000000000000000000e+00 0.000000000000000000e+00 -1.000000000000000000e+00 -1.000000000000000000e+00
2.800000000000000000e+01 2.303156304923537391e+04 1.259806036161919351e+01 -4.135397657300905749e-02 1.719829300375448788e+00 3.151905738214149544e+00 1.257967437613648903e-02 1.570796326794896558e+00 1.000000000000000000e+00 1.000000000000000000e+00 0.000000000000000000e+00 0.000000000000000000e+00 -1.000000000000000000e+00 -1.000000000000000000e+00
2.900000000000000000e+01 1.976765778185686577e+04 1.052461473258456692e+01 -1.118993511469233149e-01 3.100000000000000089e+00 2.415130998349388977e-02 2.311890468464151277e-02 1.570796326794896558e+00 1.000000000000000000e+00 1.000000000000000000e+00 0.000000000000000000e+00 0.000000000000000000e+00 -1.000000000000000000e+00 -1.000000000000000000e+00
3.000000000000000000e+01 3.474392000386073778e+04 2.034517675733436803e+01 1.067018905557831632e-02 2.020289130517034071e+00 1.710714230585285919e-02 1.577494420741961528e-02 1.570796326794896558e+00 1.000000000000000000e+00 1.000000000000000000e+00 0.000000000000000000e+00 0.000000000000000000e+00 -1.000000000000000000e+00 -1.000000000000000000e+00
3.700000000000000000e+01 4.961886479565754939e+02 3.736555535390768767e+01 5.603582283080668636e-02 1.362459601974318701e+00 9.674940848397595161e-03 2.537863148470319644e-02 1.570796326794896558e+00 1.000000000000000000e+00 1.000000000000000000e+00 0.000000000000000000e+00 0.000000000000000000e+00 -1.000000000000000000e+00 -1.000000000000000000e+00
4.100000000000000000e+01 3.861957687198139320e+04 1.018088399430570412e+01 -9.375908251606028532e-02 2.879453175608051918e+00 -3.802131660125803586e-02 1.267963946304295070e-02 0.000000000000000000e+00 1.000000000000000000e+00 1.000000000000000000e+00 0.000000000000000000e+00 0.000000000000000000e+00 -1.000000000000000000e+00 -1.000000000000000000e+00
4.200000000000000000e+01 4.123782496742900321e+02 1.624868459724378056e+01 -1.030010257640928545e-01 2.393072101982255617e+00 3.145684472244075103e+00 2.161355506420089070e-02 0.000000000000000000e+00 1.000000000000000000e+00 1.000000000000000000e+00 0.000000000000000000e+00 0.000000000000000000e+00 -1.000000000000000000e+00 -1.000000000000000000e+00
4.600000000000000000e+01 4.916554294518347160e+04 2.882836745451010785e+01 -1.141361827686095953e-01 3.046174850578553972e+00 -4.052768704288175344e-02 9.582513785816706986e-02 1.570796326794896558e+00 1.000000000000000000e+00 1.000000000000000000e+00 0.000000000000000000e+00 0.000000000000000000e+00 -1.000000000000000000e+00 -1.000000000000000000e+00
4.700000000000000000e+01 5.000000000000000000e+04 1.891701282971033748e+01 -2.377900896110340251e-02 8.085013094447697224e-01 5.750833007872934409e-03 3.841198442014689962e-02 0.000000000000000000e+00 1.000000000000000000e+00 1.000000000000000000e+00 0.000000000000000000e+00 0.000000000000000000e+00 -1.000000000000000000e+00 -1.000000000000000000e+00
4.800000000000000000e+01 4.371112780106697755e+04 2.854159933564269735e+01 -1.578903678666807586e-01 3.100000000000000089e+00 6.843986031668739499e-03 7.446782072488439264e-02 1.570796326794896558e+00 1.000000000000000000e+00 1.000000000000000000e+00 0.000000000000000000e+00 0.000000000000000000e+00 -1.000000000000000000e+00 -1.000000000000000000e+00
5.000000000000000000e+01 3.858486819481562270e+04 1.398650204692533627e+01 -7.584130347314928244e-02 2.177427800330048679e+00 2.175856344670143092e-02 3.825193071786710947e-02 1.570796326794896558e+00 1.000000000000000000e+00 1.000000000000000000e+00 0.000000000000000000e+00 0.000000000000000000e+00 -1.000000000000000000e+00 -1.000000000000000000e+00
5.100000000000000000e+01 2.990773995462094717e+03 1.156930902115509063e+01 1.275434623126534273e-01 1.454498862341619514e+00 -2.051210809713517949e-02 9.000000000000001055e-02 0.000000000000000000e+00 1.000000000000000000e+00 1.000000000000000000e+00 0.000000000000000000e+00 0.000000000000000000e+00 -1.000000000000000000e+00 -1.000000000000000000e+00
5.300000000000000000e+01 5.527120919556310582e+03 1.835496843677113077e+01 2.465127281926457123e-03 1.074888228861951678e+00 -7.377118693932140266e-03 9.000000000000001055e-02 1.570796326794896558e+00 1.000000000000000000e+00 1.000000000000000000e+00 0.000000000000000000e+00 0.000000000000000000e+00 -1.000000000000000000e+00 -1.000000000000000000e+00
5.400000000000000000e+01 8.624623833806401308e+03 1.271854008576150186e+01 -5.223520318405202971e-03 7.672688258117634774e-01 -8.867984890367544212e-03 1.000000000000000021e-02 1.570796326794896558e+00 1.000000000000000000e+00 1.000000000000000000e+00 0.000000000000000000e+00 0.000000000000000000e+00 -1.000000000000000000e+00 -1.000000000000000000e+00
5.800000000000000000e+01 3.215577336629842102e+04 1.471360532034333701e+01 1.112120542212464702e-01 1.754550587767300884e+00 3.111102988522910895e+00 1.550297653998526648e-02 1.570796326794896558e+00 1.000000000000000000e+00 1.000000000000000000e+00 0.000000000000000000e+00 0.000000000000000000e+00 -1.000000000000000000e+00 -1.000000000000000000e+00
6.000000000000000000e+01 3.885766452485143964e+04 1.048504389715084884e+01 -1.558059012249072839e-01 2.290865215922055942e+00 2.331646651171366200e-02 1.271976683129122550e-02 0.000000000000000000e+00 1.000000000000000000e+00 1.000000000000000000e+00 0.000000000000000000e+00 0.000000000000000000e+00 -1.000000000000000000e+00 -1.000000000000000000e+00
6.300000000000000000e+01 1.929138343648672162e+04 1.516487363122690546e+01 -2.666018406149617964e-02 7.507319692483688245e-01 3.124538202476828452e+00 1.394886845823401465e-02 1.570796326794896558e+00 1.000000000000000000e+00 1.000000000000000000e+00 0.000000000000000000e+00 0.000000000000000000e+00 -1.000000000000000000e+00 -1.000000000000000000e+00
6.400000000000000000e+01 2.132973273385884750e+04 1.153228689295333709e+01 7.353775060179695844e-02 5.893848443587590413e-01 3.140217857292584291e+00 1.473163405497584025e-02 0.000000000000000000e+00 1.000000000000000000e+00 1.000000000000000000e+00 0.000000000000000000e+00 0.000000000000000000e+00 -1.000000000000000000e+00 -1.000000000000000000e+00
6.500000000000000000e+01 3.070193700546811306e+04 1.108956520900535025e+01 6.270804815986347203e-02 4.997923437919778999e-01 3.157438732750401211e+00 9.499155763819275289e-02 0.000000000000000000e+00 1.000000000000000000e+00 1.000000000000000000e+00 0.000000000000000000e+00 0.000000000000000000e+00 -1.000000000000000000e+00 -1.000000000000000000e+00
6.600000000000000000e+01 2.109816281351846192e+04 1.559455332540357553e+01 -1.673796662741990349e-01 2.973822579367244590e+00 3.168899421115942250e+00 1.000000000000000021e-02 0.000000000000000000e+00 1.000000000000000000e+00 1.000000000000000000e+00 0.000000000000000000e+00 0.000000000000000000e+00 -1.000000000000000000e+00 -1.000000000000000000e+00
6.800000000000000000e+01 5.000000000000000000e+04 2.790691963038912249e+01 -1.318800564949282050e-01 2.135412120888593890e+00 3.270318394803571616e-02 5.342688490754308323e-02 0.000000000000000000e+00 1.000000000000000000e+00 1.000000000000000000e+00 0.000000000000000000e+00 0.000000000000000000e+00 -1.000000000000000000e+00 -1.000000000000000000e+00
7.000000000000000000e+01 2.086579697984598533e+04 1.349213457019242846e+01 -1.782001671504596374e-01 2.057775504741091943e+00 3.168845470781248785e+00 1.000000000000000021e-02 1.570796326794896558e+00 1.000000000000000000e+00 1.000000000000000000e+00 0.000000000000000000e+00 0.000000000000000000e+00 -1.000000000000000000e+00 -1.000000000000000000e+00
7.100000000000000000e+01 5.000000000000000000e+04 3.989156459817240830e+01 -1.067456131504474909e-01 2.927008886345638050e+00 3.106571752716353441e+00 4.591391288037641877e-02 1.570796326794896558e+00 1.000000000000000000e+00 1.000000000000000000e+00 0.000000000000000000e+00 0.000000000000000000e+00 -1.000000000000000000e+00 -1.000000000000000000e+00
7.200000000000000000e+01 4.505590855863659817e+04 1.413965992914814862e+01 4.340255864109850148e-02 1.875069961137962871e+00 3.173783356771165298e+00 2.103773223050484920e-01 1.570796326794896558e+00 1.000000000000000000e+00 1.000000000000000000e+00 0.000000000000000000e+00 0.000000000000000000e+00 -1.000000000000000000e+00 -1.000000000000000000e+00
7.300000000000000000e+01 3.763052525275784137e+04 1.027605530513556786e+01 8.092557495082600139e-02 1.651409458069138747e+00 3.123679849945799614e+00 1.175883565822634369e-02 1.570796326794896558e+00 1.000000000000000000e+00 1.000000000000000000e+00 0.000000000000000000e+00 0.000000000000000000e+00 -1.000000000000000000e+00 -1.000000000000000000e+00
7.700000000000000000e+01 2.439289447486669451e+04 1.345117964219662277e+01 2.460867847731613989e-02 1.571707563152062725e+00 1.758034183552197038e-02 2.912303589335307752e-02 1.570796326794896558e+00 1.000000000000000000e+00 1.000000000000000000e+00 0.000000000000000000e+00 0.000000000000000000e+00 -1.000000000000000000e+00 -1.000000000000000000e+00
8.100000000000000000e+01 3.072033088051424420e+04 1.582330378093168299e+01 -7.794747884189059950e-02 3.100000000000000089e+00 3.178649825470173163e+00 4.284455836161892017e-02 1.570796326794896558e+00 1.000000000000000000e+00 1.000000000000000000e+00 0.000000000000000000e+00 0.000000000000000000e+00 -1.000000000000000000e+00 -1.000000000000000000e+00
9.200000000000000000e+01 5.000000000000000000e+04 3.623303420932194285e+01 -1.024504129002253294e-01 2.648838435064004404e+00 3.184421185914589003e+00 1.529623360662188056e-02 1.570796326794896558e+00 1.000000000000000000e+00 1.000000000000000000e+00 0.000000000000000000e+00 0.000000000000000000e+00 -1.000000000000000000e+00 -1.000000000000000000e+00
9.300000000000000000e+01 4.713279277961173648e+02 1.677833323670703436e+01 -7.420514013500723038e-02 1.594602383940380230e+00 -9.609114423910060029e-03 2.302913015778353112e-02 0.000000000000000000e+00 1.000000000000000000e+00 1.000000000000000000e+00 0.000000000000000000e+00 0.000000000000000000e+00 -1.000000000000000000e+00 -1.000000000000000000e+00
9.400000000000000000e+01 6.426604748876947042e+02 1.966903554830501122e+01 -1.857877564933269054e-01 2.938032736892262964e+00 3.137898032448716013e+00 9.000000000000001055e-02 1.570796326794896558e+00 1.000000000000000000e+00 1.000000000000000000e+00 0.000000000000000000e+00 0.000000000000000000e+00 -1.000000000000000000e+00 -1.000000000000000000e+00
9.600000000000000000e+01 4.875793934905234437e+02 1.772699338554633997e+01 -2.921687658025349799e-01 2.763292503579761306e+00 3.148859934130253446e+00 5.130040238631287247e-02 1.570796326794896558e+00 1.000000000000000000e+00 1.000000000000000000e+00 0.000000000000000000e+00 0.000000000000000000e+00 -1.000000000000000000e+00 -1.000000000000000000e+00
9.700000000000000000e+01 5.000000000000000000e+04 3.121689779697392808e+01 -1.313789257287639040e-02 7.695851346871690479e-01 3.182477749603969563e+00 1.816736246407763683e-02 1.570796326794896558e+00 1.000000000000000000e+00 1.000000000000000000e+00 0.000000000000000000e+00 0.000000000000000000e+00 -1.000000000000000000e+00 -1.000000000000000000e+00
1.010000000000000000e+02 4.388817430701804551e+04 1.878707629916389976e+01 -1.369823805679010464e-01 2.587346609209608683e+00 1.882249073550167767e-02 1.396175539839588503e-02 0.000000000000000000e+00 1.000000000000000000e+00 1.000000000000000000e+00 0.000000000000000000e+00 0.000000000000000000e+00 -1.000000000000000000e+00 -1.000000000000000000e+00
1.030000000000000000e+02 6.162886538152649791e+02 2.755971816332764845e+01 -4.545122256569984753e-02 1.554148584680619782e+00 3.136594486580675856e+00 1.000000000000000056e-01 0.000000000000000000e+00 1.000000000000000000e+00 1.000000000000000000e+00 0.000000000000000000e+00 0.000000000000000000e+00 -1.000000000000000000e+00 -1.000000000000000000e+00
1.050000000000000000e+02 4.271449275164074061e+04 1.152120263822399515e+01 -2.003433119499430648e-01 3.100000000000000089e+00 3.133061814242259935e+00 1.660593127797071744e-01 1.570796326794896558e+00 1.000000000000000000e+00 1.000000000000000000e+00 0.000000000000000000e+00 0.000000000000000000e+00 -1.000000000000000000e+00 -1.000000000000000000e+00
1.060000000000000000e+02 5.000000000000000000e+04 1.045382371765328422e+01 -9.247389537277138361e-02 3.063334469761411771e+00 3.177933784365160719e+00 7.888770197645202098e-02 0.000000000000000000e+00 1.000000000000000000e+00 1.000000000000000000e+00 0.000000000000000000e+00 0.000000000000000000e+00 -1.000000000000000000e+00 -1.000000000000000000e+00
1.110000000000000000e+02 5.000000000000000000e+04 2.320168567586545194e+01 -2.913599009535088324e-01 3.086598746424442208e+00 3.135570185942821997e+00 9.067716361714125983e-02 1.570796326794896558e+00 1.000000000000000000e+00 1.000000000000000000e+00 0.000000000000000000e+00 0.000000000000000000e+00 -1.000000000000000000e+00 -1.000000000000000000e+00
1.140000000000000000e+02 3.597398724119727831e+03 1.272341941099548812e+01 -1.935666900551279157e-01 3.100000000000000089e+00 -9.619930309350494338e-05 9.000000000000001055e-02 1.570796326794896558e+00 1.000000000000000000e+00 1.000000000000000000e+00 0.000000000000000000e+00 0.000000000000000000e+00 -1.000000000000000000e+00 -1.000000000000000000e+00
1.150000000000000000e+02 1.788683972443114544e+04 1.055486907581178535e+01 3.112534573352353229e-02 1.702847445488111067e+00 3.132692239683077862e+00 1.543248339013477896e-02 0.000000000000000000e+00 1.000000000000000000e+00 1.000000000000000000e+00 0.000000000000000000e+00 0.000000000000000000e+00 -1.000000000000000000e+00 -1.000000000000000000e+00
1.160000000000000000e+02 5.000000000000000000e+04 1.914540223421122889e+01 -6.092442610435765821e-02 1.380241954045360764e+00 3.164423774907450859e+00 1.128489414283453535e-01 0.000000000000000000e+00 1.000000000000000000e+00 1.000000000000000000e+00 0.000000000000000000e+00 0.000000000000000000e+00 -1.000000000000000000e+00 -1.000000000000000000e+00
1.170000000000000000e+02 2.503519376708140771e+04 1.886362369328647404e+01 -6.695466419586584839e-02 2.684261801938629066e+00 1.457593229190109162e-02 2.518799854989679093e-02 1.570796326794896558e+00 1.000000000000000000e+00 1.000000000000000000e+00 0.000000000000000000e+00 0.000000000000000000e+00 -1.000000000000000000e+00 -1.000000000000000000e+00
1.200000000000000000e+02 2.988315030110516091e+04 1.084613293237481990e+01 -1.239049768434974802e-01 2.959099348202105961e+00 2.115080439519936503e-02 3.793544725551468988e-02 1.570796326794896558e+00 1.000000000000000000e+00 1.000000000000000000e+00 0.000000000000000000e+00 0.000000000000000000e+00 -1.000000000000000000e+00 -1.000000000000000000e+00
1.250000000000000000e+02 5.000000000000000000e+04 1.165157764272347052e+01 -2.863577943008626531e-02 7.028015105348645042e-01 3.150453494962000001e+00 1.187214289221084386e-02 0.000000000000000000e+00 1.000000000000000000e+00 1.000000000000000000e+00 0.000000000000000000e+00 0.000000000000000000e+00 -1.000000000000000000e+00 -1.000000000000000000e+00
1.260000000000000000e+02 5.000000000000000000e+04 1.052072069916852470e+01 7.363743308600909088e-02 1.424409196942842071e+00 -2.907822851493383973e-02 8.375101451415900566e-02 0.000000000000000000e+00 1.000000000000000000e+00 1.000000000000000000e+00 0.000000000000000000e+00 0.000000000000000000e+00 -1.000000000000000000e+00 -1.000000000000000000e+00
1.270000000000000000e+02 2.223828198377631634e+04 1.798998726342676946e+01 -1.550053593946406627e-01 2.160284664756688233e+00 -2.899043923571508266e-02 1.000000000000000021e-02 0.000000000000000000e+00 1.000000000000000000e+00 1.000000000000000000e+00 0.000000000000000000e+00 0.000000000000000000e+00 -1.000000000000000000e+00 -1.000000000000000000e+00
1.340000000000000000e+02 4.560792335916760203e+04 1.283502305914644204e+01 -2.137868729911283211e-02 1.968580074701866023e+00 3.146013244527965380e+00 5.817980041589952689e-02 1.570796326794896558e+00 1.000000000000000000e+00 1.000000000000000000e+00 0.000000000000000000e+00 0.000000000000000000e+00 -1.000000000000000000e+00 -1.000000000000000000e+00
1.350000000000000000e+02 5.930285814843762182e+02 1.374771670864087447e+01 -4.280190608551201481e-02 7.321053415323033331e-01 3.132603907609378346e+00 9.000000000000001055e-02 0.000000000000000000e+00 1.000000000000000000e+00 1.000000000000000000e+00 0.000000000000000000e+00 0.000000000000000000e+00 -1.000000000000000000e+00 -1.000000000000000000e+00
1.370000000000000000e+02 5.000000000000000000e+04 1.189615618654368667e+01 -9.725610859177455381e-02 2.764282727505036785e+00 3.179333624384637069e+00 1.250469329379759464e-01 0.000000000000000000e+00 1.000000000000000000e+00 1.000000000000000000e+00 0.000000000000000000e+00 0.000000000000000000e+00 -1.000000000000000000e+00 -1.000000000000000000e+00
1.380000000000000000e+02 2.506180005281753620e+04 1.059790698703505463e+01 -8.527558339670288090e-02 2.430940023589973631e+00 3.125964245804408126e+00 2.678418789747478643e-02 1.570796326794896558e+00 1.000000000000000000e+00 1.000000000000000000e+00 0.000000000000000000e+00 0.000000000000000000e+00 -1.000000000000000000e+00 -1.000000000000000000e+00
1.400000000000000000e+02 5.000000000000000000e+04 2.068085873092899618e+01 -2.941124314873860279e-01 3.100000000000000089e+00 3.132070873043282244e+00 4.570677785285397893e-02 0.000000000000000000e+00 1.000000000000000000e+00 1.000000000000000000e+00 0.000000000000000000e+00 0.000000000000000000e+00 -1.000000000000000000e+00 -1.000000000000000000e+00
1.440000000000000000e+02 4.549919937910826411e+04 3.083866859219356726e+01 -4.656506188975266525e-02 9.872698485109756561e-01 3.105438446804638541e+00 5.264342032690158546e-02 0.000000000000000000e+00 1.000000000000000000e+00 1.000000000000000000e+00 0.000000000000000000e+00 0.000000000000000000e+00 -1.000000000000000000e+00 -1.000000000000000000e+00
1.460000000000000000e+02 7.879998730286702994e+03 1.284439301691582180e+01 -1.047966452456016440e-01 2.776493823200700373e+00 3.156605829267973284e+00 1.000000000000000021e-02 0.000000000000000000e+00 1.000000000000000000e+00 1.000000000000000000e+00 0.000000000000000000e+00 0.000000000000000000e+00 -1.000000000000000000e+00 -1.000000000000000000e+00
1.470000000000000000e+02 3.943173554556901945e+04 1.297011095120903335e+01 -1.530429336089720593e-01 3.100000000000000089e+00 1.406459338455679810e-02 9.803224530214595112e-02 0.000000000000000000e+00 1.000000000000000000e+00 1.000000000000000000e+00 0.000000000000000000e+00 0.000000000000000000e+00 -1.000000000000000000e+00 -1.000000000000000000e+00
1.500000000000000000e+02 3.307955349364198628e+04 1.109023014401543250e+01 -5.352555542353593099e-02 1.786800639823186598e+00 3.166624935517105666e+00 7.202586664415816520e-02 1.570796326794896558e+00 1.000000000000000000e+00 1.000000000000000000e+00 0.000000000000000000e+00 0.000000000000000000e+00 -1.000000000000000000e+00 -1.000000000000000000e+00
1.530000000000000000e+02 4.672348228661188477e+04 2.180250763185716423e+01 -9.382570172842280565e-02 2.863976423649237990e+00 3.117167469075207364e+00 1.000000000000000056e-01 0.000000000000000000e+00 1.000000000000000000e+00 1.000000000000000000e+00 0.000000000000000000e+00 0.000000000000000000e+00 -1.000000000000000000e+00 -1.000000000000000000e+00
1.540000000000000000e+02 4.533610588015457324e+04 1.043904606312398009e+01 4.682147458848018307e-02 1.402499116328601136e+00 3.193256253516802978e+00 1.166548455371163584e-01 0.000000000000000000e+00 1.000000000000000000e+00 1.000000000000000000e+00 0.000000000000000000e+00 0.000000000000000000e+00 -1.000000000000000000e+00 -1.000000000000000000e+00
1.560000000000000000e+02 5.000000000000000000e+04 3.560389893017467955e+01 -2.704366677508497629e-02 1.412510700328819535e+00 3.187465768613441774e+00 8.185562502267466900e-02 0.000000000000000000e+00 1.000000000000000000e+00 1.000000000000000000e+00 0.000000000000000000e+00 0.000000000000000000e+00 -1.000000000000000000e+00 -1.000000000000000000e+00
1.580000000000000000e+02 4.307097846240740182e+04 2.216877293871355192e+01 -3.206436377601681875e-02 1.944352484512352319e+00 -1.684045355502975481e-03 6.444429318150345087e-02 0.000000000000000000e+00 1.000000000000000000e+00 1.000000000000000000e+00 0.000000000000000000e+00 0.000000000000000000e+00 -1.000000000000000000e+00 -1.000000000000000000e+00
1.620000000000000000e+02 2.927352007523349675e+04 1.040963590801846550e+01 -1.935959289513060622e-01 1.946237807687804189e+00 3.178401688227591837e+00 1.448690256302078913e-02 0.000000000000000000e+00 1.000000000000000000e+00 1.000000000000000000e+00 0.000000000000000000e+00 0.000000000000000000e+00 -1.000000000000000000e+00 -1.000000000000000000e+00
1.630000000000000000e+02 2.376486239233498782e+04 1.071134984770336551e+01 -8.123735983965503504e-02 3.100000000000000089e+00 3.146338573399448002e+00 6.509805670005984479e-02 0.000000000000000000e+00 1.000000000000000000e+00 1.000000000000000000e+00 0.000000000000000000e+00 0.000000000000000000e+00 -1.000000000000000000e+00 -1.000000000000000000e+00
1.680000000000000000e+02 6.724808289239143733e+02 1.221166286518228361e+01 4.762283827071772668e-02 1.391904773878568369e+00 3.144870784603779779e+00 5.268097198624567545e-02 1.570796326794896558e+00 1.000000000000000000e+00 1.000000000000000000e+00 0.000000000000000000e+00 0.000000000000000000e+00 -1.000000000000000000e+00 -1.000000000000000000e+00
1.700000000000000000e+02 5.244088667760798671e+03 1.285091823824831359e+01 -4.278324011606730870e-02 1.576940888185830225e+00 3.127872120190533067e+00 1.000000000000000056e-01 1.570796326794896558e+00 1.000000000000000000e+00 1.000000000000000000e+00 0.000000000000000000e+00 0.000000000000000000e+00 -1.000000000000000000e+00 -1.000000000000000000e+00
1.720000000000000000e+02 1.221833601220820310e+04 1.209712046253764228e+01 -8.684169747577659415e-02 2.449751320714099290e+00 3.163375283135608562e+00 1.000000000000000021e-02 1.570796326794896558e+00 1.000000000000000000e+00 1.000000000000000000e+00 0.000000000000000000e+00 0.000000000000000000e+00 -1.000000000000000000e+00 -1.000000000000000000e+00
1.730000000000000000e+02 1.607705873947453074e+04 1.108509827996227948e+01 -6.157805736106262973e-02 2.096077505230173443e+00 3.157202364431120234e+00 1.000000000000000021e-02 1.570796326794896558e+00 1.000000000000000000e+00 1.000000000000000000e+00 0.000000000000000000e+00 0.000000000000000000e+00 -1.000000000000000000e+00 -1.000000000000000000e+00
1.760000000000000000e+02 4.211624746988108382e+04 1.268022855746990984e+01 -7.125209415088422371e-02 1.856078681230504790e+00 3.087648779095062464e-03 8.954248668350341112e-02 0.000000000000000000e+00 1.000000000000000000e+00 1.000000000000000000e+00 0.000000000000000000e+00 0.000000000000000000e+00 -1.000000000000000000e+00 -1.000000000000000000e+00
1.770000000000000000e+02 1.989049911857672487e+04 1.216080233773534758e+01 4.204523532781345718e-02 1.652148834646497422e+00 1.087638452977966914e-02 9.000000000000001055e-02 1.570796326794896558e+00 1.000000000000000000e+00 1.000000000000000000e+00 0.000000000000000000e+00 0.000000000000000000e+00 -1.000000000000000000e+00 -1.000000000000000000e+00
1.810000000000000000e+02 6.356597267256371197e+03 1.538435953232692910e+01 1.135901317270014421e-01 4.223054068970518160e-01 3.157270073888368778e+00 1.325557301165821225e-02 1.570796326794896558e+00 1.000000000000000000e+00 1.000000000000000000e+00 0.000000000000000000e+00 0.000000000000000000e+00 -1.000000000000000000e+00 -1.000000000000000000e+00
1.850000000000000000e+02 1.432883857743767112e+04 1.113279985429612218e+01 -1.633021463310358468e-01 2.086175654081645181e+00 3.123082717777978079e+00 1.000000000000000021e-02 1.570796326794896558e+00 1.000000000000000000e+00 1.000000000000000000e+00 0.000000000000000000e+00 0.000000000000000000e+00 -1.000000000000000000e+00 -1.000000000000000000e+00
1.870000000000000000e+02 5.000000000000000000e+04 2.371862706285414646e+01 -1.018906109049622088e-01 3.081962758878243669e+00 -3.304311775310899563e-02 7.659536658837798329e-02 1.570796326794896558e+00 1.000000000000000000e+00 1.000000000000000000e+00 0.000000000000000000e+00 0.000000000000000000e+00 -1.000000000000000000e+00 -1.000000000000000000e+00
1.920000000000000000e+02 9.324974645973428778e+03 2.618534249072837028e+01 1.230030084544711522e-02 1.383452334976679854e+00 3.136749387374464515e+00 1.810095438982190635e-02 0.000000000000000000e+00 1.000000000000000000e+00 1.000000000000000000e+00 0.000000000000000000e+00 0.000000000000000000e+00 -1.000000000000000000e+00 -1.000000000000000000e+00
1.940000000000000000e+02 4.028194417197777511e+04 1.070237665674833494e+01 -5.826811823566940829e-02 8.572570392084584157e-01 3.111974551966131930e+00 9.318123215760769351e-02 0.000000000000000000e+00 1.000000000000000000e+00 1.000000000000000000e+00 0.000000000000000000e+00 0.000000000000000000e+00 -1.000000000000000000e+00 -1.000000000000000000e+00
1.960000000000000000e+02 3.924991455646207032e+04 1.855967190135198663e+01 -5.201994369971293247e-02 1.461902046663219989e+00 3.121226499909784291e+00 8.705518225396603749e-02 0.000000000000000000e+00 1.000000000000000000e+00 1.000000000000000000e+00 0.000000000000000000e+00 0.000000000000000000e+00 -1.000000000000000000e+00 -1.000000000000000000e+00
1.970000000000000000e+02 3.014772260985381581e+04 1.087266265892136019e+01 4.408461470557263617e-02 1.763551547322569135e+00 1.185402700669424200e-02 3.675451961339096241e-02 1.570796326794896558e+00 1.000000000000000000e+00 1.000000000000000000e+00 0.000000000000000000e+00 0.000000000000000000e+00 -1.000000000000000000e+00 -1.000000000000000000e+00
1.980000000000000000e+02 1.118309464948590903e+04 1.147750509268768582e+01 -2.661552769889150016e-04 7.929653995325541826e-01 -3.470174066833996585e-03 1.000000000000000056e-01 0.000000000000000000e+00 1.000000000000000000e+00 1.000000000000000000e+00 0.000000000000000000e+00 0.000000000000000000e+00 -1.000000000000000000e+00 -1.000000000000000000e+00
3.650000000000000000e+02 3.109047340018616978e+02 2.759699643127261481e+01 4.247782467263749862e-02 1.695492699930762015e+00 0.000000000000000000e+00 1.869808008057941007e-02 -1.000000000000000000e+00 1.000000000000000000e+00 1.000000000000000000e+00 5.000000000000000000e+00 0.000000000000000000e+00 -1.000000000000000000e+00 -1.000000000000000000e+00
3.800000000000000000e+01 1.841579025045313028e+04 1.234081971462298455e+01 -1.713299448996671581e-01 3.086994211350160278e+00 3.710663834996686273e-03 2.393300602292938034e-02 1.570796326794896558e+00 1.000000000000000000e+00 1.000000000000000000e+00 0.000000000000000000e+00 0.000000000000000000e+00 -1.000000000000000000e+00 -1.000000000000000000e+00
3.900000000000000000e+01 3.478783283559894335e+04 1.056846935286793610e+01 -8.783245678991706551e-02 3.100000000000000089e+00 0.000000000000000000e+00 1.605045936571916979e-02 1.570796326794896558e+00 1.000000000000000000e+00 1.000000000000000000e+00 0.000000000000000000e+00 0.000000000000000000e+00 -1.000000000000000000e+00 -1.000000000000000000e+00
4.300000000000000000e+01 4.564147548323511000e+04 1.154851529188761283e+01 -1.412411093556439623e-01 2.960363037320618229e+00 0.000000000000000000e+00 6.894858880053569838e-02 1.570796326794896558e+00 1.000000000000000000e+00 1.000000000000000000e+00 0.000000000000000000e+00 0.000000000000000000e+00 -1.000000000000000000e+00 -1.000000000000000000e+00
4.400000000000000000e+01 2.635550666846653257e+04 1.073123473872338174e+01 -1.033344019758100640e-02 1.090735598589034128e+00 0.000000000000000000e+00 3.108176184923463342e-02 1.570796326794896558e+00 1.000000000000000000e+00 1.000000000000000000e+00 0.000000000000000000e+00 0.000000000000000000e+00 -1.000000000000000000e+00 -1.000000000000000000e+00
7.400000000000000000e+01 1.171889446042742929e+04 1.068244855046692088e+01 -6.265670037569782969e-02 2.580250819253720351e+00 2.469693872362019663e-02 2.096347692796850237e-02 1.570796326794896558e+00 1.000000000000000000e+00 1.000000000000000000e+00 0.000000000000000000e+00 0.000000000000000000e+00 -1.000000000000000000e+00 -1.000000000000000000e+00
8.000000000000000000e+01 6.614088605751036312e+02 1.392715162701534481e+01 -5.605785479077289579e-02 6.160006324683471313e-01 0.000000000000000000e+00 3.570921343725511760e-02 1.570796326794896558e+00 1.000000000000000000e+00 1.000000000000000000e+00 0.000000000000000000e+00 0.000000000000000000e+00 -1.000000000000000000e+00 -1.000000000000000000e+00
1.120000000000000000e+02 3.560155101452339295e+04 1.029975987761971545e+01 4.013113183022157249e-02 9.619586157831507833e-01 0.000000000000000000e+00 1.000000000000000021e-02 1.570796326794896558e+00 1.000000000000000000e+00 1.000000000000000000e+00 0.000000000000000000e+00 0.000000000000000000e+00 -1.000000000000000000e+00 -1.000000000000000000e+00
1.130000000000000000e+02 2.773294680632164818e+04 1.027710540539079176e+01 -4.208979833442524909e-02 4.923684207828034065e-01 1.166947457171469034e-02 1.000000000000000021e-02 1.570796326794896558e+00 1.000000000000000000e+00 1.000000000000000000e+00 0.000000000000000000e+00 0.000000000000000000e+00 -1.000000000000000000e+00 -1.000000000000000000e+00
1.390000000000000000e+02 3.332734910697540909e+04 1.133729690991232530e+01 1.319145694962255144e-02 1.612622060561944792e+00 9.994385909401033372e-03 4.351573220394896330e-02 1.570796326794896558e+00 1.000000000000000000e+00 1.000000000000000000e+00 0.000000000000000000e+00 0.000000000000000000e+00 -1.000000000000000000e+00 -1.000000000000000000e+00
1.420000000000000000e+02 3.207862725378147297e+04 1.063097211442523182e+01 -1.765549213862456779e-01 2.216518471988615069e+00 7.313336175827172408e-03 2.081076209212365941e-02 1.570796326794896558e+00 1.000000000000000000e+00 1.000000000000000000e+00 0.000000000000000000e+00 0.000000000000000000e+00 -1.000000000000000000e+00 -1.000000000000000000e+00
1.430000000000000000e+02 2.847722729843926936e+04 2.559991973595548842e+01 -1.052175120228348443e-01 2.974207290714809826e+00 0.000000000000000000e+00 4.979497267889263640e-02 1.570796326794896558e+00 1.000000000000000000e+00 1.000000000000000000e+00 0.000000000000000000e+00 0.000000000000000000e+00 -1.000000000000000000e+00 -1.000000000000000000e+00
1.450000000000000000e+02 3.213147396621222651e+04 3.876754895060469863e+01 -8.471449536690105198e-02 3.100000000000000089e+00 3.780959712624670788e-02 3.148292496677994323e-02 1.570796326794896558e+00 1.000000000000000000e+00 1.000000000000000000e+00 0.000000000000000000e+00 0.000000000000000000e+00 -1.000000000000000000e+00 -1.000000000000000000e+00
1.550000000000000000e+02 2.787148884978134447e+04 1.070432306703071745e+01 -1.303075884431612874e-01 2.473466215899489118e+00 0.000000000000000000e+00 7.414615415203254511e-02 1.570796326794896558e+00 1.000000000000000000e+00 1.000000000000000000e+00 0.000000000000000000e+00 0.000000000000000000e+00 -1.000000000000000000e+00 -1.000000000000000000e+00
1.640000000000000000e+02 5.000000000000000000e+04 1.096294119484083573e+01 -3.434828390136718951e-02 1.836146134814142128e+00 0.000000000000000000e+00 2.051304760246038320e-02 1.570796326794896558e+00 1.000000000000000000e+00 1.000000000000000000e+00 0.000000000000000000e+00 0.000000000000000000e+00 -1.000000000000000000e+00 -1.000000000000000000e+00
1.660000000000000000e+02 4.548967953688994021e+04 1.047189767431902752e+01 4.875901048875191934e-02 6.356106163466723746e-01 0.000000000000000000e+00 1.512105390736639791e-02 1.570796326794896558e+00 1.000000000000000000e+00 1.000000000000000000e+00 0.000000000000000000e+00 0.000000000000000000e+00 -1.000000000000000000e+00 -1.000000000000000000e+00
1.880000000000000000e+02 4.540941281758800324e+04 1.401829627357384922e+01 -6.120808921216527171e-02 1.197986130484035350e+00 0.000000000000000000e+00 7.251145485292112558e-02 1.570796326794896558e+00 1.000000000000000000e+00 1.000000000000000000e+00 0.000000000000000000e+00 0.000000000000000000e+00 -1.000000000000000000e+00 -1.000000000000000000e+00
1.900000000000000000e+02 3.908693395795171818e+04 2.380006513723423112e+01 -3.839266108857238707e-02 1.735123846133397763e+00 9.253849570669755997e-04 2.217581884064322162e-02 1.570796326794896558e+00 1.000000000000000000e+00 1.000000000000000000e+00 0.000000000000000000e+00 0.000000000000000000e+00 -1.000000000000000000e+00 -1.000000000000000000e+00
1.930000000000000000e+02 3.098029404710033123e+04 1.096165416062513742e+01 -6.684370943482254024e-02 1.178343953413755640e+00 1.456692864654076346e-02 9.037283844970492308e-02 1.570796326794896558e+00 1.000000000000000000e+00 1.000000000000000000e+00 0.000000000000000000e+00 0.000000000000000000e+00 -1.000000000000000000e+00 -1.000000000000000000e+00
3.000000000000000000e+00 7.046646187206679315e+03 1.337469544225065832e+01 9.230987314805952360e-02 1.263596195302780112e+00 0.000000000000000000e+00 1.000000000000000021e-02 0.000000000000000000e+00 1.000000000000000000e+00 1.000000000000000000e+00 0.000000000000000000e+00 0.000000000000000000e+00 -1.000000000000000000e+00 -1.000000000000000000e+00
1.400000000000000000e+01 1.273167648722021477e+04 2.191477162822433300e+01 -8.573409809781226687e-02 1.937599793759143818e+00 0.000000000000000000e+00 1.000000000000000021e-02 0.000000000000000000e+00 1.000000000000000000e+00 1.000000000000000000e+00 0.000000000000000000e+00 0.000000000000000000e+00 -1.000000000000000000e+00 -1.000000000000000000e+00
3.300000000000000000e+01 6.691458997505960724e+02 1.044606207167034562e+01 1.429925429524180058e-02 1.907480255350915588e+00 0.000000000000000000e+00 1.046558637450989773e-02 0.000000000000000000e+00 1.000000000000000000e+00 1.000000000000000000e+00 0.000000000000000000e+00 0.000000000000000000e+00 -1.000000000000000000e+00 -1.000000000000000000e+00
6.100000000000000000e+01 2.265818815521042325e+03 1.055336045113687149e+01 -2.351076195995783213e-01 3.100000000000000089e+00 0.000000000000000000e+00 9.000000000000001055e-02 0.000000000000000000e+00 1.000000000000000000e+00 1.000000000000000000e+00 0.000000000000000000e+00 0.000000000000000000e+00 -1.000000000000000000e+00 -1.000000000000000000e+00
1.090000000000000000e+02 5.850572171943990725e+03 2.067460567833860807e+01 -2.222872461050215409e-02 5.030348883510644686e-01 0.000000000000000000e+00 9.000000000000001055e-02 0.000000000000000000e+00 1.000000000000000000e+00 1.000000000000000000e+00 0.000000000000000000e+00 0.000000000000000000e+00 -1.000000000000000000e+00 -1.000000000000000000e+00
1.230000000000000000e+02 6.666419480373506303e+02 1.180050976522644035e+01 9.425305812363637958e-02 7.250815178912949355e-01 0.000000000000000000e+00 8.100000000000001643e-02 0.000000000000000000e+00 1.000000000000000000e+00 1.000000000000000000e+00 0.000000000000000000e+00 0.000000000000000000e+00 -1.000000000000000000e+00 -1.000000000000000000e+00
1.570000000000000000e+02 4.304506769707717467e+03 1.021575942929951886e+01 -1.279456630502495140e-01 2.253763757324165340e+00 0.000000000000000000e+00 2.299970415301937424e-02 0.000000000000000000e+00 1.000000000000000000e+00 1.000000000000000000e+00 0.000000000000000000e+00 0.000000000000000000e+00 -1.000000000000000000e+00 -1.000000000000000000e+00
1.600000000000000000e+02 2.826898652950249016e+03 1.155135782709945325e+01 -4.914536357603438432e-02 1.288856206703208329e+00 0.000000000000000000e+00 9.000000000000001055e-02 0.000000000000000000e+00 1.000000000000000000e+00 1.000000000000000000e+00 0.000000000000000000e+00 0.000000000000000000e+00 -1.000000000000000000e+00 -1.000000000000000000e+00
3.660000000000000000e+02 8.249322872994255249e+02 2.286676787621718887e+01 -1.238942201856869929e-01 2.604491288891400913e+00 0.000000000000000000e+00 1.000000000000000056e-01 -1.000000000000000000e+00 1.000000000000000000e+00 1.000000000000000000e+00 5.000000000000000000e+00 1.000000000000000000e+05 -1.000000000000000000e+00 -1.000000000000000000e+00
3.670000000000000000e+02 6.923355346450321122e+02 1.154876913378001646e+01 -7.311602143829615263e-02 3.076505286746980428e+00 0.000000000000000000e+00 2.125548055383228579e-02 -1.000000000000000000e+00 1.000000000000000000e+00 1.000000000000000000e+00 5.000000000000000000e+00 2.000000000000000000e+05 -1.000000000000000000e+00 -1.000000000000000000e+00
1.700000000000000000e+01 4.658913832128424110e+04 1.037238546740459455e+01 -4.019524095641563433e-02 1.731860420443806170e+00 3.166816578053863740e+00 3.808347277471319653e-02 1.570796326794896558e+00 1.000000000000000000e+00 1.000000000000000000e+00 0.000000000000000000e+00 0.000000000000000000e+00 -1.000000000000000000e+00 -1.000000000000000000e+00
3.680000000000000000e+02 6.264730320052600518e+02 3.207960271710109623e+01 -5.876558941245452888e-02 2.858802607411757180e+00 0.000000000000000000e+00 9.000000000000001055e-02 -1.000000000000000000e+00 1.000000000000000000e+00 1.000000000000000000e+00 5.000000000000000000e+00 3.000000000000000000e+05 -1.000000000000000000e+00 -1.000000000000000000e+00
1.820000000000000000e+02 3.021820803458180671e+04 1.631287186548429347e+01 1.161663091818211924e-01 1.350273895165588378e+00 3.143653511894576091e+00 2.709009474426989431e-02 1.570796326794896558e+00 1.000000000000000000e+00 1.000000000000000000e+00 0.000000000000000000e+00 0.000000000000000000e+00 -1.000000000000000000e+00 -1.000000000000000000e+00
1.190000000000000000e+02 4.510714269685223553e+04 1.854274435147399913e+01 -5.150052962195197231e-02 3.100000000000000089e+00 3.136594315463028693e+00 2.529754624650389083e-02 1.570796326794896558e+00 1.000000000000000000e+00 1.000000000000000000e+00 0.000000000000000000e+00 0.000000000000000000e+00 -1.000000000000000000e+00 -1.000000000000000000e+00
3.710000000000000000e+02 2.601581677469216811e+04 3.546888425425380120e+01 6.680220013540111301e-01 0.000000000000000000e+00 0.000000000000000000e+00 1.630397258302227273e-02 -1.000000000000000000e+00 1.000000000000000000e+00 2.000000000000000000e+00 5.000000000000000000e+00 3.800000000000000000e+05 -1.000000000000000000e+00 -1.000000000000000000e+00
3.750000000000000000e+02 2.121587784127288501e+02 1.683009949720709031e+01 -1.257916052282332386e-01 3.100000000000000089e+00 0.000000000000000000e+00 8.613277570756452950e-02 -1.000000000000000000e+00 1.000000000000000000e+00 1.000000000000000000e+00 5.000000000000000000e+00 4.000000000000000000e+05 -1.000000000000000000e+00 -1.000000000000000000e+00
3.720000000000000000e+02 1.543682779294097418e+04 3.456092801158325045e+01 7.839198112335588053e-01 0.000000000000000000e+00 0.000000000000000000e+00 1.000000000000000021e-02 -1.000000000000000000e+00 1.000000000000000000e+00 3.000000000000000000e+00 5.000000000000000000e+00 4.100000000000000000e+05 -1.000000000000000000e+00 -1.000000000000000000e+00
3.730000000000000000e+02 9.402113487958720725e+03 4.972679227704673366e+01 5.537498712838671011e-01 0.000000000000000000e+00 0.000000000000000000e+00 9.000000000000001055e-02 -1.000000000000000000e+00 1.000000000000000000e+00 2.000000000000000000e+00 5.000000000000000000e+00 4.300000000000000000e+05 -1.000000000000000000e+00 -1.000000000000000000e+00
1.220000000000000000e+02 9.636784157738955400e+03 1.432501607520550735e+01 7.447404646266500561e-02 7.863124175350507672e-01 3.154345148748364469e+00 1.000000000000000021e-02 1.570796326794896558e+00 1.000000000000000000e+00 1.000000000000000000e+00 0.000000000000000000e+00 0.000000000000000000e+00 -1.000000000000000000e+00 -1.000000000000000000e+00
3.770000000000000000e+02 1.711527471479241285e+04 3.918935822763424426e+01 6.484375576578353950e-01 0.000000000000000000e+00 0.000000000000000000e+00 1.000000000000000021e-02 -1.000000000000000000e+00 1.000000000000000000e+00 2.000000000000000000e+00 5.000000000000000000e+00 5.000000000000000000e+05 -1.000000000000000000e+00 -1.000000000000000000e+00
3.810000000000000000e+02 8.080474321892929765e+02 1.026616388756353437e+01 -1.068437621575033525e-01 3.100000000000000089e+00 0.000000000000000000e+00 2.229709971833927426e-02 -1.000000000000000000e+00 1.000000000000000000e+00 1.000000000000000000e+00 5.000000000000000000e+00 5.000000000000000000e+05 -1.000000000000000000e+00 -1.000000000000000000e+00
3.820000000000000000e+02 9.116859376908433887e+02 1.440850539365749583e+01 -6.801029732649652160e-02 1.881614932789634320e+00 0.000000000000000000e+00 1.365171782313314569e-02 -1.000000000000000000e+00 1.000000000000000000e+00 1.000000000000000000e+00 5.000000000000000000e+00 6.000000000000000000e+05 -1.000000000000000000e+00 -1.000000000000000000e+00
3.800000000000000000e+02 3.248793997724182918e+04 5.050221462164503095e+01 6.738696453272460252e-01 0.000000000000000000e+00 0.000000000000000000e+00 2.847672892549914930e-02 -1.000000000000000000e+00 1.000000000000000000e+00 2.000000000000000000e+00 5.000000000000000000e+00 6.500000000000000000e+05 -1.000000000000000000e+00 -1.000000000000000000e+00
3.840000000000000000e+02 1.531486583050304762e+04 2.486492168094917687e+01 6.416031552535913507e-01 0.000000000000000000e+00 0.000000000000000000e+00 1.000000000000000021e-02 -1.000000000000000000e+00 1.000000000000000000e+00 2.000000000000000000e+00 5.000000000000000000e+00 6.600000000000000000e+05 -1.000000000000000000e+00 -1.000000000000000000e+00
3.830000000000000000e+02 1.165373439254255209e+04 4.382927651069132224e+01 7.998668293724260359e-01 0.000000000000000000e+00 0.000000000000000000e+00 1.000000000000000021e-02 -1.000000000000000000e+00 1.000000000000000000e+00 3.000000000000000000e+00 5.000000000000000000e+00 6.800000000000000000e+05 -1.000000000000000000e+00 -1.000000000000000000e+00
3.850000000000000000e+02 8.507624235561289652e+02 2.212761750951571926e+01 -3.007398709610625484e-02 1.699543844600494680e+00 0.000000000000000000e+00 1.000000000000000056e-01 -1.000000000000000000e+00 1.000000000000000000e+00 1.000000000000000000e+00 5.000000000000000000e+00 7.000000000000000000e+05 -1.000000000000000000e+00 -1.000000000000000000e+00
5.200000000000000000e+01 3.910492177752816497e+04 2.544182518383074765e+01 -4.729227986740750650e-03 2.512064944980609837e+00 3.157751135628771522e+00 9.400539871147489679e-02 1.570796326794896558e+00 1.000000000000000000e+00 1.000000000000000000e+00 0.000000000000000000e+00 0.000000000000000000e+00 -1.000000000000000000e+00 -1.000000000000000000e+00
