# id_num orb_a mass spin spin_angle orb_inc orb_ecc orb_arg_periapse orb_ang_mom gen galaxy time_passed gw_freq gw_strain
0.000000000000000000e+00 3.140720761258065977e+04 1.486771091943426093e+01 5.846680889236675893e-02 3.508024452169078988e-01 -2.915889238053889776e-02 4.688706307656183986e-02 1.570796326794896558e+00 1.000000000000000000e+00 1.000000000000000000e+00 0.000000000000000000e+00 0.000000000000000000e+00 -1.000000000000000000e+00 -1.000000000000000000e+00
4.000000000000000000e+00 3.074201477811084624e+04 1.262096881699234530e+01 1.057796532402769385e-01 1.225636927395858278e+00 3.181865612677388988e+00 2.699532111077480590e-01 1.570796326794896558e+00 1.000000000000000000e+00 1.000000000000000000e+00 0.000000000000000000e+00 0.000000000000000000e+00 -1.000000000000000000e+00 -1.000000000000000000e+00
7.000000000000000000e+00 1.721561509328676038e+04 1.686584375867080254e+01 -1.606962664235871141e-01 2.252096657062418572e+00 3.105015521380638521e-02 7.449065480020611307e-02 0.000000000000000000e+00 1.000000000000000000e+00 1.000000000000000000e+00 0.000000000000000000e+00 0.000000000000000000e+00 -1.000000000000000000e+00 -1.000000000000000000e+00
1.100000000000000000e+01 2.918716461205382438e+04 1.203788198308267354e+01 -4.351711940603557142e-03 1.250547283156341338e+00 5.135970960556400814e-04 2.141974898727086463e-02 0.000000000000000000e+00 1.000000000000000000e+00 1.000000000000000000e+00 0.000000000000000000e+00 0.000000000000000000e+00 -1.000000000000000000e+00 -1.000000000000000000e+00
1.200000000000000000e+01 1.250122674806092800e+04 3.880294367315351423e+01 1.081408455404254260e-02 1.077896048455888156e+00 -8.732471908305144970e-03 9.000000000000001055e-02 1.570796326794896558e+00 1.000000000000000000e+00 1.000000000000000000e+00 0.000000000000000000e+00 0.000000000000000000e+00 -1.000000000000000000e+00 -1.000000000000000000e+00
1.300000000000000000e+01 2.928001973386486861e+04 2.456491270613296507e+01 -3.091669910622649349e-03 1.507377357226309611e+00 3.118673332753594263e+00 6.282925624934528053e-02 0.000000000000000000e+00 1.000000000000000000e+00 1.000000000000000000e+00 0.000000000000000000e+00 0.000000000000000000e+00 -1.000000000000000000e+00 -1.000000000000000000e+00
1.500000000000000000e+01 1.216135287920845485e+03 2.541231060564298971e+01 4.832053103150776852e-02 2.927834840726796228e-01 2.071135059471161666e-02 8.100000000000001643e-02 1.570796326794896558e+00 1.000000000000000000e+00 1.000000000000000000e+00 0.000000000000000000e+00 0.000000000000000000e+00 -1.000000000000000000e+00 -1.000000000000000000e+00
1.600000000000000000e+01 3.036763709031570397e+04 2.576737794684409621e+01 3.096924145059846284e-02 6.426262066874685042e-01 3.143272161956681021e+00 6.647776453079086434e-02 1.570796326794896558e+00 1.000000000000000000e+00 1.000000000000000000e+00 0.000000000000000000e+00 0.000000000000000000e+00 -1.000000000000000000e+00 -1.000000000000000000e+00
1.700000000000000000e+01 2.885477542407603323e+04 1.235579663715189724e+01 2.956563269773894165e-01 1.217171350276881725e+00 2.861536841896936828e-02 5.561326947597438480e-02 1.570796326794896558e+00 1.000000000000000000e+00 1.000000000000000000e+00 0.000000000000000000e+00 0.000000000000000000e+00 -1.000000000000000000e+00 -1.000000000000000000e+00
1.800000000000000000e+01 1.950904288507546516e+04 1.025906279996239867e+01 -3.053686006857361107e-02 2.836530440994265323e+00 -1.833203765224219323e-02 1.704276424628070330e-01 0.000000000000000000e+00 1.000000000000000000e+00 1.000000000000000000e+00 0.000000000000000000e+00 0.000000000000000000e+00 -1.000000000000000000e+00 -1.000000000000000000e+00
1.900000000000000000e+01 6.304321674365152830e+03 1.567308410550126929e+01 -4.043881951255713647e-02 2.546554061632358756e+00 -1.563577661160655413e-02 9.000000000000001055e-02 1.570796326794896558e+00 1.000000000000000000e+00 1.000000000000000000e+00 0.000000000000000000e+00 0.000000000000000000e+00 -1.000000000000000000e+00 -1.000000000000000000e+00
2.000000000000000000e+01 1.091034758961410989e+04 1.211468130196758075e+01 -9.164125077432717925e-02 2.170193810971730919e+00 7.305323713390573896e-03 6.178511873808420485e-02 1.570796326794896558e+00 1.000000000000000000e+00 1.000000000000000000e+00 0.000000000000000000e+00 0.000000000000000000e+00 -1.000000000000000000e+00 -1.000000000000000000e+00
2.300000000000000000e+01 4.329850600742598181e+04 1.586699865129608966e+01 1.555793152371108268e-01 1.538756907848440880e+00 3.023307782254263526e-02 5.865921647980426590e-02 1.570796326794896558e+00 1.000000000000000000e+00 1.000000000000000000e+00 0.000000000000000000e+00 0.000000000000000000e+00 -1.000000000000000000e+00 -1.000000000000000000e+00
2.600000000000000000e+01 2.451946940303233532e+03 1.662943078493439231e+01 8.760222002065035096e-02 3.570599863830974385e-01 3.148380306814951179e+00 9.000000000000001055e-02 0.000000000000000000e+00 1.000000000000000000e+00 1.000000000000000000e+00 0.000000000000000000e+00 0.000000000000000000e+00 -1.000000000000000000e+00 -1.000000000000000000e+00
2.700000000000000000e+01 1.517815756509824314e+04 1.090194614862119771e+01 5.093677742195848457e-02 1.521189197113943292e+00 -2.172511947963859987e-03 1.793842986293402164e-02 1.570796326794896558e+00 1.000000000000000000e+00 1.000000000000000000e+00 0.000000000000000000e+00 0.000000000000000000e+00 -1.000000000000000000e+00 -1.000000000000000000e+00
2.900000000000000000e+01 4.027952285951654630e+04 1.012515053679519461e+01 -8.201528595397999943e-02 2.535804277018670394e+00 3.095569046497801402e+00 1.255537523660759346e-02 0.000000000000000000e+00 1.000000000000000000e+00 1.000000000000000000e+00 0.000000000000000000e+00 0.000000000000000000e+00 -1.000000000000000000e+00 -1.000000000000000000e+00
3.200000000000000000e+01 3.028060834629757301e+04 1.014197107368299555e+01 -1.255433539889513339e-01 2.156780375326397436e+00 3.127929613694643507e+00 1.473651842288472603e-02 0.000000000000000000e+00 1.000000000000000000e+00 1.000000000000000000e+00 0.000000000000000000e+00 0.000000000000000000e+00 -1.000000000000000000e+00 -1.000000000000000000e+00
3.500000000000000000e+01 9.107869930861099419e+03 1.252364863949934204e+01 -2.091656729070175136e-01 1.847719952587882020e+00 3.130510909556199373e+00 3.689934943932042521e-02 1.570796326794896558e+00 1.000000000000000000e+00 1.000000000000000000e+00 0.000000000000000000e+00 0.000000000000000000e+00 -1.000000000000000000e+00 -1.000000000000000000e+00
3.800000000000000000e+01 2.251203730872735468e+04 1.082855642586672573e+01 -1.188644902562775024e-01 1.796582142451351505e+00 3.165047309964101441e+00 2.283034171047572392e-02 0.000000000000000000e+00 1.000000000000000000e+00 1.000000000000000000e+00 0.000000000000000000e+00 0.000000000000000000e+00 -1.000000000000000000e+00 -1.000000000000000000e+00
3.900000000000000000e+01 3.282122658643908653e+04 1.013761927538328500e+01 -9.760847297144753520e-02 2.665747467995871922e+00 8.332140877122229047e-03 1.313209436941736863e-01 0.000000000000000000e+00 1.000000000000000000e+00 1.000000000000000000e+00 0.000000000000000000e+00 0.000000000000000000e+00 -1.000000000000000000e+00 -1.000000000000000000e+00
4.000000000000000000e+01 1.415656359163785783e+04 1.537994577047288303e+01 -4.667416316139656740e-02 2.751012544140849059e+00 1.018924468472257733e-02 6.768610796936257168e-02 1.570796326794896558e+00 1.000000000000000000e+00 1.000000000000000000e+00 0.000000000000000000e+00 0.000000000000000000e+00 -1.000000000000000000e+00 -1.000000000000000000e+00
4.100000000000000000e+01 2.423769249466041583e+04 1.864922599678825321e+01 -3.902135241519061326e-02 2.933557685427486295e+00 3.122430703994842016e+00 1.402155611176334263e-02 0.000000000000000000e+00 1.000000000000000000e+00 1.000000000000000000e+00 0.000000000000000000e+00 0.000000000000000000e+00 -1.000000000000000000e+00 -1.000000000000000000e+00
4.400000000000000000e+01 5.000000000000000000e+04 1.160203912682607807e+01 -1.745384387396011205e-01 2.669451122516137698e+00 1.160679252849792543e-02 1.374667564953776788e-01 0.000000000000000000e+00 1.000000000000000000e+00 1.000000000000000000e+00 0.000000000000000000e+00 0.000000000000000000e+00 -1.000000000000000000e+00 -1.000000000000000000e+00
4.500000000000000000e+01 1.113852328646172828e+04 1.063513110516500504e+01 -6.640410998638882067e-02 2.320129049577096314e+00 9.699036576422688516e-03 2.612865476649891064e-02 0.000000000000000000e+00 1.000000000000000000e+00 1.000000000000000000e+00 0.000000000000000000e+00 0.000000000000000000e+00 -1.000000000000000000e+00 -1.000000000000000000e+00
4.600000000000000000e+01 1.599699072711308327e+04 1.079062198391591743e+01 -5.974379081649411338e-02 1.695291410996251136e+00 3.152533353699842777e+00 2.993672729121530859e-02 0.000000000000000000e+00 1.000000000000000000e+00 1.000000000000000000e+00 0.000000000000000000e+00 0.000000000000000000e+00 -1.000000000000000000e+00 -1.000000000000000000e+00
4.700000000000000000e+01 4.577313332618188724e+04 1.033650841888010241e+01 1.393312603450843137e-02 8.286091363009545629e-01 -3.132595929068424101e-02 1.756826928036543389e-01 1.570796326794896558e+00 1.000000000000000000e+00 1.000000000000000000e+00 0.000000000000000000e+00 0.000000000000000000e+00 -1.000000000000000000e+00 -1.000000000000000000e+00
4.800000000000000000e+01 7.122902389223992031e+03 1.360188564189550142e+01 1.922158801163135755e-01 2.608401902577791587e-01 3.148647522004337063e+00 2.157782771130201116e-02 1.570796326794896558e+00 1.000000000000000000e+00 1.000000000000000000e+00 0.000000000000000000e+00 0.000000000000000000e+00 -1.000000000000000000e+00 -1.000000000000000000e+00
5.000000000000000000e+01 3.969352782958686294e+04 2.554816790138562865e+01 9.653780749216296642e-02 1.179132191783123007e+00 3.158495642909099121e+00 4.675807725405758952e-02 1.570796326794896558e+00 1.000000000000000000e+00 1.000000000000000000e+00 0.000000000000000000e+00 0.000000000000000000e+00 -1.000000000000000000e+00 -1.000000000000000000e+00
5.300000000000000000e+01 6.689144437804643530e+02 1.274157208409324404e+01 1.791175663228997683e-01 1.526167873183832402e+00 3.129516820927360499e+00 3.713965387840666155e-02 1.570796326794896558e+00 1.000000000000000000e+00 1.000000000000000000e+00 0.000000000000000000e+00 0.000000000000000000e+00 -1.000000000000000000e+00 -1.000000000000000000e+00
5.400000000000000000e+01 3.444967100628914341e+04 1.063463871510523262e+01 8.629050439088948449e-03 1.005274361644015846e+00 -2.576339600733272214e-02 2.535745471774498716e-01 1.570796326794896558e+00 1.000000000000000000e+00 1.000000000000000000e+00 0.000000000000000000e+00 0.000000000000000000e+00 -1.000000000000000000e+00 -1.000000000000000000e+00
5.500000000000000000e+01 3.579426899814799253e+04 1.314574104759043927e+01 -1.276968603792377199e-01 1.932112274310726630e+00 3.127116718813159224e+00 2.340240617886927277e-01 0.000000000000000000e+00 1.000000000000000000e+00 1.000000000000000000e+00 0.000000000000000000e+00 0.000000000000000000e+00 -1.000000000000000000e+00 -1.000000000000000000e+00
5.900000000000000000e+01 2.532760406962117122e+04 1.481771989610483686e+01 -1.351431968912299997e-01 2.052143356118611095e+00 -1.331217190759607059e-02 1.782269607022655689e-01 1.570796326794896558e+00 1.000000000000000000e+00 1.000000000000000000e+00 0.000000000000000000e+00 0.000000000000000000e+00 -1.000000000000000000e+00 -1.000000000000000000e+00
6.000000000000000000e+01 5.000000000000000000e+04 1.515749631899273275e+01 -3.054650539539050663e-02 1.727814609247779742e+00 3.157682774279248150e+00 3.763156208719954654e-02 1.570796326794896558e+00 1.000000000000000000e+00 1.000000000000000000e+00 0.000000000000000000e+00 0.000000000000000000e+00 -1.000000000000000000e+00 -1.000000000000000000e+00
6.200000000000000000e+01 4.124918569507006032e+04 1.016825067170584163e+01 -1.099793364191939404e-01 2.626345071641681628e+00 -1.687749464141747278e-03 5.719507003413300261e-02 0.000000000000000000e+00 1.000000000000000000e+00 1.000000000000000000e+00 0.000000000000000000e+00 0.000000000000000000e+00 -1.000000000000000000e+00 -1.000000000000000000e+00
6.300000000000000000e+01 4.503290655071896617e+04 2.981598849340327817e+01 -1.111143014658860784e-01 1.951356013392085309e+00 -4.084956212303984119e-02 2.632115405046766554e-01 1.570796326794896558e+00 1.000000000000000000e+00 1.000000000000000000e+00 0.000000000000000000e+00 0.000000000000000000e+00 -1.000000000000000000e+00 -1.000000000000000000e+00
6.700000000000000000e+01 2.412703309074172648e+04 2.401075220459130222e+01 -2.608526847446915493e-03 7.850804536578047665e-01 -7.864498716111289122e-04 1.000000000000000056e-01 0.000000000000000000e+00 1.000000000000000000e+00 1.000000000000000000e+00 0.000000000000000000e+00 0.000000000000000000e+00 -1.000000000000000000e+00 -1.000000000000000000e+00
6.900000000000000000e+01 1.945621706073281530e+04 1.040943426023263996e+01 6.360708333335298240e-03 6.477840984262801527e-01 2.036677977986654786e-02 1.236516182124926810e-01 1.570796326794896558e+00 1.000000000000000000e+00 1.000000000000000000e+00 0.000000000000000000e+00 0.000000000000000000e+00 -1.000000000000000000e+00 -1.000000000000000000e+00
7.300000000000000000e+01 3.140924260068849981e+04 1.072162865336877857e+01 1.055511737141237236e-02 1.536946447916008873e+00 3.109125198734696838e+00 1.010970693842453416e-01 0.000000000000000000e+00 1.000000000000000000e+00 1.000000000000000000e+00 0.000000000000000000e+00 0.000000000000000000e+00 -1.000000000000000000e+00 -1.000000000000000000e+00
7.700000000000000000e+01 6.346095011942444444e+02 3.664874716186282200e+01 -4.173107516045096443e-02 1.857384934150669187e+00 3.136322501324748657e+00 1.164241053257750180e-02 0.000000000000000000e+00 1.000000000000000000e+00 1.000000000000000000e+00 0.000000000000000000e+00 0.000000000000000000e+00 -1.000000000000000000e+00 -1.000000000000000000e+00
7.800000000000000000e+01 4.465876529462630060e+03 3.719640410841428491e+01 -1.095336987344184415e-01 2.295561542117245946e+00 3.126227359809408135e+00 9.000000000000001055e-02 0.000000000000000000e+00 1.000000000000000000e+00 1.000000000000000000e+00 0.000000000000000000e+00 0.000000000000000000e+00 -1.000000000000000000e+00 -1.000000000000000000e+00
7.900000000000000000e+01 3.602236336381765432e+04 1.297580594667832976e+01 1.883341165267836403e-02 5.954683513134088058e-01 3.104230954344276316e+00 1.000000000000000056e-01 0.000000000000000000e+00 1.000000000000000000e+00 1.000000000000000000e+00 0.000000000000000000e+00 0.000000000000000000e+00 -1.000000000000000000e+00 -1.000000000000000000e+00
8.000000000000000000e+01 4.600230689750442252e+04 1.274116772482821247e+01 1.664728555754248773e-01 7.744149626673219045e-01 3.163015694589245808e+00 7.368028011642537012e-02 0.000000000000000000e+00 1.000000000000000000e+00 1.000000000000000000e+00 0.000000000000000000e+00 0.000000000000000000e+00 -1.000000000000000000e+00 -1.000000000000000000e+00
8.100000000000000000e+01 3.629551732833794813e+04 1.225448676330593756e+01 8.585669205391309455e-02 3.805580737540742442e-01 -1.158450405267019180e-02 1.345442954690668005e-02 0.000000000000000000e+00 1.000000000000000000e+00 1.000000000000000000e+00 0.000000000000000000e+00 0.000000000000000000e+00 -1.000000000000000000e+00 -1.000000000000000000e+00
8.200000000000000000e+01 2.806498470712252674e+04 3.342634730362854611e+01 -2.329039116132779544e-02 2.838950492062249253e+00 3.127973989005847333e+00 8.233086491068908330e-02 1.570796326794896558e+00 1.000000000000000000e+00 1.000000000000000000e+00 0.000000000000000000e+00 0.000000000000000000e+00 -1.000000000000000000e+00 -1.000000000000000000e+00
8.300000000000000000e+01 4.779860443401090743e+04 1.012935845003214297e+01 -1.634175124102630883e-01 2.195534409735558246e+00 3.190565062460844814e+00 1.039687378079212632e-02 1.570796326794896558e+00 1.000000000000000000e+00 1.000000000000000000e+00 0.000000000000000000e+00 0.000000000000000000e+00 -1.000000000000000000e+00 -1.000000000000000000e+00
8.400000000000000000e+01 1.541878690687654671e+04 1.336732658461809820e+01 5.876177915644080485e-02 1.119066969772701592e+00 3.139491050570709874e+00 7.487270089141012663e-02 1.570796326794896558e+00 1.000000000000000000e+00 1.000000000000000000e+00 0.000000000000000000e+00 0.000000000000000000e+00 -1.000000000000000000e+00 -1.000000000000000000e+00
8.500000000000000000e+01 4.233609209075530089e+04 1.012710529199563680e+01 3.135601747814593943e-02 1.275514171113201201e+00 4.465688851770191481e-02 1.680552112061792225e-01 0.000000000000000000e+00 1.000000000000000000e+00 1.000000000000000000e+00 0.000000000000000000e+00 0.000000000000000000e+00 -1.000000000000000000e+00 -1.000000000000000000e+00
8.700000000000000000e+01 3.789404752711875335e+04 1.316938083343504040e+01 7.030163422720042687e-02 4.640567333211908507e-01 -4.009028096616598646e-02 3.681797605565793191e-02 0.000000000000000000e+00 1.000000000000000000e+00 1.000000000000000000e+00 0.000000000000000000e+00 0.000000000000000000e+00 -1.000000000000000000e+00 -1.000000000000000000e+00
9.000000000000000000e+01 1.490256034115774355e+03 1.103835654112472398e+01 3.614760490925507386e-02 3.445483210161316978e-01 -7.840354450043498678e-04 1.000000000000000056e-01 1.570796326794896558e+00 1.000000000000000000e+00 1.000000000000000000e+00 0.000000000000000000e+00 0.000000000000000000e+00 -1.000000000000000000e+00 -1.000000000000000000e+00
9.200000000000000000e+01 3.441782017904477107e+04 1.163085286960088993e+01 -1.012249138443917923e-02 1.075223972497364233e+00 3.114396170305525402e+00 3.864153616691126669e-02 1.570796326794896558e+00 1.000000000000000000e+00 1.000000000000000000e+00 0.000000000000000000e+00 0.000000000000000000e+00 -1.000000000000000000e+00 -1.000000000000000000e+00
9.400000000000000000e+01 5.000000000000000000e+04 2.622564551788369869e+01 -5.867829743215579458e-02 2.569573256054325405e+00 3.178299971078911490e+00 3.251597663178246861e-02 0.000000000000000000e+00 1.000000000000000000e+00 1.000000000000000000e+00 0.000000000000000000e+00 0.000000000000000000e+00 -1.000000000000000000e+00 -1.000000000000000000e+00
9.500000000000000000e+01 4.470443447679503879e+04 1.512175828469464811e+01 -2.024957322947845140e-01 2.994902553619377183e+00 4.276417465199452289e-02 1.410682144595877541e-01 1.570796326794896558e+00 1.000000000000000000e+00 1.000000000000000000e+00 0.000000000000000000e+00 0.000000000000000000e+00 -1.000000000000000000e+00 -1.000000000000000000e+00
9.600000000000000000e+01 1.198253158348065153e+04 1.033228943650291676e+01 -3.070578571736389331e-02 2.520515006980406536e+00 1.734321990840787062e-04 1.000000000000000056e-01 0.000000000000000000e+00 1.000000000000000000e+00 1.000000000000000000e+00 0.000000000000000000e+00 0.000000000000000000e+00 -1.000000000000000000e+00 -1.000000000000000000e+00
9.800000000000000000e+01 6.442684827735838553e+03 1.193472379558202512e+01 3.632352284656179854e-03 2.544329640708319351e-01 3.149049301459958095e+00 3.496613125284622758e-02 0.000000000000000000e+00 1.000000000000000000e+00 1.000000000000000000e+00 0.000000000000000000e+00 0.000000000000000000e+00 -1.000000000000000000e+00 -1.000000000000000000e+00
1.010000000000000000e+02 3.186098373716671631e+04 2.179517356382481807e+01 -1.113452662740429810e-01 1.993883029174022825e+00 -1.466192841346941438e-02 6.428184425095216648e-02 0.000000000000000000e+00 1.000000000000000000e+00 1.000000000000000000e+00 0.000000000000000000e+00 0.000000000000000000e+00 -1.000000000000000000e+00 -1.000000000000000000e+00
1.020000000000000000e+02 2.868932083777998560e+04 1.421801542167060362e+01 9.945318174731601624e-02 6.548951170608943162e-01 3.164423780110471540e+00 9.039812239213024236e-02 1.570796326794896558e+00 1.000000000000000000e+00 1.000000000000000000e+00 0.000000000000000000e+00 0.000000000000000000e+00 -1.000000000000000000e+00 -1.000000000000000000e+00
1.040000000000000000e+02 2.641749950982642986e+04 1.297033707872175867e+01 1.501926983211964925e-02 3.658910903365004130e-01 -3.323367629309448984e-02 1.381912008743961008e-02 0.000000000000000000e+00 1.000000000000000000e+00 1.000000000000000000e+00 0.000000000000000000e+00 0.000000000000000000e+00 -1.000000000000000000e+00 -1.000000000000000000e+00
1.060000000000000000e+02 7.301916646225339719e+03 1.560294971559589428e+01 1.840736119598060661e-01 1.048771162333044904e+00 3.145624075239951800e+00 9.000000000000001055e-02 1.570796326794896558e+00 1.000000000000000000e+00 1.000000000000000000e+00 0.000000000000000000e+00 0.000000000000000000e+00 -1.000000000000000000e+00 -1.000000000000000000e+00
1.070000000000000000e+02 3.238899703410354050e+04 1.103014287156021922e+01 -3.582793776667242414e-02 2.077455261237579620e+00 3.105403262014127197e+00 4.566852438563880068e-02 0.000000000000000000e+00 1.000000000000000000e+00 1.000000000000000000e+00 0.000000000000000000e+00 0.000000000000000000e+00 -1.000000000000000000e+00 -1.000000000000000000e+00
1.080000000000000000e+02 3.139394477485498646e+04 3.091587541345039369e+01 1.634628705304645019e-02 1.368995041268078028e+00 3.100754063476252487e+00 4.694076123122924854e-02 1.570796326794896558e+00 1.000000000000000000e+00 1.000000000000000000e+00 0.000000000000000000e+00 0.000000000000000000e+00 -1.000000000000000000e+00 -1.000000000000000000e+00
1.100000000000000000e+02 1.808762030932653215e+04 1.551823838011847201e+01 -1.072700084975138635e-01 2.145880372119721713e+00 3.114020863719199284e+00 7.825950712443069390e-02 0.000000000000000000e+00 1.000000000000000000e+00 1.000000000000000000e+00 0.000000000000000000e+00 0.000000000000000000e+00 -1.000000000000000000e+00 -1.000000000000000000e+00
1.110000000000000000e+02 3.561704171840746858e+04 2.527018939873459047e+01 -1.451615069108869449e-01 1.870512854545401504e+00 3.170722144298855127e+00 5.709776905299838307e-02 0.000000000000000000e+00 1.000000000000000000e+00 1.000000000000000000e+00 0.000000000000000000e+00 0.000000000000000000e+00 -1.000000000000000000e+00 -1.000000000000000000e+00
1.130000000000000000e+02 2.444424488575369469e+04 1.079624206481468462e+01 9.212568158978867716e-02 1.224807726901911309e+00 3.159518366063776895e+00 1.025163754480904951e-02 0.000000000000000000e+00 1.000000000000000000e+00 1.000000000000000000e+00 0.000000000000000000e+00 0.000000000000000000e+00 -1.000000000000000000e+00 -1.000000000000000000e+00
1.150000000000000000e+02 6.120300491335834522e+03 1.039555352046546943e+01 9.420804104570862370e-02 3.967292669256205495e-01 9.703966480528901026e-03 2.290638869816880724e-02 0.000000000000000000e+00 1.000000000000000000e+00 1.000000000000000000e+00 0.000000000000000000e+00 0.000000000000000000e+00 -1.000000000000000000e+00 -1.000000000000000000e+00
1.160000000000000000e+02 1.341756191087823026e+04 1.053850170458189517e+01 -1.848124866134158717e-01 3.004873862411514995e+00 3.158687869040378349e+00 2.056172680841085801e-02 1.570796326794896558e+00 1.000000000000000000e+00 1.000000000000000000e+00 0.000000000000000000e+00 0.000000000000000000e+00 -1.000000000000000000e+00 -1.000000000000000000e+00
1.180000000000000000e+02 4.795519451352898614e+04 1.687157994504243064e+01 4.423956844741036565e-02 4.100696391859547929e-01 -3.117980109855916088e-02 9.666860061127661996e-02 0.000000000000000000e+00 1.000000000000000000e+00 1.000000000000000000e+00 0.000000000000000000e+00 0.000000000000000000e+00 -1.000000000000000000e+00 -1.000000000000000000e+00
1.240000000000000000e+02 2.437017535221964135e+04 1.271998422826085040e+01 -4.556619533357299939e-02 2.495065097746787419e+00 3.133041537826991796e+00 4.118598800343707678e-02 0.000000000000000000e+00 1.000000000000000000e+00 1.000000000000000000e+00 0.000000000000000000e+00 0.000000000000000000e+00 -1.000000000000000000e+00 -1.000000000000000000e+00
1.250000000000000000e+02 2.846979679424136702e+04 1.882072071136483160e+01 -5.842161993540798126e-02 1.715823740529273778e+00 2.324394855683742205e-03 2.108414897321159512e-02 0.000000000000000000e+00 1.000000000000000000e+00 1.000000000000000000e+00 0.000000000000000000e+00 0.000000000000000000e+00 -1.000000000000000000e+00 -1.000000000000000000e+00
1.280000000000000000e+02 3.704162938291830505e+04 1.935605413106051031e+01 4.606595603020201962e-02 1.458141229327326593e+00 3.106741914790744019e+00 2.846716781924048256e-02 1.570796326794896558e+00 1.000000000000000000e+00 1.000000000000000000e+00 0.000000000000000000e+00 0.000000000000000000e+00 -1.000000000000000000e+00 -1.000000000000000000e+00
1.300000000000000000e+02 2.590983715393164675e+04 2.219490753050075327e+01 -4.260177387632509832e-02 2.988263007262179638e+00 1.362803251231315543e-02 1.778611770707732576e-01 0.000000000000000000e+00 1.000000000000000000e+00 1.000000000000000000e+00 0.000000000000000000e+00 0.000000000000000000e+00 -1.000000000000000000e+00 -1.000000000000000000e+00
1.310000000000000000e+02 1.855497487200399701e+04 2.357834701977524716e+01 -7.042654380345628184e-02 1.884214854595365418e+00 3.116401841268717554e+00 1.000000000000000021e-02 0.000000000000000000e+00 1.000000000000000000e+00 1.000000000000000000e+00 0.000000000000000000e+00 0.000000000000000000e+00 -1.000000000000000000e+00 -1.000000000000000000e+00
1.320000000000000000e+02 4.827218573668753379e+04 2.258723823746634451e+01 1.925616182897623221e-02 1.457871124372800864e+00 -5.050676877596380586e-03 8.357270152517007333e-02 1.570796326794896558e+00 1.000000000000000000e+00 1.000000000000000000e+00 0.000000000000000000e+00 0.000000000000000000e+00 -1.000000000000000000e+00 -1.000000000000000000e+00
1.330000000000000000e+02 3.304126497617209679e+04 1.599290394211501720e+01 1.262878702944220943e-01 1.479389627822382813e+00 -2.830400546962947086e-02 1.663194391283643117e-02 1.570796326794896558e+00 1.000000000000000000e+00 1.000000000000000000e+00 0.000000000000000000e+00 0.000000000000000000e+00 -1.000000000000000000e+00 -1.000000000000000000e+00
1.340000000000000000e+02 4.451348253477494291e+04 3.400532108146788346e+01 7.319498106163174755e-02 1.541102635173090984e+00 -6.284753082063623819e-03 1.930016768740177024e-01 1.570796326794896558e+00 1.000000000000000000e+00 1.000000000000000000e+00 0.000000000000000000e+00 0.000000000000000000e+00 -1.000000000000000000e+00 -1.000000000000000000e+00
1.350000000000000000e+02 3.886189300962442212e+04 2.704041136684777413e+01 2.784491526971322878e-02 9.036133818903890891e-01 3.185350460676517059e+00 7.411340266528519682e-02 1.570796326794896558e+00 1.000000000000000000e+00 1.000000000000000000e+00 0.000000000000000000e+00 0.000000000000000000e+00 -1.000000000000000000e+00 -1.000000000000000000e+00
1.370000000000000000e+02 3.285806644342711661e+04 1.081471545983969662e+01 6.780422984556726262e-02 1.221545580935242015e+00 -4.141357531451213964e-02 3.406596644640406957e-02 1.570796326794896558e+00 1.000000000000000000e+00 1.000000000000000000e+00 0.000000000000000000e+00 0.000000000000000000e+00 -1.000000000000000000e+00 -1.000000000000000000e+00
1.390000000000000000e+02 4.702856680963007238e+04 1.021688991883711495e+01 -2.122883417317926458e-01 2.712528322732951302e+00 -7.845376140712541704e-03 2.735262192448126850e-01 0.000000000000000000e+00 1.000000000000000000e+00 1.000000000000000000e+00 0.000000000000000000e+00 0.000000000000000000e+00 -1.000000000000000000e+00 -1.000000000000000000e+00
1.400000000000000000e+02 4.650528394670390117e+04 1.066466983562797566e+01 -1.120606780770117515e-03 6.829930019811208952e-01 3.103082773982457798e+00 2.396437123546179271e-01 0.000000000000000000e+00 1.000000000000000000e+00 1.000000000000000000e+00 0.000000000000000000e+00 0.000000000000000000e+00 -1.000000000000000000e+00 -1.000000000000000000e+00
1.410000000000000000e+02 1.607689289627036851e+04 1.156489968634035925e+01 1.009852998491267417e-02 3.453943618063426979e-01 -2.993762561886507446e-03 7.936783606680498926e-02 1.570796326794896558e+00 1.000000000000000000e+00 1.000000000000000000e+00 0.000000000000000000e+00 0.000000000000000000e+00 -1.000000000000000000e+00 -1.000000000000000000e+00
1.430000000000000000e+02 1.484242153692149259e+04 1.640361210529565739e+01 1.141949330287089781e-02 1.228012530389749113e+00 3.132899166848565287e+00 1.419218119804764068e-02 1.570796326794896558e+00 1.000000000000000000e+00 1.000000000000000000e+00 0.000000000000000000e+00 0.000000000000000000e+00 -1.000000000000000000e+00 -1.000000000000000000e+00
1.440000000000000000e+02 2.958143283137067556e+04 1.087469266217278907e+01 -5.489003054255438274e-02 2.189299852965423288e+00 -3.075728505194432957e-02 8.927048617251046037e-02 0.000000000000000000e+00 1.000000000000000000e+00 1.000000000000000000e+00 0.000000000000000000e+00 0.000000000000000000e+00 -1.000000000000000000e+00 -1.000000000000000000e+00
1.450000000000000000e+02 4.625288665421010228e+04 1.049384047671483344e+01 -2.091926119386929017e-02 2.179158187669379743e+00 3.141167218379289583e+00 2.401268478582380406e-01 0.000000000000000000e+00 1.000000000000000000e+00 1.000000000000000000e+00 0.000000000000000000e+00 0.000000000000000000e+00 -1.000000000000000000e+00 -1.000000000000000000e+00
1.460000000000000000e+02 3.111328683014191483e+03 1.685013395368445899e+01 3.908754738440434195e-03 1.347672370012255483e+00 3.128529251134561040e+00 9.000000000000001055e-02 0.000000000000000000e+00 1.000000000000000000e+00 1.000000000000000000e+00 0.000000000000000000e+00 0.000000000000000000e+00 -1.000000000000000000e+00 -1.000000000000000000e+00
1.490000000000000000e+02 3.211589302094392042e+04 1.314969797248020278e+01 -7.873112079512880473e-03 7.198797622477437486e-01 3.178878218886673768e+00 4.471444129940442547e-02 0.000000000000000000e+00 1.000000000000000000e+00 1.000000000000000000e+00 0.000000000000000000e+00 0.000000000000000000e+00 -1.000000000000000000e+00 -1.000000000000000000e+00
1.510000000000000000e+02 7.914205159874197761e+02 1.431615204906069039e+01 5.886280549215562596e-02 1.035410581965813037e+00 3.135475098472876088e+00 9.000000000000001055e-02 0.000000000000000000e+00 1.000000000000000000e+00 1.000000000000000000e+00 0.000000000000000000e+00 0.000000000000000000e+00 -1.000000000000000000e+00 -1.000000000000000000e+00
1.520000000000000000e+02 2.412586954814696583e+04 1.373694465836972789e+01 7.466848094842330752e-02 1.485005211535392222e+00 3.726752777859484306e-02 2.398668935292178339e-01 1.570796326794896558e+00 1.000000000000000000e+00 1.000000000000000000e+00 0.000000000000000000e+00 0.000000000000000000e+00 -1.000000000000000000e+00 -1.000000000000000000e+00
1.570000000000000000e+02 1.996394810899679578e+04 1.441436976548489923e+01 -3.366858146402774282e-02 2.926834136830172017e+00 3.120707086064584246e+00 2.509245558849468663e-02 0.000000000000000000e+00 1.000000000000000000e+00 1.000000000000000000e+00 0.000000000000000000e+00 0.000000000000000000e+00 -1.000000000000000000e+00 -1.000000000000000000e+00
1.580000000000000000e+02 7.777976332775318951e+03 1.174413757564689575e+01 7.718445732468455500e-02 4.563153224988603651e-01 -1.835734254827718626e-02 4.550322875610200019e-02 0.000000000000000000e+00 1.000000000000000000e+00 1.000000000000000000e+00 0.000000000000000000e+00 0.000000000000000000e+00 -1.000000000000000000e+00 -1.000000000000000000e+00
1.590000000000000000e+02 1.337928678956044860e+04 2.757015575272745878e+01 -7.529075551996429125e-04 1.340173791263196801e+00 3.125547353979498233e+00 9.000000000000001055e-02 0.000000000000000000e+00 1.000000000000000000e+00 1.000000000000000000e+00 0.000000000000000000e+00 0.000000000000000000e+00 -1.000000000000000000e+00 -1.000000000000000000e+00
1.610000000000000000e+02 2.231622758209829772e+04 1.166683709838239125e+01 5.254181643462553335e-03 1.377541065213433669e+00 2.849206244859632878e-02 1.990167552282051111e-01 1.570796326794896558e+00 1.000000000000000000e+00 1.000000000000000000e+00 0.000000000000000000e+00 0.000000000000000000e+00 -1.000000000000000000e+00 -1.000000000000000000e+00
1.630000000000000000e+02 3.850210992635040748e+04 1.106533851726738149e+01 1.664929690652672961e-02 1.104527856936750929e+00 3.127264381574562879e+00 1.542932206446019083e-01 1.570796326794896558e+00 1.000000000000000000e+00 1.000000000000000000e+00 0.000000000000000000e+00 0.000000000000000000e+00 -1.000000000000000000e+00 -1.000000000000000000e+00
1.670000000000000000e+02 4.711861185416596709e+04 2.013150194973407991e+01 -9.210804973001007756e-02 2.249980729884950126e+00 -3.042482223189294302e-02 3.199651360285682422e-02 0.000000000000000000e+00 1.000000000000000000e+00 1.000000000000000000e+00 0.000000000000000000e+00 0.000000000000000000e+00 -1.000000000000000000e+00 -1.000000000000000000e+00
1.680000000000000000e+02 3.059269247275400994e+04 1.008111015624239748e+01 -8.454325945723874247e-02 2.412677548228767233e+00 3.113412176530129472e+00 2.203979650654130096e-01 0.000000000000000000e+00 1.000000000000000000e+00 1.000000000000000000e+00 0.000000000000000000e+00 0.000000000000000000e+00 -1.000000000000000000e+00 -1.000000000000000000e+00
1.710000000000000000e+02 2.325455774504894362e+04 1.728067415923496242e+01 1.010633532875393481e-02 1.595511578785127949e+00 3.145725655141783150e+00 1.005696095559914169e-02 1.570796326794896558e+00 1.000000000000000000e+00 1.000000000000000000e+00 0.000000000000000000e+00 0.000000000000000000e+00 -1.000000000000000000e+00 -1.000000000000000000e+00
1.720000000000000000e+02 4.925830391022200638e+04 2.107785969140660498e+01 1.573782412108941098e-01 1.444278931644456643e+00 1.482850429201114373e-02 7.179777006600256140e-02 1.570796326794896558e+00 1.000000000000000000e+00 1.000000000000000000e+00 0.000000000000000000e+00 0.000000000000000000e+00 -1.000000000000000000e+00 -1.000000000000000000e+00
1.750000000000000000e+02 2.540067699477239512e+04 1.636033354356842651e+01 -1.694974372052269473e-01 2.859838443529957086e+00 -2.300076460844074216e-02 1.867320701377779557e-01 1.570796326794896558e+00 1.000000000000000000e+00 1.000000000000000000e+00 0.000000000000000000e+00 0.000000000000000000e+00 -1.000000000000000000e+00 -1.000000000000000000e+00
1.790000000000000000e+02 1.974455198696332081e+04 2.598690187485127367e+01 3.809286598451486205e-02 1.268371753645078481e+00 3.117761148835339391e+00 1.000000000000000056e-01 1.570796326794896558e+00 1.000000000000000000e+00 1.000000000000000000e+00 0.000000000000000000e+00 0.000000000000000000e+00 -1.000000000000000000e+00 -1.000000000000000000e+00
1.820000000000000000e+02 3.696177362438786804e+04 1.395769978442174342e+01 1.633579882953663243e-02 7.021964744541848713e-01 1.425675816861178904e-02 7.646970506881969887e-02 1.570796326794896558e+00 1.000000000000000000e+00 1.000000000000000000e+00 0.000000000000000000e+00 0.000000000000000000e+00 -1.000000000000000000e+00 -1.000000000000000000e+00
1.840000000000000000e+02 1.934543624277280105e+04 1.027307993301135802e+01 2.668556944047928425e-02 1.144907469646657239e+00 2.382296808388279993e-02 1.031247380976504577e-02 1.570796326794896558e+00 1.000000000000000000e+00 1.000000000000000000e+00 0.000000000000000000e+00 0.000000000000000000e+00 -1.000000000000000000e+00 -1.000000000000000000e+00
1.860000000000000000e+02 2.647082303190608218e+04 2.253480549858367255e+01 5.980952375314942115e-02 3.370228119807259226e-01 3.163603745844655535e+00 1.000000000000000056e-01 1.570796326794896558e+00 1.000000000000000000e+00 1.000000000000000000e+00 0.000000000000000000e+00 0.000000000000000000e+00 -1.000000000000000000e+00 -1.000000000000000000e+00
1.890000000000000000e+02 9.372946712954035320e+03 1.236121729237402000e+01 -1.304142298482630427e-03 1.135608843055549988e+00 3.131447192683052272e+00 5.350440962073577111e-02 0.000000000000000000e+00 1.000000000000000000e+00 1.000000000000000000e+00 0.000000000000000000e+00 0.000000000000000000e+00 -1.000000000000000000e+00 -1.000000000000000000e+00
1.900000000000000000e+02 1.784462891798990086e+03 1.352557345915749210e+01 -3.827466727670817553e-03 3.990921773022805263e-01 -1.266130768194532845e-02 9.000000000000001055e-02 1.570796326794896558e+00 1.000000000000000000e+00 1.000000000000000000e+00 0.000000000000000000e+00 0.000000000000000000e+00 -1.000000000000000000e+00 -1.000000000000000000e+00
1.920000000000000000e+02 4.583317970722530299e+04 3.012411360446337127e+01 2.156878798091874799e-02 1.304353557307619482e+00 3.147699719614422520e+00 9.845283430746684661e-02 1.570796326794896558e+00 1.000000000000000000e+00 1.000000000000000000e+00 0.000000000000000000e+00 0.000000000000000000e+00 -1.000000000000000000e+00 -1.000000000000000000e+00
1.930000000000000000e+02 2.038544835781605798e+04 1.364614775653617684e+01 -8.823415153026935298e-02 2.028966126358493494e+00 3.146151839986290000e+00 1.117778856662087067e-01 1.570796326794896558e+00 1.000000000000000000e+00 1.000000000000000000e+00 0.000000000000000000e+00 0.000000000000000000e+00 -1.000000000000000000e+00 -1.000000000000000000e+00
1.940000000000000000e+02 3.945176872869279759e+04 1.374942503153339679e+01 3.690687830231594024e-02 1.432257568773981360e+00 3.222470251322278462e-02 1.481925483507973151e-01 1.570796326794896558e+00 1.000000000000000000e+00 1.000000000000000000e+00 0.000000000000000000e+00 0.000000000000000000e+00 -1.000000000000000000e+00 -1.000000000000000000e+00
1.950000000000000000e+02 4.365438298274423141e+04 1.384684862438080799e+01 2.172639291754617508e-02 4.757514016962284265e-01 3.164113632026402279e+00 5.817701314678606211e-02 0.000000000000000000e+00 1.000000000000000000e+00 1.000000000000000000e+00 0.000000000000000000e+00 0.000000000000000000e+00 -1.000000000000000000e+00 -1.000000000000000000e+00
1.980000000000000000e+02 3.740223186266191624e+04 2.952735510074556657e+01 -1.066249532885785167e-01 1.770815012970292868e+00 -1.824783114031308662e-02 5.681987258599808382e-02 1.570796326794896558e+00 1.000000000000000000e+00 1.000000000000000000e+00 0.000000000000000000e+00 0.000000000000000000e+00 -1.000000000000000000e+00 -1.000000000000000000e+00
1.990000000000000000e+02 1.495761663484075507e+04 1.908283974241791725e+01 3.746193056915245873e-02 1.360500979661312115e+00 3.115913831553767999e+00 2.866546010790445992e-02 0.000000000000000000e+00 1.000000000000000000e+00 1.000000000000000000e+00 0.000000000000000000e+00 0.000000000000000000e+00 -1.000000000000000000e+00 -1.000000000000000000e+00
3.650000000000000000e+02 2.522551547290372014e+02 3.598105477000444807e+01 1.175523036958156520e-01 1.310826823063757085e-01 0.000000000000000000e+00 8.125571450226785897e-02 -1.000000000000000000e+00 1.000000000000000000e+00 1.000000000000000000e+00 2.400000000000000000e+01 0.000000000000000000e+00 -1.000000000000000000e+00 -1.000000000000000000e+00
6.000000000000000000e+00 5.000000000000000000e+04 3.474239593424766781e+01 -2.084352380174303576e-02 3.100000000000000089e+00 4.202887110899463513e-02 1.093581620798428078e-01 1.570796326794896558e+00 1.000000000000000000e+00 1.000000000000000000e+00 0.000000000000000000e+00 0.000000000000000000e+00 -1.000000000000000000e+00 -1.000000000000000000e+00
8.000000000000000000e+00 2.329967904937656203e+04 1.317693162942607543e+01 1.936981217849047254e-01 3.583401438035457853e-01 1.647853552660820051e-02 3.355190185800457914e-02 1.570796326794896558e+00 1.000000000000000000e+00 1.000000000000000000e+00 0.000000000000000000e+00 0.000000000000000000e+00 -1.000000000000000000e+00 -1.000000000000000000e+00
2.100000000000000000e+01 3.278055129393730022e+04 1.077069201142586508e+01 5.435059791045643296e-02 1.138629933446451581e+00 0.000000000000000000e+00 6.688683535506451117e-02 1.570796326794896558e+00 1.000000000000000000e+00 1.000000000000000000e+00 0.000000000000000000e+00 0.000000000000000000e+00 -1.000000000000000000e+00 -1.000000000000000000e+00
2.500000000000000000e+01 4.279182104832719779e+04 1.899767964618872540e+01 -1.320452190476088805e-02 1.289569552736625546e+00 3.370291142124755973e-02 4.539702391172049933e-02 1.570796326794896558e+00 1.000000000000000000e+00 1.000000000000000000e+00 0.000000000000000000e+00 0.000000000000000000e+00 -1.000000000000000000e+00 -1.000000000000000000e+00
5.800000000000000000e+01 4.880229675995610887e+04 3.351995294823324656e+01 -4.599203365858413328e-02 2.620011703433264838e+00 0.000000000000000000e+00 1.404541699252433509e-02 1.570796326794896558e+00 1.000000000000000000e+00 1.000000000000000000e+00 0.000000000000000000e+00 0.000000000000000000e+00 -1.000000000000000000e+00 -1.000000000000000000e+00
7.100000000000000000e+01 3.925883372162777960e+04 2.486939380445993919e+01 6.794919219581403713e-02 1.013231407804939144e+00 0.000000000000000000e+00 1.059386655790778842e-01 1.570796326794896558e+00 1.000000000000000000e+00 1.000000000000000000e+00 0.000000000000000000e+00 0.000000000000000000e+00 -1.000000000000000000e+00 -1.000000000000000000e+00
7.200000000000000000e+01 5.000000000000000000e+04 3.407006988779200896e+01 -1.155767998173767158e-02 6.856358247308549370e-01 3.807649909020617562e-02 2.993336567501268461e-02 1.570796326794896558e+00 1.000000000000000000e+00 1.000000000000000000e+00 0.000000000000000000e+00 0.000000000000000000e+00 -1.000000000000000000e+00 -1.000000000000000000e+00
7.500000000000000000e+01 2.617895673479752077e+04 3.671620784061767750e+01 2.346021864759026410e-02 9.876624692396209770e-01 1.891838471744056172e-02 5.716992422007834834e-02 1.570796326794896558e+00 1.000000000000000000e+00 1.000000000000000000e+00 0.000000000000000000e+00 0.000000000000000000e+00 -1.000000000000000000e+00 -1.000000000000000000e+00
8.800000000000000000e+01 4.483480087059963262e+04 1.307740990346948351e+01 7.331468926481715664e-02 1.195622785217161477e+00 1.386718694744590134e-02 4.583349576501456052e-02 1.570796326794896558e+00 1.000000000000000000e+00 1.000000000000000000e+00 0.000000000000000000e+00 0.000000000000000000e+00 -1.000000000000000000e+00 -1.000000000000000000e+00
9.100000000000000000e+01 3.356304261824626155e+04 1.018178112707830074e+01 -9.125161750251870735e-03 6.669896274281887916e-01 0.000000000000000000e+00 1.920672696636752663e-01 1.570796326794896558e+00 1.000000000000000000e+00 1.000000000000000000e+00 0.000000000000000000e+00 0.000000000000000000e+00 -1.000000000000000000e+00 -1.000000000000000000e+00
9.300000000000000000e+01 4.973610168081308802e+04 3.717213323044899198e+01 -1.340352912376833738e-01 2.161740569126715084e+00 4.748054909482589403e-02 2.155767065406706193e-02 1.570796326794896558e+00 1.000000000000000000e+00 1.000000000000000000e+00 0.000000000000000000e+00 0.000000000000000000e+00 -1.000000000000000000e+00 -1.000000000000000000e+00
1.030000000000000000e+02 1.469278748592443844e+04 1.039568260195331106e+01 -2.978051455660868721e-02 2.384031646001682603e+00 0.000000000000000000e+00 1.000000000000000056e-01 1.570796326794896558e+00 1.000000000000000000e+00 1.000000000000000000e+00 0.000000000000000000e+00 0.000000000000000000e+00 -1.000000000000000000e+00 -1.000000000000000000e+00
1.090000000000000000e+02 4.495155592829827219e+04 3.876977615026406454e+01 -1.124527650815838747e-01 2.691278117058107711e+00 0.000000000000000000e+00 1.390345536952246885e-01 1.570796326794896558e+00 1.000000000000000000e+00 1.000000000000000000e+00 0.000000000000000000e+00 0.000000000000000000e+00 -1.000000000000000000e+00 -1.000000000000000000e+00
1.170000000000000000e+02 6.930000000000001137e+02 3.123037084216426607e+01 -1.034949024106906201e-01 2.871185148156131905e+00 0.000000000000000000e+00 9.000000000000001055e-02 1.570796326794896558e+00 1.000000000000000000e+00 1.000000000000000000e+00 0.000000000000000000e+00 0.000000000000000000e+00 -1.000000000000000000e+00 -1.000000000000000000e+00
1.190000000000000000e+02 4.264673043145074917e+04 1.032488947035318283e+01 -1.337873707578266791e-01 2.160467368727629012e+00 0.000000000000000000e+00 2.620860684331621226e-01 1.570796326794896558e+00 1.000000000000000000e+00 1.000000000000000000e+00 0.000000000000000000e+00 0.000000000000000000e+00 -1.000000000000000000e+00 -1.000000000000000000e+00
1.210000000000000000e+02 2.055463672685450729e+04 1.117492738380262907e+01 2.186385496257226002e-02 1.524053367170557172e+00 0.000000000000000000e+00 1.022259064356616058e-02 1.570796326794896558e+00 1.000000000000000000e+00 1.000000000000000000e+00 0.000000000000000000e+00 0.000000000000000000e+00 -1.000000000000000000e+00 -1.000000000000000000e+00
1.470000000000000000e+02 2.627248513736710083e+04 1.481881500712280797e+01 -1.170421850784948425e-01 2.813973963512945708e+00 0.000000000000000000e+00 1.000000000000000056e-01 1.570796326794896558e+00 1.000000000000000000e+00 1.000000000000000000e+00 0.000000000000000000e+00 0.000000000000000000e+00 -1.000000000000000000e+00 -1.000000000000000000e+00
1.540000000000000000e+02 2.753201239585290386e+04 1.121854956192605002e+01 5.644598173253316531e-02 1.574468309242332831e-01 0.000000000000000000e+00 2.379297005070480087e-01 1.570796326794896558e+00 1.000000000000000000e+00 1.000000000000000000e+00 0.000000000000000000e+00 0.000000000000000000e+00 -1.000000000000000000e+00 -1.000000000000000000e+00
1.620000000000000000e+02 3.887173662643528951e+04 2.386340785117005936e+01 3.774786154826040296e-02 5.497256059416048002e-01 0.000000000000000000e+00 1.258367765312002617e-01 1.570796326794896558e+00 1.000000000000000000e+00 1.000000000000000000e+00 0.000000000000000000e+00 0.000000000000000000e+00 -1.000000000000000000e+00 -1.000000000000000000e+00
1.690000000000000000e+02 1.311512667887757198e+04 3.633899258344150951e+01 -8.197873765087469733e-02 2.100681659000638302e+00 1.230097833262692227e-03 1.000000000000000056e-01 1.570796326794896558e+00 1.000000000000000000e+00 1.000000000000000000e+00 0.000000000000000000e+00 0.000000000000000000e+00 -1.000000000000000000e+00 -1.000000000000000000e+00
1.740000000000000000e+02 4.752112240433230181e+04 2.111592824040267757e+01 -1.103795183742081049e-01 3.094032700315326512e+00 0.000000000000000000e+00 3.630230552607924266e-02 1.570796326794896558e+00 1.000000000000000000e+00 1.000000000000000000e+00 0.000000000000000000e+00 0.000000000000000000e+00 -1.000000000000000000e+00 -1.000000000000000000e+00
1.800000000000000000e+02 3.897122020164728019e+04 1.223964899371390302e+01 -3.262150017628616394e-02 2.146530688761693728e+00 1.853689330445064745e-02 5.159706607698134190e-02 1.570796326794896558e+00 1.000000000000000000e+00 1.000000000000000000e+00 0.000000000000000000e+00 0.000000000000000000e+00 -1.000000000000000000e+00 -1.000000000000000000e+00
1.810000000000000000e+02 8.873781487315369304e+03 1.159038272854230911e+01 2.586373740078044825e-02 3.517308160421922514e-01 0.000000000000000000e+00 5.284284374130662765e-02 1.570796326794896558e+00 1.000000000000000000e+00 1.000000000000000000e+00 0.000000000000000000e+00 0.000000000000000000e+00 -1.000000000000000000e+00 -1.000000000000000000e+00
1.870000000000000000e+02 1.956420253995615349e+04 1.500264228367482033e+01 2.005263651155141102e-02 2.279306996736424340e-01 0.000000000000000000e+00 1.261115161342259844e-02 1.570796326794896558e+00 1.000000000000000000e+00 1.000000000000000000e+00 0.000000000000000000e+00 0.000000000000000000e+00 -1.000000000000000000e+00 -1.000000000000000000e+00
1.970000000000000000e+02 5.000000000000000000e+04 3.379266989357647333e+01 -7.079110375104932795e-02 2.779514305407991159e+00 2.757894093340541170e-02 9.399436711400298294e-02 1.570796326794896558e+00 1.000000000000000000e+00 1.000000000000000000e+00 0.000000000000000000e+00 0.000000000000000000e+00 -1.000000000000000000e+00 -1.000000000000000000e+00
3.700000000000000000e+01 1.686448444554282105e+04 1.800889829266677467e+01 -9.520187369623910739e-03 9.886657902545490373e-01 0.000000000000000000e+00 4.741946745858653389e-01 0.000000000000000000e+00 1.000000000000000000e+00 1.000000000000000000e+00 0.000000000000000000e+00 0.000000000000000000e+00 -1.000000000000000000e+00 -1.000000000000000000e+00
4.300000000000000000e+01 7.609855902860614151e+03 1.240383061867240144e+01 -1.893041971799000120e-02 1.910629283797951938e+00 0.000000000000000000e+00 4.199496354659028041e-01 0.000000000000000000e+00 1.000000000000000000e+00 1.000000000000000000e+00 0.000000000000000000e+00 0.000000000000000000e+00 -1.000000000000000000e+00 -1.000000000000000000e+00
5.700000000000000000e+01 8.850445333245992515e+03 1.814201329752657799e+01 -6.466279399647820170e-02 2.285273419482516832e+00 0.000000000000000000e+00 3.772709527691755493e-01 0.000000000000000000e+00 1.000000000000000000e+00 1.000000000000000000e+00 0.000000000000000000e+00 0.000000000000000000e+00 -1.000000000000000000e+00 -1.000000000000000000e+00
6.600000000000000000e+01 1.597068452325903672e+04 3.737488572806903164e+01 -1.671172973941230655e-01 2.830049684648785036e+00 0.000000000000000000e+00 5.249172648294833099e-01 0.000000000000000000e+00 1.000000000000000000e+00 1.000000000000000000e+00 0.000000000000000000e+00 0.000000000000000000e+00 -1.000000000000000000e+00 -1.000000000000000000e+00
7.000000000000000000e+01 2.858558346340249773e+04 1.165421428401415582e+01 -1.436188224037158179e-01 2.678463520979037060e+00 0.000000000000000000e+00 7.279553259066071647e-01 0.000000000000000000e+00 1.000000000000000000e+00 1.000000000000000000e+00 0.000000000000000000e+00 0.000000000000000000e+00 -1.000000000000000000e+00 -1.000000000000000000e+00
7.400000000000000000e+01 1.724619626421987778e+04 1.430485104206460001e+01 1.154319125202206420e-01 1.124611513975084742e+00 0.000000000000000000e+00 6.543031108198218426e-01 0.000000000000000000e+00 1.000000000000000000e+00 1.000000000000000000e+00 0.000000000000000000e+00 0.000000000000000000e+00 -1.000000000000000000e+00 -1.000000000000000000e+00
1.380000000000000000e+02 2.275098032380811856e+04 1.333388530594355181e+01 -1.163334323435348261e-01 2.012588752037103301e+00 0.000000000000000000e+00 7.279179878868919928e-01 0.000000000000000000e+00 1.000000000000000000e+00 1.000000000000000000e+00 0.000000000000000000e+00 0.000000000000000000e+00 -1.000000000000000000e+00 -1.000000000000000000e+00
1.600000000000000000e+02 2.361108704167371252e+04 2.359849021550898840e+01 -2.344514736233431658e-03 1.171562276702125205e+00 0.000000000000000000e+00 7.269400937130041651e-01 0.000000000000000000e+00 1.000000000000000000e+00 1.000000000000000000e+00 0.000000000000000000e+00 0.000000000000000000e+00 -1.000000000000000000e+00 -1.000000000000000000e+00
1.760000000000000000e+02 8.875119888450821236e+03 2.077695027655613913e+01 -5.081620839639477104e-03 1.141681521421505474e+00 0.000000000000000000e+00 5.832942675640344632e-01 0.000000000000000000e+00 1.000000000000000000e+00 1.000000000000000000e+00 0.000000000000000000e+00 0.000000000000000000e+00 -1.000000000000000000e+00 -1.000000000000000000e+00
1.960000000000000000e+02 6.456485035471374431e+03 1.466028330202038710e+01 -2.923532769062154105e-02 1.760796257685714572e+00 0.000000000000000000e+00 8.018076902171218379e-01 0.000000000000000000e+00 1.000000000000000000e+00 1.000000000000000000e+00 0.000000000000000000e+00 0.000000000000000000e+00 -1.000000000000000000e+00 -1.000000000000000000e+00
3.660000000000000000e+02 9.861659135158595291e+02 1.374046195781976110e+01 -5.933451097689465548e-02 2.291413825896366330e+00 0.000000000000000000e+00 9.000000000000001055e-02 -1.000000000000000000e+00 1.000000000000000000e+00 1.000000000000000000e+00 2.400000000000000000e+01 1.000000000000000000e+05 -1.000000000000000000e+00 -1.000000000000000000e+00
