# id_num orb_a mass spin spin_angle orb_inc orb_ecc orb_arg_periapse orb_ang_mom gen galaxy time_passed star_X star_Y star_Z radius
2.450000000000000000e+02 5.966050704441910568e+01 2.031121189598618685e+03 9.359999999999999432e-01 8.296829149776793200e-01 0.000000000000000000e+00 2.333992729125038135e-02 1.570796326794896558e+00 1.736669885874844928e+18 1.000000000000000000e+00 0.000000000000000000e+00 0.000000000000000000e+00 7.273999999999999355e-01 2.637999999999999790e-01 8.800000000000000530e-03 4.391295990621804890e+02
2.460000000000000000e+02 4.286551170693057600e+01 2.204857069895416316e+03 9.359999999999999432e-01 1.260378074284123073e+00 0.000000000000000000e+00 4.090277164608571714e-01 1.570796326794896558e+00 1.898721280015303168e+18 1.000000000000000000e+00 0.000000000000000000e+00 0.000000000000000000e+00 7.273999999999999355e-01 2.637999999999999790e-01 8.800000000000000530e-03 4.689304071820426998e+02
2.470000000000000000e+02 6.166411374419828917e+01 1.994533955244625758e+03 9.359999999999999432e-01 1.821390763722913864e+00 0.000000000000000000e+00 2.112161983944090687e-02 1.570796326794896558e+00 1.729959840191175936e+18 1.000000000000000000e+00 0.000000000000000000e+00 0.000000000000000000e+00 7.273999999999999355e-01 2.637999999999999790e-01 8.800000000000000530e-03 4.327899716986353837e+02
2.490000000000000000e+02 4.505778717804394518e+01 2.230879013436887362e+03 9.359999999999999432e-01 9.456428407239932943e-01 0.000000000000000000e+00 6.153230757167802434e-01 0.000000000000000000e+00 1.963186780637232640e+18 1.000000000000000000e+00 0.000000000000000000e+00 0.000000000000000000e+00 7.273999999999999355e-01 2.637999999999999790e-01 8.800000000000000530e-03 4.733526971550455755e+02
2.520000000000000000e+02 4.816908401474153578e+01 2.676878054340691051e+03 9.359999999999999432e-01 7.585269861542072167e-01 0.000000000000000000e+00 3.286509852624018846e-01 1.570796326794896558e+00 2.408487673381729280e+18 1.000000000000000000e+00 0.000000000000000000e+00 0.000000000000000000e+00 7.273999999999999355e-01 2.637999999999999790e-01 8.800000000000000530e-03 5.476548164568719130e+02
2.550000000000000000e+02 6.577841166628664382e+01 2.783786334414198791e+03 9.359999999999999432e-01 9.415168868847509920e-01 0.000000000000000000e+00 5.806371064293267686e-02 1.570796326794896558e+00 2.563000865794618880e+18 1.000000000000000000e+00 0.000000000000000000e+00 0.000000000000000000e+00 7.273999999999999355e-01 2.637999999999999790e-01 8.800000000000000530e-03 5.650836745050793297e+02
2.560000000000000000e+02 4.616563328509123210e+01 2.844108655784913935e+03 9.359999999999999432e-01 7.481053662538200699e-01 0.000000000000000000e+00 5.725898135921455578e-01 1.570796326794896558e+00 2.639003920699324928e+18 1.000000000000000000e+00 0.000000000000000000e+00 0.000000000000000000e+00 7.273999999999999355e-01 2.637999999999999790e-01 8.800000000000000530e-03 5.748585418573849211e+02
2.570000000000000000e+02 5.350855704121365619e+01 3.033788270112697774e+03 9.359999999999999432e-01 8.432025730442495037e-01 0.000000000000000000e+00 4.887498731441133892e-01 0.000000000000000000e+00 2.835842313759955456e+18 1.000000000000000000e+00 0.000000000000000000e+00 0.000000000000000000e+00 7.273999999999999355e-01 2.637999999999999790e-01 8.800000000000000530e-03 6.053300808292706279e+02
2.580000000000000000e+02 5.496504585797165987e+01 3.068796638235787668e+03 9.359999999999999432e-01 4.825128428776457312e-01 0.000000000000000000e+00 4.063047815789993522e-01 1.570796326794896558e+00 2.890806647086782976e+18 1.000000000000000000e+00 0.000000000000000000e+00 0.000000000000000000e+00 7.273999999999999355e-01 2.637999999999999790e-01 8.800000000000000530e-03 6.109118220818345435e+02
2.590000000000000000e+02 9.158233832703926680e+01 3.224957125540410289e+03 9.359999999999999432e-01 7.440856289431142523e-01 0.000000000000000000e+00 5.569092964277302937e-02 0.000000000000000000e+00 3.062022830770151936e+18 1.000000000000000000e+00 0.000000000000000000e+00 0.000000000000000000e+00 7.273999999999999355e-01 2.637999999999999790e-01 8.800000000000000530e-03 6.356575327464436214e+02
2.600000000000000000e+02 5.933271373081706201e+01 3.421925358023089757e+03 9.359999999999999432e-01 1.789575666054300962e+00 0.000000000000000000e+00 3.250522555899795218e-01 0.000000000000000000e+00 3.274195010426048000e+18 1.000000000000000000e+00 0.000000000000000000e+00 0.000000000000000000e+00 7.273999999999999355e-01 2.637999999999999790e-01 8.800000000000000530e-03 6.665311754972540257e+02
2.620000000000000000e+02 9.238887252685512408e+01 3.797191982430260850e+03 9.359999999999999432e-01 7.698655314888919188e-01 0.000000000000000000e+00 1.249821932881940711e-02 0.000000000000000000e+00 3.690396123651204608e+18 1.000000000000000000e+00 0.000000000000000000e+00 0.000000000000000000e+00 7.273999999999999355e-01 2.637999999999999790e-01 8.800000000000000530e-03 7.243927346239080407e+02
2.650000000000000000e+02 8.411424875617589692e+01 4.042460307817807461e+03 9.359999999999999432e-01 1.409091188377381121e+00 0.000000000000000000e+00 6.173973455844380953e-02 0.000000000000000000e+00 4.023638687554223616e+18 1.000000000000000000e+00 0.000000000000000000e+00 0.000000000000000000e+00 7.273999999999999355e-01 2.637999999999999790e-01 8.800000000000000530e-03 7.615889832828216868e+02
2.660000000000000000e+02 9.799144697424426909e+01 4.008339438786594201e+03 9.359999999999999432e-01 1.758904256442232361e+00 0.000000000000000000e+00 5.142486243509685612e-02 1.570796326794896558e+00 4.020782267452835840e+18 1.000000000000000000e+00 0.000000000000000000e+00 0.000000000000000000e+00 7.273999999999999355e-01 2.637999999999999790e-01 8.800000000000000530e-03 7.564420016462843250e+02
2.670000000000000000e+02 1.001816039060120715e+02 4.877006561767453604e+03 9.359999999999999432e-01 1.796260769913838429e+00 0.000000000000000000e+00 4.010542458432932861e-02 0.000000000000000000e+00 4.932875153370725376e+18 1.000000000000000000e+00 0.000000000000000000e+00 0.000000000000000000e+00 7.273999999999999355e-01 2.637999999999999790e-01 8.800000000000000530e-03 8.849662608329365412e+02
2.710000000000000000e+02 1.210062949432409454e+02 5.179583061750794514e+03 9.359999999999999432e-01 7.966666110326598993e-01 0.000000000000000000e+00 1.000000000000000056e-01 1.570796326794896558e+00 5.412987963456697344e+18 1.000000000000000000e+00 0.000000000000000000e+00 0.000000000000000000e+00 7.273999999999999355e-01 2.637999999999999790e-01 8.800000000000000530e-03 9.286239563483507027e+02
2.720000000000000000e+02 1.179709059627671905e+02 5.700138793952099149e+03 9.359999999999999432e-01 1.224384703012470821e+00 0.000000000000000000e+00 3.858104912557529936e-02 1.570796326794896558e+00 6.005849206346085376e+18 1.000000000000000000e+00 0.000000000000000000e+00 0.000000000000000000e+00 7.273999999999999355e-01 2.637999999999999790e-01 8.800000000000000530e-03 1.002564646786193180e+03
2.730000000000000000e+02 1.211097438609211849e+02 5.317244867306768356e+03 9.359999999999999432e-01 1.319630900729511724e+00 0.000000000000000000e+00 3.535253410266440965e-02 1.570796326794896558e+00 5.649703486616457216e+18 1.000000000000000000e+00 0.000000000000000000e+00 0.000000000000000000e+00 7.273999999999999355e-01 2.637999999999999790e-01 8.800000000000000530e-03 9.483166380627471881e+02
2.750000000000000000e+02 1.329358029268016423e+02 6.190902287287515719e+03 9.359999999999999432e-01 9.769957460770820612e-01 0.000000000000000000e+00 2.799033707290167483e-02 0.000000000000000000e+00 6.688702165460791296e+18 1.000000000000000000e+00 0.000000000000000000e+00 0.000000000000000000e+00 7.273999999999999355e-01 2.637999999999999790e-01 8.800000000000000530e-03 1.071043725375111308e+03
2.760000000000000000e+02 1.290466583450524638e+02 6.180099391849408676e+03 9.359999999999999432e-01 1.257321515330930728e+00 0.000000000000000000e+00 1.129047103788151721e-02 1.570796326794896558e+00 6.734147452800890880e+18 1.000000000000000000e+00 0.000000000000000000e+00 0.000000000000000000e+00 7.273999999999999355e-01 2.637999999999999790e-01 8.800000000000000530e-03 1.069548318956366074e+03
2.780000000000000000e+02 1.364910704842803284e+02 6.978343633467631662e+03 9.359999999999999432e-01 4.276579115213158255e-01 0.000000000000000000e+00 2.889293078366763842e-02 0.000000000000000000e+00 7.735238676344735744e+18 1.000000000000000000e+00 0.000000000000000000e+00 0.000000000000000000e+00 7.273999999999999355e-01 2.637999999999999790e-01 8.800000000000000530e-03 1.178707163462363951e+03
2.790000000000000000e+02 1.404782777937561491e+02 6.889485011281221887e+03 9.359999999999999432e-01 1.150054481868217460e+00 0.000000000000000000e+00 1.247994051727412818e-02 0.000000000000000000e+00 7.702779680339123200e+18 1.000000000000000000e+00 0.000000000000000000e+00 0.000000000000000000e+00 7.273999999999999355e-01 2.637999999999999790e-01 8.800000000000000530e-03 1.166684557246189797e+03
2.820000000000000000e+02 1.463736949094095792e+02 7.274251067745775799e+03 9.359999999999999432e-01 5.954917879720875717e-01 0.000000000000000000e+00 1.000000000000000056e-01 0.000000000000000000e+00 8.347428673210935296e+18 1.000000000000000000e+00 0.000000000000000000e+00 0.000000000000000000e+00 7.273999999999999355e-01 2.637999999999999790e-01 8.800000000000000530e-03 1.218525636919443514e+03
2.850000000000000000e+02 1.450294296416630857e+02 8.797113145650720980e+03 9.359999999999999432e-01 1.105615929138380249e+00 0.000000000000000000e+00 3.991383160347395515e-02 1.570796326794896558e+00 1.036620339403461222e+19 1.000000000000000000e+00 0.000000000000000000e+00 0.000000000000000000e+00 7.273999999999999355e-01 2.637999999999999790e-01 8.800000000000000530e-03 1.418653010162768851e+03
2.860000000000000000e+02 1.521138739740213452e+02 8.984098031951780285e+03 9.359999999999999432e-01 1.127300707093701782e+00 0.000000000000000000e+00 1.516112080184824941e-02 0.000000000000000000e+00 1.068117475156001792e+19 1.000000000000000000e+00 0.000000000000000000e+00 0.000000000000000000e+00 7.273999999999999355e-01 2.637999999999999790e-01 8.800000000000000530e-03 1.442725232474653467e+03
2.870000000000000000e+02 1.320198896035775249e+02 9.830068379943295440e+03 9.379999999999999449e-01 1.636797625551484892e+00 0.000000000000000000e+00 4.934234958601683291e-02 1.570796326794896558e+00 1.179466259277316915e+19 1.000000000000000000e+00 0.000000000000000000e+00 0.000000000000000000e+00 7.273999999999999355e-01 2.637999999999999790e-01 8.800000000000000530e-03 1.550419681456925673e+03
2.880000000000000000e+02 1.468350313483983030e+02 1.037522465927448684e+04 9.359999999999999432e-01 1.739017632659596302e+00 0.000000000000000000e+00 1.121257955236447737e-02 1.570796326794896558e+00 1.256021926911653478e+19 1.000000000000000000e+00 0.000000000000000000e+00 0.000000000000000000e+00 7.273999999999999355e-01 2.637999999999999790e-01 8.800000000000000530e-03 1.618833001216877392e+03
2.890000000000000000e+02 1.589325316656186828e+02 1.080376965971406753e+04 9.359999999999999432e-01 4.248025624286612678e-01 0.000000000000000000e+00 1.903533997486463875e-02 1.570796326794896558e+00 1.320092968002221056e+19 1.000000000000000000e+00 0.000000000000000000e+00 0.000000000000000000e+00 7.273999999999999355e-01 2.637999999999999790e-01 8.800000000000000530e-03 1.672107884560633465e+03
2.950000000000000000e+02 1.621149219090371503e+02 1.366955234969339290e+04 9.359999999999999432e-01 1.690579615105138656e+00 0.000000000000000000e+00 3.617190014905483086e-02 1.570796326794896558e+00 1.765726526827435418e+19 1.000000000000000000e+00 0.000000000000000000e+00 0.000000000000000000e+00 7.273999999999999355e-01 2.637999999999999790e-01 8.800000000000000530e-03 2.018401107068187230e+03
2.970000000000000000e+02 2.005144172870148793e+02 1.531134845169205619e+04 9.359999999999999432e-01 9.918732276434220063e-01 0.000000000000000000e+00 1.000000000000000056e-01 0.000000000000000000e+00 2.015857500996866048e+19 1.000000000000000000e+00 0.000000000000000000e+00 0.000000000000000000e+00 7.273999999999999355e-01 2.637999999999999790e-01 8.800000000000000530e-03 2.210114601486354331e+03
2.980000000000000000e+02 2.147632595405759162e+02 1.478688650303814939e+04 9.359999999999999432e-01 5.032227020175548127e-01 0.000000000000000000e+00 1.000000000000000056e-01 0.000000000000000000e+00 1.965846222656623821e+19 1.000000000000000000e+00 0.000000000000000000e+00 0.000000000000000000e+00 7.273999999999999355e-01 2.637999999999999790e-01 8.800000000000000530e-03 2.149341544645750218e+03
2.990000000000000000e+02 2.070946712403390109e+02 1.623159315928674914e+04 9.359999999999999432e-01 1.591151578177606662e+00 0.000000000000000000e+00 9.000000000000001055e-02 0.000000000000000000e+00 2.178577728186424115e+19 1.000000000000000000e+00 0.000000000000000000e+00 0.000000000000000000e+00 7.273999999999999355e-01 2.637999999999999790e-01 8.800000000000000530e-03 2.315756867429725389e+03
3.010000000000000000e+02 1.979375483719843203e+02 1.784710714931127950e+04 9.359999999999999432e-01 7.013860241437923637e-01 0.000000000000000000e+00 2.985081275598895287e-02 0.000000000000000000e+00 2.443059628324963942e+19 1.000000000000000000e+00 0.000000000000000000e+00 0.000000000000000000e+00 7.273999999999999355e-01 2.637999999999999790e-01 8.800000000000000530e-03 2.498378917887170701e+03
3.020000000000000000e+02 2.308672300332339944e+02 1.927593092495940073e+04 9.359999999999999432e-01 1.358225269767910248e+00 0.000000000000000000e+00 8.100000000000001643e-02 0.000000000000000000e+00 2.664255092363093606e+19 1.000000000000000000e+00 0.000000000000000000e+00 0.000000000000000000e+00 7.273999999999999355e-01 2.637999999999999790e-01 8.800000000000000530e-03 2.657151585281704683e+03
3.040000000000000000e+02 1.737654787499039344e+02 2.189232844824927088e+04 9.359999999999999432e-01 1.022043212454841754e+00 0.000000000000000000e+00 1.878438305239392425e-02 0.000000000000000000e+00 3.087237575086675968e+19 1.000000000000000000e+00 0.000000000000000000e+00 0.000000000000000000e+00 7.273999999999999355e-01 2.637999999999999790e-01 8.800000000000000530e-03 2.941965705463771883e+03
3.050000000000000000e+02 3.058899452875201064e+02 2.113245187307318702e+04 9.359999999999999432e-01 5.175346068911113040e-01 0.000000000000000000e+00 9.000000000000001055e-02 1.570796326794896558e+00 3.010304654320148070e+19 1.000000000000000000e+00 0.000000000000000000e+00 0.000000000000000000e+00 7.273999999999999355e-01 2.637999999999999790e-01 8.800000000000000530e-03 2.859986298674160480e+03
3.080000000000000000e+02 2.807959680035469319e+02 2.600257718092358118e+04 9.359999999999999432e-01 9.589105710268068794e-01 0.000000000000000000e+00 9.000000000000001055e-02 1.570796326794896558e+00 3.818488619176871526e+19 1.000000000000000000e+00 0.000000000000000000e+00 0.000000000000000000e+00 7.273999999999999355e-01 2.637999999999999790e-01 8.800000000000000530e-03 3.376114420763067301e+03
3.150000000000000000e+02 2.866843230182412867e+02 3.470544812086922320e+04 9.359999999999999432e-01 1.390657947929810900e+00 0.000000000000000000e+00 1.000000000000000056e-01 0.000000000000000000e+00 5.486935152537336218e+19 1.000000000000000000e+00 0.000000000000000000e+00 0.000000000000000000e+00 7.273999999999999355e-01 2.637999999999999790e-01 8.800000000000000530e-03 4.253262302196501878e+03
3.160000000000000000e+02 5.389020461858468707e+02 3.583710153498862201e+04 9.359999999999999432e-01 5.230480004657610538e-01 0.000000000000000000e+00 9.000000000000001055e-02 0.000000000000000000e+00 5.727733362093236224e+19 1.000000000000000000e+00 0.000000000000000000e+00 0.000000000000000000e+00 7.273999999999999355e-01 2.637999999999999790e-01 8.800000000000000530e-03 4.363855319311794119e+03
3.190000000000000000e+02 2.006256000462201996e+02 4.270449744350466790e+04 9.359999999999999432e-01 1.296352147696766322e+00 0.000000000000000000e+00 1.000000000000000056e-01 1.570796326794896558e+00 7.053467032209618534e+19 1.000000000000000000e+00 0.000000000000000000e+00 0.000000000000000000e+00 7.273999999999999355e-01 2.637999999999999790e-01 8.800000000000000530e-03 5.020915749020419753e+03
3.210000000000000000e+02 1.939902025303563278e+02 4.724775120115148457e+04 9.359999999999999432e-01 1.718684319087937284e+00 0.000000000000000000e+00 1.000000000000000056e-01 0.000000000000000000e+00 7.979887687950888141e+19 1.000000000000000000e+00 0.000000000000000000e+00 0.000000000000000000e+00 7.273999999999999355e-01 2.637999999999999790e-01 8.800000000000000530e-03 5.443885169606688578e+03
3.220000000000000000e+02 2.269237319365101655e+02 4.863371967707213480e+04 9.359999999999999432e-01 1.362625075924886131e+00 0.000000000000000000e+00 1.000000000000000056e-01 1.570796326794896558e+00 8.307981884277643674e+19 1.000000000000000000e+00 0.000000000000000000e+00 0.000000000000000000e+00 7.273999999999999355e-01 2.637999999999999790e-01 8.800000000000000530e-03 5.571267758928494914e+03
3.320000000000000000e+02 2.286537594322085454e+02 8.675383461221306061e+04 9.359999999999999432e-01 9.859490215021289305e-01 0.000000000000000000e+00 9.000000000000001055e-02 1.570796326794896558e+00 1.667108461661637181e+20 1.000000000000000000e+00 0.000000000000000000e+00 0.000000000000000000e+00 7.273999999999999355e-01 2.637999999999999790e-01 8.800000000000000530e-03 8.851869157013708900e+03
3.360000000000000000e+02 1.957236687813331457e+02 1.089255887528068124e+05 9.359999999999999432e-01 1.556856080776022999e+00 0.000000000000000000e+00 2.541865828329001320e-02 0.000000000000000000e+00 2.199820311983371715e+20 1.000000000000000000e+00 0.000000000000000000e+00 0.000000000000000000e+00 7.273999999999999355e-01 2.637999999999999790e-01 8.800000000000000530e-03 1.061959549272922050e+04
3.390000000000000000e+02 7.700000000000001137e+02 1.329487026869971887e+05 9.359999999999999432e-01 5.162247252123084440e-01 0.000000000000000000e+00 1.000000000000000056e-01 0.000000000000000000e+00 2.789570906418990285e+20 1.000000000000000000e+00 0.000000000000000000e+00 0.000000000000000000e+00 7.273999999999999355e-01 2.637999999999999790e-01 8.800000000000000530e-03 1.245521775617311141e+04
3.410000000000000000e+02 7.700000000000001137e+02 1.478019338405538874e+05 9.359999999999999432e-01 8.565550906660037711e-01 0.000000000000000000e+00 1.000000000000000056e-01 1.570796326794896558e+00 3.183418123627293573e+20 1.000000000000000000e+00 0.000000000000000000e+00 0.000000000000000000e+00 7.273999999999999355e-01 2.637999999999999790e-01 8.800000000000000530e-03 1.355651736836059172e+04
3.440000000000000000e+02 7.700000000000001137e+02 1.779387060298242723e+05 9.359999999999999432e-01 1.818494626784309398e+00 0.000000000000000000e+00 1.000000000000000056e-01 1.570796326794896558e+00 3.988422595311013724e+20 1.000000000000000000e+00 0.000000000000000000e+00 0.000000000000000000e+00 7.273999999999999355e-01 2.637999999999999790e-01 8.800000000000000530e-03 1.572607650574702529e+04
3.450000000000000000e+02 7.700000000000001137e+02 1.899944185342700803e+05 9.359999999999999432e-01 1.015235201004592858e+00 0.000000000000000000e+00 1.000000000000000056e-01 1.570796326794896558e+00 4.316594301772673188e+20 1.000000000000000000e+00 0.000000000000000000e+00 0.000000000000000000e+00 7.273999999999999355e-01 2.637999999999999790e-01 8.800000000000000530e-03 1.657283154521136748e+04
3.500000000000000000e+02 7.700000000000001137e+02 2.640426059784361860e+05 9.359999999999999432e-01 8.325444719081233069e-01 0.000000000000000000e+00 1.000000000000000056e-01 1.570796326794896558e+00 6.430235491017432760e+20 1.000000000000000000e+00 0.000000000000000000e+00 0.000000000000000000e+00 7.273999999999999355e-01 2.637999999999999790e-01 8.800000000000000530e-03 2.156469151982613766e+04
3.510000000000000000e+02 7.700000000000001137e+02 2.783301330101539497e+05 9.359999999999999432e-01 6.889296221161301803e-01 0.000000000000000000e+00 1.000000000000000056e-01 0.000000000000000000e+00 6.875723517421364183e+20 1.000000000000000000e+00 0.000000000000000000e+00 0.000000000000000000e+00 7.273999999999999355e-01 2.637999999999999790e-01 8.800000000000000530e-03 2.249325068293618824e+04
3.550000000000000000e+02 7.700000000000001137e+02 3.718870865095815388e+05 9.359999999999999432e-01 3.600732093596851202e-01 0.000000000000000000e+00 1.000000000000000056e-01 1.570796326794896558e+00 9.737955041015512433e+20 1.000000000000000000e+00 0.000000000000000000e+00 0.000000000000000000e+00 7.273999999999999355e-01 2.637999999999999790e-01 8.800000000000000530e-03 2.836174318360735197e+04
3.600000000000000000e+02 7.700000000000001137e+02 5.213747597134900861e+05 9.359999999999999432e-01 6.750382070584900474e-01 0.000000000000000000e+00 1.000000000000000056e-01 0.000000000000000000e+00 1.472957063967526093e+21 1.000000000000000000e+00 0.000000000000000000e+00 0.000000000000000000e+00 7.273999999999999355e-01 2.637999999999999790e-01 8.800000000000000530e-03 3.716413627103014005e+04
3.610000000000000000e+02 7.700000000000001137e+02 5.644283557370703202e+05 9.359999999999999432e-01 3.340281043001174788e-01 0.000000000000000000e+00 1.000000000000000056e-01 0.000000000000000000e+00 1.619688930351734850e+21 1.000000000000000000e+00 0.000000000000000000e+00 0.000000000000000000e+00 7.273999999999999355e-01 2.637999999999999790e-01 8.800000000000000530e-03 3.959962749702043220e+04
3.620000000000000000e+02 7.700000000000001137e+02 6.082445967770259595e+05 9.359999999999999432e-01 1.564922513224882294e+00 0.000000000000000000e+00 1.000000000000000056e-01 1.570796326794896558e+00 1.773136461063232422e+21 1.000000000000000000e+00 0.000000000000000000e+00 0.000000000000000000e+00 7.273999999999999355e-01 2.637999999999999790e-01 8.800000000000000530e-03 4.204038159512779384e+04
3.630000000000000000e+02 7.700000000000001137e+02 6.570844121161864605e+05 9.359999999999999432e-01 1.625404296348396116e+00 0.000000000000000000e+00 1.000000000000000056e-01 1.570796326794896558e+00 1.946154896226649375e+21 1.000000000000000000e+00 0.000000000000000000e+00 0.000000000000000000e+00 7.273999999999999355e-01 2.637999999999999790e-01 8.800000000000000530e-03 4.471991541053639958e+04
3.640000000000000000e+02 7.700000000000001137e+02 2.991604367169581237e+05 9.359999999999999432e-01 7.484927072918202695e-01 0.000000000000000000e+00 1.000000000000000056e-01 0.000000000000000000e+00 8.979406751303742259e+20 1.000000000000000000e+00 0.000000000000000000e+00 0.000000000000000000e+00 7.273999999999999355e-01 2.637999999999999790e-01 8.800000000000000530e-03 2.383018250988807267e+04
