# id_num orb_a mass spin spin_angle orb_inc orb_ecc orb_arg_periapse orb_ang_mom gen galaxy time_passed gw_freq gw_strain
0.000000000000000000e+00 3.626940953238794464e+04 1.509165299373284519e+01 5.466808892366714460e-03 7.207424452169072238e-01 -2.915889238053889776e-02 1.011301491204828762e-02 1.570796326794896558e+00 1.000000000000000000e+00 1.000000000000000000e+00 0.000000000000000000e+00 0.000000000000000000e+00 -1.000000000000000000e+00 -1.000000000000000000e+00
4.000000000000000000e+00 2.012486906649365119e+04 1.281106976473410697e+01 6.277965324027690031e-02 1.525776927395857685e+00 3.181865612677388988e+00 6.955386703111073043e-02 1.570796326794896558e+00 1.000000000000000000e+00 1.000000000000000000e+00 0.000000000000000000e+00 0.000000000000000000e+00 -1.000000000000000000e+00 -1.000000000000000000e+00
1.100000000000000000e+01 2.967373618684461326e+04 1.221920029604027036e+01 -6.335171194060360000e-02 1.662367283156340525e+00 5.135970960556400814e-04 3.079984745726163306e-02 0.000000000000000000e+00 1.000000000000000000e+00 1.000000000000000000e+00 0.000000000000000000e+00 0.000000000000000000e+00 -1.000000000000000000e+00 -1.000000000000000000e+00
1.200000000000000000e+01 1.892291390574004981e+04 3.938740564864822602e+01 -1.859154459574602347e-04 1.154676048455888004e+00 -8.732471908305144970e-03 9.000000000000001055e-02 1.570796326794896558e+00 1.000000000000000000e+00 1.000000000000000000e+00 0.000000000000000000e+00 0.000000000000000000e+00 -1.000000000000000000e+00 -1.000000000000000000e+00
1.300000000000000000e+01 3.806521305082843173e+04 2.493491704211881554e+01 -6.409166991062269225e-02 1.933157357226308770e+00 3.118673332753594263e+00 7.081635172643943599e-02 0.000000000000000000e+00 1.000000000000000000e+00 1.000000000000000000e+00 0.000000000000000000e+00 0.000000000000000000e+00 -1.000000000000000000e+00 -1.000000000000000000e+00
1.500000000000000000e+01 3.627851181484223844e+02 2.579507871168066657e+01 -1.467946896849227356e-02 7.325234840726787544e-01 2.071135059471161666e-02 5.171881901146040822e-02 1.570796326794896558e+00 1.000000000000000000e+00 1.000000000000000000e+00 0.000000000000000000e+00 0.000000000000000000e+00 -1.000000000000000000e+00 -1.000000000000000000e+00
1.600000000000000000e+01 4.018386964833188540e+04 2.615549418732795672e+01 -3.203075854940157924e-02 1.082366206687467747e+00 3.143272161956681021e+00 1.000000000000000021e-02 1.570796326794896558e+00 1.000000000000000000e+00 1.000000000000000000e+00 0.000000000000000000e+00 0.000000000000000000e+00 -1.000000000000000000e+00 -1.000000000000000000e+00
1.700000000000000000e+01 2.626524305827172066e+04 1.254190347925617743e+01 2.686563269773893925e-01 1.405631350276881353e+00 2.861536841896936828e-02 4.007435619346266797e-02 1.570796326794896558e+00 1.000000000000000000e+00 1.000000000000000000e+00 0.000000000000000000e+00 0.000000000000000000e+00 -1.000000000000000000e+00 -1.000000000000000000e+00
1.800000000000000000e+01 8.264026917856266664e+03 1.041358798653835649e+01 -6.553686006857363522e-02 3.080830440994264841e+00 -1.833203765224219323e-02 9.000000000000001055e-02 0.000000000000000000e+00 1.000000000000000000e+00 1.000000000000000000e+00 0.000000000000000000e+00 0.000000000000000000e+00 -1.000000000000000000e+00 -1.000000000000000000e+00
1.900000000000000000e+01 1.010019199486954221e+03 1.590915696058040041e+01 -9.943881951255718887e-02 2.958374061632357943e+00 -1.563577661160655413e-02 9.000000000000001055e-02 1.570796326794896558e+00 1.000000000000000000e+00 1.000000000000000000e+00 0.000000000000000000e+00 0.000000000000000000e+00 -1.000000000000000000e+00 -1.000000000000000000e+00
2.300000000000000000e+01 5.000000000000000000e+04 1.610599230742236188e+01 9.457931523711077260e-02 1.964536907848440039e+00 3.023307782254263526e-02 8.929729320634634260e-02 1.570796326794896558e+00 1.000000000000000000e+00 1.000000000000000000e+00 0.000000000000000000e+00 0.000000000000000000e+00 -1.000000000000000000e+00 -1.000000000000000000e+00
2.600000000000000000e+01 3.945794179549185401e+02 1.687990843038788569e+01 2.260222002065029323e-02 8.107599863830965425e-01 3.148380306814951179e+00 2.167103458035270214e-02 0.000000000000000000e+00 1.000000000000000000e+00 1.000000000000000000e+00 0.000000000000000000e+00 0.000000000000000000e+00 -1.000000000000000000e+00 -1.000000000000000000e+00
2.900000000000000000e+01 4.703453866998409649e+04 1.027765869531953413e+01 -1.450152859539800554e-01 2.975544277018669526e+00 3.095569046497801402e+00 3.562220890268272960e-02 0.000000000000000000e+00 1.000000000000000000e+00 1.000000000000000000e+00 0.000000000000000000e+00 0.000000000000000000e+00 -1.000000000000000000e+00 -1.000000000000000000e+00
3.200000000000000000e+01 3.060669623026281988e+04 1.029473258835220761e+01 -1.885433539889513899e-01 2.596520375326396568e+00 3.127929613694643507e+00 3.491138252867925090e-02 0.000000000000000000e+00 1.000000000000000000e+00 1.000000000000000000e+00 0.000000000000000000e+00 0.000000000000000000e+00 -1.000000000000000000e+00 -1.000000000000000000e+00
3.500000000000000000e+01 9.209509221159078152e+03 1.271228372053592892e+01 -2.301656729070175322e-01 1.994299952587881730e+00 3.130510909556199373e+00 9.000000000000001055e-02 1.570796326794896558e+00 1.000000000000000000e+00 1.000000000000000000e+00 0.000000000000000000e+00 0.000000000000000000e+00 -1.000000000000000000e+00 -1.000000000000000000e+00
3.800000000000000000e+01 2.725515637512202375e+04 1.099165950211083320e+01 -1.798644902562775427e-01 2.222362142451350664e+00 3.165047309964101441e+00 6.110294524424227103e-02 0.000000000000000000e+00 1.000000000000000000e+00 1.000000000000000000e+00 0.000000000000000000e+00 0.000000000000000000e+00 -1.000000000000000000e+00 -1.000000000000000000e+00
3.900000000000000000e+01 2.433625756488358820e+04 1.029031524191644031e+01 -1.446084729714475769e-01 2.993807467995871274e+00 8.332140877122229047e-03 1.226978391320433272e-02 0.000000000000000000e+00 1.000000000000000000e+00 1.000000000000000000e+00 0.000000000000000000e+00 0.000000000000000000e+00 -1.000000000000000000e+00 -1.000000000000000000e+00
4.000000000000000000e+01 7.081912944949454868e+03 1.561160328500911909e+01 -8.567416316139660204e-02 3.023232544140848521e+00 1.018924468472257733e-02 9.000000000000001055e-02 1.570796326794896558e+00 1.000000000000000000e+00 1.000000000000000000e+00 0.000000000000000000e+00 0.000000000000000000e+00 -1.000000000000000000e+00 -1.000000000000000000e+00
4.100000000000000000e+01 2.678718293908797932e+04 1.893012642432646331e+01 -9.402135241519066211e-02 3.100000000000000089e+00 3.122430703994842016e+00 3.370463960679480342e-02 0.000000000000000000e+00 1.000000000000000000e+00 1.000000000000000000e+00 0.000000000000000000e+00 0.000000000000000000e+00 -1.000000000000000000e+00 -1.000000000000000000e+00
4.400000000000000000e+01 4.509339396833845967e+04 1.177679263947062260e+01 -2.395384387396011783e-01 3.100000000000000089e+00 1.160679252849792543e-02 4.519557836198848794e-02 0.000000000000000000e+00 1.000000000000000000e+00 1.000000000000000000e+00 0.000000000000000000e+00 0.000000000000000000e+00 -1.000000000000000000e+00 -1.000000000000000000e+00
4.500000000000000000e+01 1.137363151532086522e+04 1.079532074922209972e+01 -9.740410998638884821e-02 2.536509049577095887e+00 9.699036576422688516e-03 1.000000000000000021e-02 0.000000000000000000e+00 1.000000000000000000e+00 1.000000000000000000e+00 0.000000000000000000e+00 0.000000000000000000e+00 -1.000000000000000000e+00 -1.000000000000000000e+00
4.600000000000000000e+01 1.468974295188944052e+04 1.095315367982691157e+01 -1.047437908164941534e-01 2.009391410996250737e+00 3.152533353699842777e+00 1.000000000000000021e-02 0.000000000000000000e+00 1.000000000000000000e+00 1.000000000000000000e+00 0.000000000000000000e+00 0.000000000000000000e+00 -1.000000000000000000e+00 -1.000000000000000000e+00
4.700000000000000000e+01 4.374428103823040874e+04 1.049220011539426167e+01 -5.106687396549160901e-02 1.282309136300953778e+00 -3.132595929068424101e-02 5.500102178338657499e-02 1.570796326794896558e+00 1.000000000000000000e+00 1.000000000000000000e+00 0.000000000000000000e+00 0.000000000000000000e+00 -1.000000000000000000e+00 -1.000000000000000000e+00
5.000000000000000000e+01 5.000000000000000000e+04 2.593298233215895365e+01 3.153780749216290868e-02 1.632832191783122111e+00 3.158495642909099121e+00 1.758582083324034331e-02 1.570796326794896558e+00 1.000000000000000000e+00 1.000000000000000000e+00 0.000000000000000000e+00 0.000000000000000000e+00 -1.000000000000000000e+00 -1.000000000000000000e+00
5.300000000000000000e+01 4.612769370840493934e+02 1.293348959565899570e+01 1.141175663228997106e-01 1.979867873183831506e+00 3.129516820927360499e+00 9.000000000000001055e-02 1.570796326794896558e+00 1.000000000000000000e+00 1.000000000000000000e+00 0.000000000000000000e+00 0.000000000000000000e+00 -1.000000000000000000e+00 -1.000000000000000000e+00
5.400000000000000000e+01 2.258273528050577079e+04 1.079482094263049419e+01 -5.237094956091108838e-02 1.431054361644015005e+00 -2.576339600733272214e-02 2.186196224971212118e-02 1.570796326794896558e+00 1.000000000000000000e+00 1.000000000000000000e+00 0.000000000000000000e+00 0.000000000000000000e+00 -1.000000000000000000e+00 -1.000000000000000000e+00
5.500000000000000000e+01 3.321118006615604827e+04 1.334374627747027375e+01 -1.926968603792377777e-01 2.385812274310725734e+00 3.127116718813159224e+00 7.518904490488179104e-02 0.000000000000000000e+00 1.000000000000000000e+00 1.000000000000000000e+00 0.000000000000000000e+00 0.000000000000000000e+00 -1.000000000000000000e+00 -1.000000000000000000e+00
5.900000000000000000e+01 2.822551236305251587e+04 1.504090899010124716e+01 -1.881431968912300468e-01 2.422083356118610364e+00 -1.331217190759607059e-02 6.729692137622401982e-02 1.570796326794896558e+00 1.000000000000000000e+00 1.000000000000000000e+00 0.000000000000000000e+00 0.000000000000000000e+00 -1.000000000000000000e+00 -1.000000000000000000e+00
6.000000000000000000e+01 5.000000000000000000e+04 1.538580323087998103e+01 -9.354650539539055565e-02 2.167554609247778874e+00 3.157682774279248150e+00 9.576529585340014250e-02 1.570796326794896558e+00 1.000000000000000000e+00 1.000000000000000000e+00 0.000000000000000000e+00 0.000000000000000000e+00 -1.000000000000000000e+00 -1.000000000000000000e+00
6.200000000000000000e+01 4.317079398692766699e+04 1.032140801783322104e+01 -1.749793364191939982e-01 3.080045071641680732e+00 -1.687749464141747278e-03 1.200182749495266529e-02 0.000000000000000000e+00 1.000000000000000000e+00 1.000000000000000000e+00 0.000000000000000000e+00 0.000000000000000000e+00 -1.000000000000000000e+00 -1.000000000000000000e+00
6.300000000000000000e+01 5.000000000000000000e+04 3.026508616194534795e+01 -1.761143014658861361e-01 2.405056013392084413e+00 -4.084956212303984119e-02 5.934527734080357469e-02 1.570796326794896558e+00 1.000000000000000000e+00 1.000000000000000000e+00 0.000000000000000000e+00 0.000000000000000000e+00 -1.000000000000000000e+00 -1.000000000000000000e+00
6.700000000000000000e+01 3.780639937637199910e+04 2.437240960318498750e+01 -5.160852684744695468e-02 1.127100453657804202e+00 -7.864498716111289122e-04 1.000000000000000056e-01 0.000000000000000000e+00 1.000000000000000000e+00 1.000000000000000000e+00 0.000000000000000000e+00 0.000000000000000000e+00 -1.000000000000000000e+00 -1.000000000000000000e+00
6.900000000000000000e+01 2.113497304157841427e+04 1.056622438839313105e+01 -2.463929166666471715e-02 8.641640984262797254e-01 2.036677977986654786e-02 2.978642408709030950e-02 1.570796326794896558e+00 1.000000000000000000e+00 1.000000000000000000e+00 0.000000000000000000e+00 0.000000000000000000e+00 -1.000000000000000000e+00 -1.000000000000000000e+00
7.300000000000000000e+01 2.888148288381820748e+04 1.088312115033118133e+01 -5.244488262858766625e-02 1.976686447916008005e+00 3.109125198734696838e+00 1.255767350524524331e-02 0.000000000000000000e+00 1.000000000000000000e+00 1.000000000000000000e+00 0.000000000000000000e+00 0.000000000000000000e+00 -1.000000000000000000e+00 -1.000000000000000000e+00
7.700000000000000000e+01 4.240510682432137628e+02 3.720076196120516698e+01 -1.047310751604510204e-01 2.297124934150668540e+00 3.136322501324748657e+00 2.302798931122130785e-02 0.000000000000000000e+00 1.000000000000000000e+00 1.000000000000000000e+00 0.000000000000000000e+00 0.000000000000000000e+00 -1.000000000000000000e+00 -1.000000000000000000e+00
7.800000000000000000e+01 4.962334071751453166e+02 3.775666788658597994e+01 -1.745336987344184854e-01 2.749261542117245050e+00 3.126227359809408135e+00 1.148228572400098423e-02 0.000000000000000000e+00 1.000000000000000000e+00 1.000000000000000000e+00 0.000000000000000000e+00 0.000000000000000000e+00 -1.000000000000000000e+00 -1.000000000000000000e+00
7.900000000000000000e+01 4.155689083151234809e+04 1.317125156134902042e+01 -4.616658834732167982e-02 1.049168351313408021e+00 3.104230954344276316e+00 6.177352013606943887e-02 0.000000000000000000e+00 1.000000000000000000e+00 1.000000000000000000e+00 0.000000000000000000e+00 0.000000000000000000e+00 -1.000000000000000000e+00 -1.000000000000000000e+00
8.000000000000000000e+01 4.548583049315404787e+04 1.293307914580926443e+01 1.014728555754248196e-01 1.228114962667321119e+00 3.163015694589245808e+00 1.617227348446694316e-02 0.000000000000000000e+00 1.000000000000000000e+00 1.000000000000000000e+00 0.000000000000000000e+00 0.000000000000000000e+00 -1.000000000000000000e+00 -1.000000000000000000e+00
8.100000000000000000e+01 4.196040904729114118e+04 1.243906764466084525e+01 2.485669205391304037e-02 8.063380737540734033e-01 -1.158450405267019180e-02 1.735644476663986482e-02 0.000000000000000000e+00 1.000000000000000000e+00 1.000000000000000000e+00 0.000000000000000000e+00 0.000000000000000000e+00 -1.000000000000000000e+00 -1.000000000000000000e+00
8.200000000000000000e+01 3.685814230569916253e+04 3.392982531661670720e+01 -7.829039116132784082e-02 3.079060000000000130e+00 3.127973989005847333e+00 1.000000000000000021e-02 1.570796326794896558e+00 1.000000000000000000e+00 1.000000000000000000e+00 0.000000000000000000e+00 0.000000000000000000e+00 -1.000000000000000000e+00 -1.000000000000000000e+00
8.300000000000000000e+01 4.558824191878466809e+04 1.028192998945110226e+01 -2.244175124102631425e-01 2.621314409735557405e+00 3.190565062460844814e+00 3.546203833927633053e-02 1.570796326794896558e+00 1.000000000000000000e+00 1.000000000000000000e+00 0.000000000000000000e+00 0.000000000000000000e+00 -1.000000000000000000e+00 -1.000000000000000000e+00
8.500000000000000000e+01 3.520074700878964359e+04 1.027964289364924255e+01 -3.364398252185410443e-02 1.729214171113200305e+00 4.465688851770191481e-02 1.000000000000000056e-01 0.000000000000000000e+00 1.000000000000000000e+00 1.000000000000000000e+00 0.000000000000000000e+00 0.000000000000000000e+00 -1.000000000000000000e+00 -1.000000000000000000e+00
8.700000000000000000e+01 3.954780431252865674e+04 1.336774213310305903e+01 9.301634227200372695e-03 8.898367333211900654e-01 -4.009028096616598646e-02 3.175728985261554865e-02 0.000000000000000000e+00 1.000000000000000000e+00 1.000000000000000000e+00 0.000000000000000000e+00 0.000000000000000000e+00 -1.000000000000000000e+00 -1.000000000000000000e+00
9.000000000000000000e+01 4.829187877388268930e+02 1.120461969179141803e+01 -2.885239509074497000e-02 7.982483210161308573e-01 -7.840354450043498678e-04 6.042628061644270132e-02 1.570796326794896558e+00 1.000000000000000000e+00 1.000000000000000000e+00 0.000000000000000000e+00 0.000000000000000000e+00 -1.000000000000000000e+00 -1.000000000000000000e+00
9.200000000000000000e+01 3.945595711038800800e+04 1.180604038377802745e+01 -6.512249138443922114e-02 1.459123972497363475e+00 3.114396170305525402e+00 3.341641122112051082e-02 1.570796326794896558e+00 1.000000000000000000e+00 1.000000000000000000e+00 0.000000000000000000e+00 0.000000000000000000e+00 -1.000000000000000000e+00 -1.000000000000000000e+00
9.400000000000000000e+01 5.000000000000000000e+04 2.662066432669151439e+01 -1.236782974321558454e-01 3.023273256054324509e+00 3.178299971078911490e+00 2.920314668840639366e-02 0.000000000000000000e+00 1.000000000000000000e+00 1.000000000000000000e+00 0.000000000000000000e+00 0.000000000000000000e+00 -1.000000000000000000e+00 -1.000000000000000000e+00
9.500000000000000000e+01 4.346625344634149951e+04 1.534952689922223001e+01 -2.674957322947845717e-01 3.100000000000000089e+00 4.276417465199452289e-02 1.715401079592222475e-02 1.570796326794896558e+00 1.000000000000000000e+00 1.000000000000000000e+00 0.000000000000000000e+00 0.000000000000000000e+00 -1.000000000000000000e+00 -1.000000000000000000e+00
9.800000000000000000e+01 2.464377981962719787e+03 1.211448830791658082e+01 -4.936764771534385421e-02 6.243729640708312045e-01 3.149049301459958095e+00 9.000000000000001055e-02 0.000000000000000000e+00 1.000000000000000000e+00 1.000000000000000000e+00 0.000000000000000000e+00 0.000000000000000000e+00 -1.000000000000000000e+00 -1.000000000000000000e+00
1.010000000000000000e+02 3.726349596083623328e+04 2.212345922958930799e+01 -1.743452662740430370e-01 2.433623029174022179e+00 -1.466192841346941438e-02 1.231290097717729036e-02 0.000000000000000000e+00 1.000000000000000000e+00 1.000000000000000000e+00 0.000000000000000000e+00 0.000000000000000000e+00 -1.000000000000000000e+00 -1.000000000000000000e+00
1.020000000000000000e+02 2.924000349845895471e+04 1.443217158082594942e+01 4.045318174731596383e-02 1.066715117060893503e+00 3.164423780110471540e+00 1.410830630076418193e-02 1.570796326794896558e+00 1.000000000000000000e+00 1.000000000000000000e+00 0.000000000000000000e+00 0.000000000000000000e+00 -1.000000000000000000e+00 -1.000000000000000000e+00
1.040000000000000000e+02 2.954045814041451013e+04 1.316570031960667109e+01 -4.598073016788038758e-02 7.916710903364996277e-01 -3.323367629309448984e-02 4.112298331355684899e-02 0.000000000000000000e+00 1.000000000000000000e+00 1.000000000000000000e+00 0.000000000000000000e+00 0.000000000000000000e+00 -1.000000000000000000e+00 -1.000000000000000000e+00
1.060000000000000000e+02 7.561973890998979186e+03 1.583796618473638240e+01 1.430736119598060296e-01 1.334951162333044339e+00 3.145624075239951800e+00 1.973856488884545915e-02 1.570796326794896558e+00 1.000000000000000000e+00 1.000000000000000000e+00 0.000000000000000000e+00 0.000000000000000000e+00 -1.000000000000000000e+00 -1.000000000000000000e+00
1.070000000000000000e+02 3.696408628694201616e+04 1.119628230538778979e+01 -9.882793776667248009e-02 2.517195261237578752e+00 3.105403262014127197e+00 2.410688840202157221e-02 0.000000000000000000e+00 1.000000000000000000e+00 1.000000000000000000e+00 0.000000000000000000e+00 0.000000000000000000e+00 -1.000000000000000000e+00 -1.000000000000000000e+00
1.080000000000000000e+02 3.705500687943339290e+04 3.138153992000161452e+01 -3.865371294695358478e-02 1.752895041268077270e+00 3.100754063476252487e+00 9.154302803512667785e-02 1.570796326794896558e+00 1.000000000000000000e+00 1.000000000000000000e+00 0.000000000000000000e+00 0.000000000000000000e+00 -1.000000000000000000e+00 -1.000000000000000000e+00
1.100000000000000000e+02 2.374910554284576938e+04 1.575197890084388419e+01 -1.722700084975139212e-01 2.599580372119720817e+00 3.114020863719199284e+00 1.211457076609521663e-02 0.000000000000000000e+00 1.000000000000000000e+00 1.000000000000000000e+00 0.000000000000000000e+00 0.000000000000000000e+00 -1.000000000000000000e+00 -1.000000000000000000e+00
1.110000000000000000e+02 4.261543741122991923e+04 2.565081683106336286e+01 -2.001615069108869938e-01 2.254412854545400968e+00 3.170722144298855127e+00 4.081419570106762512e-02 0.000000000000000000e+00 1.000000000000000000e+00 1.000000000000000000e+00 0.000000000000000000e+00 0.000000000000000000e+00 -1.000000000000000000e+00 -1.000000000000000000e+00
1.130000000000000000e+02 3.013300250128303378e+04 1.095885841212769840e+01 3.912568158978863009e-02 1.594747726901910578e+00 3.159518366063776895e+00 8.464712681076198841e-02 0.000000000000000000e+00 1.000000000000000000e+00 1.000000000000000000e+00 0.000000000000000000e+00 0.000000000000000000e+00 -1.000000000000000000e+00 -1.000000000000000000e+00
1.150000000000000000e+02 1.245183530126283813e+03 1.055213457261734611e+01 4.120804104570857662e-02 7.666692669256198744e-01 9.703966480528901026e-03 9.000000000000001055e-02 0.000000000000000000e+00 1.000000000000000000e+00 1.000000000000000000e+00 0.000000000000000000e+00 0.000000000000000000e+00 -1.000000000000000000e+00 -1.000000000000000000e+00
1.160000000000000000e+02 1.109268068415936432e+04 1.069723588662993308e+01 -2.138124866134158975e-01 3.051140000000000185e+00 3.158687869040378349e+00 1.000000000000000021e-02 1.570796326794896558e+00 1.000000000000000000e+00 1.000000000000000000e+00 0.000000000000000000e+00 0.000000000000000000e+00 -1.000000000000000000e+00 -1.000000000000000000e+00
1.180000000000000000e+02 4.225144504376476107e+04 1.712570491626771485e+01 -1.476043155258967288e-02 8.218896391859540351e-01 -3.117980109855916088e-02 8.741819083010214653e-02 0.000000000000000000e+00 1.000000000000000000e+00 1.000000000000000000e+00 0.000000000000000000e+00 0.000000000000000000e+00 -1.000000000000000000e+00 -1.000000000000000000e+00
1.240000000000000000e+02 1.542228565429586706e+04 1.291157657684481919e+01 -1.045661953335730449e-01 2.906885097746786606e+00 3.133041537826991796e+00 1.000000000000000021e-02 0.000000000000000000e+00 1.000000000000000000e+00 1.000000000000000000e+00 0.000000000000000000e+00 0.000000000000000000e+00 -1.000000000000000000e+00 -1.000000000000000000e+00
1.250000000000000000e+02 2.868733388276808546e+04 1.910420424549704421e+01 -1.134216199354080301e-01 2.099723740529273019e+00 2.324394855683742205e-03 1.634027586621570119e-02 0.000000000000000000e+00 1.000000000000000000e+00 1.000000000000000000e+00 0.000000000000000000e+00 0.000000000000000000e+00 -1.000000000000000000e+00 -1.000000000000000000e+00
1.280000000000000000e+02 4.364270080475726718e+04 1.964760102323739588e+01 -1.893404396979802423e-02 1.911841229327325697e+00 3.106741914790744019e+00 7.822911303447602216e-02 1.570796326794896558e+00 1.000000000000000000e+00 1.000000000000000000e+00 0.000000000000000000e+00 0.000000000000000000e+00 -1.000000000000000000e+00 -1.000000000000000000e+00
1.300000000000000000e+02 2.953931722711105249e+04 2.252921411328133061e+01 -7.760177387632512247e-02 3.100000000000000089e+00 1.362803251231315543e-02 4.934409433971962550e-02 0.000000000000000000e+00 1.000000000000000000e+00 1.000000000000000000e+00 0.000000000000000000e+00 0.000000000000000000e+00 -1.000000000000000000e+00 -1.000000000000000000e+00
1.310000000000000000e+02 2.407764822450577412e+04 2.393349139732957553e+01 -1.114265438034563183e-01 2.170394854595365075e+00 3.116401841268717554e+00 1.000000000000000021e-02 0.000000000000000000e+00 1.000000000000000000e+00 1.000000000000000000e+00 0.000000000000000000e+00 0.000000000000000000e+00 -1.000000000000000000e+00 -1.000000000000000000e+00
1.320000000000000000e+02 5.000000000000000000e+04 2.292745422706852310e+01 -4.574383817102380817e-02 1.911571124372799968e+00 -5.050676877596380586e-03 1.024899601022632133e-02 1.570796326794896558e+00 1.000000000000000000e+00 1.000000000000000000e+00 0.000000000000000000e+00 0.000000000000000000e+00 -1.000000000000000000e+00 -1.000000000000000000e+00
1.330000000000000000e+02 3.814694153621316218e+04 1.623379402279136841e+01 6.128787029442203660e-02 1.933089627822381917e+00 -2.830400546962947086e-02 4.691651438680932706e-02 1.570796326794896558e+00 1.000000000000000000e+00 1.000000000000000000e+00 0.000000000000000000e+00 0.000000000000000000e+00 -1.000000000000000000e+00 -1.000000000000000000e+00
1.340000000000000000e+02 4.570684575801485335e+04 3.451751977711370500e+01 1.819498106163169870e-02 1.925002635173090226e+00 -6.284753082063623819e-03 4.010820171913479643e-02 1.570796326794896558e+00 1.000000000000000000e+00 1.000000000000000000e+00 0.000000000000000000e+00 0.000000000000000000e+00 -1.000000000000000000e+00 -1.000000000000000000e+00
1.350000000000000000e+02 5.000000000000000000e+04 2.744770243163861068e+01 -3.715508473028681508e-02 1.357313381890388193e+00 3.185350460676517059e+00 1.726275059587208116e-02 1.570796326794896558e+00 1.000000000000000000e+00 1.000000000000000000e+00 0.000000000000000000e+00 0.000000000000000000e+00 -1.000000000000000000e+00 -1.000000000000000000e+00
1.370000000000000000e+02 3.750293159172502055e+04 1.097761005915960908e+01 2.804229845567210097e-03 1.675245580935241119e+00 -4.141357531451213964e-02 2.165763205902118682e-02 1.570796326794896558e+00 1.000000000000000000e+00 1.000000000000000000e+00 0.000000000000000000e+00 0.000000000000000000e+00 -1.000000000000000000e+00 -1.000000000000000000e+00
1.390000000000000000e+02 3.230671983196196743e+04 1.037077988439421006e+01 -2.772883417317926757e-01 3.100000000000000089e+00 -7.845376140712541704e-03 6.030202505624535775e-02 0.000000000000000000e+00 1.000000000000000000e+00 1.000000000000000000e+00 0.000000000000000000e+00 0.000000000000000000e+00 -1.000000000000000000e+00 -1.000000000000000000e+00
1.400000000000000000e+02 3.187206011433105959e+04 1.082530440120713777e+01 -6.612060678077016918e-02 1.136693001981120110e+00 3.103082773982457798e+00 2.722648852737593120e-02 0.000000000000000000e+00 1.000000000000000000e+00 1.000000000000000000e+00 0.000000000000000000e+00 0.000000000000000000e+00 -1.000000000000000000e+00 -1.000000000000000000e+00
1.410000000000000000e+02 1.893068922054464201e+04 1.173909379321048441e+01 -3.890147001508735547e-02 6.874143618063420780e-01 -2.993762561886507446e-03 1.261616725022461812e-02 1.570796326794896558e+00 1.000000000000000000e+00 1.000000000000000000e+00 0.000000000000000000e+00 0.000000000000000000e+00 -1.000000000000000000e+00 -1.000000000000000000e+00
1.440000000000000000e+02 2.717718612349950854e+04 1.103849065672104324e+01 -1.078900305425544298e-01 2.559239852965422557e+00 -3.075728505194432957e-02 1.000000000000000021e-02 0.000000000000000000e+00 1.000000000000000000e+00 1.000000000000000000e+00 0.000000000000000000e+00 0.000000000000000000e+00 -1.000000000000000000e+00 -1.000000000000000000e+00
1.450000000000000000e+02 3.558376120139947307e+04 1.065190195749342728e+01 -8.591926119386934790e-02 2.632858187669378847e+00 3.141167218379289583e+00 6.905363852594896545e-02 0.000000000000000000e+00 1.000000000000000000e+00 1.000000000000000000e+00 0.000000000000000000e+00 0.000000000000000000e+00 -1.000000000000000000e+00 -1.000000000000000000e+00
1.460000000000000000e+02 5.342130075181119082e+02 1.710393589873469722e+01 -6.109124526155960966e-02 1.801372370012254587e+00 3.128529251134561040e+00 9.000000000000001055e-02 0.000000000000000000e+00 1.000000000000000000e+00 1.000000000000000000e+00 0.000000000000000000e+00 0.000000000000000000e+00 -1.000000000000000000e+00 -1.000000000000000000e+00
1.490000000000000000e+02 3.691763290378770034e+04 1.334776280279027993e+01 -7.087311207951292602e-02 1.159619762247742880e+00 3.178878218886673768e+00 1.334716135261264890e-02 0.000000000000000000e+00 1.000000000000000000e+00 1.000000000000000000e+00 0.000000000000000000e+00 0.000000000000000000e+00 -1.000000000000000000e+00 -1.000000000000000000e+00
1.510000000000000000e+02 5.635185208912838561e+02 1.453178637254285022e+01 -6.137194507844419625e-03 1.489110581965812141e+00 3.135475098472876088e+00 2.590901981685050232e-02 0.000000000000000000e+00 1.000000000000000000e+00 1.000000000000000000e+00 0.000000000000000000e+00 0.000000000000000000e+00 -1.000000000000000000e+00 -1.000000000000000000e+00
1.570000000000000000e+02 1.484986855403048321e+04 1.463148347468205657e+01 -6.466858146402776342e-02 3.100000000000000089e+00 3.120707086064584246e+00 1.000000000000000021e-02 0.000000000000000000e+00 1.000000000000000000e+00 1.000000000000000000e+00 0.000000000000000000e+00 0.000000000000000000e+00 -1.000000000000000000e+00 -1.000000000000000000e+00
1.590000000000000000e+02 2.178514264879640177e+04 2.798542599180173340e+01 -5.175290755519967867e-02 1.696153791263196098e+00 3.125547353979498233e+00 9.000000000000001055e-02 0.000000000000000000e+00 1.000000000000000000e+00 1.000000000000000000e+00 0.000000000000000000e+00 0.000000000000000000e+00 -1.000000000000000000e+00 -1.000000000000000000e+00
1.610000000000000000e+02 2.332436517983749582e+04 1.184256661817687650e+01 -5.774581835653749134e-02 1.817281065213432800e+00 2.849206244859632878e-02 1.000000000000000056e-01 1.570796326794896558e+00 1.000000000000000000e+00 1.000000000000000000e+00 0.000000000000000000e+00 0.000000000000000000e+00 -1.000000000000000000e+00 -1.000000000000000000e+00
1.630000000000000000e+02 3.611083535445098096e+04 1.123200807882938435e+01 -4.835070309347331424e-02 1.558227856936750033e+00 3.127264381574562879e+00 1.866384082803922845e-02 1.570796326794896558e+00 1.000000000000000000e+00 1.000000000000000000e+00 0.000000000000000000e+00 0.000000000000000000e+00 -1.000000000000000000e+00 -1.000000000000000000e+00
1.670000000000000000e+02 5.000000000000000000e+04 2.043472887752404077e+01 -1.511080497300101300e-01 2.661800729884949313e+00 -3.042482223189294302e-02 5.172130455571394281e-02 0.000000000000000000e+00 1.000000000000000000e+00 1.000000000000000000e+00 0.000000000000000000e+00 0.000000000000000000e+00 -1.000000000000000000e+00 -1.000000000000000000e+00
1.680000000000000000e+02 2.001851202656740861e+04 1.023295496489215672e+01 -1.495432594572387863e-01 2.866377548228766337e+00 3.113412176530129472e+00 1.236598052036439951e-02 0.000000000000000000e+00 1.000000000000000000e+00 1.000000000000000000e+00 0.000000000000000000e+00 0.000000000000000000e+00 -1.000000000000000000e+00 -1.000000000000000000e+00
1.710000000000000000e+02 2.059212211146887785e+04 1.754096103442827825e+01 -4.289366467124609839e-02 1.965451578785127218e+00 3.145725655141783150e+00 1.043721685488872147e-02 1.570796326794896558e+00 1.000000000000000000e+00 1.000000000000000000e+00 0.000000000000000000e+00 0.000000000000000000e+00 -1.000000000000000000e+00 -1.000000000000000000e+00
1.720000000000000000e+02 4.968708913440227479e+04 2.139534095309148753e+01 9.637824121089405560e-02 1.870058931644455802e+00 1.482850429201114373e-02 1.000000000000000056e-01 1.570796326794896558e+00 1.000000000000000000e+00 1.000000000000000000e+00 0.000000000000000000e+00 0.000000000000000000e+00 -1.000000000000000000e+00 -1.000000000000000000e+00
1.820000000000000000e+02 3.863259746427227947e+04 1.416793498869077972e+01 -4.466420117046340788e-02 1.127976474454184030e+00 1.425675816861178904e-02 4.841108144433005356e-02 1.570796326794896558e+00 1.000000000000000000e+00 1.000000000000000000e+00 0.000000000000000000e+00 0.000000000000000000e+00 -1.000000000000000000e+00 -1.000000000000000000e+00
1.840000000000000000e+02 2.063227585357754288e+04 1.042781624999385492e+01 -3.431443055952075605e-02 1.570687469646656398e+00 2.382296808388279993e-02 1.825342178259167433e-02 1.570796326794896558e+00 1.000000000000000000e+00 1.000000000000000000e+00 0.000000000000000000e+00 0.000000000000000000e+00 -1.000000000000000000e+00 -1.000000000000000000e+00
1.860000000000000000e+02 3.388551100688185397e+04 2.287423173000651389e+01 8.095237531493756911e-04 7.488428119807251093e-01 3.163603745844655535e+00 2.372560697669992211e-02 1.570796326794896558e+00 1.000000000000000000e+00 1.000000000000000000e+00 0.000000000000000000e+00 0.000000000000000000e+00 -1.000000000000000000e+00 -1.000000000000000000e+00
1.900000000000000000e+02 5.202386246850585394e+02 1.372929984265626224e+01 -6.882746672767087182e-02 8.527921773022796303e-01 -1.266130768194532845e-02 6.108781978942635915e-02 1.570796326794896558e+00 1.000000000000000000e+00 1.000000000000000000e+00 0.000000000000000000e+00 0.000000000000000000e+00 -1.000000000000000000e+00 -1.000000000000000000e+00
1.920000000000000000e+02 5.000000000000000000e+04 3.057785234901827920e+01 -4.343121201908129586e-02 1.758053557307618586e+00 3.147699719614422520e+00 5.481899947079334201e-02 1.570796326794896558e+00 1.000000000000000000e+00 1.000000000000000000e+00 0.000000000000000000e+00 0.000000000000000000e+00 -1.000000000000000000e+00 -1.000000000000000000e+00
1.940000000000000000e+02 4.170810317363229115e+04 1.395652313686107426e+01 -2.809312169768410361e-02 1.885957568773980464e+00 3.222470251322278462e-02 1.677755631718463175e-02 1.570796326794896558e+00 1.000000000000000000e+00 1.000000000000000000e+00 0.000000000000000000e+00 0.000000000000000000e+00 -1.000000000000000000e+00 -1.000000000000000000e+00
1.950000000000000000e+02 4.747250459265913378e+04 1.405541415408780637e+01 -4.327360708245386878e-02 9.294514016962275305e-01 3.164113632026402279e+00 1.056149687521395521e-02 0.000000000000000000e+00 1.000000000000000000e+00 1.000000000000000000e+00 0.000000000000000000e+00 0.000000000000000000e+00 -1.000000000000000000e+00 -1.000000000000000000e+00
1.980000000000000000e+02 5.000000000000000000e+04 2.997210528358429116e+01 -1.636249532885785674e-01 2.168675012970292304e+00 -1.824783114031308662e-02 9.191635644973757124e-02 1.570796326794896558e+00 1.000000000000000000e+00 1.000000000000000000e+00 0.000000000000000000e+00 0.000000000000000000e+00 -1.000000000000000000e+00 -1.000000000000000000e+00
1.990000000000000000e+02 1.626922799818046769e+04 1.937027139471338799e+01 1.246193056915243652e-02 1.535000979661311771e+00 3.115913831553767999e+00 9.000000000000001055e-02 0.000000000000000000e+00 1.000000000000000000e+00 1.000000000000000000e+00 0.000000000000000000e+00 0.000000000000000000e+00 -1.000000000000000000e+00 -1.000000000000000000e+00
3.650000000000000000e+02 2.539304661114652504e+02 3.652301257940153079e+01 5.255230369581559424e-02 5.847826823063748680e-01 0.000000000000000000e+00 4.788668308114905209e-02 -1.000000000000000000e+00 1.000000000000000000e+00 1.000000000000000000e+00 2.400000000000000000e+01 0.000000000000000000e+00 -1.000000000000000000e+00 -1.000000000000000000e+00
6.000000000000000000e+00 5.000000000000000000e+04 3.526569667998975888e+01 -8.584352380174309349e-02 3.100000000000000089e+00 4.202887110899463513e-02 3.904887859296062719e-02 1.570796326794896558e+00 1.000000000000000000e+00 1.000000000000000000e+00 0.000000000000000000e+00 0.000000000000000000e+00 -1.000000000000000000e+00 -1.000000000000000000e+00
8.000000000000000000e+00 2.059860373460112532e+04 1.337540666152580293e+01 1.466981217849046837e-01 6.864001438035451930e-01 1.647853552660820051e-02 1.713441938405976459e-02 1.570796326794896558e+00 1.000000000000000000e+00 1.000000000000000000e+00 0.000000000000000000e+00 0.000000000000000000e+00 -1.000000000000000000e+00 -1.000000000000000000e+00
2.100000000000000000e+01 3.737938461106919567e+04 1.093292351590831046e+01 -1.064940208954361089e-02 1.592329933446450685e+00 0.000000000000000000e+00 3.556282327261756082e-02 1.570796326794896558e+00 1.000000000000000000e+00 1.000000000000000000e+00 0.000000000000000000e+00 0.000000000000000000e+00 -1.000000000000000000e+00 -1.000000000000000000e+00
2.500000000000000000e+01 5.000000000000000000e+04 1.928382859069544963e+01 -7.620452190476094401e-02 1.729309552736624678e+00 3.370291142124755973e-02 5.085893970593335922e-02 1.570796326794896558e+00 1.000000000000000000e+00 1.000000000000000000e+00 0.000000000000000000e+00 0.000000000000000000e+00 -1.000000000000000000e+00 -1.000000000000000000e+00
7.100000000000000000e+01 4.318422529497685173e+04 2.524398432920837365e+01 8.949192195813984729e-03 1.425051407804938330e+00 0.000000000000000000e+00 1.984718993597601663e-02 1.570796326794896558e+00 1.000000000000000000e+00 1.000000000000000000e+00 0.000000000000000000e+00 0.000000000000000000e+00 -1.000000000000000000e+00 -1.000000000000000000e+00
7.200000000000000000e+01 4.541736847805321304e+04 3.458324385004579682e+01 -6.855767998173771527e-02 1.083495824730854151e+00 3.807649909020617562e-02 1.175432190034588452e-02 1.570796326794896558e+00 1.000000000000000000e+00 1.000000000000000000e+00 0.000000000000000000e+00 0.000000000000000000e+00 -1.000000000000000000e+00 -1.000000000000000000e+00
7.500000000000000000e+01 3.820348218441219797e+04 3.726923875363186767e+01 -3.353978135240977265e-02 1.385522469239620191e+00 1.891838471744056172e-02 2.695250678334234345e-02 1.570796326794896558e+00 1.000000000000000000e+00 1.000000000000000000e+00 0.000000000000000000e+00 0.000000000000000000e+00 -1.000000000000000000e+00 -1.000000000000000000e+00
8.800000000000000000e+01 4.920017170815715508e+04 1.327438590845808974e+01 8.314689264817098913e-03 1.649322785217160581e+00 1.386718694744590134e-02 1.051075147756416923e-02 1.570796326794896558e+00 1.000000000000000000e+00 1.000000000000000000e+00 0.000000000000000000e+00 0.000000000000000000e+00 -1.000000000000000000e+00 -1.000000000000000000e+00
9.100000000000000000e+01 3.081053507828989677e+04 1.033514227312207545e+01 -7.412516175025192500e-02 1.120689627428187896e+00 0.000000000000000000e+00 5.621352769990584086e-02 1.570796326794896558e+00 1.000000000000000000e+00 1.000000000000000000e+00 0.000000000000000000e+00 0.000000000000000000e+00 -1.000000000000000000e+00 -1.000000000000000000e+00
1.170000000000000000e+02 6.436393870454046464e+02 3.170077237642912849e+01 -1.684949024106906779e-01 3.100000000000000089e+00 0.000000000000000000e+00 9.000000000000001055e-02 1.570796326794896558e+00 1.000000000000000000e+00 1.000000000000000000e+00 0.000000000000000000e+00 0.000000000000000000e+00 -1.000000000000000000e+00 -1.000000000000000000e+00
1.190000000000000000e+02 4.495490053284128953e+04 1.048040615866005609e+01 -1.987873707578267368e-01 2.614167368727628116e+00 0.000000000000000000e+00 1.993190554320070362e-01 1.570796326794896558e+00 1.000000000000000000e+00 1.000000000000000000e+00 0.000000000000000000e+00 0.000000000000000000e+00 -1.000000000000000000e+00 -1.000000000000000000e+00
1.210000000000000000e+02 2.802050863865992142e+04 1.134324760687029254e+01 -3.113614503742777317e-02 1.893993367170556441e+00 0.000000000000000000e+00 1.301421695234975147e-02 1.570796326794896558e+00 1.000000000000000000e+00 1.000000000000000000e+00 0.000000000000000000e+00 0.000000000000000000e+00 -1.000000000000000000e+00 -1.000000000000000000e+00
1.470000000000000000e+02 2.946167427161114392e+04 1.504202059602110353e+01 -1.820421850784949003e-01 3.100000000000000089e+00 0.000000000000000000e+00 5.128232926447747614e-02 1.570796326794896558e+00 1.000000000000000000e+00 1.000000000000000000e+00 0.000000000000000000e+00 0.000000000000000000e+00 -1.000000000000000000e+00 -1.000000000000000000e+00
1.620000000000000000e+02 4.828558918962721509e+04 2.422284590340166943e+01 -2.725213845173964089e-02 1.003425605941604015e+00 0.000000000000000000e+00 3.529218807862235380e-02 1.570796326794896558e+00 1.000000000000000000e+00 1.000000000000000000e+00 0.000000000000000000e+00 0.000000000000000000e+00 -1.000000000000000000e+00 -1.000000000000000000e+00
1.740000000000000000e+02 5.000000000000000000e+04 2.143398290238259207e+01 -1.753795183742081487e-01 3.100000000000000089e+00 0.000000000000000000e+00 5.008042048784181605e-02 1.570796326794896558e+00 1.000000000000000000e+00 1.000000000000000000e+00 0.000000000000000000e+00 0.000000000000000000e+00 -1.000000000000000000e+00 -1.000000000000000000e+00
1.800000000000000000e+02 4.516649284565018752e+04 1.242400638398008006e+01 -9.162150017628621634e-02 2.558350688761692915e+00 1.853689330445064745e-02 7.127476991656564453e-02 1.570796326794896558e+00 1.000000000000000000e+00 1.000000000000000000e+00 0.000000000000000000e+00 0.000000000000000000e+00 -1.000000000000000000e+00 -1.000000000000000000e+00
1.810000000000000000e+02 1.371664669450769361e+04 1.176496066889971459e+01 8.863737400780433151e-03 4.703908160421920170e-01 0.000000000000000000e+00 9.000000000000001055e-02 1.570796326794896558e+00 1.000000000000000000e+00 1.000000000000000000e+00 0.000000000000000000e+00 0.000000000000000000e+00 -1.000000000000000000e+00 -1.000000000000000000e+00
3.700000000000000000e+01 5.065406457213751310e+03 1.828015390567579601e+01 -4.052018736962393480e-02 1.205045790254548610e+00 0.000000000000000000e+00 9.000000000000001055e-02 0.000000000000000000e+00 1.000000000000000000e+00 1.000000000000000000e+00 0.000000000000000000e+00 0.000000000000000000e+00 -1.000000000000000000e+00 -1.000000000000000000e+00
4.300000000000000000e+01 6.657620752066751493e+02 1.259066096350798958e+01 -8.393041971799004852e-02 2.364329283797951042e+00 0.000000000000000000e+00 1.000000000000000056e-01 0.000000000000000000e+00 1.000000000000000000e+00 1.000000000000000000e+00 0.000000000000000000e+00 0.000000000000000000e+00 -1.000000000000000000e+00 -1.000000000000000000e+00
5.700000000000000000e+01 6.566786101857250060e+02 1.841527393003522661e+01 -1.296627939964782594e-01 2.738973419482515936e+00 0.000000000000000000e+00 2.746397592329996237e-02 0.000000000000000000e+00 1.000000000000000000e+00 1.000000000000000000e+00 0.000000000000000000e+00 0.000000000000000000e+00 -1.000000000000000000e+00 -1.000000000000000000e+00
6.600000000000000000e+01 6.316995109969900568e+02 3.793783785176651691e+01 -2.201172973941231126e-01 3.100000000000000089e+00 0.000000000000000000e+00 9.000000000000001055e-02 0.000000000000000000e+00 1.000000000000000000e+00 1.000000000000000000e+00 0.000000000000000000e+00 0.000000000000000000e+00 -1.000000000000000000e+00 -1.000000000000000000e+00
7.000000000000000000e+01 3.456606442304613665e+03 1.182975367506262643e+01 -1.806188224037158507e-01 2.936723520979036550e+00 0.000000000000000000e+00 9.000000000000001055e-02 0.000000000000000000e+00 1.000000000000000000e+00 1.000000000000000000e+00 0.000000000000000000e+00 0.000000000000000000e+00 -1.000000000000000000e+00 -1.000000000000000000e+00
7.400000000000000000e+01 7.810525990170980322e+02 1.452031514627345565e+01 5.043191252022058424e-02 1.578311513975083846e+00 0.000000000000000000e+00 9.000000000000001055e-02 0.000000000000000000e+00 1.000000000000000000e+00 1.000000000000000000e+00 0.000000000000000000e+00 0.000000000000000000e+00 -1.000000000000000000e+00 -1.000000000000000000e+00
1.380000000000000000e+02 3.080691194408964293e+03 1.353472442301093892e+01 -1.673334323435348714e-01 2.368568752037102598e+00 0.000000000000000000e+00 9.000000000000001055e-02 0.000000000000000000e+00 1.000000000000000000e+00 1.000000000000000000e+00 0.000000000000000000e+00 0.000000000000000000e+00 -1.000000000000000000e+00 -1.000000000000000000e+00
1.600000000000000000e+02 4.043985984722520243e+03 2.395393799612650554e+01 -4.334451473623346374e-02 1.457742276702124640e+00 0.000000000000000000e+00 9.000000000000001055e-02 0.000000000000000000e+00 1.000000000000000000e+00 1.000000000000000000e+00 0.000000000000000000e+00 0.000000000000000000e+00 -1.000000000000000000e+00 -1.000000000000000000e+00
1.760000000000000000e+02 6.245157728753608808e+02 2.108989914728300263e+01 -7.008162083963952182e-02 1.595381521421504578e+00 0.000000000000000000e+00 9.000000000000001055e-02 0.000000000000000000e+00 1.000000000000000000e+00 1.000000000000000000e+00 0.000000000000000000e+00 0.000000000000000000e+00 -1.000000000000000000e+00 -1.000000000000000000e+00
1.960000000000000000e+02 6.226439092304678979e+02 1.488110103719492194e+01 -9.423532769062159531e-02 2.214496257685713676e+00 0.000000000000000000e+00 5.607393619420902170e-02 0.000000000000000000e+00 1.000000000000000000e+00 1.000000000000000000e+00 0.000000000000000000e+00 0.000000000000000000e+00 -1.000000000000000000e+00 -1.000000000000000000e+00
3.660000000000000000e+02 6.686490552039534805e+02 1.394742505855053771e+01 -1.223345109768947114e-01 2.731153825896365461e+00 0.000000000000000000e+00 3.420790476127294477e-02 -1.000000000000000000e+00 1.000000000000000000e+00 1.000000000000000000e+00 2.400000000000000000e+01 1.000000000000000000e+05 -1.000000000000000000e+00 -1.000000000000000000e+00
3.670000000000000000e+02 6.969187827757164087e+02 1.564450153396748888e+01 -5.767472922098716703e-02 1.695417656658239958e+00 0.000000000000000000e+00 2.514858979662734292e-02 -1.000000000000000000e+00 1.000000000000000000e+00 1.000000000000000000e+00 2.400000000000000000e+01 2.000000000000000000e+05 -1.000000000000000000e+00 -1.000000000000000000e+00
3.680000000000000000e+02 6.226463560557933761e+02 2.117994789109409481e+01 -3.813143347866577298e-03 1.230335816271381777e+00 0.000000000000000000e+00 1.385891685290694363e-02 -1.000000000000000000e+00 1.000000000000000000e+00 1.000000000000000000e+00 2.400000000000000000e+01 3.000000000000000000e+05 -1.000000000000000000e+00 -1.000000000000000000e+00
3.690000000000000000e+02 6.491768436868350364e+03 2.436190976300038358e+01 7.124023154581230477e-01 0.000000000000000000e+00 0.000000000000000000e+00 1.000000000000000021e-02 -1.000000000000000000e+00 1.000000000000000000e+00 2.000000000000000000e+00 2.400000000000000000e+01 3.400000000000000000e+05 -1.000000000000000000e+00 -1.000000000000000000e+00
3.710000000000000000e+02 8.402392998520861056e+02 1.414916528991246736e+01 -5.503791877733001797e-02 3.100000000000000089e+00 0.000000000000000000e+00 1.000000000000000056e-01 -1.000000000000000000e+00 1.000000000000000000e+00 1.000000000000000000e+00 2.400000000000000000e+01 4.000000000000000000e+05 -1.000000000000000000e+00 -1.000000000000000000e+00
3.770000000000000000e+02 8.369671165901005452e+02 1.018630237607229816e+01 -1.161836455589717737e-01 2.410298217358000539e+00 0.000000000000000000e+00 1.000000000000000056e-01 -1.000000000000000000e+00 1.000000000000000000e+00 1.000000000000000000e+00 2.400000000000000000e+01 5.000000000000000000e+05 -1.000000000000000000e+00 -1.000000000000000000e+00
1.730000000000000000e+02 3.058059784951921392e+04 1.184551498126600677e+01 -1.108752630245964654e-01 2.461919972017424296e+00 3.147821652684774651e+00 2.287599283031897107e-02 1.570796326794896558e+00 1.000000000000000000e+00 1.000000000000000000e+00 0.000000000000000000e+00 0.000000000000000000e+00 -1.000000000000000000e+00 -1.000000000000000000e+00
3.780000000000000000e+02 1.266268719768531082e+04 3.398532142627165342e+01 7.124409236985140836e-01 0.000000000000000000e+00 0.000000000000000000e+00 1.000000000000000021e-02 -1.000000000000000000e+00 1.000000000000000000e+00 3.000000000000000000e+00 2.400000000000000000e+01 5.300000000000000000e+05 -1.000000000000000000e+00 -1.000000000000000000e+00
3.720000000000000000e+02 2.506898266755998338e+04 3.213944547964289455e+01 6.365411948760228977e-01 0.000000000000000000e+00 0.000000000000000000e+00 2.514052709209648601e-02 -1.000000000000000000e+00 1.000000000000000000e+00 2.000000000000000000e+00 2.400000000000000000e+01 5.800000000000000000e+05 -1.000000000000000000e+00 -1.000000000000000000e+00
3.790000000000000000e+02 8.170882215577070156e+02 3.669593122732519674e+01 -5.867228001395369957e-02 2.964137765753792841e+00 0.000000000000000000e+00 9.000000000000001055e-02 -1.000000000000000000e+00 1.000000000000000000e+00 1.000000000000000000e+00 2.400000000000000000e+01 6.000000000000000000e+05 -1.000000000000000000e+00 -1.000000000000000000e+00
3.800000000000000000e+02 5.000000000000000000e+04 7.023488184376563481e+01 6.278682217571521784e-01 0.000000000000000000e+00 0.000000000000000000e+00 2.278174612151968523e-02 -1.000000000000000000e+00 1.000000000000000000e+00 2.000000000000000000e+00 2.400000000000000000e+01 6.200000000000000000e+05 -1.000000000000000000e+00 -1.000000000000000000e+00
3.830000000000000000e+02 1.295724475032823830e+04 2.401176215159224370e+01 6.743288109961642629e-01 0.000000000000000000e+00 0.000000000000000000e+00 1.000000000000000021e-02 -1.000000000000000000e+00 1.000000000000000000e+00 2.000000000000000000e+00 2.400000000000000000e+01 7.000000000000000000e+05 -1.000000000000000000e+00 -1.000000000000000000e+00
3.840000000000000000e+02 1.727813813994458201e+02 1.128495081930076260e+01 5.908307548351371050e-03 0.000000000000000000e+00 0.000000000000000000e+00 8.970922731463140676e-02 -1.000000000000000000e+00 1.000000000000000000e+00 1.000000000000000000e+00 2.400000000000000000e+01 7.000000000000000000e+05 -1.000000000000000000e+00 -1.000000000000000000e+00
3.760000000000000000e+02 2.704741385066071962e+04 3.953504233874945584e+01 6.978629573695277477e-01 0.000000000000000000e+00 0.000000000000000000e+00 2.680012985675762557e-02 -1.000000000000000000e+00 1.000000000000000000e+00 2.000000000000000000e+00 2.400000000000000000e+01 7.200000000000000000e+05 -1.000000000000000000e+00 -1.000000000000000000e+00
3.810000000000000000e+02 1.635732467460493172e+04 2.327078695456009783e+01 6.793776263149856609e-01 0.000000000000000000e+00 0.000000000000000000e+00 9.000000000000001055e-02 -1.000000000000000000e+00 1.000000000000000000e+00 2.000000000000000000e+00 2.400000000000000000e+01 7.300000000000000000e+05 -1.000000000000000000e+00 -1.000000000000000000e+00
3.820000000000000000e+02 1.015287351337366090e+04 4.575836139622482790e+01 4.720888964823291567e-01 0.000000000000000000e+00 0.000000000000000000e+00 1.000000000000000021e-02 -1.000000000000000000e+00 1.000000000000000000e+00 2.000000000000000000e+00 2.400000000000000000e+01 7.400000000000000000e+05 -1.000000000000000000e+00 -1.000000000000000000e+00
3.860000000000000000e+02 5.000000000000000000e+04 6.843568100150083922e+01 6.409956841974827624e-01 0.000000000000000000e+00 0.000000000000000000e+00 7.492657926347641439e-02 -1.000000000000000000e+00 1.000000000000000000e+00 2.000000000000000000e+00 2.400000000000000000e+01 7.400000000000000000e+05 -1.000000000000000000e+00 -1.000000000000000000e+00
3.850000000000000000e+02 1.556753216090401838e+04 2.756287808861087996e+01 6.550379997146876798e-01 0.000000000000000000e+00 0.000000000000000000e+00 9.000000000000001055e-02 -1.000000000000000000e+00 1.000000000000000000e+00 2.000000000000000000e+00 2.400000000000000000e+01 7.700000000000000000e+05 -1.000000000000000000e+00 -1.000000000000000000e+00
