# id_num orb_a mass spin spin_angle orb_inc orb_ecc orb_arg_periapse orb_ang_mom gen galaxy time_passed star_X star_Y star_Z radius
2.370000000000000000e+02 3.774461756192764739e+01 1.438662273082399224e+03 8.899999999999999023e-01 1.639676939687032320e+00 0.000000000000000000e+00 2.925927416239646472e-01 1.570796326794896558e+00 1.149567910171928192e+18 1.000000000000000000e+00 0.000000000000000000e+00 0.000000000000000000e+00 7.273999999999999355e-01 2.637999999999999790e-01 8.800000000000000530e-03 3.304420115026503026e+02
2.430000000000000000e+02 4.207045399054180024e+01 2.054292447711927707e+03 8.899999999999999023e-01 9.594509860485784802e-01 0.000000000000000000e+00 2.161306544220626402e-01 0.000000000000000000e+00 1.713191889282990592e+18 1.000000000000000000e+00 0.000000000000000000e+00 0.000000000000000000e+00 7.273999999999999355e-01 2.637999999999999790e-01 8.800000000000000530e-03 4.393979119838757583e+02
2.440000000000000000e+02 5.543091649865797166e+01 2.102781577018582539e+03 8.899999999999999023e-01 9.593814214285822928e-01 0.000000000000000000e+00 1.233072383327081176e-02 1.570796326794896558e+00 1.765985455430141184e+18 1.000000000000000000e+00 0.000000000000000000e+00 0.000000000000000000e+00 7.273999999999999355e-01 2.637999999999999790e-01 8.800000000000000530e-03 4.476756820196496278e+02
2.460000000000000000e+02 5.082333085375744730e+01 2.160071333220932502e+03 8.899999999999999023e-01 0.000000000000000000e+00 0.000000000000000000e+00 3.967637892219510326e-02 0.000000000000000000e+00 1.839653119519031552e+18 1.000000000000000000e+00 0.000000000000000000e+00 0.000000000000000000e+00 7.273999999999999355e-01 2.637999999999999790e-01 8.800000000000000530e-03 4.574068327970300629e+02
2.470000000000000000e+02 5.777499609432125993e+01 2.087373132397177869e+03 8.899999999999999023e-01 1.414202831370566793e+00 0.000000000000000000e+00 5.714355071592816526e-02 1.570796326794896558e+00 1.791772791350937600e+18 1.000000000000000000e+00 0.000000000000000000e+00 0.000000000000000000e+00 7.273999999999999355e-01 2.637999999999999790e-01 8.800000000000000530e-03 4.450494252529817913e+02
2.490000000000000000e+02 4.949416440857896049e+01 2.481072088397832431e+03 8.919999999999999041e-01 1.616051440782984905e+00 0.000000000000000000e+00 3.668971913101528454e-02 0.000000000000000000e+00 2.160567799630906880e+18 1.000000000000000000e+00 0.000000000000000000e+00 0.000000000000000000e+00 7.273999999999999355e-01 2.637999999999999790e-01 8.800000000000000530e-03 5.110220968131964696e+02
2.520000000000000000e+02 4.937526119794737411e+01 2.365002968460726152e+03 8.899999999999999023e-01 2.039488784608667338e+00 0.000000000000000000e+00 7.152686693852303157e-02 1.570796326794896558e+00 2.106380159438801408e+18 1.000000000000000000e+00 0.000000000000000000e+00 0.000000000000000000e+00 7.273999999999999355e-01 2.637999999999999790e-01 8.800000000000000530e-03 4.918056631531741800e+02
2.560000000000000000e+02 6.469863975557559854e+01 2.717842092039136787e+03 8.899999999999999023e-01 1.421520061830252590e+00 0.000000000000000000e+00 1.017330479863191514e-02 0.000000000000000000e+00 2.494813712592779264e+18 1.000000000000000000e+00 0.000000000000000000e+00 0.000000000000000000e+00 7.273999999999999355e-01 2.637999999999999790e-01 8.800000000000000530e-03 5.496769800681463494e+02
2.620000000000000000e+02 4.927236960389128484e+01 3.957267673050866051e+03 8.899999999999999023e-01 1.647899884390266578e+00 0.000000000000000000e+00 5.637858048308674180e-02 0.000000000000000000e+00 3.806537482766757888e+18 1.000000000000000000e+00 0.000000000000000000e+00 0.000000000000000000e+00 7.273999999999999355e-01 2.637999999999999790e-01 8.800000000000000530e-03 7.424112000549600907e+02
2.630000000000000000e+02 5.139366050506590256e+01 3.846701525685967226e+03 8.899999999999999023e-01 1.239623387263701249e+00 0.000000000000000000e+00 2.090284248814430410e-02 1.570796326794896558e+00 3.729679561326291456e+18 1.000000000000000000e+00 0.000000000000000000e+00 0.000000000000000000e+00 7.273999999999999355e-01 2.637999999999999790e-01 8.800000000000000530e-03 7.257699205773711810e+02
2.650000000000000000e+02 6.845943051534416668e+01 3.965503658533773432e+03 8.899999999999999023e-01 9.739840511695588843e-01 0.000000000000000000e+00 3.061503598708620669e-02 1.570796326794896558e+00 3.905396007000863232e+18 1.000000000000000000e+00 0.000000000000000000e+00 0.000000000000000000e+00 7.273999999999999355e-01 2.637999999999999790e-01 8.800000000000000530e-03 7.436470459695672162e+02
2.670000000000000000e+02 6.689255204535429300e+01 4.334965491986175039e+03 8.919999999999999041e-01 1.170112273817025095e+00 0.000000000000000000e+00 2.509092627092453578e-02 0.000000000000000000e+00 4.339548468670769152e+18 1.000000000000000000e+00 0.000000000000000000e+00 0.000000000000000000e+00 7.273999999999999355e-01 2.637999999999999790e-01 8.800000000000000530e-03 7.985767997742360649e+02
2.690000000000000000e+02 6.349716963525078484e+01 4.385369353645235606e+03 8.899999999999999023e-01 1.082161146331220403e+00 0.000000000000000000e+00 1.656380186909297766e-02 0.000000000000000000e+00 4.461977132399673344e+18 1.000000000000000000e+00 0.000000000000000000e+00 0.000000000000000000e+00 7.273999999999999355e-01 2.637999999999999790e-01 8.800000000000000530e-03 8.059964241326616730e+02
2.700000000000000000e+02 7.868847295722126489e+01 4.578610755754382808e+03 8.899999999999999023e-01 1.399875719171805866e+00 0.000000000000000000e+00 1.000000000000000056e-01 1.570796326794896558e+00 4.696882198858017792e+18 1.000000000000000000e+00 0.000000000000000000e+00 0.000000000000000000e+00 7.273999999999999355e-01 2.637999999999999790e-01 8.800000000000000530e-03 8.342863778423002259e+02
2.710000000000000000e+02 6.608037432110812404e+01 5.198925642518434870e+03 8.919999999999999041e-01 1.157198363700619126e+00 0.000000000000000000e+00 1.688043285728394252e-02 0.000000000000000000e+00 5.376239901168977920e+18 1.000000000000000000e+00 0.000000000000000000e+00 0.000000000000000000e+00 7.273999999999999355e-01 2.637999999999999790e-01 8.800000000000000530e-03 9.235471192552632829e+02
2.720000000000000000e+02 9.510300963292827703e+01 5.051019770110212448e+03 8.899999999999999023e-01 1.609039106576434897e+00 0.000000000000000000e+00 9.000000000000001055e-02 0.000000000000000000e+00 5.265646913150529536e+18 1.000000000000000000e+00 0.000000000000000000e+00 0.000000000000000000e+00 7.273999999999999355e-01 2.637999999999999790e-01 8.800000000000000530e-03 9.024672028794325342e+02
2.770000000000000000e+02 8.849227797030596321e+01 7.194073832856217450e+03 8.899999999999999023e-01 1.371380574444422074e+00 0.000000000000000000e+00 1.288252860466740021e-02 1.570796326794896558e+00 7.823048994744018944e+18 1.000000000000000000e+00 0.000000000000000000e+00 0.000000000000000000e+00 7.273999999999999355e-01 2.637999999999999790e-01 8.800000000000000530e-03 1.197589792598916574e+03
2.780000000000000000e+02 9.022126715658735918e+01 6.745703074506021949e+03 8.919999999999999041e-01 9.771013327642257273e-01 0.000000000000000000e+00 9.000000000000001055e-02 1.570796326794896558e+00 7.399626593236406272e+18 1.000000000000000000e+00 0.000000000000000000e+00 0.000000000000000000e+00 7.273999999999999355e-01 2.637999999999999790e-01 8.800000000000000530e-03 1.137496188085977110e+03
2.790000000000000000e+02 9.227543995571504354e+01 6.770909132125986616e+03 8.939999999999999059e-01 1.802909480768247530e+00 0.000000000000000000e+00 3.234384524353618728e-02 0.000000000000000000e+00 7.490923237874801664e+18 1.000000000000000000e+00 0.000000000000000000e+00 0.000000000000000000e+00 7.273999999999999355e-01 2.637999999999999790e-01 8.800000000000000530e-03 1.140895222593507242e+03
2.800000000000000000e+02 9.833623089764076042e+01 7.409814711212815382e+03 8.899999999999999023e-01 1.216501782203238680e+00 0.000000000000000000e+00 2.620286312052460750e-02 1.570796326794896558e+00 8.266758996661521408e+18 1.000000000000000000e+00 0.000000000000000000e+00 0.000000000000000000e+00 7.273999999999999355e-01 2.637999999999999790e-01 8.800000000000000530e-03 1.226235970940124389e+03
2.840000000000000000e+02 1.073528189558949464e+02 8.277987329954943561e+03 8.899999999999999023e-01 9.801354821102867820e-01 0.000000000000000000e+00 1.971345016246877843e-02 0.000000000000000000e+00 9.568285513752598528e+18 1.000000000000000000e+00 0.000000000000000000e+00 0.000000000000000000e+00 7.273999999999999355e-01 2.637999999999999790e-01 8.800000000000000530e-03 1.339886400213648130e+03
2.860000000000000000e+02 1.117168764867714543e+02 9.214880069176255347e+03 8.899999999999999023e-01 1.023132858654180355e+00 0.000000000000000000e+00 1.967507003945464725e-02 0.000000000000000000e+00 1.084310951358622106e+19 1.000000000000000000e+00 0.000000000000000000e+00 0.000000000000000000e+00 7.273999999999999355e-01 2.637999999999999790e-01 8.800000000000000530e-03 1.459889291698937996e+03
2.890000000000000000e+02 1.161289292539759259e+02 1.084628487119657802e+04 8.899999999999999023e-01 7.660806172501675171e-01 0.000000000000000000e+00 1.129786083852721799e-02 1.570796326794896558e+00 1.311410244772171981e+19 1.000000000000000000e+00 0.000000000000000000e+00 0.000000000000000000e+00 7.273999999999999355e-01 2.637999999999999790e-01 8.800000000000000530e-03 1.663232561076712045e+03
2.900000000000000000e+02 1.068352732607605020e+02 1.108518033085347997e+04 8.899999999999999023e-01 1.622525441432866034e+00 0.000000000000000000e+00 2.799337249049679843e-02 1.570796326794896558e+00 1.352804950215991091e+19 1.000000000000000000e+00 0.000000000000000000e+00 0.000000000000000000e+00 7.273999999999999355e-01 2.637999999999999790e-01 8.800000000000000530e-03 1.692475471034797010e+03
2.920000000000000000e+02 1.133044162515381146e+02 1.189650520194672754e+04 8.919999999999999041e-01 1.002622520085959756e+00 0.000000000000000000e+00 9.000000000000001055e-02 0.000000000000000000e+00 1.478432701531497472e+19 1.000000000000000000e+00 0.000000000000000000e+00 0.000000000000000000e+00 7.273999999999999355e-01 2.637999999999999790e-01 8.800000000000000530e-03 1.790868477919439783e+03
2.950000000000000000e+02 1.494127259681196733e+02 1.372236458589620634e+04 8.899999999999999023e-01 1.648500649524872630e+00 0.000000000000000000e+00 1.000000000000000056e-01 0.000000000000000000e+00 1.754349987955000934e+19 1.000000000000000000e+00 0.000000000000000000e+00 0.000000000000000000e+00 7.273999999999999355e-01 2.637999999999999790e-01 8.800000000000000530e-03 2.007572953979462454e+03
2.960000000000000000e+02 1.624081860897833280e+02 1.529837831869542242e+04 8.899999999999999023e-01 1.657401491554900463e+00 0.000000000000000000e+00 1.812394558411855802e-02 1.570796326794896558e+00 1.974439021014668083e+19 1.000000000000000000e+00 0.000000000000000000e+00 0.000000000000000000e+00 7.273999999999999355e-01 2.637999999999999790e-01 8.800000000000000530e-03 2.190001893926220419e+03
2.970000000000000000e+02 1.197136568199599083e+02 1.458171216326607282e+04 8.899999999999999023e-01 2.018389591053657117e+00 0.000000000000000000e+00 9.000000000000001055e-02 1.570796326794896558e+00 1.900157627359767347e+19 1.000000000000000000e+00 0.000000000000000000e+00 0.000000000000000000e+00 7.273999999999999355e-01 2.637999999999999790e-01 8.800000000000000530e-03 2.107535943543300618e+03
2.980000000000000000e+02 1.409666731928832917e+02 1.549619465330813000e+04 8.899999999999999023e-01 1.903003043492542457e+00 0.000000000000000000e+00 1.000000000000000056e-01 1.570796326794896558e+00 2.038825335223093658e+19 1.000000000000000000e+00 0.000000000000000000e+00 0.000000000000000000e+00 7.273999999999999355e-01 2.637999999999999790e-01 8.800000000000000530e-03 2.212627081551705942e+03
2.990000000000000000e+02 1.259133874775392172e+02 1.753590099318004286e+04 8.919999999999999041e-01 2.049241843323251100e+00 0.000000000000000000e+00 3.959342564368210915e-02 1.570796326794896558e+00 2.329417488727776051e+19 1.000000000000000000e+00 0.000000000000000000e+00 0.000000000000000000e+00 7.273999999999999355e-01 2.637999999999999790e-01 8.800000000000000530e-03 2.442702860818653335e+03
3.000000000000000000e+02 1.441116454720081208e+02 1.728893269759501345e+04 8.899999999999999023e-01 2.183724245154581745e+00 0.000000000000000000e+00 3.753553628363440892e-02 1.570796326794896558e+00 2.318908762903996416e+19 1.000000000000000000e+00 0.000000000000000000e+00 0.000000000000000000e+00 7.273999999999999355e-01 2.637999999999999790e-01 8.800000000000000530e-03 2.415142276093655710e+03
3.020000000000000000e+02 1.639631067522864214e+02 1.917669517735425688e+04 8.899999999999999023e-01 1.047886740250560278e+00 0.000000000000000000e+00 1.000000000000000056e-01 0.000000000000000000e+00 2.623594101781173862e+19 1.000000000000000000e+00 0.000000000000000000e+00 0.000000000000000000e+00 7.273999999999999355e-01 2.637999999999999790e-01 8.800000000000000530e-03 2.623899429982912352e+03
3.040000000000000000e+02 1.701607103310925027e+02 2.103997645080547954e+04 8.899999999999999023e-01 1.764421993021727086e+00 0.000000000000000000e+00 4.282768302023109291e-02 1.570796326794896558e+00 2.936247875809385267e+19 1.000000000000000000e+00 0.000000000000000000e+00 0.000000000000000000e+00 7.273999999999999355e-01 2.637999999999999790e-01 8.800000000000000530e-03 2.825949343922783100e+03
3.060000000000000000e+02 2.008732394012778570e+02 2.241678747629313148e+04 8.899999999999999023e-01 1.027631290991876334e+00 0.000000000000000000e+00 2.342832451300582916e-02 0.000000000000000000e+00 3.192464010577764352e+19 1.000000000000000000e+00 0.000000000000000000e+00 0.000000000000000000e+00 7.273999999999999355e-01 2.637999999999999790e-01 8.800000000000000530e-03 2.972944986477944894e+03
3.110000000000000000e+02 3.209073607118631344e+02 2.868252143663082825e+04 8.919999999999999041e-01 1.157174453901075095e+00 0.000000000000000000e+00 9.000000000000001055e-02 0.000000000000000000e+00 4.300262940596233830e+19 1.000000000000000000e+00 0.000000000000000000e+00 0.000000000000000000e+00 7.273999999999999355e-01 2.637999999999999790e-01 8.800000000000000530e-03 3.620945887724456952e+03
3.120000000000000000e+02 2.888895762520691051e+02 3.028180173756144723e+04 8.899999999999999023e-01 7.487703712686044621e-01 0.000000000000000000e+00 9.000000000000001055e-02 0.000000000000000000e+00 4.588784960162853683e+19 1.000000000000000000e+00 0.000000000000000000e+00 0.000000000000000000e+00 7.273999999999999355e-01 2.637999999999999790e-01 8.800000000000000530e-03 3.781582178098996337e+03
3.130000000000000000e+02 1.743306101943430804e+02 3.288503849571866886e+04 8.919999999999999041e-01 1.786557495100260073e+00 0.000000000000000000e+00 1.000000000000000056e-01 0.000000000000000000e+00 5.036155009675698176e+19 1.000000000000000000e+00 0.000000000000000000e+00 0.000000000000000000e+00 7.273999999999999355e-01 2.637999999999999790e-01 8.800000000000000530e-03 4.039492971927028066e+03
3.140000000000000000e+02 2.183731907589093737e+02 3.378010236788195471e+04 8.919999999999999041e-01 1.773669956195378150e+00 0.000000000000000000e+00 9.000000000000001055e-02 1.570796326794896558e+00 5.228877386607842918e+19 1.000000000000000000e+00 0.000000000000000000e+00 0.000000000000000000e+00 7.273999999999999355e-01 2.637999999999999790e-01 8.800000000000000530e-03 4.127213564883510116e+03
3.170000000000000000e+02 1.450159886794758393e+02 3.948783092337850394e+04 8.899999999999999023e-01 2.127993450226488115e+00 0.000000000000000000e+00 1.147338863919390890e-02 1.570796326794896558e+00 6.314273303025674650e+19 1.000000000000000000e+00 0.000000000000000000e+00 0.000000000000000000e+00 7.273999999999999355e-01 2.637999999999999790e-01 8.800000000000000530e-03 4.676261572634650292e+03
3.190000000000000000e+02 2.750897559944828572e+02 4.379169929086184857e+04 8.939999999999999059e-01 1.445687697770207558e+00 0.000000000000000000e+00 9.000000000000001055e-02 1.570796326794896558e+00 7.158541651788329779e+19 1.000000000000000000e+00 0.000000000000000000e+00 0.000000000000000000e+00 7.273999999999999355e-01 2.637999999999999790e-01 8.800000000000000530e-03 5.079741490586091459e+03
3.200000000000000000e+02 1.891911349650048066e+02 4.575383405983488774e+04 8.899999999999999023e-01 1.313524633223762450e+00 0.000000000000000000e+00 1.094431724318942895e-02 1.570796326794896558e+00 7.562364685443240755e+19 1.000000000000000000e+00 0.000000000000000000e+00 0.000000000000000000e+00 7.273999999999999355e-01 2.637999999999999790e-01 8.800000000000000530e-03 5.261022599685475143e+03
3.240000000000000000e+02 1.896779125491366926e+02 5.651406612138132186e+04 8.899999999999999023e-01 2.019103193643791094e+00 0.000000000000000000e+00 9.000000000000001055e-02 0.000000000000000000e+00 9.774942473714966528e+19 1.000000000000000000e+00 0.000000000000000000e+00 0.000000000000000000e+00 7.273999999999999355e-01 2.637999999999999790e-01 8.800000000000000530e-03 6.229503261151945480e+03
3.290000000000000000e+02 1.471646595557128023e+02 7.354092906332798884e+04 8.899999999999999023e-01 8.776212163398755539e-01 0.000000000000000000e+00 1.000000000000000056e-01 1.570796326794896558e+00 1.348853339520092897e+20 1.000000000000000000e+00 0.000000000000000000e+00 0.000000000000000000e+00 7.273999999999999355e-01 2.637999999999999790e-01 8.800000000000000530e-03 7.690444864558705376e+03
3.300000000000000000e+02 1.155728691786894160e+02 7.882688132270348433e+04 8.939999999999999059e-01 1.676354106264568600e+00 0.000000000000000000e+00 1.500946352969992348e-02 1.570796326794896558e+00 1.463243666936345068e+20 1.000000000000000000e+00 0.000000000000000000e+00 0.000000000000000000e+00 7.273999999999999355e-01 2.637999999999999790e-01 8.800000000000000530e-03 8.129571384903350918e+03
3.310000000000000000e+02 2.537536761230020659e+02 8.255891858519782545e+04 8.899999999999999023e-01 1.863346957100268320e+00 0.000000000000000000e+00 9.000000000000001055e-02 0.000000000000000000e+00 1.551013829272393482e+20 1.000000000000000000e+00 0.000000000000000000e+00 0.000000000000000000e+00 7.273999999999999355e-01 2.637999999999999790e-01 8.800000000000000530e-03 8.436054362429164030e+03
3.340000000000000000e+02 7.700000000000001137e+02 9.766819322183389158e+04 8.899999999999999023e-01 1.009261772152018732e+00 0.000000000000000000e+00 1.000000000000000056e-01 0.000000000000000000e+00 1.903721682068424950e+20 1.000000000000000000e+00 0.000000000000000000e+00 0.000000000000000000e+00 7.273999999999999355e-01 2.637999999999999790e-01 8.800000000000000530e-03 9.650075166461434492e+03
3.350000000000000000e+02 2.711056067661885436e+02 1.044156495692133321e+05 8.899999999999999023e-01 7.604044238249069165e-01 0.000000000000000000e+00 9.000000000000001055e-02 1.570796326794896558e+00 2.060844558620460319e+20 1.000000000000000000e+00 0.000000000000000000e+00 0.000000000000000000e+00 7.273999999999999355e-01 2.637999999999999790e-01 8.800000000000000530e-03 1.017983289182098997e+04
3.360000000000000000e+02 6.087882189782426394e+02 1.090098928213539184e+05 8.899999999999999023e-01 1.217467926222262520e+00 0.000000000000000000e+00 9.000000000000001055e-02 1.570796326794896558e+00 2.178717381879833559e+20 1.000000000000000000e+00 0.000000000000000000e+00 0.000000000000000000e+00 7.273999999999999355e-01 2.637999999999999790e-01 8.800000000000000530e-03 1.053660994789932010e+04
3.380000000000000000e+02 2.356822603319484131e+02 1.249099914792040508e+05 8.899999999999999023e-01 1.454109458314624570e+00 0.000000000000000000e+00 9.000000000000001055e-02 1.570796326794896558e+00 2.560973093981286892e+20 1.000000000000000000e+00 0.000000000000000000e+00 0.000000000000000000e+00 7.273999999999999355e-01 2.637999999999999790e-01 8.800000000000000530e-03 1.174913560102021438e+04
3.400000000000000000e+02 7.700000000000001137e+02 1.392093369910485344e+05 8.899999999999999023e-01 1.995014854567698670e+00 0.000000000000000000e+00 1.000000000000000056e-01 0.000000000000000000e+00 2.928628257502769971e+20 1.000000000000000000e+00 0.000000000000000000e+00 0.000000000000000000e+00 7.273999999999999355e-01 2.637999999999999790e-01 8.800000000000000530e-03 1.281335519492763160e+04
3.420000000000000000e+02 7.700000000000001137e+02 1.568681417860840447e+05 8.899999999999999023e-01 1.516480849574064704e+00 0.000000000000000000e+00 1.000000000000000056e-01 1.570796326794896558e+00 3.388293629500623421e+20 1.000000000000000000e+00 0.000000000000000000e+00 0.000000000000000000e+00 7.273999999999999355e-01 2.637999999999999790e-01 8.800000000000000530e-03 1.409795028825016379e+04
3.450000000000000000e+02 7.700000000000001137e+02 1.911816246186839417e+05 8.899999999999999023e-01 1.459944069439273351e+00 0.000000000000000000e+00 1.000000000000000056e-01 1.570796326794896558e+00 4.298996527477359247e+20 1.000000000000000000e+00 0.000000000000000000e+00 0.000000000000000000e+00 7.273999999999999355e-01 2.637999999999999790e-01 8.800000000000000530e-03 1.651524768919108465e+04
3.460000000000000000e+02 7.700000000000001137e+02 2.038422111613623274e+05 8.899999999999999023e-01 2.016650288428582627e+00 0.000000000000000000e+00 1.000000000000000056e-01 1.570796326794896558e+00 4.646798047460900864e+20 1.000000000000000000e+00 0.000000000000000000e+00 0.000000000000000000e+00 7.273999999999999355e-01 2.637999999999999790e-01 8.800000000000000530e-03 1.738455068406722057e+04
3.470000000000000000e+02 7.700000000000001137e+02 2.163036588335958077e+05 8.899999999999999023e-01 1.986519295622868109e+00 0.000000000000000000e+00 1.000000000000000056e-01 0.000000000000000000e+00 4.999259414412927304e+20 1.000000000000000000e+00 0.000000000000000000e+00 0.000000000000000000e+00 7.273999999999999355e-01 2.637999999999999790e-01 8.800000000000000530e-03 1.822968925782836232e+04
3.480000000000000000e+02 7.700000000000001137e+02 2.352756938441897801e+05 8.899999999999999023e-01 1.633715533179803669e+00 0.000000000000000000e+00 1.000000000000000056e-01 0.000000000000000000e+00 5.513125724108625019e+20 1.000000000000000000e+00 0.000000000000000000e+00 0.000000000000000000e+00 7.273999999999999355e-01 2.637999999999999790e-01 8.800000000000000530e-03 1.949798910941147915e+04
3.490000000000000000e+02 7.700000000000001137e+02 2.467668920592087961e+05 8.899999999999999023e-01 8.693239398887059322e-01 0.000000000000000000e+00 1.000000000000000056e-01 1.570796326794896558e+00 5.864065318579914670e+20 1.000000000000000000e+00 0.000000000000000000e+00 0.000000000000000000e+00 7.273999999999999355e-01 2.637999999999999790e-01 8.800000000000000530e-03 2.025618646894175617e+04
3.500000000000000000e+02 7.700000000000001137e+02 2.656216886277638841e+05 8.899999999999999023e-01 9.445199490807737464e-01 0.000000000000000000e+00 1.000000000000000056e-01 0.000000000000000000e+00 6.402074377796637164e+20 1.000000000000000000e+00 0.000000000000000000e+00 0.000000000000000000e+00 7.273999999999999355e-01 2.637999999999999790e-01 8.800000000000000530e-03 2.148518016501415332e+04
3.510000000000000000e+02 7.700000000000001137e+02 2.804796790406589862e+05 8.899999999999999023e-01 1.681276323453865018e+00 0.000000000000000000e+00 1.000000000000000056e-01 0.000000000000000000e+00 6.857973616096529613e+20 1.000000000000000000e+00 0.000000000000000000e+00 0.000000000000000000e+00 7.273999999999999355e-01 2.637999999999999790e-01 8.800000000000000530e-03 2.244136630165673705e+04
3.520000000000000000e+02 7.700000000000001137e+02 3.029814320550240227e+05 8.899999999999999023e-01 1.095913638077062213e+00 0.000000000000000000e+00 1.000000000000000056e-01 0.000000000000000000e+00 7.514967245692314583e+20 1.000000000000000000e+00 0.000000000000000000e+00 0.000000000000000000e+00 7.273999999999999355e-01 2.637999999999999790e-01 8.800000000000000530e-03 2.387047078026390955e+04
3.530000000000000000e+02 7.700000000000001137e+02 3.227697147938173148e+05 8.899999999999999023e-01 1.204297608494694583e+00 0.000000000000000000e+00 1.000000000000000056e-01 1.570796326794896558e+00 8.122840431617968701e+20 1.000000000000000000e+00 0.000000000000000000e+00 0.000000000000000000e+00 7.273999999999999355e-01 2.637999999999999790e-01 8.800000000000000530e-03 2.510975041679289643e+04
3.540000000000000000e+02 7.700000000000001137e+02 3.470354063291679486e+05 8.899999999999999023e-01 1.005536899988699995e+00 0.000000000000000000e+00 1.000000000000000056e-01 1.570796326794896558e+00 8.862005294047887360e+20 1.000000000000000000e+00 0.000000000000000000e+00 0.000000000000000000e+00 7.273999999999999355e-01 2.637999999999999790e-01 8.800000000000000530e-03 2.660891719279270910e+04
3.550000000000000000e+02 7.700000000000001137e+02 3.732989274712336482e+05 8.899999999999999023e-01 7.199753215856009581e-01 0.000000000000000000e+00 1.000000000000000056e-01 0.000000000000000000e+00 9.674588388755986186e+20 1.000000000000000000e+00 0.000000000000000000e+00 0.000000000000000000e+00 7.273999999999999355e-01 2.637999999999999790e-01 8.800000000000000530e-03 2.820808261571263210e+04
3.560000000000000000e+02 7.700000000000001137e+02 3.984202986824802938e+05 8.899999999999999023e-01 1.001734208357442979e+00 0.000000000000000000e+00 1.000000000000000056e-01 1.570796326794896558e+00 1.048091081109221540e+21 1.000000000000000000e+00 0.000000000000000000e+00 0.000000000000000000e+00 7.273999999999999355e-01 2.637999999999999790e-01 8.800000000000000530e-03 2.971675190902156464e+04
3.590000000000000000e+02 7.700000000000001137e+02 4.968848746274386067e+05 8.899999999999999023e-01 1.832985112367532254e+00 0.000000000000000000e+00 1.000000000000000056e-01 1.570796326794896558e+00 1.367975582260517667e+21 1.000000000000000000e+00 0.000000000000000000e+00 0.000000000000000000e+00 7.273999999999999355e-01 2.637999999999999790e-01 8.800000000000000530e-03 3.545951528275915916e+04
3.600000000000000000e+02 7.700000000000001137e+02 5.324411723678662675e+05 8.899999999999999023e-01 1.409380824998084814e+00 0.000000000000000000e+00 1.000000000000000056e-01 1.570796326794896558e+00 1.488783163782182994e+21 1.000000000000000000e+00 0.000000000000000000e+00 0.000000000000000000e+00 7.273999999999999355e-01 2.637999999999999790e-01 8.800000000000000530e-03 3.747533105030390288e+04
