# id_num orb_a mass spin spin_angle orb_inc orb_ecc orb_arg_periapse orb_ang_mom gen galaxy time_passed star_X star_Y star_Z radius
2.370000000000000000e+02 3.775410709663713504e+01 1.438993203460742734e+03 8.889999999999999014e-01 1.646656939687032306e+00 0.000000000000000000e+00 2.911822689818305832e-01 1.570796326794896558e+00 1.149567910171928192e+18 1.000000000000000000e+00 0.000000000000000000e+00 0.000000000000000000e+00 7.273999999999999355e-01 2.637999999999999790e-01 8.800000000000000530e-03 3.304420115026503026e+02
2.430000000000000000e+02 4.209156330563248360e+01 2.054764989315102412e+03 8.889999999999999014e-01 9.664309860485784665e-01 0.000000000000000000e+00 2.131305713916359923e-01 0.000000000000000000e+00 1.713191889282990592e+18 1.000000000000000000e+00 0.000000000000000000e+00 0.000000000000000000e+00 7.273999999999999355e-01 2.637999999999999790e-01 8.800000000000000530e-03 4.393979119838757583e+02
2.440000000000000000e+02 5.549756740818912704e+01 2.103265272404133611e+03 8.889999999999999014e-01 9.663614214285822790e-01 0.000000000000000000e+00 1.173992251285777520e-02 1.570796326794896558e+00 1.765985455430141184e+18 1.000000000000000000e+00 0.000000000000000000e+00 0.000000000000000000e+00 7.273999999999999355e-01 2.637999999999999790e-01 8.800000000000000530e-03 4.476756820196496278e+02
2.460000000000000000e+02 5.087159389158015443e+01 2.160568206765840387e+03 8.889999999999999014e-01 0.000000000000000000e+00 0.000000000000000000e+00 3.833379555155048274e-02 0.000000000000000000e+00 1.839653119519031552e+18 1.000000000000000000e+00 0.000000000000000000e+00 0.000000000000000000e+00 7.273999999999999355e-01 2.637999999999999790e-01 8.800000000000000530e-03 4.574068327970300629e+02
2.470000000000000000e+02 5.785300892347564172e+01 2.087853283432881653e+03 8.889999999999999014e-01 1.421182831370566779e+00 0.000000000000000000e+00 5.390613583363046413e-02 1.570796326794896558e+00 1.791772791350937600e+18 1.000000000000000000e+00 0.000000000000000000e+00 0.000000000000000000e+00 7.273999999999999355e-01 2.637999999999999790e-01 8.800000000000000530e-03 4.450494252529817913e+02
2.490000000000000000e+02 4.954392953301420022e+01 2.481642800607552090e+03 8.909999999999999032e-01 1.623031440782984891e+00 0.000000000000000000e+00 3.542231278252673532e-02 0.000000000000000000e+00 2.160567799630906880e+18 1.000000000000000000e+00 0.000000000000000000e+00 0.000000000000000000e+00 7.273999999999999355e-01 2.637999999999999790e-01 8.800000000000000530e-03 5.110220968131964696e+02
2.520000000000000000e+02 4.942223477618969696e+01 2.365546981702596440e+03 8.889999999999999014e-01 2.046468784608667324e+00 0.000000000000000000e+00 6.919499315217374213e-02 1.570796326794896558e+00 2.106380159438801408e+18 1.000000000000000000e+00 0.000000000000000000e+00 0.000000000000000000e+00 7.273999999999999355e-01 2.637999999999999790e-01 8.800000000000000530e-03 4.918056631531741800e+02
2.560000000000000000e+02 6.420800404209521162e+01 2.718467267612740670e+03 8.889999999999999014e-01 1.428500061830252577e+00 0.000000000000000000e+00 9.000000000000001055e-02 0.000000000000000000e+00 2.494813712592779264e+18 1.000000000000000000e+00 0.000000000000000000e+00 0.000000000000000000e+00 7.273999999999999355e-01 2.637999999999999790e-01 8.800000000000000530e-03 5.496769800681463494e+02
2.620000000000000000e+02 4.935030201073788447e+01 3.958177949293422444e+03 8.889999999999999014e-01 1.654879884390266565e+00 0.000000000000000000e+00 5.335612629800866313e-02 0.000000000000000000e+00 3.806537482766757888e+18 1.000000000000000000e+00 0.000000000000000000e+00 0.000000000000000000e+00 7.273999999999999355e-01 2.637999999999999790e-01 8.800000000000000530e-03 7.424112000549600907e+02
2.630000000000000000e+02 5.148359008297119033e+01 3.847586368789930930e+03 8.889999999999999014e-01 1.246603387263701235e+00 0.000000000000000000e+00 1.959450618215234988e-02 1.570796326794896558e+00 3.729679561326291456e+18 1.000000000000000000e+00 0.000000000000000000e+00 0.000000000000000000e+00 7.273999999999999355e-01 2.637999999999999790e-01 8.800000000000000530e-03 7.257699205773711810e+02
2.650000000000000000e+02 6.874466549755788947e+01 3.966415829270849372e+03 8.889999999999999014e-01 9.809640511695588705e-01 0.000000000000000000e+00 2.440846263904951352e-02 1.570796326794896558e+00 3.905396007000863232e+18 1.000000000000000000e+00 0.000000000000000000e+00 0.000000000000000000e+00 7.273999999999999355e-01 2.637999999999999790e-01 8.800000000000000530e-03 7.436470459695672162e+02
2.670000000000000000e+02 6.717843422966231515e+01 4.335962648717959382e+03 8.909999999999999032e-01 1.177092273817025081e+00 0.000000000000000000e+00 2.001698366084233779e-02 0.000000000000000000e+00 4.339548468670769152e+18 1.000000000000000000e+00 0.000000000000000000e+00 0.000000000000000000e+00 7.273999999999999355e-01 2.637999999999999790e-01 8.800000000000000530e-03 7.985767997742360649e+02
2.690000000000000000e+02 6.373431901425202994e+01 4.386378104598486061e+03 8.889999999999999014e-01 1.089141146331220389e+00 0.000000000000000000e+00 1.377392179492885338e-02 0.000000000000000000e+00 4.461977132399673344e+18 1.000000000000000000e+00 0.000000000000000000e+00 0.000000000000000000e+00 7.273999999999999355e-01 2.637999999999999790e-01 8.800000000000000530e-03 8.059964241326616730e+02
2.700000000000000000e+02 7.923272109248537731e+01 4.579663957341745117e+03 8.889999999999999014e-01 1.406855719171805852e+00 0.000000000000000000e+00 6.393801201999575745e-02 1.570796326794896558e+00 4.696882198858017792e+18 1.000000000000000000e+00 0.000000000000000000e+00 0.000000000000000000e+00 7.273999999999999355e-01 2.637999999999999790e-01 8.800000000000000530e-03 8.342863778423002259e+02
2.710000000000000000e+02 6.640776823705718357e+01 5.200121532938340351e+03 8.909999999999999032e-01 1.164178363700619112e+00 0.000000000000000000e+00 1.303329029544085874e-02 0.000000000000000000e+00 5.376239901168977920e+18 1.000000000000000000e+00 0.000000000000000000e+00 0.000000000000000000e+00 7.273999999999999355e-01 2.637999999999999790e-01 8.800000000000000530e-03 9.235471192552632829e+02
2.720000000000000000e+02 9.613889324150785853e+01 5.052181638267053131e+03 8.889999999999999014e-01 1.616019106576434883e+00 0.000000000000000000e+00 3.969077430731487305e-02 0.000000000000000000e+00 5.265646913150529536e+18 1.000000000000000000e+00 0.000000000000000000e+00 0.000000000000000000e+00 7.273999999999999355e-01 2.637999999999999790e-01 8.800000000000000530e-03 9.024672028794325342e+02
2.770000000000000000e+02 8.883319686570389706e+01 7.195728660135615428e+03 8.889999999999999014e-01 1.378360574444422060e+00 0.000000000000000000e+00 9.000000000000001055e-02 1.570796326794896558e+00 7.823048994744018944e+18 1.000000000000000000e+00 0.000000000000000000e+00 0.000000000000000000e+00 7.273999999999999355e-01 2.637999999999999790e-01 8.800000000000000530e-03 1.197589792598916574e+03
2.780000000000000000e+02 9.144373722006665162e+01 6.747254764650683683e+03 8.909999999999999032e-01 9.840813327642257136e-01 0.000000000000000000e+00 3.307440914191177306e-02 1.570796326794896558e+00 7.399626593236406272e+18 1.000000000000000000e+00 0.000000000000000000e+00 0.000000000000000000e+00 7.273999999999999355e-01 2.637999999999999790e-01 8.800000000000000530e-03 1.137496188085977110e+03
2.790000000000000000e+02 9.357312557196050307e+01 6.772466620330652404e+03 8.929999999999999050e-01 1.809889480768247516e+00 0.000000000000000000e+00 1.130636858038780446e-02 0.000000000000000000e+00 7.490923237874801664e+18 1.000000000000000000e+00 0.000000000000000000e+00 0.000000000000000000e+00 7.273999999999999355e-01 2.637999999999999790e-01 8.800000000000000530e-03 1.140895222593507242e+03
2.800000000000000000e+02 9.895689630225841427e+01 7.411519164601019838e+03 8.889999999999999014e-01 1.223481782203238666e+00 0.000000000000000000e+00 9.000000000000001055e-02 1.570796326794896558e+00 8.266758996661521408e+18 1.000000000000000000e+00 0.000000000000000000e+00 0.000000000000000000e+00 7.273999999999999355e-01 2.637999999999999790e-01 8.800000000000000530e-03 1.226235970940124389e+03
2.840000000000000000e+02 9.744890485201160857e+01 8.279891486010385051e+03 8.889999999999999014e-01 9.871154821102867682e-01 0.000000000000000000e+00 8.100000000000001643e-02 0.000000000000000000e+00 9.568285513752598528e+18 1.000000000000000000e+00 0.000000000000000000e+00 0.000000000000000000e+00 7.273999999999999355e-01 2.637999999999999790e-01 8.800000000000000530e-03 1.339886400213648130e+03
2.860000000000000000e+02 1.128651569094190847e+02 9.216999735344430519e+03 8.889999999999999014e-01 1.030112858654180341e+00 0.000000000000000000e+00 9.000000000000001055e-02 0.000000000000000000e+00 1.084310951358622106e+19 1.000000000000000000e+00 0.000000000000000000e+00 0.000000000000000000e+00 7.273999999999999355e-01 2.637999999999999790e-01 8.800000000000000530e-03 1.459889291698937996e+03
2.890000000000000000e+02 1.176225639252147204e+02 1.084877980362318340e+04 8.889999999999999014e-01 7.730606172501675033e-01 0.000000000000000000e+00 9.000000000000001055e-02 1.570796326794896558e+00 1.311410244772171981e+19 1.000000000000000000e+00 0.000000000000000000e+00 0.000000000000000000e+00 7.273999999999999355e-01 2.637999999999999790e-01 8.800000000000000530e-03 1.663232561076712045e+03
2.900000000000000000e+02 1.204795808547321627e+02 1.108773021555507512e+04 8.889999999999999014e-01 1.629505441432866020e+00 0.000000000000000000e+00 1.000000000000000056e-01 1.570796326794896558e+00 1.352804950215991091e+19 1.000000000000000000e+00 0.000000000000000000e+00 0.000000000000000000e+00 7.273999999999999355e-01 2.637999999999999790e-01 8.800000000000000530e-03 1.692475471034797010e+03
2.920000000000000000e+02 1.162622314786530779e+02 1.189924171282986208e+04 8.909999999999999032e-01 1.009602520085959743e+00 0.000000000000000000e+00 1.440725088419464277e-02 0.000000000000000000e+00 1.478432701531497472e+19 1.000000000000000000e+00 0.000000000000000000e+00 0.000000000000000000e+00 7.273999999999999355e-01 2.637999999999999790e-01 8.800000000000000530e-03 1.790868477919439783e+03
2.950000000000000000e+02 1.226427731430531622e+02 1.372552109273533279e+04 8.889999999999999014e-01 1.655480649524872616e+00 0.000000000000000000e+00 4.368592730341095548e-02 0.000000000000000000e+00 1.754349987955000934e+19 1.000000000000000000e+00 0.000000000000000000e+00 0.000000000000000000e+00 7.273999999999999355e-01 2.637999999999999790e-01 8.800000000000000530e-03 2.007572953979462454e+03
2.960000000000000000e+02 1.644235450697009355e+02 1.530189735038185245e+04 8.889999999999999014e-01 1.664381491554900450e+00 0.000000000000000000e+00 1.054275750211898857e-02 1.570796326794896558e+00 1.974439021014668083e+19 1.000000000000000000e+00 0.000000000000000000e+00 0.000000000000000000e+00 7.273999999999999355e-01 2.637999999999999790e-01 8.800000000000000530e-03 2.190001893926220419e+03
2.970000000000000000e+02 1.232408892457915925e+02 1.458506634277948069e+04 8.889999999999999014e-01 2.025369591053657103e+00 0.000000000000000000e+00 1.368136595260538435e-02 1.570796326794896558e+00 1.900157627359767347e+19 1.000000000000000000e+00 0.000000000000000000e+00 0.000000000000000000e+00 7.273999999999999355e-01 2.637999999999999790e-01 8.800000000000000530e-03 2.107535943543300618e+03
2.980000000000000000e+02 1.435698446895070504e+02 1.549975918798416387e+04 8.889999999999999014e-01 1.909983043492542443e+00 0.000000000000000000e+00 4.079160589160415323e-02 1.570796326794896558e+00 2.038825335223093658e+19 1.000000000000000000e+00 0.000000000000000000e+00 0.000000000000000000e+00 7.273999999999999355e-01 2.637999999999999790e-01 8.800000000000000530e-03 2.212627081551705942e+03
2.990000000000000000e+02 1.285714124215645029e+02 1.753993471426861652e+04 8.909999999999999032e-01 2.056221843323251086e+00 0.000000000000000000e+00 9.000000000000001055e-02 1.570796326794896558e+00 2.329417488727776051e+19 1.000000000000000000e+00 0.000000000000000000e+00 0.000000000000000000e+00 7.273999999999999355e-01 2.637999999999999790e-01 8.800000000000000530e-03 2.442702860818653335e+03
3.000000000000000000e+02 1.468404189614708741e+02 1.729290960944278777e+04 8.889999999999999014e-01 2.190704245154581731e+00 0.000000000000000000e+00 1.540542825430380944e-02 1.570796326794896558e+00 2.318908762903996416e+19 1.000000000000000000e+00 0.000000000000000000e+00 0.000000000000000000e+00 7.273999999999999355e-01 2.637999999999999790e-01 8.800000000000000530e-03 2.415142276093655710e+03
3.020000000000000000e+02 1.664893797717237760e+02 1.918110632450752382e+04 8.889999999999999014e-01 1.054866740250560264e+00 0.000000000000000000e+00 5.099106181459217568e-02 0.000000000000000000e+00 2.623594101781173862e+19 1.000000000000000000e+00 0.000000000000000000e+00 0.000000000000000000e+00 7.273999999999999355e-01 2.637999999999999790e-01 8.800000000000000530e-03 2.623899429982912352e+03
3.040000000000000000e+02 1.730286687832058874e+02 2.104481620193920753e+04 8.889999999999999014e-01 1.771401993021727073e+00 0.000000000000000000e+00 2.009945633409047222e-02 1.570796326794896558e+00 2.936247875809385267e+19 1.000000000000000000e+00 0.000000000000000000e+00 0.000000000000000000e+00 7.273999999999999355e-01 2.637999999999999790e-01 8.800000000000000530e-03 2.825949343922783100e+03
3.060000000000000000e+02 2.039973073711030054e+02 2.242194393038216731e+04 8.889999999999999014e-01 1.034611290991876320e+00 0.000000000000000000e+00 9.000000000000001055e-02 0.000000000000000000e+00 3.192464010577764352e+19 1.000000000000000000e+00 0.000000000000000000e+00 0.000000000000000000e+00 7.273999999999999355e-01 2.637999999999999790e-01 8.800000000000000530e-03 2.972944986477944894e+03
3.110000000000000000e+02 3.874375366497470736e+02 2.868911917527210971e+04 8.909999999999999032e-01 1.164154453901075081e+00 0.000000000000000000e+00 9.000000000000001055e-02 0.000000000000000000e+00 4.300262940596233830e+19 1.000000000000000000e+00 0.000000000000000000e+00 0.000000000000000000e+00 7.273999999999999355e-01 2.637999999999999790e-01 8.800000000000000530e-03 3.620945887724456952e+03
3.120000000000000000e+02 3.298156322093865924e+02 3.028876735297614869e+04 8.889999999999999014e-01 7.557503712686044484e-01 0.000000000000000000e+00 9.000000000000001055e-02 0.000000000000000000e+00 4.588784960162853683e+19 1.000000000000000000e+00 0.000000000000000000e+00 0.000000000000000000e+00 7.273999999999999355e-01 2.637999999999999790e-01 8.800000000000000530e-03 3.781582178098996337e+03
3.130000000000000000e+02 1.790203958012574503e+02 3.289260292444864172e+04 8.909999999999999032e-01 1.793537495100260060e+00 0.000000000000000000e+00 2.819754744330560045e-02 0.000000000000000000e+00 5.036155009675698176e+19 1.000000000000000000e+00 0.000000000000000000e+00 0.000000000000000000e+00 7.273999999999999355e-01 2.637999999999999790e-01 8.800000000000000530e-03 4.039492971927028066e+03
3.140000000000000000e+02 2.275061533561955116e+02 3.378787268497877812e+04 8.909999999999999032e-01 1.780649956195378136e+00 0.000000000000000000e+00 9.000000000000001055e-02 1.570796326794896558e+00 5.228877386607842918e+19 1.000000000000000000e+00 0.000000000000000000e+00 0.000000000000000000e+00 7.273999999999999355e-01 2.637999999999999790e-01 8.800000000000000530e-03 4.127213564883510116e+03
3.170000000000000000e+02 1.662659598997118167e+02 3.949691416902408673e+04 8.889999999999999014e-01 2.134973450226488101e+00 0.000000000000000000e+00 1.000000000000000056e-01 1.570796326794896558e+00 6.314273303025674650e+19 1.000000000000000000e+00 0.000000000000000000e+00 0.000000000000000000e+00 7.273999999999999355e-01 2.637999999999999790e-01 8.800000000000000530e-03 4.676261572634650292e+03
3.190000000000000000e+02 3.208135941328720264e+02 4.380177254007799638e+04 8.929999999999999050e-01 1.452667697770207544e+00 0.000000000000000000e+00 9.000000000000001055e-02 1.570796326794896558e+00 7.158541651788329779e+19 1.000000000000000000e+00 0.000000000000000000e+00 0.000000000000000000e+00 7.273999999999999355e-01 2.637999999999999790e-01 8.800000000000000530e-03 5.079741490586091459e+03
3.200000000000000000e+02 1.955383393352616963e+02 4.576435865195034421e+04 8.889999999999999014e-01 1.320504633223762436e+00 0.000000000000000000e+00 9.000000000000001055e-02 1.570796326794896558e+00 7.562364685443240755e+19 1.000000000000000000e+00 0.000000000000000000e+00 0.000000000000000000e+00 7.273999999999999355e-01 2.637999999999999790e-01 8.800000000000000530e-03 5.261022599685475143e+03
3.240000000000000000e+02 1.980539969694136744e+02 5.652706585150089086e+04 8.889999999999999014e-01 2.026083193643791081e+00 0.000000000000000000e+00 9.000000000000001055e-02 0.000000000000000000e+00 9.774942473714966528e+19 1.000000000000000000e+00 0.000000000000000000e+00 0.000000000000000000e+00 7.273999999999999355e-01 2.637999999999999790e-01 8.800000000000000530e-03 6.229503261151945480e+03
3.290000000000000000e+02 1.740285124209745788e+02 7.355784542231925298e+04 8.889999999999999014e-01 8.846012163398755401e-01 0.000000000000000000e+00 1.000000000000000056e-01 1.570796326794896558e+00 1.348853339520092897e+20 1.000000000000000000e+00 0.000000000000000000e+00 0.000000000000000000e+00 7.273999999999999355e-01 2.637999999999999790e-01 8.800000000000000530e-03 7.690444864558705376e+03
3.300000000000000000e+02 1.337486698253587463e+02 7.884501359053856868e+04 8.929999999999999050e-01 1.683334106264568586e+00 0.000000000000000000e+00 9.000000000000001055e-02 1.570796326794896558e+00 1.463243666936345068e+20 1.000000000000000000e+00 0.000000000000000000e+00 0.000000000000000000e+00 7.273999999999999355e-01 2.637999999999999790e-01 8.800000000000000530e-03 8.129571384903350918e+03
3.310000000000000000e+02 3.101619075006109369e+02 8.257790932032323326e+04 8.889999999999999014e-01 1.870326957100268306e+00 0.000000000000000000e+00 9.000000000000001055e-02 0.000000000000000000e+00 1.551013829272393482e+20 1.000000000000000000e+00 0.000000000000000000e+00 0.000000000000000000e+00 7.273999999999999355e-01 2.637999999999999790e-01 8.800000000000000530e-03 8.436054362429164030e+03
3.340000000000000000e+02 1.155728691786894160e+02 9.769065948979668610e+04 8.889999999999999014e-01 1.016241772152018719e+00 0.000000000000000000e+00 1.500946352969992348e-02 0.000000000000000000e+00 1.903721682068424950e+20 1.000000000000000000e+00 0.000000000000000000e+00 0.000000000000000000e+00 7.273999999999999355e-01 2.637999999999999790e-01 8.800000000000000530e-03 9.650075166461434492e+03
3.350000000000000000e+02 3.750172295466092010e+02 1.044396679306199221e+05 8.889999999999999014e-01 7.673844238249069027e-01 0.000000000000000000e+00 9.000000000000001055e-02 1.570796326794896558e+00 2.060844558620460319e+20 1.000000000000000000e+00 0.000000000000000000e+00 0.000000000000000000e+00 7.273999999999999355e-01 2.637999999999999790e-01 8.800000000000000530e-03 1.017983289182098997e+04
3.360000000000000000e+02 7.700000000000001137e+02 1.090349679802355531e+05 8.889999999999999014e-01 1.224447926222262506e+00 0.000000000000000000e+00 1.000000000000000056e-01 1.570796326794896558e+00 2.178717381879833559e+20 1.000000000000000000e+00 0.000000000000000000e+00 0.000000000000000000e+00 7.273999999999999355e-01 2.637999999999999790e-01 8.800000000000000530e-03 1.053660994789932010e+04
3.380000000000000000e+02 2.941460533990487534e+02 1.249387240813668468e+05 8.889999999999999014e-01 1.461089458314624556e+00 0.000000000000000000e+00 9.000000000000001055e-02 1.570796326794896558e+00 2.560973093981286892e+20 1.000000000000000000e+00 0.000000000000000000e+00 0.000000000000000000e+00 7.273999999999999355e-01 2.637999999999999790e-01 8.800000000000000530e-03 1.174913560102021438e+04
3.400000000000000000e+02 7.700000000000001137e+02 1.392413588209257287e+05 8.889999999999999014e-01 2.001994854567698656e+00 0.000000000000000000e+00 1.000000000000000056e-01 0.000000000000000000e+00 2.928628257502769971e+20 1.000000000000000000e+00 0.000000000000000000e+00 0.000000000000000000e+00 7.273999999999999355e-01 2.637999999999999790e-01 8.800000000000000530e-03 1.281335519492763160e+04
3.420000000000000000e+02 7.700000000000001137e+02 1.569042256081753003e+05 8.889999999999999014e-01 1.523460849574064691e+00 0.000000000000000000e+00 1.000000000000000056e-01 1.570796326794896558e+00 3.388293629500623421e+20 1.000000000000000000e+00 0.000000000000000000e+00 0.000000000000000000e+00 7.273999999999999355e-01 2.637999999999999790e-01 8.800000000000000530e-03 1.409795028825016379e+04
3.450000000000000000e+02 7.700000000000001137e+02 1.912256014494879055e+05 8.889999999999999014e-01 1.466924069439273337e+00 0.000000000000000000e+00 1.000000000000000056e-01 1.570796326794896558e+00 4.298996527477359247e+20 1.000000000000000000e+00 0.000000000000000000e+00 0.000000000000000000e+00 7.273999999999999355e-01 2.637999999999999790e-01 8.800000000000000530e-03 1.651524768919108465e+04
3.460000000000000000e+02 7.700000000000001137e+02 2.038891002619692881e+05 8.889999999999999014e-01 2.023630288428582613e+00 0.000000000000000000e+00 1.000000000000000056e-01 1.570796326794896558e+00 4.646798047460900864e+20 1.000000000000000000e+00 0.000000000000000000e+00 0.000000000000000000e+00 7.273999999999999355e-01 2.637999999999999790e-01 8.800000000000000530e-03 1.738455068406722057e+04
3.470000000000000000e+02 7.700000000000001137e+02 2.163534143967979471e+05 8.889999999999999014e-01 1.993499295622868095e+00 0.000000000000000000e+00 1.000000000000000056e-01 0.000000000000000000e+00 4.999259414412927304e+20 1.000000000000000000e+00 0.000000000000000000e+00 0.000000000000000000e+00 7.273999999999999355e-01 2.637999999999999790e-01 8.800000000000000530e-03 1.822968925782836232e+04
3.480000000000000000e+02 7.700000000000001137e+02 2.353298134772931517e+05 8.889999999999999014e-01 1.640695533179803656e+00 0.000000000000000000e+00 1.000000000000000056e-01 0.000000000000000000e+00 5.513125724108625019e+20 1.000000000000000000e+00 0.000000000000000000e+00 0.000000000000000000e+00 7.273999999999999355e-01 2.637999999999999790e-01 8.800000000000000530e-03 1.949798910941147915e+04
3.490000000000000000e+02 7.700000000000001137e+02 2.468236549718671304e+05 8.889999999999999014e-01 8.763039398887059184e-01 0.000000000000000000e+00 1.000000000000000056e-01 1.570796326794896558e+00 5.864065318579914670e+20 1.000000000000000000e+00 0.000000000000000000e+00 0.000000000000000000e+00 7.273999999999999355e-01 2.637999999999999790e-01 8.800000000000000530e-03 2.025618646894175617e+04
3.500000000000000000e+02 7.700000000000001137e+02 2.656827886423805612e+05 8.889999999999999014e-01 9.514999490807737326e-01 0.000000000000000000e+00 1.000000000000000056e-01 0.000000000000000000e+00 6.402074377796637164e+20 1.000000000000000000e+00 0.000000000000000000e+00 0.000000000000000000e+00 7.273999999999999355e-01 2.637999999999999790e-01 8.800000000000000530e-03 2.148518016501415332e+04
3.510000000000000000e+02 7.700000000000001137e+02 2.805441967860946315e+05 8.889999999999999014e-01 1.688256323453865004e+00 0.000000000000000000e+00 1.000000000000000056e-01 0.000000000000000000e+00 6.857973616096529613e+20 1.000000000000000000e+00 0.000000000000000000e+00 0.000000000000000000e+00 7.273999999999999355e-01 2.637999999999999790e-01 8.800000000000000530e-03 2.244136630165673705e+04
3.520000000000000000e+02 7.700000000000001137e+02 3.030511257988699363e+05 8.889999999999999014e-01 1.102893638077062199e+00 0.000000000000000000e+00 1.000000000000000056e-01 0.000000000000000000e+00 7.514967245692314583e+20 1.000000000000000000e+00 0.000000000000000000e+00 0.000000000000000000e+00 7.273999999999999355e-01 2.637999999999999790e-01 8.800000000000000530e-03 2.387047078026390955e+04
3.530000000000000000e+02 7.700000000000001137e+02 3.228439603661333676e+05 8.889999999999999014e-01 1.211277608494694569e+00 0.000000000000000000e+00 1.000000000000000056e-01 1.570796326794896558e+00 8.122840431617968701e+20 1.000000000000000000e+00 0.000000000000000000e+00 0.000000000000000000e+00 7.273999999999999355e-01 2.637999999999999790e-01 8.800000000000000530e-03 2.510975041679289643e+04
3.540000000000000000e+02 7.700000000000001137e+02 3.471152336524138809e+05 8.889999999999999014e-01 1.012516899988699981e+00 0.000000000000000000e+00 1.000000000000000056e-01 1.570796326794896558e+00 8.862005294047887360e+20 1.000000000000000000e+00 0.000000000000000000e+00 0.000000000000000000e+00 7.273999999999999355e-01 2.637999999999999790e-01 8.800000000000000530e-03 2.660891719279270910e+04
3.550000000000000000e+02 7.700000000000001137e+02 3.733847960990656866e+05 8.889999999999999014e-01 7.269553215856009443e-01 0.000000000000000000e+00 1.000000000000000056e-01 0.000000000000000000e+00 9.674588388755986186e+20 1.000000000000000000e+00 0.000000000000000000e+00 0.000000000000000000e+00 7.273999999999999355e-01 2.637999999999999790e-01 8.800000000000000530e-03 2.820808261571263210e+04
3.560000000000000000e+02 7.700000000000001137e+02 3.985119458902021288e+05 8.889999999999999014e-01 1.008714208357442965e+00 0.000000000000000000e+00 1.000000000000000056e-01 1.570796326794896558e+00 1.048091081109221540e+21 1.000000000000000000e+00 0.000000000000000000e+00 0.000000000000000000e+00 7.273999999999999355e-01 2.637999999999999790e-01 8.800000000000000530e-03 2.971675190902156464e+04
3.590000000000000000e+02 7.700000000000001137e+02 4.969991712922154693e+05 8.889999999999999014e-01 1.839965112367532241e+00 0.000000000000000000e+00 1.000000000000000056e-01 1.570796326794896558e+00 1.367975582260517667e+21 1.000000000000000000e+00 0.000000000000000000e+00 0.000000000000000000e+00 7.273999999999999355e-01 2.637999999999999790e-01 8.800000000000000530e-03 3.545951528275915916e+04
3.600000000000000000e+02 7.700000000000001137e+02 5.325636479216596344e+05 8.889999999999999014e-01 1.416360824998084800e+00 0.000000000000000000e+00 1.000000000000000056e-01 1.570796326794896558e+00 1.488783163782182994e+21 1.000000000000000000e+00 0.000000000000000000e+00 0.000000000000000000e+00 7.273999999999999355e-01 2.637999999999999790e-01 8.800000000000000530e-03 3.747533105030390288e+04
