# id_num orb_a mass spin spin_angle orb_inc orb_ecc orb_arg_periapse orb_ang_mom gen galaxy time_passed gw_freq gw_strain
0.000000000000000000e+00 3.869211465791076989e+02 1.671244117445997546e+01 -1.453100205326808211e-03 4.715395304005187138e-01 -6.515865725535942765e-04 5.514517587299955226e-02 1.570796326794896558e+00 1.000000000000000000e+00 1.000000000000000000e+00 0.000000000000000000e+00 0.000000000000000000e+00 -1.000000000000000000e+00 -1.000000000000000000e+00
1.000000000000000000e+00 6.644066250579806365e+03 1.094474046559163050e+01 -2.026932893552884848e-03 1.333446207243330850e+00 3.992768127779681639e-03 1.000000000000000021e-02 0.000000000000000000e+00 1.000000000000000000e+00 1.000000000000000000e+00 0.000000000000000000e+00 0.000000000000000000e+00 -1.000000000000000000e+00 -1.000000000000000000e+00
3.000000000000000000e+00 3.812937528328433837e+04 1.141071163906489616e+01 2.172704468556109214e-01 1.976960074219564101e+00 3.144177079315415124e+00 3.717064760727462752e-02 0.000000000000000000e+00 1.000000000000000000e+00 1.000000000000000000e+00 0.000000000000000000e+00 0.000000000000000000e+00 -1.000000000000000000e+00 -1.000000000000000000e+00
5.000000000000000000e+00 4.504095334458647812e+02 1.582080856301462646e+01 -2.118077073699408883e-04 9.667193050548192890e-01 3.132336859863471101e+00 2.419984582134401124e-02 0.000000000000000000e+00 1.000000000000000000e+00 1.000000000000000000e+00 0.000000000000000000e+00 0.000000000000000000e+00 -1.000000000000000000e+00 -1.000000000000000000e+00
7.000000000000000000e+00 5.000000000000000000e+04 2.293410340382991564e+01 -1.047045410897627787e-01 2.913479697388181133e+00 3.139790397144210932e+00 8.243873514461391716e-02 1.570796326794896558e+00 1.000000000000000000e+00 1.000000000000000000e+00 0.000000000000000000e+00 0.000000000000000000e+00 -1.000000000000000000e+00 -1.000000000000000000e+00
9.000000000000000000e+00 1.687877960806884221e+04 1.126409390609182992e+01 8.408355454655672134e-02 1.379172519980923495e+00 3.137006285179099851e+00 1.827294878445337098e-02 1.570796326794896558e+00 1.000000000000000000e+00 1.000000000000000000e+00 0.000000000000000000e+00 0.000000000000000000e+00 -1.000000000000000000e+00 -1.000000000000000000e+00
1.000000000000000000e+01 2.200044006225585326e+04 1.138981566668194567e+01 -3.574475845962269555e-02 5.175187463275215949e-01 3.162822641300205628e+00 4.407856171725763050e-02 0.000000000000000000e+00 1.000000000000000000e+00 1.000000000000000000e+00 0.000000000000000000e+00 0.000000000000000000e+00 -1.000000000000000000e+00 -1.000000000000000000e+00
1.100000000000000000e+01 2.734989206377935989e+04 1.200287766579173265e+01 -3.419172404565035822e-03 6.856737696318498942e-01 2.522988627658376629e-02 2.121163517189970232e-02 0.000000000000000000e+00 1.000000000000000000e+00 1.000000000000000000e+00 0.000000000000000000e+00 0.000000000000000000e+00 -1.000000000000000000e+00 -1.000000000000000000e+00
1.600000000000000000e+01 9.405718814913891038e+03 1.076539723979311169e+01 -2.138075130555941727e-01 2.261576400503744644e+00 -1.106240017979019316e-02 9.000000000000001055e-02 1.570796326794896558e+00 1.000000000000000000e+00 1.000000000000000000e+00 0.000000000000000000e+00 0.000000000000000000e+00 -1.000000000000000000e+00 -1.000000000000000000e+00
1.800000000000000000e+01 4.685119363406083721e+04 1.168841083097823486e+01 -1.627588048660479902e-01 2.689828313811727156e+00 3.162427464814964839e+00 1.122631034591993343e-01 0.000000000000000000e+00 1.000000000000000000e+00 1.000000000000000000e+00 0.000000000000000000e+00 0.000000000000000000e+00 -1.000000000000000000e+00 -1.000000000000000000e+00
2.100000000000000000e+01 2.074992894554469240e+04 1.206523589198722135e+01 8.386004143548467238e-02 1.187085117314178317e+00 3.167054354800093119e+00 1.697595701549286726e-02 0.000000000000000000e+00 1.000000000000000000e+00 1.000000000000000000e+00 0.000000000000000000e+00 0.000000000000000000e+00 -1.000000000000000000e+00 -1.000000000000000000e+00
2.400000000000000000e+01 5.029355843103863663e+03 1.847951359617055189e+01 1.271588105528714541e-01 1.014205971078847357e+00 3.144888879064745346e+00 9.000000000000001055e-02 1.570796326794896558e+00 1.000000000000000000e+00 1.000000000000000000e+00 0.000000000000000000e+00 0.000000000000000000e+00 -1.000000000000000000e+00 -1.000000000000000000e+00
2.600000000000000000e+01 4.252657072887395043e+04 1.170732862855064482e+01 -1.273917467187044711e-02 6.924049701795498279e-01 3.132180839178449805e+00 2.045951366552097028e-02 1.570796326794896558e+00 1.000000000000000000e+00 1.000000000000000000e+00 0.000000000000000000e+00 0.000000000000000000e+00 -1.000000000000000000e+00 -1.000000000000000000e+00
3.000000000000000000e+01 2.186600016322514057e+04 1.340201949629444833e+01 -2.555922278537135495e-01 3.100000000000000089e+00 3.149135090333708309e+00 1.161412901327582917e-02 1.570796326794896558e+00 1.000000000000000000e+00 1.000000000000000000e+00 0.000000000000000000e+00 0.000000000000000000e+00 -1.000000000000000000e+00 -1.000000000000000000e+00
3.100000000000000000e+01 4.386506928326721390e+04 3.398737272480005345e+01 -1.327677865286999992e-01 3.100000000000000089e+00 3.125541830867244880e-02 3.305867815478107791e-02 1.570796326794896558e+00 1.000000000000000000e+00 1.000000000000000000e+00 0.000000000000000000e+00 0.000000000000000000e+00 -1.000000000000000000e+00 -1.000000000000000000e+00
3.200000000000000000e+01 1.850476667573180021e+04 1.711045224466559489e+01 -1.196601126319960101e-01 3.065278017530074894e+00 -4.104715733469956745e-02 5.010446445406890187e-02 1.570796326794896558e+00 1.000000000000000000e+00 1.000000000000000000e+00 0.000000000000000000e+00 0.000000000000000000e+00 -1.000000000000000000e+00 -1.000000000000000000e+00
3.300000000000000000e+01 5.344581315789444488e+04 1.985522270557941127e+01 -4.294587696204137106e-02 1.967428038508166832e+00 -2.422795277079857132e-02 1.000000000000000056e-01 1.570796326794896558e+00 1.000000000000000000e+00 1.000000000000000000e+00 0.000000000000000000e+00 0.000000000000000000e+00 -1.000000000000000000e+00 -1.000000000000000000e+00
3.400000000000000000e+01 4.318345169554991116e+02 1.357441253409615278e+01 -5.556362664788045552e-02 1.135313686852900350e+00 1.618439873882263069e-02 6.632285500190239491e-02 0.000000000000000000e+00 1.000000000000000000e+00 1.000000000000000000e+00 0.000000000000000000e+00 0.000000000000000000e+00 -1.000000000000000000e+00 -1.000000000000000000e+00
3.500000000000000000e+01 5.000000000000000000e+04 3.442238689990539058e+01 2.045974542153000328e-03 7.003292217694578881e-01 -3.274221800084696488e-02 1.000000000000000021e-02 1.570796326794896558e+00 1.000000000000000000e+00 1.000000000000000000e+00 0.000000000000000000e+00 0.000000000000000000e+00 -1.000000000000000000e+00 -1.000000000000000000e+00
4.100000000000000000e+01 3.660576763222398586e+04 2.772081595196723214e+01 -2.863109965193973497e-02 1.846453138331901167e+00 3.146067011285785586e+00 2.007168983982943189e-02 1.570796326794896558e+00 1.000000000000000000e+00 1.000000000000000000e+00 0.000000000000000000e+00 0.000000000000000000e+00 -1.000000000000000000e+00 -1.000000000000000000e+00
4.200000000000000000e+01 3.234713613428897588e+04 1.399934829388546831e+01 -2.261148916372682782e-01 3.100000000000000089e+00 -1.437022960326262040e-02 2.973609925618001665e-02 0.000000000000000000e+00 1.000000000000000000e+00 1.000000000000000000e+00 0.000000000000000000e+00 0.000000000000000000e+00 -1.000000000000000000e+00 -1.000000000000000000e+00
4.400000000000000000e+01 1.193369555790046797e+04 1.340673002784564538e+01 -1.176117382938477729e-01 2.878789329680823350e+00 3.130626716412618915e+00 9.000000000000001055e-02 0.000000000000000000e+00 1.000000000000000000e+00 1.000000000000000000e+00 0.000000000000000000e+00 0.000000000000000000e+00 -1.000000000000000000e+00 -1.000000000000000000e+00
4.500000000000000000e+01 2.413128513022277184e+04 2.029050325694412749e+01 -3.165829693184625537e-02 9.223810808641631498e-01 1.163329542729571280e-02 1.926852909747252610e-02 0.000000000000000000e+00 1.000000000000000000e+00 1.000000000000000000e+00 0.000000000000000000e+00 0.000000000000000000e+00 -1.000000000000000000e+00 -1.000000000000000000e+00
4.700000000000000000e+01 4.476175684601254761e+04 1.187421868503583688e+01 -1.320341823087412270e-01 3.039779840157523783e+00 3.122317962887414478e+00 4.699400686296035384e-02 1.570796326794896558e+00 1.000000000000000000e+00 1.000000000000000000e+00 0.000000000000000000e+00 0.000000000000000000e+00 -1.000000000000000000e+00 -1.000000000000000000e+00
5.000000000000000000e+01 1.127287684489758794e+04 2.629137549150285480e+01 -7.220423369294838578e-02 1.964373914188937142e+00 2.062571856582140484e-02 2.463872709527939464e-02 0.000000000000000000e+00 1.000000000000000000e+00 1.000000000000000000e+00 0.000000000000000000e+00 0.000000000000000000e+00 -1.000000000000000000e+00 -1.000000000000000000e+00
5.300000000000000000e+01 4.083389790961484687e+04 1.219981683333628908e+01 8.845063580140702375e-02 9.507902455471385350e-01 -2.554969866411557766e-02 1.935584051533866812e-01 1.570796326794896558e+00 1.000000000000000000e+00 1.000000000000000000e+00 0.000000000000000000e+00 0.000000000000000000e+00 -1.000000000000000000e+00 -1.000000000000000000e+00
5.600000000000000000e+01 1.505544744280998202e+04 1.548434311038764477e+01 1.357345314349544391e-02 1.352724927313762260e+00 -3.127601290143249696e-02 1.000000000000000021e-02 1.570796326794896558e+00 1.000000000000000000e+00 1.000000000000000000e+00 0.000000000000000000e+00 0.000000000000000000e+00 -1.000000000000000000e+00 -1.000000000000000000e+00
5.700000000000000000e+01 4.404053961544667982e+04 1.477950664122471558e+01 -1.120512356967202916e-01 2.360284271747087548e+00 3.116571638928242738e+00 1.472929920909335499e-02 0.000000000000000000e+00 1.000000000000000000e+00 1.000000000000000000e+00 0.000000000000000000e+00 0.000000000000000000e+00 -1.000000000000000000e+00 -1.000000000000000000e+00
5.800000000000000000e+01 4.413154179400057183e+04 1.111262464442473608e+01 -2.229597264001788037e-01 3.100000000000000089e+00 3.801868097967895516e-02 4.383538263364630122e-02 1.570796326794896558e+00 1.000000000000000000e+00 1.000000000000000000e+00 0.000000000000000000e+00 0.000000000000000000e+00 -1.000000000000000000e+00 -1.000000000000000000e+00
6.000000000000000000e+01 2.327269839399289413e+04 1.092355211862062347e+01 1.922509740331816708e-02 1.761783449096553822e+00 2.199492932159088573e-02 1.000000000000000021e-02 1.570796326794896558e+00 1.000000000000000000e+00 1.000000000000000000e+00 0.000000000000000000e+00 0.000000000000000000e+00 -1.000000000000000000e+00 -1.000000000000000000e+00
6.100000000000000000e+01 6.533334354728017388e+03 1.471167606693017227e+01 -3.246299558561964449e-02 1.483094603630138675e+00 3.149588992141503230e+00 1.550358357915350600e-02 1.570796326794896558e+00 1.000000000000000000e+00 1.000000000000000000e+00 0.000000000000000000e+00 0.000000000000000000e+00 -1.000000000000000000e+00 -1.000000000000000000e+00
6.300000000000000000e+01 1.595876474615254665e+04 2.143361942583139879e+01 -2.320422985181673156e-02 4.677354758424246417e-01 -3.776534873367202137e-03 1.000000000000000021e-02 1.570796326794896558e+00 1.000000000000000000e+00 1.000000000000000000e+00 0.000000000000000000e+00 0.000000000000000000e+00 -1.000000000000000000e+00 -1.000000000000000000e+00
6.600000000000000000e+01 2.736407589438688956e+04 1.224535382281291795e+01 -8.725098729657213004e-02 3.100000000000000089e+00 3.167397794277184708e+00 7.838623612248717121e-02 0.000000000000000000e+00 1.000000000000000000e+00 1.000000000000000000e+00 0.000000000000000000e+00 0.000000000000000000e+00 -1.000000000000000000e+00 -1.000000000000000000e+00
6.700000000000000000e+01 3.621722221187339892e+04 1.836916359500136409e+01 8.759908393205514954e-02 1.529533199577747027e+00 -1.674954794896948984e-02 7.878027102192527997e-02 1.570796326794896558e+00 1.000000000000000000e+00 1.000000000000000000e+00 0.000000000000000000e+00 0.000000000000000000e+00 -1.000000000000000000e+00 -1.000000000000000000e+00
6.800000000000000000e+01 4.019959496950540779e+04 1.033723104184528374e+01 4.312058111333808008e-02 1.194407383732632999e+00 4.041127504180865027e-02 7.431864432443124890e-02 1.570796326794896558e+00 1.000000000000000000e+00 1.000000000000000000e+00 0.000000000000000000e+00 0.000000000000000000e+00 -1.000000000000000000e+00 -1.000000000000000000e+00
7.200000000000000000e+01 3.838397643108371267e+04 1.315240821635925172e+01 -2.623285377840159360e-01 2.543696704855304969e+00 4.779402693771217514e-02 3.811464618884185390e-02 1.570796326794896558e+00 1.000000000000000000e+00 1.000000000000000000e+00 0.000000000000000000e+00 0.000000000000000000e+00 -1.000000000000000000e+00 -1.000000000000000000e+00
7.300000000000000000e+01 5.000000000000000000e+04 1.358851784261825379e+01 -1.629241388573146598e-01 2.355327456738459002e+00 3.095774342525814404e+00 6.700620116120564740e-02 1.570796326794896558e+00 1.000000000000000000e+00 1.000000000000000000e+00 0.000000000000000000e+00 0.000000000000000000e+00 -1.000000000000000000e+00 -1.000000000000000000e+00
7.500000000000000000e+01 4.851046759803964960e+04 3.004457839496986082e+01 -1.530343167469877530e-01 2.626056087342773626e+00 3.164747006658590767e+00 2.458280479148425290e-02 1.570796326794896558e+00 1.000000000000000000e+00 1.000000000000000000e+00 0.000000000000000000e+00 0.000000000000000000e+00 -1.000000000000000000e+00 -1.000000000000000000e+00
7.600000000000000000e+01 2.243481848845674904e+04 1.085792632916552236e+01 -8.812140193794783249e-02 3.100000000000000089e+00 3.116953893853936286e+00 1.000000000000000021e-02 1.570796326794896558e+00 1.000000000000000000e+00 1.000000000000000000e+00 0.000000000000000000e+00 0.000000000000000000e+00 -1.000000000000000000e+00 -1.000000000000000000e+00
7.700000000000000000e+01 1.955365922214253442e+04 3.679332397117794784e+01 -8.264235524504000979e-03 1.691613193965855411e+00 1.610679953304288217e-02 1.000000000000000021e-02 0.000000000000000000e+00 1.000000000000000000e+00 1.000000000000000000e+00 0.000000000000000000e+00 0.000000000000000000e+00 -1.000000000000000000e+00 -1.000000000000000000e+00
7.900000000000000000e+01 3.500580430505899130e+04 3.618847329216636410e+01 2.306144724051839567e-02 6.351308745950468015e-01 3.137802470127288856e+00 7.649387128530661661e-02 0.000000000000000000e+00 1.000000000000000000e+00 1.000000000000000000e+00 0.000000000000000000e+00 0.000000000000000000e+00 -1.000000000000000000e+00 -1.000000000000000000e+00
8.000000000000000000e+01 4.379470721634250367e+04 1.268973706557597581e+01 2.005379048177356738e-02 1.403219202939540278e+00 3.140739915514923819e+00 2.943058796222322929e-02 0.000000000000000000e+00 1.000000000000000000e+00 1.000000000000000000e+00 0.000000000000000000e+00 0.000000000000000000e+00 -1.000000000000000000e+00 -1.000000000000000000e+00
8.100000000000000000e+01 2.258115408833216497e+04 1.092300870767581422e+01 -1.509024451754787666e-01 3.087746819650939667e+00 3.147401751458346553e+00 1.632463430783293035e-02 0.000000000000000000e+00 1.000000000000000000e+00 1.000000000000000000e+00 0.000000000000000000e+00 0.000000000000000000e+00 -1.000000000000000000e+00 -1.000000000000000000e+00
8.200000000000000000e+01 9.452666554766243280e+03 2.706454979893609902e+01 -1.141540082257215191e-02 1.434598096393351563e+00 3.136215033677117070e+00 1.000000000000000021e-02 0.000000000000000000e+00 1.000000000000000000e+00 1.000000000000000000e+00 0.000000000000000000e+00 0.000000000000000000e+00 -1.000000000000000000e+00 -1.000000000000000000e+00
8.300000000000000000e+01 4.536978123237622640e+04 1.337114155120630876e+01 -1.987915574089255399e-01 2.005386618976554125e+00 3.147135890325898799e+00 7.160453002444382153e-02 1.570796326794896558e+00 1.000000000000000000e+00 1.000000000000000000e+00 0.000000000000000000e+00 0.000000000000000000e+00 -1.000000000000000000e+00 -1.000000000000000000e+00
8.600000000000000000e+01 4.037119963461979205e+04 3.906725010105567009e+01 -1.048465369465965136e-01 2.306361153606569125e+00 1.238609160473575291e-02 1.038725999167928495e-02 1.570796326794896558e+00 1.000000000000000000e+00 1.000000000000000000e+00 0.000000000000000000e+00 0.000000000000000000e+00 -1.000000000000000000e+00 -1.000000000000000000e+00
8.700000000000000000e+01 4.027283675643496827e+04 1.338831614867775954e+01 -1.492828313254469241e-01 3.038888573564540785e+00 8.883501192961520271e-03 5.032577309569627455e-02 1.570796326794896558e+00 1.000000000000000000e+00 1.000000000000000000e+00 0.000000000000000000e+00 0.000000000000000000e+00 -1.000000000000000000e+00 -1.000000000000000000e+00
9.100000000000000000e+01 5.000000000000000000e+04 3.541597116397534961e+01 -6.251597080856527433e-02 2.983434456031095028e+00 -1.618030972233141379e-02 1.165630965033931897e-02 0.000000000000000000e+00 1.000000000000000000e+00 1.000000000000000000e+00 0.000000000000000000e+00 0.000000000000000000e+00 -1.000000000000000000e+00 -1.000000000000000000e+00
1.000000000000000000e+02 4.861981471894613060e+04 3.502797549992282455e+01 -1.035337096824027331e-01 3.100000000000000089e+00 1.102900262908117560e-02 2.297313703592956252e-02 1.570796326794896558e+00 1.000000000000000000e+00 1.000000000000000000e+00 0.000000000000000000e+00 0.000000000000000000e+00 -1.000000000000000000e+00 -1.000000000000000000e+00
1.010000000000000000e+02 1.827720527164030864e+04 1.275548076125121355e+01 1.031451160467971306e-01 8.761251126802660494e-01 6.146879169533353560e-03 3.649761660528971774e-02 0.000000000000000000e+00 1.000000000000000000e+00 1.000000000000000000e+00 0.000000000000000000e+00 0.000000000000000000e+00 -1.000000000000000000e+00 -1.000000000000000000e+00
1.040000000000000000e+02 4.097618635389496194e+04 1.162122760018312562e+01 -1.813206565084857225e-01 3.046893089591534487e+00 3.109137643186968614e+00 1.000000000000000056e-01 1.570796326794896558e+00 1.000000000000000000e+00 1.000000000000000000e+00 0.000000000000000000e+00 0.000000000000000000e+00 -1.000000000000000000e+00 -1.000000000000000000e+00
1.100000000000000000e+02 4.372808523785249417e+04 1.016096786833588439e+01 -4.496643717344691454e-02 1.759147825573258217e+00 2.731987683586519292e-02 1.000000000000000056e-01 1.570796326794896558e+00 1.000000000000000000e+00 1.000000000000000000e+00 0.000000000000000000e+00 0.000000000000000000e+00 -1.000000000000000000e+00 -1.000000000000000000e+00
1.130000000000000000e+02 4.559704740765971565e+02 1.397350541858664918e+01 -1.634280826036831891e-01 2.906839636110176261e+00 -1.305652639026496850e-02 6.335837324399321013e-02 0.000000000000000000e+00 1.000000000000000000e+00 1.000000000000000000e+00 0.000000000000000000e+00 0.000000000000000000e+00 -1.000000000000000000e+00 -1.000000000000000000e+00
1.150000000000000000e+02 2.753228187612930924e+04 1.749691045271971035e+01 9.672258356153215497e-02 1.405551050200589458e+00 -7.379310910865919185e-03 7.992758077901297720e-02 1.570796326794896558e+00 1.000000000000000000e+00 1.000000000000000000e+00 0.000000000000000000e+00 0.000000000000000000e+00 -1.000000000000000000e+00 -1.000000000000000000e+00
1.190000000000000000e+02 1.671571100029955414e+04 1.372290682738535139e+01 -1.021080433313120706e-01 2.999782212579159335e+00 3.121231353505930173e+00 1.000000000000000021e-02 0.000000000000000000e+00 1.000000000000000000e+00 1.000000000000000000e+00 0.000000000000000000e+00 0.000000000000000000e+00 -1.000000000000000000e+00 -1.000000000000000000e+00
1.210000000000000000e+02 4.989406692246321313e+02 1.568018496590631550e+01 1.351760932496052225e-01 1.807217488195006716e+00 -6.134804072480729530e-03 1.622098274650052296e-02 0.000000000000000000e+00 1.000000000000000000e+00 1.000000000000000000e+00 0.000000000000000000e+00 0.000000000000000000e+00 -1.000000000000000000e+00 -1.000000000000000000e+00
1.220000000000000000e+02 2.206310401578815072e+04 1.356789902314934793e+01 7.934707106494649775e-02 5.565975052329669159e-01 2.239089840710144219e-02 4.891857851067202279e-02 1.570796326794896558e+00 1.000000000000000000e+00 1.000000000000000000e+00 0.000000000000000000e+00 0.000000000000000000e+00 -1.000000000000000000e+00 -1.000000000000000000e+00
1.250000000000000000e+02 5.000000000000000000e+04 3.228086147340842871e+01 -3.402873028383410214e-02 1.284365962306982745e+00 1.506067652500536931e-02 3.033819689247244447e-02 1.570796326794896558e+00 1.000000000000000000e+00 1.000000000000000000e+00 0.000000000000000000e+00 0.000000000000000000e+00 -1.000000000000000000e+00 -1.000000000000000000e+00
1.260000000000000000e+02 3.350932826672550436e+04 1.022356641140232369e+01 -4.948114724025831634e-02 1.468749881530015067e+00 3.187413313332596587e+00 1.967253034366454878e-02 1.570796326794896558e+00 1.000000000000000000e+00 1.000000000000000000e+00 0.000000000000000000e+00 0.000000000000000000e+00 -1.000000000000000000e+00 -1.000000000000000000e+00
1.270000000000000000e+02 2.978715193895184348e+04 1.204772815615244674e+01 7.953076098197320309e-02 1.520276268596233660e+00 3.155770699687758807e+00 8.836104353803347911e-02 0.000000000000000000e+00 1.000000000000000000e+00 1.000000000000000000e+00 0.000000000000000000e+00 0.000000000000000000e+00 -1.000000000000000000e+00 -1.000000000000000000e+00
1.290000000000000000e+02 2.842758054837007148e+04 1.161788039828210373e+01 8.256112038117788265e-02 1.849661723822463300e+00 3.105759636576375105e+00 1.479475603263682298e-02 0.000000000000000000e+00 1.000000000000000000e+00 1.000000000000000000e+00 0.000000000000000000e+00 0.000000000000000000e+00 -1.000000000000000000e+00 -1.000000000000000000e+00
1.310000000000000000e+02 5.529213233125865372e+02 1.490382211009562674e+01 -1.302213546964485491e-01 3.100000000000000089e+00 3.141235457272189890e+00 1.000000000000000056e-01 1.570796326794896558e+00 1.000000000000000000e+00 1.000000000000000000e+00 0.000000000000000000e+00 0.000000000000000000e+00 -1.000000000000000000e+00 -1.000000000000000000e+00
1.320000000000000000e+02 2.143519946417068422e+04 3.628659298084971141e+01 -9.021429996555810349e-02 3.048043972793001988e+00 -2.103144101237600094e-02 3.498543905724747077e-02 1.570796326794896558e+00 1.000000000000000000e+00 1.000000000000000000e+00 0.000000000000000000e+00 0.000000000000000000e+00 -1.000000000000000000e+00 -1.000000000000000000e+00
1.370000000000000000e+02 3.118736749910355866e+04 1.178451022014728977e+01 -9.124022136903610358e-02 2.158914800999576222e+00 9.629724565287180226e-04 6.440587618697692085e-02 0.000000000000000000e+00 1.000000000000000000e+00 1.000000000000000000e+00 0.000000000000000000e+00 0.000000000000000000e+00 -1.000000000000000000e+00 -1.000000000000000000e+00
1.390000000000000000e+02 2.399533980539812183e+04 1.373290989162107500e+01 -3.780924610850123352e-02 3.401970051366868808e-01 -2.715055224284996897e-03 8.899054118084692711e-02 1.570796326794896558e+00 1.000000000000000000e+00 1.000000000000000000e+00 0.000000000000000000e+00 0.000000000000000000e+00 -1.000000000000000000e+00 -1.000000000000000000e+00
1.400000000000000000e+02 3.159364626442815643e+04 1.332857952454432926e+01 -6.852452803324138308e-02 3.100000000000000089e+00 -3.344984444295946713e-02 1.436578462363108204e-02 1.570796326794896558e+00 1.000000000000000000e+00 1.000000000000000000e+00 0.000000000000000000e+00 0.000000000000000000e+00 -1.000000000000000000e+00 -1.000000000000000000e+00
1.450000000000000000e+02 4.225832162263158534e+04 1.131677651610031887e+01 1.850064422269878661e-02 1.715023253729706765e+00 3.155571249901643061e+00 2.493578985081738170e-02 1.570796326794896558e+00 1.000000000000000000e+00 1.000000000000000000e+00 0.000000000000000000e+00 0.000000000000000000e+00 -1.000000000000000000e+00 -1.000000000000000000e+00
1.460000000000000000e+02 4.123523979782056267e+04 3.951719356285110507e+01 5.278717239654216742e-02 1.812308569122232482e+00 2.104444066037449226e-02 1.528491393640357861e-02 1.570796326794896558e+00 1.000000000000000000e+00 1.000000000000000000e+00 0.000000000000000000e+00 0.000000000000000000e+00 -1.000000000000000000e+00 -1.000000000000000000e+00
1.480000000000000000e+02 3.984321325236107805e+04 1.055172169065969889e+01 -2.171445123773412672e-02 1.980870010606162746e+00 3.177717385441847231e+00 5.422872350450631818e-02 0.000000000000000000e+00 1.000000000000000000e+00 1.000000000000000000e+00 0.000000000000000000e+00 0.000000000000000000e+00 -1.000000000000000000e+00 -1.000000000000000000e+00
1.490000000000000000e+02 1.180354093989092871e+04 1.015600903192023630e+01 1.470718546932371640e-02 1.666227578679293275e+00 3.146821340929106370e+00 1.000000000000000021e-02 1.570796326794896558e+00 1.000000000000000000e+00 1.000000000000000000e+00 0.000000000000000000e+00 0.000000000000000000e+00 -1.000000000000000000e+00 -1.000000000000000000e+00
1.500000000000000000e+02 4.440254254450343433e+04 3.360480297138503403e+01 -8.046842580627344699e-02 2.120463224768057042e+00 -3.929116576230699820e-02 6.386616515772162994e-02 1.570796326794896558e+00 1.000000000000000000e+00 1.000000000000000000e+00 0.000000000000000000e+00 0.000000000000000000e+00 -1.000000000000000000e+00 -1.000000000000000000e+00
1.530000000000000000e+02 4.794465304175230358e+02 1.377311038685778399e+01 6.345869841319143334e-04 7.842713253226814007e-01 3.140213423866485165e+00 5.611131800508923489e-02 0.000000000000000000e+00 1.000000000000000000e+00 1.000000000000000000e+00 0.000000000000000000e+00 0.000000000000000000e+00 -1.000000000000000000e+00 -1.000000000000000000e+00
1.560000000000000000e+02 5.012521461572767407e+02 1.150665277602177738e+01 -1.636578880730939767e-01 3.100000000000000089e+00 -3.166519302955234701e-03 5.471713810261123051e-02 0.000000000000000000e+00 1.000000000000000000e+00 1.000000000000000000e+00 0.000000000000000000e+00 0.000000000000000000e+00 -1.000000000000000000e+00 -1.000000000000000000e+00
1.570000000000000000e+02 2.335497498674122835e+04 2.250168230272728920e+01 2.121851124743573402e-02 4.661215184984455751e-01 3.155447432373827521e+00 7.147936977541487213e-02 0.000000000000000000e+00 1.000000000000000000e+00 1.000000000000000000e+00 0.000000000000000000e+00 0.000000000000000000e+00 -1.000000000000000000e+00 -1.000000000000000000e+00
1.580000000000000000e+02 1.011160444383220965e+04 1.231062260393518848e+01 3.809318721058881085e-02 8.157844625413609441e-01 1.805246987865528202e-02 9.000000000000001055e-02 0.000000000000000000e+00 1.000000000000000000e+00 1.000000000000000000e+00 0.000000000000000000e+00 0.000000000000000000e+00 -1.000000000000000000e+00 -1.000000000000000000e+00
1.600000000000000000e+02 1.682514889704040615e+04 1.411262370291468748e+01 7.933906974476152840e-02 7.881120575009603613e-01 3.118977849756705556e+00 1.097183146427885107e-02 1.570796326794896558e+00 1.000000000000000000e+00 1.000000000000000000e+00 0.000000000000000000e+00 0.000000000000000000e+00 -1.000000000000000000e+00 -1.000000000000000000e+00
1.610000000000000000e+02 3.057732770051227271e+04 1.656553836643429989e+01 3.896376743273607945e-02 9.056831001225353894e-01 3.162674953912051556e+00 1.824825117865337340e-02 0.000000000000000000e+00 1.000000000000000000e+00 1.000000000000000000e+00 0.000000000000000000e+00 0.000000000000000000e+00 -1.000000000000000000e+00 -1.000000000000000000e+00
1.630000000000000000e+02 1.375623825616120848e+04 1.477306177603020565e+01 -1.139104265444013109e-01 3.100000000000000089e+00 3.136971358208955785e+00 1.000000000000000021e-02 0.000000000000000000e+00 1.000000000000000000e+00 1.000000000000000000e+00 0.000000000000000000e+00 0.000000000000000000e+00 -1.000000000000000000e+00 -1.000000000000000000e+00
1.660000000000000000e+02 2.550055346607456886e+04 1.694364020150040773e+01 -8.670708079075545305e-02 3.100000000000000089e+00 1.867506670347470268e-02 2.721283667567732378e-02 0.000000000000000000e+00 1.000000000000000000e+00 1.000000000000000000e+00 0.000000000000000000e+00 0.000000000000000000e+00 -1.000000000000000000e+00 -1.000000000000000000e+00
1.670000000000000000e+02 5.000000000000000000e+04 1.810195418036659376e+01 -1.968899042846315173e-01 3.064060944177704915e+00 1.137938396881564389e-02 9.439713966951941704e-02 0.000000000000000000e+00 1.000000000000000000e+00 1.000000000000000000e+00 0.000000000000000000e+00 0.000000000000000000e+00 -1.000000000000000000e+00 -1.000000000000000000e+00
1.680000000000000000e+02 4.556341247738336824e+04 1.575190601254925404e+01 -3.718361892998912205e-02 1.440653988680206332e+00 2.548162398104699550e-02 7.768895753255018743e-02 1.570796326794896558e+00 1.000000000000000000e+00 1.000000000000000000e+00 0.000000000000000000e+00 0.000000000000000000e+00 -1.000000000000000000e+00 -1.000000000000000000e+00
1.690000000000000000e+02 2.842680712610664705e+04 1.705373803818887168e+01 -1.926460289268540904e-01 2.655020051249399327e+00 1.836420937263068265e-02 1.000000000000000021e-02 0.000000000000000000e+00 1.000000000000000000e+00 1.000000000000000000e+00 0.000000000000000000e+00 0.000000000000000000e+00 -1.000000000000000000e+00 -1.000000000000000000e+00
1.710000000000000000e+02 5.911168752217098898e+01 1.100477614345405009e+01 -6.839683309877940542e-02 2.775121310632060467e+00 3.060540321683948850e+00 1.801691782461251612e-01 0.000000000000000000e+00 1.000000000000000000e+00 1.000000000000000000e+00 0.000000000000000000e+00 0.000000000000000000e+00 -1.000000000000000000e+00 -1.000000000000000000e+00
1.750000000000000000e+02 7.519440319862832439e+03 1.844883884105441751e+01 -2.944660360793926665e-02 4.549146013707541236e-01 3.118256074675154199e+00 9.000000000000001055e-02 0.000000000000000000e+00 1.000000000000000000e+00 1.000000000000000000e+00 0.000000000000000000e+00 0.000000000000000000e+00 -1.000000000000000000e+00 -1.000000000000000000e+00
1.760000000000000000e+02 1.090961603113316778e+04 1.364324970989110142e+01 -2.206983990963786238e-02 6.060429635469308796e-01 6.444574819835266304e-03 9.000000000000001055e-02 1.570796326794896558e+00 1.000000000000000000e+00 1.000000000000000000e+00 0.000000000000000000e+00 0.000000000000000000e+00 -1.000000000000000000e+00 -1.000000000000000000e+00
1.800000000000000000e+02 5.000000000000000000e+04 3.898433425171511857e+01 -6.523511519404201486e-02 3.100000000000000089e+00 -2.473185612018226494e-04 1.561436996203973727e-02 1.570796326794896558e+00 1.000000000000000000e+00 1.000000000000000000e+00 0.000000000000000000e+00 0.000000000000000000e+00 -1.000000000000000000e+00 -1.000000000000000000e+00
1.830000000000000000e+02 1.819446878503289918e+04 1.174253154571882796e+01 5.274860735901903963e-02 1.021447121059210872e+00 3.116849023422691989e+00 1.000000000000000021e-02 0.000000000000000000e+00 1.000000000000000000e+00 1.000000000000000000e+00 0.000000000000000000e+00 0.000000000000000000e+00 -1.000000000000000000e+00 -1.000000000000000000e+00
1.840000000000000000e+02 2.876793308857246302e+04 1.059413787724641232e+01 2.237708608672180910e-01 8.150695600575154076e-01 3.166232915486801414e+00 8.878788119850544724e-02 0.000000000000000000e+00 1.000000000000000000e+00 1.000000000000000000e+00 0.000000000000000000e+00 0.000000000000000000e+00 -1.000000000000000000e+00 -1.000000000000000000e+00
1.880000000000000000e+02 3.353990099827834638e+04 1.100209068905309273e+01 -2.125901215203554739e-01 3.100000000000000089e+00 3.173695654301395663e+00 1.838684545671563988e-02 1.570796326794896558e+00 1.000000000000000000e+00 1.000000000000000000e+00 0.000000000000000000e+00 0.000000000000000000e+00 -1.000000000000000000e+00 -1.000000000000000000e+00
1.900000000000000000e+02 5.000000000000000000e+04 1.158152604909125571e+01 -1.987993783593383634e-02 5.460788006698491515e-01 -3.041247820500966870e-02 7.589948402957642781e-02 1.570796326794896558e+00 1.000000000000000000e+00 1.000000000000000000e+00 0.000000000000000000e+00 0.000000000000000000e+00 -1.000000000000000000e+00 -1.000000000000000000e+00
1.920000000000000000e+02 3.103726336213065224e+04 2.087105090203982272e+01 -1.531735300085557971e-01 2.219171338490888434e+00 1.711674898527046004e-02 6.041223688282774257e-02 0.000000000000000000e+00 1.000000000000000000e+00 1.000000000000000000e+00 0.000000000000000000e+00 0.000000000000000000e+00 -1.000000000000000000e+00 -1.000000000000000000e+00
1.930000000000000000e+02 4.841422453981565468e+02 1.269798316305529973e+01 -9.386284901239137779e-02 2.123747797956691663e+00 3.152859159415403401e+00 1.848699429065630423e-02 1.570796326794896558e+00 1.000000000000000000e+00 1.000000000000000000e+00 0.000000000000000000e+00 0.000000000000000000e+00 -1.000000000000000000e+00 -1.000000000000000000e+00
1.940000000000000000e+02 5.494830378016436043e+02 1.033586130165805450e+01 -2.110710147520838686e-01 3.007318111099100300e+00 3.153940860882316954e+00 2.886944535828384409e-02 0.000000000000000000e+00 1.000000000000000000e+00 1.000000000000000000e+00 0.000000000000000000e+00 0.000000000000000000e+00 -1.000000000000000000e+00 -1.000000000000000000e+00
1.960000000000000000e+02 6.273264582179855324e+02 1.667693166212217193e+01 1.105702543527645187e-02 1.366850383940973579e+00 3.145910333076636256e+00 5.125296930889360753e-02 1.570796326794896558e+00 1.000000000000000000e+00 1.000000000000000000e+00 0.000000000000000000e+00 0.000000000000000000e+00 -1.000000000000000000e+00 -1.000000000000000000e+00
1.990000000000000000e+02 3.364034638952922251e+04 1.217089173696522764e+01 -1.325617644163757658e-01 1.993278273488104713e+00 2.676172076758163293e-03 1.379415677347484333e-02 1.570796326794896558e+00 1.000000000000000000e+00 1.000000000000000000e+00 0.000000000000000000e+00 0.000000000000000000e+00 -1.000000000000000000e+00 -1.000000000000000000e+00
3.650000000000000000e+02 6.996364386317745812e+02 2.616972317079912358e+01 5.080168924499431360e-02 1.896211237766022739e+00 0.000000000000000000e+00 1.033366616341191771e-02 -1.000000000000000000e+00 1.000000000000000000e+00 1.000000000000000000e+00 9.300000000000000000e+01 0.000000000000000000e+00 -1.000000000000000000e+00 -1.000000000000000000e+00
2.000000000000000000e+00 7.823791395087254159e+02 1.895894526600128316e+01 2.268110869785329442e-02 1.541656901336261321e+00 0.000000000000000000e+00 9.000000000000001055e-02 1.570796326794896558e+00 1.000000000000000000e+00 1.000000000000000000e+00 0.000000000000000000e+00 0.000000000000000000e+00 -1.000000000000000000e+00 -1.000000000000000000e+00
1.200000000000000000e+01 1.633719644008344585e+04 1.888587921386170976e+01 -6.310016784666102815e-03 1.464193714761184317e+00 0.000000000000000000e+00 1.000000000000000021e-02 1.570796326794896558e+00 1.000000000000000000e+00 1.000000000000000000e+00 0.000000000000000000e+00 0.000000000000000000e+00 -1.000000000000000000e+00 -1.000000000000000000e+00
1.500000000000000000e+01 2.559730692331768296e+04 1.714866330765570979e+01 6.339522004480280248e-02 7.362765930377955792e-01 0.000000000000000000e+00 8.825390549371754656e-02 1.570796326794896558e+00 1.000000000000000000e+00 1.000000000000000000e+00 0.000000000000000000e+00 0.000000000000000000e+00 -1.000000000000000000e+00 -1.000000000000000000e+00
3.700000000000000000e+01 3.282343880787075614e+04 2.220107367438761159e+01 1.097812666435318829e-02 1.409847505219454789e+00 0.000000000000000000e+00 1.359297682384839542e-02 1.570796326794896558e+00 1.000000000000000000e+00 1.000000000000000000e+00 0.000000000000000000e+00 0.000000000000000000e+00 -1.000000000000000000e+00 -1.000000000000000000e+00
4.600000000000000000e+01 1.173036586057354543e+04 1.159883503232282109e+01 2.122735862140393698e-02 1.604280943684599281e+00 0.000000000000000000e+00 6.643845600504121041e-02 1.570796326794896558e+00 1.000000000000000000e+00 1.000000000000000000e+00 0.000000000000000000e+00 0.000000000000000000e+00 -1.000000000000000000e+00 -1.000000000000000000e+00
5.200000000000000000e+01 3.361861847841783310e+04 3.542248408027391093e+01 3.900276558915909131e-02 7.515653887036953806e-01 0.000000000000000000e+00 7.642480880832798473e-02 1.570796326794896558e+00 1.000000000000000000e+00 1.000000000000000000e+00 0.000000000000000000e+00 0.000000000000000000e+00 -1.000000000000000000e+00 -1.000000000000000000e+00
5.900000000000000000e+01 3.422718747071069083e+04 2.257668721531549849e+01 -2.399987597340975248e-02 1.630869220564185484e+00 0.000000000000000000e+00 7.980134070870983920e-02 1.570796326794896558e+00 1.000000000000000000e+00 1.000000000000000000e+00 0.000000000000000000e+00 0.000000000000000000e+00 -1.000000000000000000e+00 -1.000000000000000000e+00
7.100000000000000000e+01 7.933152502299173648e+03 1.130120372891907010e+01 -2.419220513104929082e-02 1.172249968170814061e+00 0.000000000000000000e+00 3.295278336936846575e-02 1.570796326794896558e+00 1.000000000000000000e+00 1.000000000000000000e+00 0.000000000000000000e+00 0.000000000000000000e+00 -1.000000000000000000e+00 -1.000000000000000000e+00
7.800000000000000000e+01 3.960167051676439587e+04 1.081405479954739945e+01 -5.347357376794478756e-02 9.769048651829783658e-01 2.416370516682090838e-02 1.795511158349324260e-02 1.570796326794896558e+00 1.000000000000000000e+00 1.000000000000000000e+00 0.000000000000000000e+00 0.000000000000000000e+00 -1.000000000000000000e+00 -1.000000000000000000e+00
8.400000000000000000e+01 2.032603144689067631e+04 1.156693262820080648e+01 -1.361276319640292998e-01 2.255241283948173248e+00 7.502460321797660425e-03 2.368268117690667390e-02 1.570796326794896558e+00 1.000000000000000000e+00 1.000000000000000000e+00 0.000000000000000000e+00 0.000000000000000000e+00 -1.000000000000000000e+00 -1.000000000000000000e+00
9.000000000000000000e+01 6.637586392151273458e+02 2.154927422790344949e+01 8.226942424129607412e-02 1.537670971885332971e+00 0.000000000000000000e+00 9.000000000000001055e-02 1.570796326794896558e+00 1.000000000000000000e+00 1.000000000000000000e+00 0.000000000000000000e+00 0.000000000000000000e+00 -1.000000000000000000e+00 -1.000000000000000000e+00
9.200000000000000000e+01 4.500000000000000000e+04 3.277543096933971611e+01 -1.492817477557275563e-01 3.100000000000000089e+00 1.274188970196743140e-02 3.426358723230570058e-02 1.570796326794896558e+00 1.000000000000000000e+00 1.000000000000000000e+00 0.000000000000000000e+00 0.000000000000000000e+00 -1.000000000000000000e+00 -1.000000000000000000e+00
9.500000000000000000e+01 4.630877008474108152e+04 3.285894606175712340e+01 8.606980856481843967e-02 4.219888758367277282e-01 0.000000000000000000e+00 6.181835222857402085e-02 1.570796326794896558e+00 1.000000000000000000e+00 1.000000000000000000e+00 0.000000000000000000e+00 0.000000000000000000e+00 -1.000000000000000000e+00 -1.000000000000000000e+00
1.020000000000000000e+02 3.451324071400005050e+04 3.758283423311227267e+01 -1.569522125228238474e-01 3.058120000000000172e+00 0.000000000000000000e+00 1.000000000000000021e-02 1.570796326794896558e+00 1.000000000000000000e+00 1.000000000000000000e+00 0.000000000000000000e+00 0.000000000000000000e+00 -1.000000000000000000e+00 -1.000000000000000000e+00
1.080000000000000000e+02 1.546271336191503724e+04 1.673316004115845956e+01 -5.336110275991345908e-06 1.580197715458991903e+00 0.000000000000000000e+00 1.000000000000000021e-02 1.570796326794896558e+00 1.000000000000000000e+00 1.000000000000000000e+00 0.000000000000000000e+00 0.000000000000000000e+00 -1.000000000000000000e+00 -1.000000000000000000e+00
1.140000000000000000e+02 3.799662609081251139e+04 3.410846923302761269e+01 2.755043796796204092e-02 7.258418489216101888e-01 0.000000000000000000e+00 2.317767156707007184e-02 1.570796326794896558e+00 1.000000000000000000e+00 1.000000000000000000e+00 0.000000000000000000e+00 0.000000000000000000e+00 -1.000000000000000000e+00 -1.000000000000000000e+00
1.330000000000000000e+02 2.660884182186139878e+04 1.535341383521139846e+01 -2.816301584459851223e-02 1.144198793499596079e+00 8.122615622998713078e-03 6.175033884665172973e-02 1.570796326794896558e+00 1.000000000000000000e+00 1.000000000000000000e+00 0.000000000000000000e+00 0.000000000000000000e+00 -1.000000000000000000e+00 -1.000000000000000000e+00
1.860000000000000000e+02 7.897956044838340404e+02 1.916979142291727101e+01 1.724726700203171870e-02 5.256729626684615297e-01 1.425765383445263754e-02 1.752718287822055063e-02 1.570796326794896558e+00 1.000000000000000000e+00 1.000000000000000000e+00 0.000000000000000000e+00 0.000000000000000000e+00 -1.000000000000000000e+00 -1.000000000000000000e+00
6.000000000000000000e+00 7.289663120760076254e+02 3.094994175601791042e+01 1.717492438327426207e-01 5.746942425282395295e-01 0.000000000000000000e+00 9.000000000000001055e-02 0.000000000000000000e+00 1.000000000000000000e+00 1.000000000000000000e+00 0.000000000000000000e+00 0.000000000000000000e+00 -1.000000000000000000e+00 -1.000000000000000000e+00
3.600000000000000000e+01 2.458474040816244042e+02 1.386055471800807837e+01 -3.679068665883470507e-02 1.589126029436414234e+00 0.000000000000000000e+00 8.086477234224435096e-01 0.000000000000000000e+00 1.000000000000000000e+00 1.000000000000000000e+00 0.000000000000000000e+00 0.000000000000000000e+00 -1.000000000000000000e+00 -1.000000000000000000e+00
5.500000000000000000e+01 6.668296908940619687e+02 1.105993390930701636e+01 -1.345278097450199328e-01 2.536403152539110639e+00 0.000000000000000000e+00 1.481516333716303285e-02 0.000000000000000000e+00 1.000000000000000000e+00 1.000000000000000000e+00 0.000000000000000000e+00 0.000000000000000000e+00 -1.000000000000000000e+00 -1.000000000000000000e+00
7.000000000000000000e+01 6.993068286776182276e+02 3.604085275716899162e+01 1.891492454161797232e-02 1.060367394459660551e+00 0.000000000000000000e+00 1.129578381952376503e-02 0.000000000000000000e+00 1.000000000000000000e+00 1.000000000000000000e+00 0.000000000000000000e+00 0.000000000000000000e+00 -1.000000000000000000e+00 -1.000000000000000000e+00
7.400000000000000000e+01 9.736209293877567461e+02 1.024458863767769934e+01 8.058158718004368448e-02 1.779995478076172866e+00 0.000000000000000000e+00 9.000000000000001055e-02 0.000000000000000000e+00 1.000000000000000000e+00 1.000000000000000000e+00 0.000000000000000000e+00 0.000000000000000000e+00 -1.000000000000000000e+00 -1.000000000000000000e+00
8.800000000000000000e+01 1.302880459285679763e+03 2.107750884440731554e+01 -3.377211336899064997e-02 1.031911570339137274e+00 0.000000000000000000e+00 9.000000000000001055e-02 0.000000000000000000e+00 1.000000000000000000e+00 1.000000000000000000e+00 0.000000000000000000e+00 0.000000000000000000e+00 -1.000000000000000000e+00 -1.000000000000000000e+00
1.070000000000000000e+02 1.003641725761942553e+03 1.403903319777282555e+01 -1.989839924006948091e-01 2.268283663126407390e+00 0.000000000000000000e+00 9.000000000000001055e-02 0.000000000000000000e+00 1.000000000000000000e+00 1.000000000000000000e+00 0.000000000000000000e+00 0.000000000000000000e+00 -1.000000000000000000e+00 -1.000000000000000000e+00
1.180000000000000000e+02 7.891146591500795694e+03 1.372343555317889141e+01 -1.812895146593495876e-01 3.100000000000000089e+00 0.000000000000000000e+00 4.062955610708103571e-02 0.000000000000000000e+00 1.000000000000000000e+00 1.000000000000000000e+00 0.000000000000000000e+00 0.000000000000000000e+00 -1.000000000000000000e+00 -1.000000000000000000e+00
1.300000000000000000e+02 1.187841209910074895e+03 1.174110981518071917e+01 6.772298002126674044e-02 6.741263957429328713e-01 0.000000000000000000e+00 9.000000000000001055e-02 0.000000000000000000e+00 1.000000000000000000e+00 1.000000000000000000e+00 0.000000000000000000e+00 0.000000000000000000e+00 -1.000000000000000000e+00 -1.000000000000000000e+00
1.510000000000000000e+02 1.399122566984767900e+03 1.500241381999295598e+01 2.626261568149934611e-02 1.372940144608636670e+00 0.000000000000000000e+00 9.000000000000001055e-02 0.000000000000000000e+00 1.000000000000000000e+00 1.000000000000000000e+00 0.000000000000000000e+00 0.000000000000000000e+00 -1.000000000000000000e+00 -1.000000000000000000e+00
1.650000000000000000e+02 3.648670635106302598e+03 1.416329609110922760e+01 4.313687710880347720e-03 1.867607737447492200e+00 0.000000000000000000e+00 9.000000000000001055e-02 0.000000000000000000e+00 1.000000000000000000e+00 1.000000000000000000e+00 0.000000000000000000e+00 0.000000000000000000e+00 -1.000000000000000000e+00 -1.000000000000000000e+00
1.720000000000000000e+02 4.506367397095887668e+02 3.322990728325405030e+01 -2.031854151542086262e-01 2.159942825706441472e+00 0.000000000000000000e+00 3.619702666465369756e-01 0.000000000000000000e+00 1.000000000000000000e+00 1.000000000000000000e+00 0.000000000000000000e+00 0.000000000000000000e+00 -1.000000000000000000e+00 -1.000000000000000000e+00
1.790000000000000000e+02 4.728205808651709958e+02 1.019232866333822862e+01 6.876458923132733325e-02 1.684118118555491650e+00 0.000000000000000000e+00 5.700462735095248590e-01 0.000000000000000000e+00 1.000000000000000000e+00 1.000000000000000000e+00 0.000000000000000000e+00 0.000000000000000000e+00 -1.000000000000000000e+00 -1.000000000000000000e+00
1.810000000000000000e+02 1.363815615665159385e+03 2.885861073062516269e+01 -1.276397318204177400e-01 3.100000000000000089e+00 0.000000000000000000e+00 9.000000000000001055e-02 0.000000000000000000e+00 1.000000000000000000e+00 1.000000000000000000e+00 0.000000000000000000e+00 0.000000000000000000e+00 -1.000000000000000000e+00 -1.000000000000000000e+00
2.000000000000000000e+02 5.291988099121326741e+03 1.915336052955904123e+01 4.143521749460531145e-02 1.157411913385511859e+00 0.000000000000000000e+00 9.000000000000001055e-02 0.000000000000000000e+00 1.000000000000000000e+00 1.000000000000000000e+00 0.000000000000000000e+00 0.000000000000000000e+00 -1.000000000000000000e+00 -1.000000000000000000e+00
3.660000000000000000e+02 9.042518319258164183e+02 2.008621767635212763e+01 3.928688093283200233e-02 1.612281373945305463e+00 0.000000000000000000e+00 1.000000000000000056e-01 -1.000000000000000000e+00 1.000000000000000000e+00 1.000000000000000000e+00 9.300000000000000000e+01 1.000000000000000000e+05 -1.000000000000000000e+00 -1.000000000000000000e+00
3.670000000000000000e+02 2.400753735124028196e+02 1.517387392249312938e+01 4.921665991927333221e-03 1.269447390584940161e+00 0.000000000000000000e+00 9.139872035128153438e-02 -1.000000000000000000e+00 1.000000000000000000e+00 1.000000000000000000e+00 9.300000000000000000e+01 2.000000000000000000e+05 -1.000000000000000000e+00 -1.000000000000000000e+00
3.690000000000000000e+02 9.015172804051670710e+02 1.992146183615622235e+01 3.541045253384481756e-02 1.668332373241533828e+00 0.000000000000000000e+00 1.000000000000000056e-01 -1.000000000000000000e+00 1.000000000000000000e+00 1.000000000000000000e+00 9.300000000000000000e+01 3.000000000000000000e+05 -1.000000000000000000e+00 -1.000000000000000000e+00
3.720000000000000000e+02 7.365689924431455893e+02 3.488958244281683818e+01 -4.213741916102135832e-02 2.196082421661983197e+00 0.000000000000000000e+00 9.000000000000001055e-02 -1.000000000000000000e+00 1.000000000000000000e+00 1.000000000000000000e+00 9.300000000000000000e+01 4.000000000000000000e+05 -1.000000000000000000e+00 -1.000000000000000000e+00
3.710000000000000000e+02 9.012967832064550748e+03 2.136054594603193024e+01 6.749130938609549935e-01 0.000000000000000000e+00 0.000000000000000000e+00 9.000000000000001055e-02 -1.000000000000000000e+00 1.000000000000000000e+00 2.000000000000000000e+00 9.300000000000000000e+01 4.700000000000000000e+05 -1.000000000000000000e+00 -1.000000000000000000e+00
3.770000000000000000e+02 1.359993901545619224e+02 3.855762132680094822e+01 -4.501500507198779449e-02 2.292672780960672174e+00 0.000000000000000000e+00 9.784302082784823718e-02 -1.000000000000000000e+00 1.000000000000000000e+00 1.000000000000000000e+00 9.300000000000000000e+01 5.000000000000000000e+05 -1.000000000000000000e+00 -1.000000000000000000e+00
3.730000000000000000e+02 1.342381920509126758e+04 2.446154099086265532e+01 6.885231322889299177e-01 0.000000000000000000e+00 0.000000000000000000e+00 1.000000000000000021e-02 -1.000000000000000000e+00 1.000000000000000000e+00 2.000000000000000000e+00 9.300000000000000000e+01 5.100000000000000000e+05 -1.000000000000000000e+00 -1.000000000000000000e+00
3.760000000000000000e+02 1.721595430517742716e+04 2.151316863853843131e+01 6.609160899536115075e-01 0.000000000000000000e+00 0.000000000000000000e+00 1.708131051303089093e-02 -1.000000000000000000e+00 1.000000000000000000e+00 2.000000000000000000e+00 9.300000000000000000e+01 5.200000000000000000e+05 -1.000000000000000000e+00 -1.000000000000000000e+00
3.780000000000000000e+02 1.756288673930816003e+04 4.750185499767151498e+01 8.841269001257151539e-01 0.000000000000000000e+00 0.000000000000000000e+00 1.000000000000000021e-02 -1.000000000000000000e+00 1.000000000000000000e+00 3.000000000000000000e+00 9.300000000000000000e+01 5.500000000000000000e+05 -1.000000000000000000e+00 -1.000000000000000000e+00
