# id_num orb_a mass spin spin_angle orb_inc orb_ecc orb_arg_periapse orb_ang_mom gen galaxy time_passed star_X star_Y star_Z radius
2.380000000000000000e+02 5.371533769186106611e+01 1.387960947362082607e+03 8.849999999999998979e-01 1.133021710821051631e+00 0.000000000000000000e+00 4.581327783082505406e-02 0.000000000000000000e+00 1.116053611811348864e+18 1.000000000000000000e+00 0.000000000000000000e+00 0.000000000000000000e+00 7.273999999999999355e-01 2.637999999999999790e-01 8.800000000000000530e-03 3.207970896576542259e+02
2.390000000000000000e+02 3.507799017714714296e+01 1.849806516150853668e+03 8.849999999999998979e-01 1.388969247833011122e+00 0.000000000000000000e+00 4.592264588346378629e-01 0.000000000000000000e+00 1.497274056979751168e+18 1.000000000000000000e+00 0.000000000000000000e+00 0.000000000000000000e+00 7.273999999999999355e-01 2.637999999999999790e-01 8.800000000000000530e-03 4.036729665420056108e+02
2.410000000000000000e+02 4.577138281161958133e+01 1.809312227602442135e+03 8.849999999999998979e-01 2.235135562275353482e+00 0.000000000000000000e+00 1.605724788766758615e-01 0.000000000000000000e+00 1.485732158913639424e+18 1.000000000000000000e+00 0.000000000000000000e+00 0.000000000000000000e+00 7.273999999999999355e-01 2.637999999999999790e-01 8.800000000000000530e-03 3.965878791977369247e+02
2.430000000000000000e+02 4.780905669193916907e+01 1.914679878596377193e+03 8.849999999999998979e-01 1.744017510531223225e+00 0.000000000000000000e+00 8.319349286423453893e-02 1.570796326794896558e+00 1.594388418423384576e+18 1.000000000000000000e+00 0.000000000000000000e+00 0.000000000000000000e+00 7.273999999999999355e-01 2.637999999999999790e-01 8.800000000000000530e-03 4.149593559372123650e+02
2.470000000000000000e+02 6.089906883439073226e+01 2.344041137161323604e+03 8.849999999999998979e-01 1.720458631978522446e+00 0.000000000000000000e+00 1.871333157349328730e-02 0.000000000000000000e+00 2.010485647986639872e+18 1.000000000000000000e+00 0.000000000000000000e+00 0.000000000000000000e+00 7.273999999999999355e-01 2.637999999999999790e-01 8.800000000000000530e-03 4.878662841521216933e+02
2.510000000000000000e+02 5.700189579054674027e+01 2.230567983514634761e+03 8.849999999999998979e-01 1.469677191393303772e+00 0.000000000000000000e+00 2.827622964502582090e-02 1.570796326794896558e+00 1.969794194360029440e+18 1.000000000000000000e+00 0.000000000000000000e+00 0.000000000000000000e+00 7.273999999999999355e-01 2.637999999999999790e-01 8.800000000000000530e-03 4.688792283894895832e+02
2.520000000000000000e+02 5.946236293548363960e+01 2.831986001986325846e+03 8.849999999999998979e-01 1.781875951661018309e+00 0.000000000000000000e+00 1.875199761230613577e-02 1.570796326794896558e+00 2.520180854834943488e+18 1.000000000000000000e+00 0.000000000000000000e+00 0.000000000000000000e+00 7.273999999999999355e-01 2.637999999999999790e-01 8.800000000000000530e-03 5.675465710994967594e+02
2.530000000000000000e+02 4.030326848413893970e+01 2.504995795371479744e+03 8.849999999999998979e-01 9.232847217465062206e-01 0.000000000000000000e+00 3.245768910608456959e-01 0.000000000000000000e+00 2.245553260358661632e+18 1.000000000000000000e+00 0.000000000000000000e+00 0.000000000000000000e+00 7.273999999999999355e-01 2.637999999999999790e-01 8.800000000000000530e-03 5.144867840767416283e+02
2.540000000000000000e+02 7.097022991319319374e+01 2.723086023582280632e+03 8.869999999999998996e-01 1.363689900116189735e+00 0.000000000000000000e+00 3.226731890225125604e-02 1.570796326794896558e+00 2.459957414134311424e+18 1.000000000000000000e+00 0.000000000000000000e+00 0.000000000000000000e+00 7.273999999999999355e-01 2.637999999999999790e-01 8.800000000000000530e-03 5.500190241096521504e+02
2.570000000000000000e+02 6.432934032720066853e+01 3.160413860299364387e+03 8.889999999999999014e-01 8.759186442659488980e-01 0.000000000000000000e+00 7.839245358770567662e-02 0.000000000000000000e+00 2.921274224395529216e+18 1.000000000000000000e+00 0.000000000000000000e+00 0.000000000000000000e+00 7.273999999999999355e-01 2.637999999999999790e-01 8.800000000000000530e-03 6.196176617148277046e+02
2.600000000000000000e+02 7.313418976650561376e+01 3.567393812161703408e+03 8.869999999999998996e-01 1.026262101641331359e+00 0.000000000000000000e+00 6.945482290370497136e-02 1.570796326794896558e+00 3.374427530717633024e+18 1.000000000000000000e+00 0.000000000000000000e+00 0.000000000000000000e+00 7.273999999999999355e-01 2.637999999999999790e-01 8.800000000000000530e-03 6.826678745548153984e+02
2.620000000000000000e+02 7.831606825065635746e+01 3.419449404726382454e+03 8.889999999999999014e-01 2.051078954700894741e+00 0.000000000000000000e+00 3.503942526682270880e-02 0.000000000000000000e+00 3.285605759533979136e+18 1.000000000000000000e+00 0.000000000000000000e+00 0.000000000000000000e+00 7.273999999999999355e-01 2.637999999999999790e-01 8.800000000000000530e-03 6.599234605689858881e+02
2.630000000000000000e+02 9.046437939487756807e+01 4.107856256985863183e+03 8.849999999999998979e-01 1.394846390894042054e+00 0.000000000000000000e+00 1.560377728826199163e-02 0.000000000000000000e+00 3.978816205247504896e+18 1.000000000000000000e+00 0.000000000000000000e+00 0.000000000000000000e+00 7.273999999999999355e-01 2.637999999999999790e-01 8.800000000000000530e-03 7.642242473340969582e+02
2.640000000000000000e+02 7.426222695282874042e+01 4.103353262140255538e+03 8.849999999999998979e-01 1.568158403756290342e+00 0.000000000000000000e+00 1.771314488717953828e-02 0.000000000000000000e+00 4.005148109945811968e+18 1.000000000000000000e+00 0.000000000000000000e+00 0.000000000000000000e+00 7.273999999999999355e-01 2.637999999999999790e-01 8.800000000000000530e-03 7.635539852745147300e+02
2.650000000000000000e+02 8.715850502551406009e+01 4.070455419953582805e+03 8.849999999999998979e-01 8.109215730377532516e-01 0.000000000000000000e+00 4.729815475321273721e-02 1.570796326794896558e+00 4.005964293506928128e+18 1.000000000000000000e+00 0.000000000000000000e+00 0.000000000000000000e+00 7.273999999999999355e-01 2.637999999999999790e-01 8.800000000000000530e-03 7.586527290249978250e+02
2.690000000000000000e+02 8.348314526576076844e+01 4.517212678591968142e+03 8.869999999999998996e-01 1.897125197126131591e+00 0.000000000000000000e+00 3.180932037142081975e-02 0.000000000000000000e+00 4.590952606500224512e+18 1.000000000000000000e+00 0.000000000000000000e+00 0.000000000000000000e+00 7.273999999999999355e-01 2.637999999999999790e-01 8.800000000000000530e-03 8.245652971037987982e+02
2.700000000000000000e+02 1.024419221652387364e+02 5.134442093336724611e+03 8.849999999999998979e-01 2.158341022189911307e+00 0.000000000000000000e+00 9.000000000000001055e-02 1.570796326794896558e+00 5.261325102875032576e+18 1.000000000000000000e+00 0.000000000000000000e+00 0.000000000000000000e+00 7.273999999999999355e-01 2.637999999999999790e-01 8.800000000000000530e-03 9.135308759788364341e+02
2.730000000000000000e+02 9.553834252052658371e+01 5.550216093904537956e+03 8.849999999999998979e-01 1.020687854989159149e+00 0.000000000000000000e+00 1.539151183958915002e-02 0.000000000000000000e+00 5.829631144026505216e+18 1.000000000000000000e+00 0.000000000000000000e+00 0.000000000000000000e+00 7.273999999999999355e-01 2.637999999999999790e-01 8.800000000000000530e-03 9.722468308795555458e+02
2.740000000000000000e+02 9.699382000397778825e+01 5.468026916236486613e+03 8.849999999999998979e-01 7.180623710114321101e-01 0.000000000000000000e+00 1.250991618808501397e-02 1.570796326794896558e+00 5.791392169945078784e+18 1.000000000000000000e+00 0.000000000000000000e+00 0.000000000000000000e+00 7.273999999999999355e-01 2.637999999999999790e-01 8.800000000000000530e-03 9.607118271070138462e+02
2.750000000000000000e+02 9.613959464726643489e+01 6.457157041926139755e+03 8.889999999999999014e-01 2.048316889738355684e+00 0.000000000000000000e+00 9.000000000000001055e-02 0.000000000000000000e+00 6.898141996337868800e+18 1.000000000000000000e+00 0.000000000000000000e+00 0.000000000000000000e+00 7.273999999999999355e-01 2.637999999999999790e-01 8.800000000000000530e-03 1.097391776325901219e+03
2.760000000000000000e+02 1.171853786593273270e+02 5.764832063552452382e+03 8.849999999999998979e-01 1.240809979679391661e+00 0.000000000000000000e+00 1.000000000000000056e-01 0.000000000000000000e+00 6.209648969218011136e+18 1.000000000000000000e+00 0.000000000000000000e+00 0.000000000000000000e+00 7.273999999999999355e-01 2.637999999999999790e-01 8.800000000000000530e-03 1.002208197047644148e+03
2.830000000000000000e+02 1.087337522790482751e+02 8.646896387409717136e+03 8.849999999999998979e-01 2.114910256603015348e+00 0.000000000000000000e+00 2.310388568089871350e-02 0.000000000000000000e+00 9.898760186724802560e+18 1.000000000000000000e+00 0.000000000000000000e+00 0.000000000000000000e+00 7.273999999999999355e-01 2.637999999999999790e-01 8.800000000000000530e-03 1.386171055940363431e+03
2.850000000000000000e+02 1.157006030031339776e+02 8.824104914664407261e+03 8.849999999999998979e-01 8.778324475124260617e-01 0.000000000000000000e+00 1.138838976034658827e-02 0.000000000000000000e+00 1.027958212842230784e+19 1.000000000000000000e+00 0.000000000000000000e+00 0.000000000000000000e+00 7.273999999999999355e-01 2.637999999999999790e-01 8.800000000000000530e-03 1.408851285851450257e+03
2.860000000000000000e+02 1.204387800108947033e+02 8.953849049396578266e+03 8.849999999999998979e-01 9.501914450731134831e-01 0.000000000000000000e+00 1.730539156667457862e-02 0.000000000000000000e+00 1.052652222999257907e+19 1.000000000000000000e+00 0.000000000000000000e+00 0.000000000000000000e+00 7.273999999999999355e-01 2.637999999999999790e-01 8.800000000000000530e-03 1.425398958169133493e+03
2.870000000000000000e+02 1.342795764442648760e+02 1.018224869288096306e+04 8.869999999999998996e-01 1.588345446121113058e+00 0.000000000000000000e+00 1.573027429923632911e-02 1.570796326794896558e+00 1.207806628974013440e+19 1.000000000000000000e+00 0.000000000000000000e+00 0.000000000000000000e+00 7.273999999999999355e-01 2.637999999999999790e-01 8.800000000000000530e-03 1.579805357753703902e+03
2.880000000000000000e+02 1.429881763926713631e+02 9.664071595085526496e+03 8.849999999999998979e-01 1.216730187525975282e+00 0.000000000000000000e+00 1.429496387735197313e-02 0.000000000000000000e+00 1.156760832384905011e+19 1.000000000000000000e+00 0.000000000000000000e+00 0.000000000000000000e+00 7.273999999999999355e-01 2.637999999999999790e-01 8.800000000000000530e-03 1.515153848364552687e+03
2.890000000000000000e+02 1.480924590266090206e+02 1.088952531210208872e+04 8.849999999999998979e-01 8.545038899524597387e-01 0.000000000000000000e+00 1.000000000000000056e-01 0.000000000000000000e+00 1.315373319331591782e+19 1.000000000000000000e+00 0.000000000000000000e+00 0.000000000000000000e+00 7.273999999999999355e-01 2.637999999999999790e-01 8.800000000000000530e-03 1.667000696405838426e+03
2.900000000000000000e+02 1.273474447768295335e+02 1.118293819134139630e+04 8.849999999999998979e-01 1.117675351079985280e+00 0.000000000000000000e+00 2.535988999519530468e-02 1.570796326794896558e+00 1.362858844092485427e+19 1.000000000000000000e+00 0.000000000000000000e+00 0.000000000000000000e+00 7.273999999999999355e-01 2.637999999999999790e-01 8.800000000000000530e-03 1.702838112565549181e+03
2.920000000000000000e+02 1.459567606120655512e+02 1.201967163403273844e+04 8.869999999999998996e-01 1.402845699974094362e+00 0.000000000000000000e+00 1.277963715355296542e-02 0.000000000000000000e+00 1.492721266883829760e+19 1.000000000000000000e+00 0.000000000000000000e+00 0.000000000000000000e+00 7.273999999999999355e-01 2.637999999999999790e-01 8.800000000000000530e-03 1.804025636664146759e+03
2.930000000000000000e+02 1.526171636373700835e+02 1.299698531556307898e+04 8.869999999999998996e-01 1.159291119331747000e+00 0.000000000000000000e+00 3.129562192803681669e-02 1.570796326794896558e+00 1.629115861489953792e+19 1.000000000000000000e+00 0.000000000000000000e+00 0.000000000000000000e+00 7.273999999999999355e-01 2.637999999999999790e-01 8.800000000000000530e-03 1.920448763304015074e+03
2.950000000000000000e+02 1.566460292233261100e+02 1.430847847013158571e+04 8.869999999999998996e-01 1.556558156729213716e+00 0.000000000000000000e+00 1.698958109713297887e-02 1.570796326794896558e+00 1.827536210374890906e+19 1.000000000000000000e+00 0.000000000000000000e+00 0.000000000000000000e+00 7.273999999999999355e-01 2.637999999999999790e-01 8.800000000000000530e-03 2.073974373108507280e+03
2.960000000000000000e+02 1.627793178504021796e+02 1.405289485025505928e+04 8.849999999999998979e-01 2.039128960994564643e+00 0.000000000000000000e+00 9.000000000000001055e-02 1.570796326794896558e+00 1.811886185874885427e+19 1.000000000000000000e+00 0.000000000000000000e+00 0.000000000000000000e+00 7.273999999999999355e-01 2.637999999999999790e-01 8.800000000000000530e-03 2.044284141549989727e+03
2.980000000000000000e+02 1.464108176154624346e+02 1.685872090832157483e+04 8.869999999999998996e-01 1.971869884088425451e+00 0.000000000000000000e+00 1.572758389542591034e-02 0.000000000000000000e+00 2.215623648027032371e+19 1.000000000000000000e+00 0.000000000000000000e+00 0.000000000000000000e+00 7.273999999999999355e-01 2.637999999999999790e-01 8.800000000000000530e-03 2.364766798013941298e+03
2.990000000000000000e+02 1.272366181695323917e+02 1.635246555960486512e+04 8.849999999999998979e-01 1.470291160328637936e+00 0.000000000000000000e+00 3.615427657141474099e-02 1.570796326794896558e+00 2.170262813499985920e+19 1.000000000000000000e+00 0.000000000000000000e+00 0.000000000000000000e+00 7.273999999999999355e-01 2.637999999999999790e-01 8.800000000000000530e-03 2.307784312105809477e+03
3.020000000000000000e+02 1.613671360984813532e+02 1.898875746053049079e+04 8.869999999999998996e-01 1.572564583388828652e+00 0.000000000000000000e+00 4.996840198492999430e-02 0.000000000000000000e+00 2.595275581116417229e+19 1.000000000000000000e+00 0.000000000000000000e+00 0.000000000000000000e+00 7.273999999999999355e-01 2.637999999999999790e-01 8.800000000000000530e-03 2.600913208373466659e+03
3.030000000000000000e+02 1.960516647701985846e+02 1.949892300088796037e+04 8.849999999999998979e-01 8.497923634327221309e-01 0.000000000000000000e+00 1.094104439381480415e-02 1.570796326794896558e+00 2.691685436812006195e+19 1.000000000000000000e+00 0.000000000000000000e+00 0.000000000000000000e+00 7.273999999999999355e-01 2.637999999999999790e-01 8.800000000000000530e-03 2.656667003335837308e+03
3.060000000000000000e+02 2.011415818493137806e+02 2.371465233668516157e+04 8.869999999999998996e-01 1.329058216577039708e+00 0.000000000000000000e+00 1.932216495347426413e-02 1.570796326794896558e+00 3.373633911675870822e+19 1.000000000000000000e+00 0.000000000000000000e+00 0.000000000000000000e+00 7.273999999999999355e-01 2.637999999999999790e-01 8.800000000000000530e-03 3.107005571236944888e+03
3.070000000000000000e+02 1.897474365950854178e+02 2.488228537670982041e+04 8.869999999999998996e-01 1.198105745598074812e+00 0.000000000000000000e+00 9.000000000000001055e-02 0.000000000000000000e+00 3.575658405439981568e+19 1.000000000000000000e+00 0.000000000000000000e+00 0.000000000000000000e+00 7.273999999999999355e-01 2.637999999999999790e-01 8.800000000000000530e-03 3.228797703452483347e+03
3.080000000000000000e+02 1.648609699571046576e+02 2.549713473699014139e+04 8.849999999999998979e-01 1.910746501698525890e+00 0.000000000000000000e+00 4.063713788164576013e-02 0.000000000000000000e+00 3.702300810540023808e+19 1.000000000000000000e+00 0.000000000000000000e+00 0.000000000000000000e+00 7.273999999999999355e-01 2.637999999999999790e-01 8.800000000000000530e-03 3.292469233854831600e+03
3.110000000000000000e+02 1.585361717128798489e+02 2.963910001843936334e+04 8.849999999999998979e-01 1.674788556453354227e+00 0.000000000000000000e+00 2.058911320946491333e-02 1.570796326794896558e+00 4.440149012710841549e+19 1.000000000000000000e+00 0.000000000000000000e+00 0.000000000000000000e+00 7.273999999999999355e-01 2.637999999999999790e-01 8.800000000000000530e-03 3.713818130787831251e+03
3.120000000000000000e+02 6.321366080597823611e+02 3.034561115245143083e+04 8.869999999999998996e-01 2.085675940799767591e+00 0.000000000000000000e+00 9.000000000000001055e-02 1.570796326794896558e+00 4.594334041445454643e+19 1.000000000000000000e+00 0.000000000000000000e+00 0.000000000000000000e+00 7.273999999999999355e-01 2.637999999999999790e-01 8.800000000000000530e-03 3.784472319564117697e+03
3.130000000000000000e+02 2.488696293491506992e+02 3.133672829968313454e+04 8.849999999999998979e-01 2.112243393143450554e+00 0.000000000000000000e+00 9.000000000000001055e-02 1.570796326794896558e+00 4.794544924777521971e+19 1.000000000000000000e+00 0.000000000000000000e+00 0.000000000000000000e+00 7.273999999999999355e-01 2.637999999999999790e-01 8.800000000000000530e-03 3.883037135760346246e+03
3.140000000000000000e+02 1.894540434637556814e+02 3.445673671503075457e+04 8.849999999999998979e-01 7.524787343032842690e-01 0.000000000000000000e+00 1.000000000000000056e-01 0.000000000000000000e+00 5.329146569512535654e+19 1.000000000000000000e+00 0.000000000000000000e+00 0.000000000000000000e+00 7.273999999999999355e-01 2.637999999999999790e-01 8.800000000000000530e-03 4.189362470244624092e+03
3.150000000000000000e+02 2.060802219035483347e+02 3.628662985717216361e+04 8.849999999999998979e-01 7.980654699349690739e-01 0.000000000000000000e+00 9.000000000000001055e-02 0.000000000000000000e+00 5.672137368595728794e+19 1.000000000000000000e+00 0.000000000000000000e+00 0.000000000000000000e+00 7.273999999999999355e-01 2.637999999999999790e-01 8.800000000000000530e-03 4.366424247450542680e+03
3.170000000000000000e+02 3.180381235802445872e+02 3.830592286153454916e+04 8.849999999999998979e-01 2.162457773869421285e+00 0.000000000000000000e+00 9.000000000000001055e-02 0.000000000000000000e+00 6.119601651436852838e+19 1.000000000000000000e+00 0.000000000000000000e+00 0.000000000000000000e+00 7.273999999999999355e-01 2.637999999999999790e-01 8.800000000000000530e-03 4.559753507586386149e+03
3.190000000000000000e+02 2.202307950361893631e+02 4.508852309686555964e+04 8.849999999999998979e-01 2.158146294394426068e+00 0.000000000000000000e+00 8.100000000000001643e-02 0.000000000000000000e+00 7.363390140686417101e+19 1.000000000000000000e+00 0.000000000000000000e+00 0.000000000000000000e+00 7.273999999999999355e-01 2.637999999999999790e-01 8.800000000000000530e-03 5.194950697196605688e+03
3.220000000000000000e+02 2.732991656831867431e+02 5.154118603157097823e+04 8.849999999999998979e-01 1.161554116011834337e+00 0.000000000000000000e+00 1.000000000000000056e-01 1.570796326794896558e+00 8.705723910386515968e+19 1.000000000000000000e+00 0.000000000000000000e+00 0.000000000000000000e+00 7.273999999999999355e-01 2.637999999999999790e-01 8.800000000000000530e-03 5.781654674983799850e+03
3.240000000000000000e+02 1.963896773938365072e+02 5.735953829539941216e+04 8.849999999999998979e-01 1.221659781554576440e+00 0.000000000000000000e+00 1.000000000000000056e-01 0.000000000000000000e+00 9.912738349540104602e+19 1.000000000000000000e+00 0.000000000000000000e+00 0.000000000000000000e+00 7.273999999999999355e-01 2.637999999999999790e-01 8.800000000000000530e-03 6.298152030121112148e+03
3.300000000000000000e+02 3.514646732077108027e+02 7.727773505296302028e+04 8.849999999999998979e-01 1.586937924087564511e+00 0.000000000000000000e+00 9.000000000000001055e-02 1.570796326794896558e+00 1.433139174041375212e+20 1.000000000000000000e+00 0.000000000000000000e+00 0.000000000000000000e+00 7.273999999999999355e-01 2.637999999999999790e-01 8.800000000000000530e-03 7.994147001719066793e+03
3.310000000000000000e+02 2.859490131308106129e+02 8.206580674050110974e+04 8.849999999999998979e-01 1.833875736983115345e+00 0.000000000000000000e+00 9.000000000000001055e-02 0.000000000000000000e+00 1.540476879449883935e+20 1.000000000000000000e+00 0.000000000000000000e+00 0.000000000000000000e+00 7.273999999999999355e-01 2.637999999999999790e-01 8.800000000000000530e-03 8.387999903348658336e+03
3.340000000000000000e+02 1.887849873613089358e+02 9.769935090279061114e+04 8.849999999999998979e-01 1.002635119282939691e+00 0.000000000000000000e+00 1.000000000000000056e-01 0.000000000000000000e+00 1.902709119542002647e+20 1.000000000000000000e+00 0.000000000000000000e+00 0.000000000000000000e+00 7.273999999999999355e-01 2.637999999999999790e-01 8.800000000000000530e-03 9.643661656637577835e+03
3.360000000000000000e+02 7.700000000000001137e+02 1.113362204055522743e+05 8.849999999999998979e-01 1.673843704094674534e+00 0.000000000000000000e+00 1.000000000000000056e-01 0.000000000000000000e+00 2.223204410001234657e+20 1.000000000000000000e+00 0.000000000000000000e+00 0.000000000000000000e+00 7.273999999999999355e-01 2.637999999999999790e-01 8.800000000000000530e-03 1.070626038207299462e+04
3.380000000000000000e+02 7.700000000000001137e+02 1.250889298489558132e+05 8.849999999999998979e-01 2.068404755818219698e+00 0.000000000000000000e+00 1.000000000000000056e-01 0.000000000000000000e+00 2.562190294885409423e+20 1.000000000000000000e+00 0.000000000000000000e+00 0.000000000000000000e+00 7.273999999999999355e-01 2.637999999999999790e-01 8.800000000000000530e-03 1.175178193009057395e+04
3.420000000000000000e+02 7.700000000000001137e+02 1.599995292655672529e+05 8.849999999999998979e-01 1.624598694334460358e+00 0.000000000000000000e+00 1.000000000000000056e-01 0.000000000000000000e+00 3.452797247828673823e+20 1.000000000000000000e+00 0.000000000000000000e+00 0.000000000000000000e+00 7.273999999999999355e-01 2.637999999999999790e-01 8.800000000000000530e-03 1.430947124305772377e+04
3.430000000000000000e+02 7.700000000000001137e+02 1.702887428733615379e+05 8.849999999999998979e-01 1.486021355856857351e+00 0.000000000000000000e+00 1.000000000000000056e-01 0.000000000000000000e+00 3.724052931373740196e+20 1.000000000000000000e+00 0.000000000000000000e+00 0.000000000000000000e+00 7.273999999999999355e-01 2.637999999999999790e-01 8.800000000000000530e-03 1.504102294542516574e+04
3.460000000000000000e+02 7.700000000000001137e+02 2.027945651814093580e+05 8.849999999999998979e-01 8.477061858642171988e-01 0.000000000000000000e+00 1.000000000000000056e-01 0.000000000000000000e+00 4.618753127716198810e+20 1.000000000000000000e+00 0.000000000000000000e+00 0.000000000000000000e+00 7.273999999999999355e-01 2.637999999999999790e-01 8.800000000000000530e-03 1.729711495800049670e+04
3.470000000000000000e+02 7.700000000000001137e+02 2.190913640321466955e+05 8.849999999999998979e-01 2.123513944258834663e+00 0.000000000000000000e+00 1.000000000000000056e-01 0.000000000000000000e+00 5.059165148715706614e+20 1.000000000000000000e+00 0.000000000000000000e+00 0.000000000000000000e+00 7.273999999999999355e-01 2.637999999999999790e-01 8.800000000000000530e-03 1.840046633058174484e+04
3.480000000000000000e+02 7.700000000000001137e+02 2.336577138206211384e+05 8.849999999999998979e-01 1.921548040846114302e+00 0.000000000000000000e+00 1.000000000000000056e-01 0.000000000000000000e+00 5.470946023145373696e+20 1.000000000000000000e+00 0.000000000000000000e+00 0.000000000000000000e+00 7.273999999999999355e-01 2.637999999999999790e-01 8.800000000000000530e-03 1.937281453387333386e+04
3.520000000000000000e+02 7.700000000000001137e+02 3.055778229893199168e+05 8.849999999999998979e-01 1.205061861785743593e+00 0.000000000000000000e+00 1.000000000000000056e-01 0.000000000000000000e+00 7.572926296690086380e+20 1.000000000000000000e+00 0.000000000000000000e+00 0.000000000000000000e+00 7.273999999999999355e-01 2.637999999999999790e-01 8.800000000000000530e-03 2.401187579919979544e+04
3.540000000000000000e+02 7.700000000000001137e+02 3.459371963246279047e+05 8.849999999999998979e-01 0.000000000000000000e+00 0.000000000000000000e+00 1.000000000000000056e-01 0.000000000000000000e+00 8.826603912285078159e+20 1.000000000000000000e+00 0.000000000000000000e+00 0.000000000000000000e+00 7.273999999999999355e-01 2.637999999999999790e-01 8.800000000000000530e-03 2.651712472332825928e+04
3.560000000000000000e+02 7.700000000000001137e+02 4.028088433196340338e+05 8.849999999999998979e-01 1.522411035944123192e+00 0.000000000000000000e+00 1.000000000000000056e-01 1.570796326794896558e+00 1.058722999298815164e+21 1.000000000000000000e+00 0.000000000000000000e+00 0.000000000000000000e+00 7.273999999999999355e-01 2.637999999999999790e-01 8.800000000000000530e-03 2.995075809855134503e+04
3.570000000000000000e+02 7.700000000000001137e+02 4.255677720544332406e+05 8.849999999999998979e-01 1.330335076154314233e+00 0.000000000000000000e+00 1.000000000000000056e-01 1.570796326794896558e+00 1.135540107067652440e+21 1.000000000000000000e+00 0.000000000000000000e+00 0.000000000000000000e+00 7.273999999999999355e-01 2.637999999999999790e-01 8.800000000000000530e-03 3.129706469658626884e+04
3.590000000000000000e+02 7.700000000000001137e+02 4.990983541362424730e+05 8.849999999999998979e-01 1.203841266616208605e+00 0.000000000000000000e+00 1.000000000000000056e-01 0.000000000000000000e+00 1.372927296365431882e+21 1.000000000000000000e+00 0.000000000000000000e+00 0.000000000000000000e+00 7.273999999999999355e-01 2.637999999999999790e-01 8.800000000000000530e-03 3.555310475261093961e+04
3.620000000000000000e+02 7.700000000000001137e+02 6.158244100772319362e+05 8.849999999999998979e-01 7.409108707705382990e-01 0.000000000000000000e+00 1.000000000000000056e-01 1.570796326794896558e+00 1.775268478513251615e+21 1.000000000000000000e+00 0.000000000000000000e+00 0.000000000000000000e+00 7.273999999999999355e-01 2.637999999999999790e-01 8.800000000000000530e-03 4.206240898767783801e+04
3.640000000000000000e+02 7.700000000000001137e+02 2.788477532576882513e+05 8.849999999999998979e-01 1.322360605944414180e+00 0.000000000000000000e+00 1.000000000000000056e-01 1.570796326794896558e+00 8.275288716762517340e+20 1.000000000000000000e+00 0.000000000000000000e+00 0.000000000000000000e+00 7.273999999999999355e-01 2.637999999999999790e-01 8.800000000000000530e-03 2.231630775595164232e+04
