# id_num orb_a mass spin spin_angle orb_inc orb_ecc orb_arg_periapse orb_ang_mom gen galaxy time_passed star_X star_Y star_Z radius
2.380000000000000000e+02 5.267539244083310024e+01 1.566783057170813890e+03 9.329999999999999405e-01 9.794129358270098340e-01 0.000000000000000000e+00 6.796210104011772557e-02 1.570796326794896558e+00 1.273305633154249984e+18 1.000000000000000000e+00 0.000000000000000000e+00 0.000000000000000000e+00 7.273999999999999355e-01 2.637999999999999790e-01 8.800000000000000530e-03 3.565918428812497041e+02
2.390000000000000000e+02 4.783502691946756613e+01 1.593657086473670006e+03 9.329999999999999405e-01 1.595323240695873279e+00 0.000000000000000000e+00 2.372914870507862595e-01 0.000000000000000000e+00 1.304290782362749952e+18 1.000000000000000000e+00 0.000000000000000000e+00 0.000000000000000000e+00 7.273999999999999355e-01 2.637999999999999790e-01 8.800000000000000530e-03 3.614766208232318832e+02
2.410000000000000000e+02 3.975775094783559638e+01 2.182541127109966055e+03 9.329999999999999405e-01 1.080388942863446333e+00 0.000000000000000000e+00 5.348327968519366316e-01 0.000000000000000000e+00 1.811593980677459968e+18 1.000000000000000000e+00 0.000000000000000000e+00 0.000000000000000000e+00 7.273999999999999355e-01 2.637999999999999790e-01 8.800000000000000530e-03 4.648729327115385104e+02
2.420000000000000000e+02 5.681848346871166910e+01 1.967541081736750129e+03 9.329999999999999405e-01 1.156582704715864107e+00 0.000000000000000000e+00 1.567203585969260266e-02 0.000000000000000000e+00 1.645391902739012864e+18 1.000000000000000000e+00 0.000000000000000000e+00 0.000000000000000000e+00 7.273999999999999355e-01 2.637999999999999790e-01 8.800000000000000530e-03 4.278616468052973119e+02
2.440000000000000000e+02 4.156541860217056694e+01 1.689315111075905406e+03 9.329999999999999405e-01 7.380955048727471102e-01 0.000000000000000000e+00 4.475736517527970082e-01 1.570796326794896558e+00 1.432695433614410240e+18 1.000000000000000000e+00 0.000000000000000000e+00 0.000000000000000000e+00 7.273999999999999355e-01 2.637999999999999790e-01 8.800000000000000530e-03 3.787327354623858469e+02
2.460000000000000000e+02 3.840708381056863630e+01 1.735215421792718189e+03 9.329999999999999405e-01 7.508666652101068095e-01 0.000000000000000000e+00 5.502613302847291221e-01 0.000000000000000000e+00 1.492934546981895680e+18 1.000000000000000000e+00 0.000000000000000000e+00 0.000000000000000000e+00 7.273999999999999355e-01 2.637999999999999790e-01 8.800000000000000530e-03 3.869430318499353234e+02
2.480000000000000000e+02 4.017530082586536366e+01 2.250362411489341866e+03 9.329999999999999405e-01 1.301643395189957531e+00 0.000000000000000000e+00 4.383469680179614136e-01 0.000000000000000000e+00 1.965197402146876416e+18 1.000000000000000000e+00 0.000000000000000000e+00 0.000000000000000000e+00 7.273999999999999355e-01 2.637999999999999790e-01 8.800000000000000530e-03 4.763940001225670926e+02
2.490000000000000000e+02 4.565287039261354352e+01 2.372323243884902240e+03 9.329999999999999405e-01 1.273789292939606854e+00 0.000000000000000000e+00 4.781024594930190497e-01 1.570796326794896558e+00 2.086797748650770944e+18 1.000000000000000000e+00 0.000000000000000000e+00 0.000000000000000000e+00 7.273999999999999355e-01 2.637999999999999790e-01 8.800000000000000530e-03 4.969393669304782293e+02
2.500000000000000000e+02 5.322746624624407730e+01 2.388715121930641089e+03 9.329999999999999405e-01 1.283541604954652859e+00 0.000000000000000000e+00 5.119155846858779169e-02 0.000000000000000000e+00 2.116962941900522240e+18 1.000000000000000000e+00 0.000000000000000000e+00 0.000000000000000000e+00 7.273999999999999355e-01 2.637999999999999790e-01 8.800000000000000530e-03 4.996844082197823695e+02
2.510000000000000000e+02 6.005305619299454634e+01 2.394047297658811658e+03 9.329999999999999405e-01 1.436621184745616064e+00 0.000000000000000000e+00 2.406121797279894836e-02 0.000000000000000000e+00 2.137911275061795840e+18 1.000000000000000000e+00 0.000000000000000000e+00 0.000000000000000000e+00 7.273999999999999355e-01 2.637999999999999790e-01 8.800000000000000530e-03 5.005765400009659629e+02
2.520000000000000000e+02 6.911063802659387534e+01 2.700562072537505628e+03 9.329999999999999405e-01 6.867745091513450806e-01 0.000000000000000000e+00 3.334543105836772214e-02 0.000000000000000000e+00 2.429265577432149504e+18 1.000000000000000000e+00 0.000000000000000000e+00 0.000000000000000000e+00 7.273999999999999355e-01 2.637999999999999790e-01 8.800000000000000530e-03 5.512233959453012631e+02
2.530000000000000000e+02 5.601514957687740548e+01 2.618271864909958367e+03 9.329999999999999405e-01 8.592352803466897226e-01 0.000000000000000000e+00 7.806793094514852260e-02 1.570796326794896558e+00 2.373476956242992128e+18 1.000000000000000000e+00 0.000000000000000000e+00 0.000000000000000000e+00 7.273999999999999355e-01 2.637999999999999790e-01 8.800000000000000530e-03 5.377446549623558667e+02
2.540000000000000000e+02 7.293583935405325747e+01 2.919690383655880396e+03 9.329999999999999405e-01 4.595470785846166861e-01 0.000000000000000000e+00 7.295970120334840936e-02 1.570796326794896558e+00 2.666024891550187520e+18 1.000000000000000000e+00 0.000000000000000000e+00 0.000000000000000000e+00 7.273999999999999355e-01 2.637999999999999790e-01 8.800000000000000530e-03 5.867238612133202196e+02
2.550000000000000000e+02 7.530965353534806184e+01 3.025220185061234133e+03 9.329999999999999405e-01 1.657827066958473594e+00 0.000000000000000000e+00 2.783621453720440050e-02 0.000000000000000000e+00 2.784387234337384448e+18 1.000000000000000000e+00 0.000000000000000000e+00 0.000000000000000000e+00 7.273999999999999355e-01 2.637999999999999790e-01 8.800000000000000530e-03 6.036287309084511890e+02
2.560000000000000000e+02 4.626463687836982785e+01 2.780917764218172124e+03 9.329999999999999405e-01 7.284463266789183988e-01 0.000000000000000000e+00 5.420572480529119996e-01 1.570796326794896558e+00 2.578610811477350400e+18 1.000000000000000000e+00 0.000000000000000000e+00 0.000000000000000000e+00 7.273999999999999355e-01 2.637999999999999790e-01 8.800000000000000530e-03 5.643062082362619094e+02
2.570000000000000000e+02 8.768697113273464083e+01 2.955552321844216294e+03 9.329999999999999405e-01 7.727456663893184086e-01 0.000000000000000000e+00 2.117586770166118154e-02 0.000000000000000000e+00 2.760921924972925952e+18 1.000000000000000000e+00 0.000000000000000000e+00 0.000000000000000000e+00 7.273999999999999355e-01 2.637999999999999790e-01 8.800000000000000530e-03 5.924820982661801736e+02
2.600000000000000000e+02 6.793899454433328344e+01 3.446175097350333090e+03 9.329999999999999405e-01 1.676176367562387304e+00 0.000000000000000000e+00 2.197363945284998982e-02 1.570796326794896558e+00 3.295314382050675712e+18 1.000000000000000000e+00 0.000000000000000000e+00 0.000000000000000000e+00 7.273999999999999355e-01 2.637999999999999790e-01 8.800000000000000530e-03 6.699373376070070663e+02
2.610000000000000000e+02 7.590607125100970620e+01 3.252644017935940155e+03 9.329999999999999405e-01 1.125987599870556632e+00 0.000000000000000000e+00 3.463661182655434351e-02 1.570796326794896558e+00 3.133952732537914880e+18 1.000000000000000000e+00 0.000000000000000000e+00 0.000000000000000000e+00 7.273999999999999355e-01 2.637999999999999790e-01 8.800000000000000530e-03 6.396664002491676229e+02
2.640000000000000000e+02 8.717592237189305138e+01 3.971426972186431612e+03 9.329999999999999405e-01 5.901846250699065433e-01 0.000000000000000000e+00 2.796994416606021078e-02 0.000000000000000000e+00 3.919163923261024256e+18 1.000000000000000000e+00 0.000000000000000000e+00 0.000000000000000000e+00 7.273999999999999355e-01 2.637999999999999790e-01 8.800000000000000530e-03 7.504496786174936460e+02
2.670000000000000000e+02 8.630829750684296187e+01 4.562852446387827513e+03 9.329999999999999405e-01 1.673334460426024517e+00 0.000000000000000000e+00 3.134044566030559642e-02 1.570796326794896558e+00 4.612535404034644992e+18 1.000000000000000000e+00 0.000000000000000000e+00 0.000000000000000000e+00 7.273999999999999355e-01 2.637999999999999790e-01 8.800000000000000530e-03 8.385972829469561702e+02
2.680000000000000000e+02 9.584269997489737136e+01 3.913589660821640791e+03 9.349999999999999423e-01 1.875994841478213715e+00 0.000000000000000000e+00 1.387666379684415925e-02 0.000000000000000000e+00 3.988300345259899904e+18 1.000000000000000000e+00 0.000000000000000000e+00 0.000000000000000000e+00 7.273999999999999355e-01 2.637999999999999790e-01 8.800000000000000530e-03 7.416936170774145012e+02
2.690000000000000000e+02 1.172198380782969878e+02 4.951966201900035230e+03 9.329999999999999405e-01 1.070361637981484426e+00 0.000000000000000000e+00 4.260140344769294124e-02 1.570796326794896558e+00 5.088639741615571968e+18 1.000000000000000000e+00 0.000000000000000000e+00 0.000000000000000000e+00 7.273999999999999355e-01 2.637999999999999790e-01 8.800000000000000530e-03 8.953368277766975325e+02
2.700000000000000000e+02 8.924097001717656497e+01 4.919825096209098774e+03 9.329999999999999405e-01 1.205769919374880095e+00 0.000000000000000000e+00 3.551481156001915634e-02 1.570796326794896558e+00 5.095565482369779712e+18 1.000000000000000000e+00 0.000000000000000000e+00 0.000000000000000000e+00 7.273999999999999355e-01 2.637999999999999790e-01 8.800000000000000530e-03 8.906848021199664345e+02
2.710000000000000000e+02 1.174520939275448796e+02 4.753556271232948347e+03 9.329999999999999405e-01 7.324779904821424603e-01 0.000000000000000000e+00 1.000000000000000056e-01 1.570796326794896558e+00 4.966123133696722944e+18 1.000000000000000000e+00 0.000000000000000000e+00 0.000000000000000000e+00 7.273999999999999355e-01 2.637999999999999790e-01 8.800000000000000530e-03 8.665212601067012201e+02
2.720000000000000000e+02 9.797992137813585600e+01 5.422083386842718028e+03 9.329999999999999405e-01 9.345971853271376473e-01 0.000000000000000000e+00 9.000000000000001055e-02 0.000000000000000000e+00 5.710255153255635968e+18 1.000000000000000000e+00 0.000000000000000000e+00 0.000000000000000000e+00 7.273999999999999355e-01 2.637999999999999790e-01 8.800000000000000530e-03 9.627139502492502743e+02
2.740000000000000000e+02 1.226732038504471092e+02 5.794207084672762903e+03 9.329999999999999405e-01 6.655033031618462491e-01 0.000000000000000000e+00 1.000000000000000056e-01 1.570796326794896558e+00 6.205081942495606784e+18 1.000000000000000000e+00 0.000000000000000000e+00 0.000000000000000000e+00 7.273999999999999355e-01 2.637999999999999790e-01 8.800000000000000530e-03 1.015218495827635252e+03
2.760000000000000000e+02 1.123061717208775434e+02 6.284395220346099450e+03 9.329999999999999405e-01 1.392158795482811851e+00 0.000000000000000000e+00 1.421235597489857450e-02 1.570796326794896558e+00 6.844942656046129152e+18 1.000000000000000000e+00 0.000000000000000000e+00 0.000000000000000000e+00 7.273999999999999355e-01 2.637999999999999790e-01 8.800000000000000530e-03 1.083365753387477071e+03
2.810000000000000000e+02 1.244272973605282999e+02 7.903488033389717202e+03 9.329999999999999405e-01 1.139426671025628224e+00 0.000000000000000000e+00 9.000000000000001055e-02 1.570796326794896558e+00 8.986675383384782848e+18 1.000000000000000000e+00 0.000000000000000000e+00 0.000000000000000000e+00 7.273999999999999355e-01 2.637999999999999790e-01 8.800000000000000530e-03 1.301425617426394865e+03
2.820000000000000000e+02 1.097165080867756899e+02 7.353094853225103179e+03 9.329999999999999405e-01 1.467056291583083372e+00 0.000000000000000000e+00 2.308740754793505573e-02 0.000000000000000000e+00 8.433390912134175744e+18 1.000000000000000000e+00 0.000000000000000000e+00 0.000000000000000000e+00 7.273999999999999355e-01 2.637999999999999790e-01 8.800000000000000530e-03 1.228401804609472720e+03
2.830000000000000000e+02 1.211706508015054027e+02 8.142268067112361678e+03 9.349999999999999423e-01 1.196037586867066738e+00 0.000000000000000000e+00 4.479413709717385700e-02 1.570796326794896558e+00 9.422507181220061184e+18 1.000000000000000000e+00 0.000000000000000000e+00 0.000000000000000000e+00 7.273999999999999355e-01 2.637999999999999790e-01 8.800000000000000530e-03 1.332786632875757732e+03
2.840000000000000000e+02 1.456119903294771518e+02 8.439258025934606849e+03 9.329999999999999405e-01 1.403060948811977626e+00 0.000000000000000000e+00 1.000000000000000056e-01 0.000000000000000000e+00 9.852014261122060288e+18 1.000000000000000000e+00 0.000000000000000000e+00 0.000000000000000000e+00 7.273999999999999355e-01 2.637999999999999790e-01 8.800000000000000530e-03 1.371537617068085183e+03
2.870000000000000000e+02 1.460640069441524531e+02 9.754116453301874571e+03 9.329999999999999405e-01 6.653498785410205674e-01 0.000000000000000000e+00 5.374438400907505242e-02 0.000000000000000000e+00 1.169595210272734208e+19 1.000000000000000000e+00 0.000000000000000000e+00 0.000000000000000000e+00 7.273999999999999355e-01 2.637999999999999790e-01 8.800000000000000530e-03 1.539978509104347040e+03
2.900000000000000000e+02 1.369043044541388099e+02 1.168527606484514945e+04 9.329999999999999405e-01 1.198021245643070332e+00 0.000000000000000000e+00 5.371706593664146712e-02 1.570796326794896558e+00 1.439924962793731891e+19 1.000000000000000000e+00 0.000000000000000000e+00 0.000000000000000000e+00 7.273999999999999355e-01 2.637999999999999790e-01 8.800000000000000530e-03 1.779407811591202744e+03
2.930000000000000000e+02 1.481924340177630484e+02 1.290510355446428912e+04 9.329999999999999405e-01 1.328613939645666431e+00 0.000000000000000000e+00 4.761977247514513623e-02 0.000000000000000000e+00 1.635049694549918106e+19 1.000000000000000000e+00 0.000000000000000000e+00 0.000000000000000000e+00 7.273999999999999355e-01 2.637999999999999790e-01 8.800000000000000530e-03 1.926519929985077624e+03
2.950000000000000000e+02 1.437704765711753510e+02 1.340236078681079744e+04 9.329999999999999405e-01 1.536355551400247821e+00 0.000000000000000000e+00 1.000000000000000056e-01 0.000000000000000000e+00 1.730527761589934490e+19 1.000000000000000000e+00 0.000000000000000000e+00 0.000000000000000000e+00 7.273999999999999355e-01 2.637999999999999790e-01 8.800000000000000530e-03 1.985680427131693023e+03
2.970000000000000000e+02 1.481195701639197466e+02 1.446448275909912991e+04 9.329999999999999405e-01 1.835019308575322805e+00 0.000000000000000000e+00 1.170371890321608710e-02 1.570796326794896558e+00 1.903711115143880294e+19 1.000000000000000000e+00 0.000000000000000000e+00 0.000000000000000000e+00 7.273999999999999355e-01 2.637999999999999790e-01 8.800000000000000530e-03 2.110603420653454577e+03
2.990000000000000000e+02 1.641550693051218559e+02 1.638378670853745461e+04 9.329999999999999405e-01 1.041540806631408911e+00 0.000000000000000000e+00 2.446406578897917378e-02 0.000000000000000000e+00 2.198044108744140800e+19 1.000000000000000000e+00 0.000000000000000000e+00 0.000000000000000000e+00 7.273999999999999355e-01 2.637999999999999790e-01 8.800000000000000530e-03 2.331823847632254910e+03
3.010000000000000000e+02 2.933583257389205414e+02 1.805380988991824415e+04 9.329999999999999405e-01 1.303649068154944191e+00 0.000000000000000000e+00 9.000000000000001055e-02 1.570796326794896558e+00 2.469977162745348506e+19 1.000000000000000000e+00 0.000000000000000000e+00 0.000000000000000000e+00 7.273999999999999355e-01 2.637999999999999790e-01 8.800000000000000530e-03 2.520109451197989983e+03
3.020000000000000000e+02 1.817906584828840835e+02 1.820589866703736334e+04 9.329999999999999405e-01 4.291996442965033132e-01 0.000000000000000000e+00 2.926237057974191008e-02 1.570796326794896558e+00 2.515311500377705677e+19 1.000000000000000000e+00 0.000000000000000000e+00 0.000000000000000000e+00 7.273999999999999355e-01 2.637999999999999790e-01 8.800000000000000530e-03 2.537079102133634024e+03
3.030000000000000000e+02 1.781299316007663265e+02 1.953857772417063097e+04 9.329999999999999405e-01 1.881349810309251414e+00 0.000000000000000000e+00 2.321457217253769176e-02 0.000000000000000000e+00 2.726641988441609830e+19 1.000000000000000000e+00 0.000000000000000000e+00 0.000000000000000000e+00 7.273999999999999355e-01 2.637999999999999790e-01 8.800000000000000530e-03 2.684594330060369430e+03
3.100000000000000000e+02 2.067912695809754382e+02 2.724016381831500621e+04 9.329999999999999405e-01 1.469639865581565674e+00 0.000000000000000000e+00 8.100000000000001643e-02 0.000000000000000000e+00 4.082278949385093939e+19 1.000000000000000000e+00 0.000000000000000000e+00 0.000000000000000000e+00 7.273999999999999355e-01 2.637999999999999790e-01 8.800000000000000530e-03 3.502128548385937393e+03
3.120000000000000000e+02 2.249314068160949489e+02 2.906859299923326034e+04 9.329999999999999405e-01 8.106904568559782920e-01 0.000000000000000000e+00 9.000000000000001055e-02 1.570796326794896558e+00 4.449263257739400806e+19 1.000000000000000000e+00 0.000000000000000000e+00 0.000000000000000000e+00 7.273999999999999355e-01 2.637999999999999790e-01 8.800000000000000530e-03 3.688956381364195749e+03
3.130000000000000000e+02 3.020453425795664089e+02 3.202039300682375688e+04 9.329999999999999405e-01 8.720256938258992285e-01 0.000000000000000000e+00 9.000000000000001055e-02 0.000000000000000000e+00 4.952465453991427277e+19 1.000000000000000000e+00 0.000000000000000000e+00 0.000000000000000000e+00 7.273999999999999355e-01 2.637999999999999790e-01 8.800000000000000530e-03 3.985709460850097003e+03
3.150000000000000000e+02 1.500076103514211070e+02 3.658635173357775057e+04 9.329999999999999405e-01 0.000000000000000000e+00 0.000000000000000000e+00 1.000000000000000056e-01 0.000000000000000000e+00 5.781420809050873037e+19 1.000000000000000000e+00 0.000000000000000000e+00 0.000000000000000000e+00 7.273999999999999355e-01 2.637999999999999790e-01 8.800000000000000530e-03 4.434244084829383610e+03
3.170000000000000000e+02 2.543689283994799837e+02 3.756912604528824158e+04 9.329999999999999405e-01 4.508413478293873955e-01 0.000000000000000000e+00 1.000000000000000056e-01 1.570796326794896558e+00 6.067075414751621120e+19 1.000000000000000000e+00 0.000000000000000000e+00 0.000000000000000000e+00 7.273999999999999355e-01 2.637999999999999790e-01 8.800000000000000530e-03 4.529280161067487825e+03
3.180000000000000000e+02 2.115360891712519162e+02 4.034861668622183788e+04 9.329999999999999405e-01 1.828250177423872413e+00 0.000000000000000000e+00 9.000000000000001055e-02 1.570796326794896558e+00 6.588323548840404582e+19 1.000000000000000000e+00 0.000000000000000000e+00 0.000000000000000000e+00 7.273999999999999355e-01 2.637999999999999790e-01 8.800000000000000530e-03 4.795426413736304312e+03
3.190000000000000000e+02 2.216808778580096373e+02 4.200533676637393364e+04 9.329999999999999405e-01 1.858187325468278805e+00 0.000000000000000000e+00 1.000000000000000056e-01 1.570796326794896558e+00 6.935040284467669402e+19 1.000000000000000000e+00 0.000000000000000000e+00 0.000000000000000000e+00 7.273999999999999355e-01 2.637999999999999790e-01 8.800000000000000530e-03 4.952310746180053684e+03
3.210000000000000000e+02 1.960206689087094105e+02 4.736740289296057745e+04 9.329999999999999405e-01 3.543858134218415556e-01 0.000000000000000000e+00 1.000000000000000056e-01 0.000000000000000000e+00 7.996708828317266739e+19 1.000000000000000000e+00 0.000000000000000000e+00 0.000000000000000000e+00 7.273999999999999355e-01 2.637999999999999790e-01 8.800000000000000530e-03 5.451901112113143427e+03
3.230000000000000000e+02 1.284142990874326813e+02 5.345264012006573466e+04 9.329999999999999405e-01 1.631524290523010956e+00 0.000000000000000000e+00 1.667718169966658087e-02 0.000000000000000000e+00 9.230868769546149888e+19 1.000000000000000000e+00 0.000000000000000000e+00 0.000000000000000000e+00 7.273999999999999355e-01 2.637999999999999790e-01 8.800000000000000530e-03 6.005368196055007502e+03
3.240000000000000000e+02 3.250349108156197531e+02 5.595039347247769183e+04 9.329999999999999405e-01 1.565764889624164491e+00 0.000000000000000000e+00 9.000000000000001055e-02 0.000000000000000000e+00 9.773510320370576589e+19 1.000000000000000000e+00 0.000000000000000000e+00 0.000000000000000000e+00 7.273999999999999355e-01 2.637999999999999790e-01 8.800000000000000530e-03 6.228835007042854158e+03
3.260000000000000000e+02 1.763511985252007435e+02 6.298000240688335907e+04 9.329999999999999405e-01 1.256881738081652822e+00 0.000000000000000000e+00 1.000000000000000056e-01 1.570796326794896558e+00 1.126022806327009444e+20 1.000000000000000000e+00 0.000000000000000000e+00 0.000000000000000000e+00 7.273999999999999355e-01 2.637999999999999790e-01 8.800000000000000530e-03 6.847411840101221969e+03
3.270000000000000000e+02 7.700000000000001137e+02 6.545801736384659307e+04 9.329999999999999405e-01 4.259307066154796040e-01 0.000000000000000000e+00 1.000000000000000056e-01 0.000000000000000000e+00 1.184047578023350600e+20 1.000000000000000000e+00 0.000000000000000000e+00 0.000000000000000000e+00 7.273999999999999355e-01 2.637999999999999790e-01 8.800000000000000530e-03 7.062111802149826872e+03
3.330000000000000000e+02 7.700000000000001137e+02 9.153845362133970775e+04 9.329999999999999405e-01 3.889335338689324240e-01 0.000000000000000000e+00 1.000000000000000056e-01 1.570796326794896558e+00 1.779886100639846236e+20 1.000000000000000000e+00 0.000000000000000000e+00 0.000000000000000000e+00 7.273999999999999355e-01 2.637999999999999790e-01 8.800000000000000530e-03 9.235218357469826515e+03
3.340000000000000000e+02 7.700000000000001137e+02 9.774337037686497206e+04 9.329999999999999405e-01 1.215033619943554077e+00 0.000000000000000000e+00 1.000000000000000056e-01 1.570796326794896558e+00 1.924229051244004311e+20 1.000000000000000000e+00 0.000000000000000000e+00 0.000000000000000000e+00 7.273999999999999355e-01 2.637999999999999790e-01 8.800000000000000530e-03 9.732718430585729948e+03
3.360000000000000000e+02 7.700000000000001137e+02 1.087740124596107635e+05 9.329999999999999405e-01 1.647737616896340462e+00 0.000000000000000000e+00 1.000000000000000056e-01 0.000000000000000000e+00 2.195505283176081981e+20 1.000000000000000000e+00 0.000000000000000000e+00 0.000000000000000000e+00 7.273999999999999355e-01 2.637999999999999790e-01 8.800000000000000530e-03 1.060191774465024173e+04
3.370000000000000000e+02 7.700000000000001137e+02 1.171411063751858310e+05 9.329999999999999405e-01 1.096512093349204964e+00 0.000000000000000000e+00 1.000000000000000056e-01 1.570796326794896558e+00 2.394672656508337848e+20 1.000000000000000000e+00 0.000000000000000000e+00 0.000000000000000000e+00 7.273999999999999355e-01 2.637999999999999790e-01 8.800000000000000530e-03 1.124946239744105515e+04
3.380000000000000000e+02 7.700000000000001137e+02 1.225169509454407817e+05 9.329999999999999405e-01 1.547623169909195573e+00 0.000000000000000000e+00 1.000000000000000056e-01 1.570796326794896558e+00 2.536786190715923333e+20 1.000000000000000000e+00 0.000000000000000000e+00 0.000000000000000000e+00 7.273999999999999355e-01 2.637999999999999790e-01 8.800000000000000530e-03 1.166060959680002998e+04
3.390000000000000000e+02 7.700000000000001137e+02 1.319964963078494766e+05 9.329999999999999405e-01 9.608869359076072092e-01 0.000000000000000000e+00 1.000000000000000056e-01 1.570796326794896558e+00 2.768350348454722273e+20 1.000000000000000000e+00 0.000000000000000000e+00 0.000000000000000000e+00 7.273999999999999355e-01 2.637999999999999790e-01 8.800000000000000530e-03 1.237696702691248356e+04
3.430000000000000000e+02 7.700000000000001137e+02 1.671634296858240850e+05 9.329999999999999405e-01 8.350303710504731747e-01 0.000000000000000000e+00 1.000000000000000056e-01 1.570796326794896558e+00 3.695399104624082944e+20 1.000000000000000000e+00 0.000000000000000000e+00 0.000000000000000000e+00 7.273999999999999355e-01 2.637999999999999790e-01 8.800000000000000530e-03 1.495124401388281331e+04
3.450000000000000000e+02 7.700000000000001137e+02 1.879305573594219459e+05 9.329999999999999405e-01 1.602949221024776660e+00 0.000000000000000000e+00 1.000000000000000056e-01 0.000000000000000000e+00 4.268029049609858580e+20 1.000000000000000000e+00 0.000000000000000000e+00 0.000000000000000000e+00 7.273999999999999355e-01 2.637999999999999790e-01 8.800000000000000530e-03 1.641958712849808944e+04
3.490000000000000000e+02 7.700000000000001137e+02 2.474258290438825206e+05 9.329999999999999405e-01 9.584772326243288232e-01 0.000000000000000000e+00 1.000000000000000056e-01 0.000000000000000000e+00 5.938395364824350720e+20 1.000000000000000000e+00 0.000000000000000000e+00 0.000000000000000000e+00 7.273999999999999355e-01 2.637999999999999790e-01 8.800000000000000530e-03 2.046069296844481505e+04
3.520000000000000000e+02 7.700000000000001137e+02 3.002665688710134709e+05 9.329999999999999405e-01 5.518410404381304257e-01 0.000000000000000000e+00 1.000000000000000056e-01 1.570796326794896558e+00 7.521474496151770890e+20 1.000000000000000000e+00 0.000000000000000000e+00 0.000000000000000000e+00 7.273999999999999355e-01 2.637999999999999790e-01 8.800000000000000530e-03 2.388745578557296903e+04
3.540000000000000000e+02 7.700000000000001137e+02 3.437803944752604002e+05 9.329999999999999405e-01 1.140086750579495600e+00 0.000000000000000000e+00 1.000000000000000056e-01 1.570796326794896558e+00 8.866194828219832074e+20 1.000000000000000000e+00 0.000000000000000000e+00 0.000000000000000000e+00 7.273999999999999355e-01 2.637999999999999790e-01 8.800000000000000530e-03 2.661884427859075367e+04
3.550000000000000000e+02 7.700000000000001137e+02 3.702339344159701141e+05 9.329999999999999405e-01 1.198022847791397449e+00 0.000000000000000000e+00 1.000000000000000056e-01 0.000000000000000000e+00 9.690300857017398723e+20 1.000000000000000000e+00 0.000000000000000000e+00 0.000000000000000000e+00 7.273999999999999355e-01 2.637999999999999790e-01 8.800000000000000530e-03 2.824524127683452753e+04
3.570000000000000000e+02 7.700000000000001137e+02 4.268212064708249527e+05 9.329999999999999405e-01 8.360411315699539658e-01 0.000000000000000000e+00 1.000000000000000056e-01 1.570796326794896558e+00 1.151161324549630853e+21 1.000000000000000000e+00 0.000000000000000000e+00 0.000000000000000000e+00 7.273999999999999355e-01 2.637999999999999790e-01 8.800000000000000530e-03 3.164908089351560557e+04
3.600000000000000000e+02 7.700000000000001137e+02 5.213454985121021746e+05 9.329999999999999405e-01 5.570912953231355047e-01 0.000000000000000000e+00 1.000000000000000056e-01 1.570796326794896558e+00 1.472202361165960970e+21 1.000000000000000000e+00 0.000000000000000000e+00 0.000000000000000000e+00 7.273999999999999355e-01 2.637999999999999790e-01 8.800000000000000530e-03 3.714195962511315884e+04
3.620000000000000000e+02 7.700000000000001137e+02 6.127813288630457828e+05 9.329999999999999405e-01 9.170055169797544092e-01 0.000000000000000000e+00 1.000000000000000056e-01 1.570796326794896558e+00 1.785526346037867053e+21 1.000000000000000000e+00 0.000000000000000000e+00 0.000000000000000000e+00 7.273999999999999355e-01 2.637999999999999790e-01 8.800000000000000530e-03 4.226771110521510127e+04
