# id_num orb_a mass spin spin_angle orb_inc orb_ecc orb_arg_periapse orb_ang_mom gen galaxy time_passed gw_freq gw_strain
0.000000000000000000e+00 2.545749503984987314e+04 1.045281210425262053e+01 2.954963196916998019e-02 1.683871161851955955e+00 3.163247165437597097e+00 1.488690877790275341e-02 1.570796326794896558e+00 1.000000000000000000e+00 1.000000000000000000e+00 0.000000000000000000e+00 0.000000000000000000e+00 -1.000000000000000000e+00 -1.000000000000000000e+00
1.000000000000000000e+00 9.882991518879500290e+03 1.156973229661739389e+01 -3.447100358200285153e-01 1.765270024010246797e+00 1.228343350391582038e-02 1.000000000000000056e-01 1.570796326794896558e+00 1.000000000000000000e+00 1.000000000000000000e+00 0.000000000000000000e+00 0.000000000000000000e+00 -1.000000000000000000e+00 -1.000000000000000000e+00
2.000000000000000000e+00 1.868702814059544107e+04 3.530367693701688125e+01 -5.865678608440341724e-02 1.795712963745958346e+00 3.119559826119985502e+00 1.000000000000000056e-01 0.000000000000000000e+00 1.000000000000000000e+00 1.000000000000000000e+00 0.000000000000000000e+00 0.000000000000000000e+00 -1.000000000000000000e+00 -1.000000000000000000e+00
4.000000000000000000e+00 1.610250673733478288e+04 1.462738718699077012e+01 -1.876102035005937918e-01 2.283992773324330372e+00 1.980125500010334119e-02 3.760867723377071814e-02 1.570796326794896558e+00 1.000000000000000000e+00 1.000000000000000000e+00 0.000000000000000000e+00 0.000000000000000000e+00 -1.000000000000000000e+00 -1.000000000000000000e+00
5.000000000000000000e+00 3.144800369584322470e+04 1.343182629184942023e+01 1.064808629526700356e-01 5.052067761054284123e-01 3.118298618509071307e+00 7.914658635540411380e-02 1.570796326794896558e+00 1.000000000000000000e+00 1.000000000000000000e+00 0.000000000000000000e+00 0.000000000000000000e+00 -1.000000000000000000e+00 -1.000000000000000000e+00
6.000000000000000000e+00 2.150486326478235787e+04 1.259030703886842240e+01 1.127608530673945564e-01 3.462293019003382932e-01 2.781343304279706649e-02 8.716679700025940780e-02 0.000000000000000000e+00 1.000000000000000000e+00 1.000000000000000000e+00 0.000000000000000000e+00 0.000000000000000000e+00 -1.000000000000000000e+00 -1.000000000000000000e+00
9.000000000000000000e+00 1.134183201019135413e+04 1.304404834375633548e+01 3.200458694904173562e-02 6.542339472725852145e-01 -3.749409677341455915e-03 9.000000000000001055e-02 1.570796326794896558e+00 1.000000000000000000e+00 1.000000000000000000e+00 0.000000000000000000e+00 0.000000000000000000e+00 -1.000000000000000000e+00 -1.000000000000000000e+00
1.000000000000000000e+01 1.938880027622303169e+04 1.084143639807738602e+01 -7.679402362424274375e-02 1.802124774753692593e+00 -1.898851784590442279e-02 1.000000000000000056e-01 1.570796326794896558e+00 1.000000000000000000e+00 1.000000000000000000e+00 0.000000000000000000e+00 0.000000000000000000e+00 -1.000000000000000000e+00 -1.000000000000000000e+00
1.200000000000000000e+01 9.087649297133732034e+03 1.560163606551553350e+01 1.205639033946949712e-01 3.812160344824098157e-01 1.530141271282268317e-02 9.000000000000001055e-02 1.570796326794896558e+00 1.000000000000000000e+00 1.000000000000000000e+00 0.000000000000000000e+00 0.000000000000000000e+00 -1.000000000000000000e+00 -1.000000000000000000e+00
1.300000000000000000e+01 3.448571831728921097e+04 2.295331432024484997e+01 1.117385432951713969e-02 8.847404200582482670e-01 3.117066402908163614e+00 2.413362222098561216e-02 0.000000000000000000e+00 1.000000000000000000e+00 1.000000000000000000e+00 0.000000000000000000e+00 0.000000000000000000e+00 -1.000000000000000000e+00 -1.000000000000000000e+00
1.800000000000000000e+01 4.417455942640664580e+04 1.950761180514806270e+01 3.943880228730133747e-02 9.167178482269475737e-01 3.176279533306651803e+00 5.996409512338581743e-02 0.000000000000000000e+00 1.000000000000000000e+00 1.000000000000000000e+00 0.000000000000000000e+00 0.000000000000000000e+00 -1.000000000000000000e+00 -1.000000000000000000e+00
2.000000000000000000e+01 3.281283787308650062e+04 1.197890322847984734e+01 -2.048581910151118235e-01 3.100000000000000089e+00 -2.065781364780432811e-02 1.320064454747516512e-02 1.570796326794896558e+00 1.000000000000000000e+00 1.000000000000000000e+00 0.000000000000000000e+00 0.000000000000000000e+00 -1.000000000000000000e+00 -1.000000000000000000e+00
2.200000000000000000e+01 6.020093216162948693e+02 1.768649560680326616e+01 -2.648372933674473240e-01 2.177760862374147788e+00 3.146993801162480953e+00 2.371067387820103081e-02 0.000000000000000000e+00 1.000000000000000000e+00 1.000000000000000000e+00 0.000000000000000000e+00 0.000000000000000000e+00 -1.000000000000000000e+00 -1.000000000000000000e+00
2.600000000000000000e+01 3.958651106625470129e+04 1.275974213640994215e+01 -5.678681506741036639e-02 1.907645438877535460e+00 3.161389322953522374e+00 2.011117431464942984e-01 0.000000000000000000e+00 1.000000000000000000e+00 1.000000000000000000e+00 0.000000000000000000e+00 0.000000000000000000e+00 -1.000000000000000000e+00 -1.000000000000000000e+00
2.700000000000000000e+01 1.102985258865646614e+02 1.620962131338768941e+01 -3.633747662007320856e-02 2.559766842766224570e+00 3.121486791830982099e+00 2.197555948714038365e-01 0.000000000000000000e+00 1.000000000000000000e+00 1.000000000000000000e+00 0.000000000000000000e+00 0.000000000000000000e+00 -1.000000000000000000e+00 -1.000000000000000000e+00
2.800000000000000000e+01 4.019415652344960108e+04 1.144083421246586951e+01 1.668141566270971432e-01 1.527418141077783842e+00 3.110130525571846771e+00 1.018863276136565271e-01 0.000000000000000000e+00 1.000000000000000000e+00 1.000000000000000000e+00 0.000000000000000000e+00 0.000000000000000000e+00 -1.000000000000000000e+00 -1.000000000000000000e+00
2.900000000000000000e+01 3.911749396603670175e+04 1.826279368516670587e+01 -1.133744323502604706e-01 3.100000000000000089e+00 3.172213459250238010e+00 1.858472895574896089e-02 1.570796326794896558e+00 1.000000000000000000e+00 1.000000000000000000e+00 0.000000000000000000e+00 0.000000000000000000e+00 -1.000000000000000000e+00 -1.000000000000000000e+00
3.000000000000000000e+01 4.497519111110906670e+04 2.918340866792839705e+01 -1.005372214276965964e-01 2.461733295200435823e+00 -1.849135321364529794e-02 9.451399539992101639e-02 0.000000000000000000e+00 1.000000000000000000e+00 1.000000000000000000e+00 0.000000000000000000e+00 0.000000000000000000e+00 -1.000000000000000000e+00 -1.000000000000000000e+00
3.300000000000000000e+01 3.674194593086078385e+04 1.654029887539443067e+01 -7.653620465800659023e-02 2.560747033473234513e+00 3.131440608696407057e+00 2.680918959735629770e-01 1.570796326794896558e+00 1.000000000000000000e+00 1.000000000000000000e+00 0.000000000000000000e+00 0.000000000000000000e+00 -1.000000000000000000e+00 -1.000000000000000000e+00
3.400000000000000000e+01 3.917233514114352874e+04 1.383586805130749298e+01 -1.536655944657634443e-01 2.601585685746774956e+00 -4.497326594925176585e-02 6.855720626146048768e-02 0.000000000000000000e+00 1.000000000000000000e+00 1.000000000000000000e+00 0.000000000000000000e+00 0.000000000000000000e+00 -1.000000000000000000e+00 -1.000000000000000000e+00
3.600000000000000000e+01 2.309632689890560505e+04 3.204794756350223395e+01 -6.258526984244808244e-02 2.791943909517363487e+00 -1.264587860413430437e-02 1.000000000000000021e-02 0.000000000000000000e+00 1.000000000000000000e+00 1.000000000000000000e+00 0.000000000000000000e+00 0.000000000000000000e+00 -1.000000000000000000e+00 -1.000000000000000000e+00
3.900000000000000000e+01 3.522969824035012425e+04 1.222847302066213437e+01 -1.956582777704941600e-01 2.229057061143540075e+00 3.119704511379771006e+00 3.383858940852699920e-02 0.000000000000000000e+00 1.000000000000000000e+00 1.000000000000000000e+00 0.000000000000000000e+00 0.000000000000000000e+00 -1.000000000000000000e+00 -1.000000000000000000e+00
4.100000000000000000e+01 3.639373518122933092e+03 1.274997411569723660e+01 1.027188350578383258e-01 5.749567370276085221e-01 3.152098974692233213e+00 9.000000000000001055e-02 0.000000000000000000e+00 1.000000000000000000e+00 1.000000000000000000e+00 0.000000000000000000e+00 0.000000000000000000e+00 -1.000000000000000000e+00 -1.000000000000000000e+00
4.400000000000000000e+01 2.078761471836459168e+04 2.602196961879781512e+01 2.403545406376608740e-02 9.951923424536633922e-01 3.158490901427205344e+00 6.311206619523536399e-02 1.570796326794896558e+00 1.000000000000000000e+00 1.000000000000000000e+00 0.000000000000000000e+00 0.000000000000000000e+00 -1.000000000000000000e+00 -1.000000000000000000e+00
4.600000000000000000e+01 1.266679702453854406e+04 1.078648827328076187e+01 -1.439258534431456238e-02 8.077888896686356013e-01 3.139601644786889523e+00 1.483993315263779089e-02 1.570796326794896558e+00 1.000000000000000000e+00 1.000000000000000000e+00 0.000000000000000000e+00 0.000000000000000000e+00 -1.000000000000000000e+00 -1.000000000000000000e+00
4.800000000000000000e+01 1.077180115087750210e+02 1.793655843497178282e+01 -2.604684075877882615e-02 2.033601808302190062e+00 -4.430500299629932387e-02 2.776860876845916315e-01 0.000000000000000000e+00 1.000000000000000000e+00 1.000000000000000000e+00 0.000000000000000000e+00 0.000000000000000000e+00 -1.000000000000000000e+00 -1.000000000000000000e+00
4.900000000000000000e+01 2.282092018462670239e+04 1.971054513961462717e+01 4.324982582521629676e-03 1.319448110726141987e+00 3.114677894156349769e+00 1.695556432073077879e-01 1.570796326794896558e+00 1.000000000000000000e+00 1.000000000000000000e+00 0.000000000000000000e+00 0.000000000000000000e+00 -1.000000000000000000e+00 -1.000000000000000000e+00
5.100000000000000000e+01 8.578166501007284523e+02 1.865721366192217801e+01 -1.338081928552917188e-02 1.525974338007891173e+00 3.154862632511790999e+00 9.000000000000001055e-02 0.000000000000000000e+00 1.000000000000000000e+00 1.000000000000000000e+00 0.000000000000000000e+00 0.000000000000000000e+00 -1.000000000000000000e+00 -1.000000000000000000e+00
5.300000000000000000e+01 5.283535247103875008e+03 1.117739398757823821e+01 8.887854790198704280e-02 1.425692568431452534e+00 5.438645808137640772e-03 1.459471785268537380e-02 1.570796326794896558e+00 1.000000000000000000e+00 1.000000000000000000e+00 0.000000000000000000e+00 0.000000000000000000e+00 -1.000000000000000000e+00 -1.000000000000000000e+00
5.400000000000000000e+01 4.274334711234534188e+04 2.494677657148293193e+01 1.277553014716769075e-01 5.714007104366874978e-01 3.115456464526207725e+00 1.746752382239488699e-02 1.570796326794896558e+00 1.000000000000000000e+00 1.000000000000000000e+00 0.000000000000000000e+00 0.000000000000000000e+00 -1.000000000000000000e+00 -1.000000000000000000e+00
5.500000000000000000e+01 1.602518152843183270e+04 1.232714168767664020e+01 6.399219796240420213e-03 8.768655708001790172e-01 -2.027972488503047496e-02 1.100393827410971366e-02 0.000000000000000000e+00 1.000000000000000000e+00 1.000000000000000000e+00 0.000000000000000000e+00 0.000000000000000000e+00 -1.000000000000000000e+00 -1.000000000000000000e+00
5.600000000000000000e+01 2.961295254143487182e+04 1.156496541215501850e+01 -8.485168283220784202e-02 3.100000000000000089e+00 -7.144210948546819012e-03 2.477380809548160312e-01 1.570796326794896558e+00 1.000000000000000000e+00 1.000000000000000000e+00 0.000000000000000000e+00 0.000000000000000000e+00 -1.000000000000000000e+00 -1.000000000000000000e+00
5.800000000000000000e+01 9.199619257315267532e+03 1.081616220848528620e+01 1.553433848557368435e-01 1.344174591904146565e+00 3.153325419871460422e+00 1.000000000000000056e-01 0.000000000000000000e+00 1.000000000000000000e+00 1.000000000000000000e+00 0.000000000000000000e+00 0.000000000000000000e+00 -1.000000000000000000e+00 -1.000000000000000000e+00
5.900000000000000000e+01 4.080325873011483054e+04 1.663343812797894827e+01 3.316635347251339905e-02 1.665275430052431060e+00 7.396733054202453243e-03 1.217770514256010517e-01 1.570796326794896558e+00 1.000000000000000000e+00 1.000000000000000000e+00 0.000000000000000000e+00 0.000000000000000000e+00 -1.000000000000000000e+00 -1.000000000000000000e+00
6.200000000000000000e+01 6.256638966611402566e+02 2.728641031158736396e+01 -1.511980493969027617e-01 2.985981207947201010e+00 3.136687599244353475e+00 9.000000000000001055e-02 0.000000000000000000e+00 1.000000000000000000e+00 1.000000000000000000e+00 0.000000000000000000e+00 0.000000000000000000e+00 -1.000000000000000000e+00 -1.000000000000000000e+00
6.400000000000000000e+01 3.629359787011780281e+04 1.056626070211518176e+01 2.260866803692076696e-03 9.703275649777995948e-01 3.175048709334340469e+00 7.864975243848112973e-02 1.570796326794896558e+00 1.000000000000000000e+00 1.000000000000000000e+00 0.000000000000000000e+00 0.000000000000000000e+00 -1.000000000000000000e+00 -1.000000000000000000e+00
6.500000000000000000e+01 2.353968128581637575e+04 1.703500976158836622e+01 -3.559530760247060777e-02 2.284217826427175524e+00 3.114310511770360446e+00 2.072856396731279083e-02 0.000000000000000000e+00 1.000000000000000000e+00 1.000000000000000000e+00 0.000000000000000000e+00 0.000000000000000000e+00 -1.000000000000000000e+00 -1.000000000000000000e+00
6.600000000000000000e+01 4.524605452169211640e+04 1.147500523081164303e+01 -1.143424335342602544e-01 1.772947434638392217e+00 3.126844392720387056e+00 4.153092722794530373e-02 1.570796326794896558e+00 1.000000000000000000e+00 1.000000000000000000e+00 0.000000000000000000e+00 0.000000000000000000e+00 -1.000000000000000000e+00 -1.000000000000000000e+00
6.700000000000000000e+01 3.579921458954844275e+04 1.639067423710153193e+01 -1.270016259766739153e-01 2.735612949989374876e+00 3.132621933954538918e+00 3.175191668878131479e-02 0.000000000000000000e+00 1.000000000000000000e+00 1.000000000000000000e+00 0.000000000000000000e+00 0.000000000000000000e+00 -1.000000000000000000e+00 -1.000000000000000000e+00
6.900000000000000000e+01 3.857063247640653572e+04 2.474129379525035688e+01 1.711681699462423156e-01 2.908031484645124398e-01 1.138366855828734647e-02 1.743875223585887591e-01 1.570796326794896558e+00 1.000000000000000000e+00 1.000000000000000000e+00 0.000000000000000000e+00 0.000000000000000000e+00 -1.000000000000000000e+00 -1.000000000000000000e+00
7.200000000000000000e+01 4.174490025631439494e+04 1.035082885310708889e+01 -1.066796239547428971e-01 2.988681251054462695e+00 3.095889407618153566e+00 9.439289450801877090e-02 1.570796326794896558e+00 1.000000000000000000e+00 1.000000000000000000e+00 0.000000000000000000e+00 0.000000000000000000e+00 -1.000000000000000000e+00 -1.000000000000000000e+00
7.300000000000000000e+01 3.509139833884654217e+04 1.010930442372740146e+01 1.225283037812256726e-01 4.425748383521139195e-01 3.119377407094315213e+00 1.354174709063831195e-01 1.570796326794896558e+00 1.000000000000000000e+00 1.000000000000000000e+00 0.000000000000000000e+00 0.000000000000000000e+00 -1.000000000000000000e+00 -1.000000000000000000e+00
7.600000000000000000e+01 2.930700921883607225e+04 1.928486684379858929e+01 6.663786387097081487e-02 3.961832206560642056e-01 3.500895006876061227e-02 3.855598363680618618e-02 1.570796326794896558e+00 1.000000000000000000e+00 1.000000000000000000e+00 0.000000000000000000e+00 0.000000000000000000e+00 -1.000000000000000000e+00 -1.000000000000000000e+00
7.700000000000000000e+01 5.000000000000000000e+04 3.505469862960043059e+01 -2.748649747060113446e-01 2.928494952962227504e+00 -4.231997523607373968e-02 7.440706890088316650e-02 1.570796326794896558e+00 1.000000000000000000e+00 1.000000000000000000e+00 0.000000000000000000e+00 0.000000000000000000e+00 -1.000000000000000000e+00 -1.000000000000000000e+00
7.900000000000000000e+01 3.163614653951046785e+04 1.172206783838950983e+01 -7.141034898212980653e-02 2.830642333633890839e+00 3.179445512110866012e+00 3.206691745351466366e-02 1.570796326794896558e+00 1.000000000000000000e+00 1.000000000000000000e+00 0.000000000000000000e+00 0.000000000000000000e+00 -1.000000000000000000e+00 -1.000000000000000000e+00
8.300000000000000000e+01 3.849247151823066088e+04 3.666585855045723719e+01 -8.148788909731323471e-02 3.007982316588730054e+00 3.127191299235363875e+00 1.166922297256979962e-01 0.000000000000000000e+00 1.000000000000000000e+00 1.000000000000000000e+00 0.000000000000000000e+00 0.000000000000000000e+00 -1.000000000000000000e+00 -1.000000000000000000e+00
8.600000000000000000e+01 4.733042208782671514e+04 1.098961633662233517e+01 1.503202263534242356e-01 1.313095592398185518e+00 3.157250784874765070e+00 2.491635559360183272e-01 0.000000000000000000e+00 1.000000000000000000e+00 1.000000000000000000e+00 0.000000000000000000e+00 0.000000000000000000e+00 -1.000000000000000000e+00 -1.000000000000000000e+00
8.700000000000000000e+01 1.752190307047172610e+04 1.396033247587267390e+01 8.786302564150028083e-02 1.227202909052442559e+00 3.119914007723810556e+00 5.658739984005828338e-02 0.000000000000000000e+00 1.000000000000000000e+00 1.000000000000000000e+00 0.000000000000000000e+00 0.000000000000000000e+00 -1.000000000000000000e+00 -1.000000000000000000e+00
8.800000000000000000e+01 1.661424836662035523e+04 2.696857828224206344e+01 -1.226242771409892796e-01 3.059339228867969052e+00 3.143507046829433715e+00 1.000000000000000056e-01 0.000000000000000000e+00 1.000000000000000000e+00 1.000000000000000000e+00 0.000000000000000000e+00 0.000000000000000000e+00 -1.000000000000000000e+00 -1.000000000000000000e+00
8.900000000000000000e+01 3.836914150033012265e+04 3.779660267352498693e+01 1.773572311579019456e-01 8.703684263532547316e-01 3.165284762262725149e+00 3.452049793059616678e-02 1.570796326794896558e+00 1.000000000000000000e+00 1.000000000000000000e+00 0.000000000000000000e+00 0.000000000000000000e+00 -1.000000000000000000e+00 -1.000000000000000000e+00
9.200000000000000000e+01 1.302403862953452153e+04 1.558720333119741319e+01 -7.283102461337327693e-02 3.100000000000000089e+00 -1.689511129473883141e-02 2.388974016960566243e-02 0.000000000000000000e+00 1.000000000000000000e+00 1.000000000000000000e+00 0.000000000000000000e+00 0.000000000000000000e+00 -1.000000000000000000e+00 -1.000000000000000000e+00
9.400000000000000000e+01 3.650264290209493629e+04 3.001132910938232357e+01 -1.126042509101276151e-01 2.814403315580534581e+00 3.119892272704606118e+00 5.374761525798022604e-02 1.570796326794896558e+00 1.000000000000000000e+00 1.000000000000000000e+00 0.000000000000000000e+00 0.000000000000000000e+00 -1.000000000000000000e+00 -1.000000000000000000e+00
9.600000000000000000e+01 2.492040186080279454e+04 1.191761622204312765e+01 2.320521057710986934e-01 7.232906887598106183e-01 -1.068366724165713613e-02 2.153251610397206514e-02 0.000000000000000000e+00 1.000000000000000000e+00 1.000000000000000000e+00 0.000000000000000000e+00 0.000000000000000000e+00 -1.000000000000000000e+00 -1.000000000000000000e+00
9.700000000000000000e+01 1.563911223891211193e+04 1.977381331731881886e+01 8.272679709259672665e-02 4.584640271687466795e-01 1.782023133756426275e-03 1.000000000000000056e-01 1.570796326794896558e+00 1.000000000000000000e+00 1.000000000000000000e+00 0.000000000000000000e+00 0.000000000000000000e+00 -1.000000000000000000e+00 -1.000000000000000000e+00
9.900000000000000000e+01 1.804244798917778826e+04 1.497064590947685758e+01 -1.951813421145279573e-02 3.100000000000000089e+00 3.115261586300112739e+00 3.711313994122927146e-02 1.570796326794896558e+00 1.000000000000000000e+00 1.000000000000000000e+00 0.000000000000000000e+00 0.000000000000000000e+00 -1.000000000000000000e+00 -1.000000000000000000e+00
1.010000000000000000e+02 2.592461367535128738e+04 2.123544982818316385e+01 1.525435712932882160e-01 2.103042393137471433e-01 2.489147087518086415e-02 1.973491290504630902e-02 0.000000000000000000e+00 1.000000000000000000e+00 1.000000000000000000e+00 0.000000000000000000e+00 0.000000000000000000e+00 -1.000000000000000000e+00 -1.000000000000000000e+00
1.030000000000000000e+02 2.864646935983319418e+04 1.673528492522734012e+01 -2.921639686167713974e-03 1.325661705636167698e+00 3.164239045357630786e+00 7.936644920628500854e-02 1.570796326794896558e+00 1.000000000000000000e+00 1.000000000000000000e+00 0.000000000000000000e+00 0.000000000000000000e+00 -1.000000000000000000e+00 -1.000000000000000000e+00
1.050000000000000000e+02 8.037824529673738425e+02 1.607141323551794443e+01 -1.292529965656093183e-01 1.903051155958714880e+00 3.148015262500470257e+00 1.050385528148681594e-02 1.570796326794896558e+00 1.000000000000000000e+00 1.000000000000000000e+00 0.000000000000000000e+00 0.000000000000000000e+00 -1.000000000000000000e+00 -1.000000000000000000e+00
1.060000000000000000e+02 4.354533479628761415e+04 1.046259364903361266e+01 -1.029880153131208613e-03 1.662105150949481747e+00 3.097909624170885223e+00 2.147534162156924942e-02 1.570796326794896558e+00 1.000000000000000000e+00 1.000000000000000000e+00 0.000000000000000000e+00 0.000000000000000000e+00 -1.000000000000000000e+00 -1.000000000000000000e+00
1.080000000000000000e+02 3.354279499208118796e+04 2.128408168162096459e+01 7.157487124497059934e-03 4.890677152395214167e-01 -2.084080755961963474e-02 2.489062900758549080e-01 1.570796326794896558e+00 1.000000000000000000e+00 1.000000000000000000e+00 0.000000000000000000e+00 0.000000000000000000e+00 -1.000000000000000000e+00 -1.000000000000000000e+00
1.110000000000000000e+02 2.683834538379319201e+04 1.203977717351692611e+01 -4.082655460293029698e-02 2.701881400594939642e+00 -3.703294893624164974e-02 2.161663814375292675e-02 1.570796326794896558e+00 1.000000000000000000e+00 1.000000000000000000e+00 0.000000000000000000e+00 0.000000000000000000e+00 -1.000000000000000000e+00 -1.000000000000000000e+00
1.120000000000000000e+02 2.311679325726613388e+04 1.309007474425690276e+01 2.932982657966152346e-02 1.518865522352109476e+00 2.489745829180927891e-02 3.767253522113232778e-02 1.570796326794896558e+00 1.000000000000000000e+00 1.000000000000000000e+00 0.000000000000000000e+00 0.000000000000000000e+00 -1.000000000000000000e+00 -1.000000000000000000e+00
1.130000000000000000e+02 1.379937701536705026e+04 1.461596974442185903e+01 1.494813673073301374e-01 2.429058714235535210e-01 3.122039886954368182e+00 1.210321392255080813e-02 0.000000000000000000e+00 1.000000000000000000e+00 1.000000000000000000e+00 0.000000000000000000e+00 0.000000000000000000e+00 -1.000000000000000000e+00 -1.000000000000000000e+00
1.160000000000000000e+02 7.038385076580029818e+02 1.307958268714024364e+01 -4.260658520739738636e-02 2.062670810867287319e+00 2.367155731135777048e-03 1.635155152516227714e-02 1.570796326794896558e+00 1.000000000000000000e+00 1.000000000000000000e+00 0.000000000000000000e+00 0.000000000000000000e+00 -1.000000000000000000e+00 -1.000000000000000000e+00
1.220000000000000000e+02 1.761911634591816255e+04 1.825114802928645830e+01 1.910826530218964758e-02 6.767792333800428661e-01 -6.467659869211876689e-03 2.802911367038605703e-02 0.000000000000000000e+00 1.000000000000000000e+00 1.000000000000000000e+00 0.000000000000000000e+00 0.000000000000000000e+00 -1.000000000000000000e+00 -1.000000000000000000e+00
1.230000000000000000e+02 2.881094918916651295e+04 3.558427112623999022e+01 2.034703861806544667e-01 1.084635801676163691e+00 2.336090444067506072e-02 1.554010947996006253e-01 1.570796326794896558e+00 1.000000000000000000e+00 1.000000000000000000e+00 0.000000000000000000e+00 0.000000000000000000e+00 -1.000000000000000000e+00 -1.000000000000000000e+00
1.250000000000000000e+02 1.816577867071089349e+04 1.520763962479585629e+01 -3.669485019348333460e-02 3.100000000000000089e+00 3.168632304279427547e+00 4.672799131692418478e-02 1.570796326794896558e+00 1.000000000000000000e+00 1.000000000000000000e+00 0.000000000000000000e+00 0.000000000000000000e+00 -1.000000000000000000e+00 -1.000000000000000000e+00
1.260000000000000000e+02 3.656800864003783499e+04 1.095481570495577373e+01 -5.212751089799512461e-02 1.742243636269277252e+00 3.168129364715433827e+00 1.761716297951199106e-01 0.000000000000000000e+00 1.000000000000000000e+00 1.000000000000000000e+00 0.000000000000000000e+00 0.000000000000000000e+00 -1.000000000000000000e+00 -1.000000000000000000e+00
1.280000000000000000e+02 4.765966787285091414e+04 2.264555781995203887e+01 9.669391804564364534e-02 6.113922896320376221e-01 -4.450897381704623651e-02 9.764609066808754845e-02 0.000000000000000000e+00 1.000000000000000000e+00 1.000000000000000000e+00 0.000000000000000000e+00 0.000000000000000000e+00 -1.000000000000000000e+00 -1.000000000000000000e+00
1.300000000000000000e+02 3.188964684742043391e+04 1.052172820063648651e+01 6.231731430279327522e-02 1.116148936398808189e+00 -2.246294358678641370e-02 6.138241617933588856e-02 0.000000000000000000e+00 1.000000000000000000e+00 1.000000000000000000e+00 0.000000000000000000e+00 0.000000000000000000e+00 -1.000000000000000000e+00 -1.000000000000000000e+00
1.320000000000000000e+02 5.361661258283144207e+02 1.046347787796880979e+01 -8.831444469111261047e-03 1.439943349227372105e+00 3.150966976597286529e+00 6.976676787533636626e-02 0.000000000000000000e+00 1.000000000000000000e+00 1.000000000000000000e+00 0.000000000000000000e+00 0.000000000000000000e+00 -1.000000000000000000e+00 -1.000000000000000000e+00
1.360000000000000000e+02 2.106612267826212337e+04 1.299825375870654476e+01 -4.277990659172496019e-02 2.184382347601061092e+00 3.115019679949416975e+00 8.620615956858149187e-02 1.570796326794896558e+00 1.000000000000000000e+00 1.000000000000000000e+00 0.000000000000000000e+00 0.000000000000000000e+00 -1.000000000000000000e+00 -1.000000000000000000e+00
1.380000000000000000e+02 4.289110783668057411e+04 1.298523296242761305e+01 5.916431895046826706e-02 4.807176372670036169e-01 4.653268773153654975e-02 1.905787291524066451e-01 1.570796326794896558e+00 1.000000000000000000e+00 1.000000000000000000e+00 0.000000000000000000e+00 0.000000000000000000e+00 -1.000000000000000000e+00 -1.000000000000000000e+00
1.400000000000000000e+02 3.634180633513683279e+04 1.029596458785799662e+01 2.124836806212947876e-02 1.407086731646436162e+00 3.124069430418400461e+00 4.567951203945022631e-02 1.570796326794896558e+00 1.000000000000000000e+00 1.000000000000000000e+00 0.000000000000000000e+00 0.000000000000000000e+00 -1.000000000000000000e+00 -1.000000000000000000e+00
1.440000000000000000e+02 4.141977662019020499e+04 1.709577491791250381e+01 1.995913096813508453e-02 1.485731944298538387e+00 4.022478118908900252e-02 4.057377395971792367e-02 1.570796326794896558e+00 1.000000000000000000e+00 1.000000000000000000e+00 0.000000000000000000e+00 0.000000000000000000e+00 -1.000000000000000000e+00 -1.000000000000000000e+00
1.450000000000000000e+02 4.715922658756874443e+04 1.461478405639977574e+01 -1.373611200344825728e-02 6.985693878206463703e-01 3.096961374278010215e+00 7.618482907873044829e-02 0.000000000000000000e+00 1.000000000000000000e+00 1.000000000000000000e+00 0.000000000000000000e+00 0.000000000000000000e+00 -1.000000000000000000e+00 -1.000000000000000000e+00
1.470000000000000000e+02 3.230186168124921096e+04 1.596996590094530255e+01 1.395638826320130810e-02 1.091739654925854230e+00 3.123127974729112744e+00 1.577483603082986685e-01 1.570796326794896558e+00 1.000000000000000000e+00 1.000000000000000000e+00 0.000000000000000000e+00 0.000000000000000000e+00 -1.000000000000000000e+00 -1.000000000000000000e+00
1.480000000000000000e+02 4.586588308041672281e+04 1.031243842768776275e+01 -2.445671694466169596e-02 3.009405412970934446e+00 -4.536486280441977964e-02 1.745903910424945749e-01 1.570796326794896558e+00 1.000000000000000000e+00 1.000000000000000000e+00 0.000000000000000000e+00 0.000000000000000000e+00 -1.000000000000000000e+00 -1.000000000000000000e+00
1.520000000000000000e+02 3.461185967623204488e+04 1.236915378767036877e+01 -4.383424253152737836e-03 1.614815860303007611e+00 -7.853954604020264157e-03 8.495884815984079685e-02 1.570796326794896558e+00 1.000000000000000000e+00 1.000000000000000000e+00 0.000000000000000000e+00 0.000000000000000000e+00 -1.000000000000000000e+00 -1.000000000000000000e+00
1.530000000000000000e+02 4.608452553227025055e+04 1.392176794321921918e+01 3.998384087533751741e-02 1.163811322444320506e+00 3.177236276238770252e+00 4.992662501989610091e-02 1.570796326794896558e+00 1.000000000000000000e+00 1.000000000000000000e+00 0.000000000000000000e+00 0.000000000000000000e+00 -1.000000000000000000e+00 -1.000000000000000000e+00
1.550000000000000000e+02 3.393886148422805854e+04 1.330537523696184543e+01 -4.696215169978109477e-02 2.724494453823180340e+00 3.131827418478349667e+00 2.321168054410387427e-01 1.570796326794896558e+00 1.000000000000000000e+00 1.000000000000000000e+00 0.000000000000000000e+00 0.000000000000000000e+00 -1.000000000000000000e+00 -1.000000000000000000e+00
1.580000000000000000e+02 3.132640302403623718e+04 1.611702078728366416e+01 -2.568143394343022634e-02 2.388747938312699493e+00 3.675339819566143806e-02 1.100754745339515422e-01 1.570796326794896558e+00 1.000000000000000000e+00 1.000000000000000000e+00 0.000000000000000000e+00 0.000000000000000000e+00 -1.000000000000000000e+00 -1.000000000000000000e+00
1.620000000000000000e+02 7.477953879969089712e+02 1.141268934921948031e+01 -1.571691352987886758e-01 1.785376141048359289e+00 3.147199492592163139e+00 1.000000000000000056e-01 1.570796326794896558e+00 1.000000000000000000e+00 1.000000000000000000e+00 0.000000000000000000e+00 0.000000000000000000e+00 -1.000000000000000000e+00 -1.000000000000000000e+00
1.630000000000000000e+02 3.340501960457445239e+04 1.162066155821911728e+01 5.435345659867435453e-02 9.229222964589262057e-01 3.119344499387576519e+00 1.038829107371062183e-01 1.570796326794896558e+00 1.000000000000000000e+00 1.000000000000000000e+00 0.000000000000000000e+00 0.000000000000000000e+00 -1.000000000000000000e+00 -1.000000000000000000e+00
1.640000000000000000e+02 5.000000000000000000e+04 2.100218982850255856e+01 -1.399633950026583640e-01 1.815488225345881279e+00 -4.667693238939530503e-02 1.143608812756359144e-01 0.000000000000000000e+00 1.000000000000000000e+00 1.000000000000000000e+00 0.000000000000000000e+00 0.000000000000000000e+00 -1.000000000000000000e+00 -1.000000000000000000e+00
1.670000000000000000e+02 5.000000000000000000e+04 1.744447635730527324e+01 8.170448548693186319e-02 1.002240762929754725e+00 3.180662831374537536e+00 2.143518453055215933e-01 0.000000000000000000e+00 1.000000000000000000e+00 1.000000000000000000e+00 0.000000000000000000e+00 0.000000000000000000e+00 -1.000000000000000000e+00 -1.000000000000000000e+00
1.690000000000000000e+02 8.421605449458859312e+02 1.360224172647679453e+01 1.262137213270879688e-01 9.709963411235243980e-01 3.143079772418635454e+00 1.101520425829742578e-02 1.570796326794896558e+00 1.000000000000000000e+00 1.000000000000000000e+00 0.000000000000000000e+00 0.000000000000000000e+00 -1.000000000000000000e+00 -1.000000000000000000e+00
1.700000000000000000e+02 1.124437475884556625e+04 3.719243472026280983e+01 -7.976966866238460740e-02 2.859024039427501496e+00 8.836523633664026406e-03 2.449141796590939210e-02 0.000000000000000000e+00 1.000000000000000000e+00 1.000000000000000000e+00 0.000000000000000000e+00 0.000000000000000000e+00 -1.000000000000000000e+00 -1.000000000000000000e+00
1.720000000000000000e+02 5.000000000000000000e+04 1.404269286759919666e+01 -2.509170743607343906e-02 1.996192905143722607e+00 1.222099625061942238e-02 9.612771011330839555e-02 0.000000000000000000e+00 1.000000000000000000e+00 1.000000000000000000e+00 0.000000000000000000e+00 0.000000000000000000e+00 -1.000000000000000000e+00 -1.000000000000000000e+00
1.730000000000000000e+02 1.131779660162799246e+03 2.283145031678039416e+01 -7.348387540464652867e-02 2.401240830115796587e+00 4.215198477391332924e-03 9.000000000000001055e-02 0.000000000000000000e+00 1.000000000000000000e+00 1.000000000000000000e+00 0.000000000000000000e+00 0.000000000000000000e+00 -1.000000000000000000e+00 -1.000000000000000000e+00
1.750000000000000000e+02 3.086644492027549495e+04 1.009141846167145573e+01 -1.074384284572356130e-01 2.755523095032230252e+00 3.148153206716452157e+00 2.570575771044491531e-01 0.000000000000000000e+00 1.000000000000000000e+00 1.000000000000000000e+00 0.000000000000000000e+00 0.000000000000000000e+00 -1.000000000000000000e+00 -1.000000000000000000e+00
1.800000000000000000e+02 4.849643964184373908e+04 1.675678024715331560e+01 -3.121780219337830925e-02 2.437297165111538266e+00 -3.958329792948450665e-02 1.376002997679185227e-02 0.000000000000000000e+00 1.000000000000000000e+00 1.000000000000000000e+00 0.000000000000000000e+00 0.000000000000000000e+00 -1.000000000000000000e+00 -1.000000000000000000e+00
1.810000000000000000e+02 3.479771250011281518e+04 1.062996846210049284e+01 8.247558171750071776e-02 3.112262048965378503e-01 3.132482358079915929e+00 5.744705833591023936e-02 1.570796326794896558e+00 1.000000000000000000e+00 1.000000000000000000e+00 0.000000000000000000e+00 0.000000000000000000e+00 -1.000000000000000000e+00 -1.000000000000000000e+00
1.860000000000000000e+02 2.325868711599355083e+04 3.667382487592912810e+01 1.365214934572571426e-02 1.117216288066233298e+00 3.389741756294802066e-02 2.548456679570469327e-02 0.000000000000000000e+00 1.000000000000000000e+00 1.000000000000000000e+00 0.000000000000000000e+00 0.000000000000000000e+00 -1.000000000000000000e+00 -1.000000000000000000e+00
1.870000000000000000e+02 4.943663064049576496e+04 1.292593868638763688e+01 5.403266577523110903e-02 1.322455978876539096e+00 6.585827872107802468e-03 8.876305776756419907e-02 0.000000000000000000e+00 1.000000000000000000e+00 1.000000000000000000e+00 0.000000000000000000e+00 0.000000000000000000e+00 -1.000000000000000000e+00 -1.000000000000000000e+00
1.880000000000000000e+02 4.482971845158799988e+04 1.036527515488001328e+01 -1.791762939608990690e-01 3.045933619912729373e+00 1.676676009645588139e-03 1.105629483355973913e-01 0.000000000000000000e+00 1.000000000000000000e+00 1.000000000000000000e+00 0.000000000000000000e+00 0.000000000000000000e+00 -1.000000000000000000e+00 -1.000000000000000000e+00
1.890000000000000000e+02 1.212991401038301228e+04 1.048232071775852958e+01 9.919292324277424744e-02 1.173255331609301955e+00 1.018317449778257701e-02 1.000000000000000021e-02 1.570796326794896558e+00 1.000000000000000000e+00 1.000000000000000000e+00 0.000000000000000000e+00 0.000000000000000000e+00 -1.000000000000000000e+00 -1.000000000000000000e+00
1.910000000000000000e+02 2.310976630879581717e+04 2.866267620771183644e+01 -1.870416737742752744e-01 2.434513553000315245e+00 3.152613168755217909e+00 5.461145674369315139e-02 0.000000000000000000e+00 1.000000000000000000e+00 1.000000000000000000e+00 0.000000000000000000e+00 0.000000000000000000e+00 -1.000000000000000000e+00 -1.000000000000000000e+00
1.940000000000000000e+02 4.062529418070329120e+04 2.962946578816661614e+01 -2.138542158116248648e-01 2.068160224228230870e+00 3.169266659089416738e+00 6.317257523408710551e-02 0.000000000000000000e+00 1.000000000000000000e+00 1.000000000000000000e+00 0.000000000000000000e+00 0.000000000000000000e+00 -1.000000000000000000e+00 -1.000000000000000000e+00
1.960000000000000000e+02 2.804441650511793341e+04 2.781654878547685428e+01 -8.359873036207340902e-02 2.664395076571942411e+00 -7.400010687799712418e-03 3.612562623137834800e-02 1.570796326794896558e+00 1.000000000000000000e+00 1.000000000000000000e+00 0.000000000000000000e+00 0.000000000000000000e+00 -1.000000000000000000e+00 -1.000000000000000000e+00
1.980000000000000000e+02 3.731705735640680359e+04 1.500373948237618826e+01 1.886880497403084500e-01 1.083708578935499878e+00 3.133646370494387767e+00 3.305848776753973761e-02 0.000000000000000000e+00 1.000000000000000000e+00 1.000000000000000000e+00 0.000000000000000000e+00 0.000000000000000000e+00 -1.000000000000000000e+00 -1.000000000000000000e+00
1.990000000000000000e+02 2.883155039855070936e+04 3.147007365667809609e+01 1.580850116737428646e-01 1.175292720329538465e+00 3.138441252680974625e+00 6.945579311858045279e-02 0.000000000000000000e+00 1.000000000000000000e+00 1.000000000000000000e+00 0.000000000000000000e+00 0.000000000000000000e+00 -1.000000000000000000e+00 -1.000000000000000000e+00
3.650000000000000000e+02 3.231507846570747802e+02 1.083537738795405048e+01 -1.164731224035966822e-01 3.083602426346564229e+00 0.000000000000000000e+00 7.127012598743019678e-02 -1.000000000000000000e+00 1.000000000000000000e+00 1.000000000000000000e+00 1.900000000000000000e+01 0.000000000000000000e+00 -1.000000000000000000e+00 -1.000000000000000000e+00
3.000000000000000000e+00 1.811402907351764225e+04 1.107472207483089832e+01 1.132076499316528595e-01 1.685020561275641038e+00 2.486371352534416657e-02 1.363200600510654052e-02 1.570796326794896558e+00 1.000000000000000000e+00 1.000000000000000000e+00 0.000000000000000000e+00 0.000000000000000000e+00 -1.000000000000000000e+00 -1.000000000000000000e+00
8.000000000000000000e+00 2.709365632100259609e+04 1.327708669879767456e+01 -1.758494144604436371e-01 2.962774571851637617e+00 8.424418272817858072e-04 9.191911926452149550e-02 1.570796326794896558e+00 1.000000000000000000e+00 1.000000000000000000e+00 0.000000000000000000e+00 0.000000000000000000e+00 -1.000000000000000000e+00 -1.000000000000000000e+00
1.100000000000000000e+01 3.312426736185179470e+04 1.862096525102424138e+01 -1.208872013966333370e-01 3.039497648441019884e+00 0.000000000000000000e+00 2.268920806124362921e-01 1.570796326794896558e+00 1.000000000000000000e+00 1.000000000000000000e+00 0.000000000000000000e+00 0.000000000000000000e+00 -1.000000000000000000e+00 -1.000000000000000000e+00
1.600000000000000000e+01 3.965187422821150540e+04 3.753313704268364148e+01 -7.543996124860441466e-02 2.603908237781840107e+00 1.980742480262794036e-02 5.958260756982437095e-02 1.570796326794896558e+00 1.000000000000000000e+00 1.000000000000000000e+00 0.000000000000000000e+00 0.000000000000000000e+00 -1.000000000000000000e+00 -1.000000000000000000e+00
2.100000000000000000e+01 8.920378515136294482e+02 2.188585115938017722e+01 1.784596466422383176e-01 1.673488582440259664e+00 0.000000000000000000e+00 9.000000000000001055e-02 1.570796326794896558e+00 1.000000000000000000e+00 1.000000000000000000e+00 0.000000000000000000e+00 0.000000000000000000e+00 -1.000000000000000000e+00 -1.000000000000000000e+00
3.800000000000000000e+01 1.477363653837644506e+03 1.095375750839674822e+01 -2.257984632130125568e-01 2.799089258619428477e+00 2.829941584630073833e-03 9.000000000000001055e-02 1.570796326794896558e+00 1.000000000000000000e+00 1.000000000000000000e+00 0.000000000000000000e+00 0.000000000000000000e+00 -1.000000000000000000e+00 -1.000000000000000000e+00
4.000000000000000000e+01 5.000000000000000000e+04 3.225775687066555264e+01 -1.385357345528626105e-01 3.100000000000000089e+00 3.360927570405243536e-02 1.039073956463313145e-02 1.570796326794896558e+00 1.000000000000000000e+00 1.000000000000000000e+00 0.000000000000000000e+00 0.000000000000000000e+00 -1.000000000000000000e+00 -1.000000000000000000e+00
6.000000000000000000e+01 2.824159037543689192e+04 3.573066738995019875e+01 6.868899365275055180e-02 5.674412762355259821e-01 0.000000000000000000e+00 1.000000000000000021e-02 1.570796326794896558e+00 1.000000000000000000e+00 1.000000000000000000e+00 0.000000000000000000e+00 0.000000000000000000e+00 -1.000000000000000000e+00 -1.000000000000000000e+00
8.100000000000000000e+01 4.811558929402360081e+04 2.319430756317269271e+01 -8.648838319067218838e-02 1.964972592386195149e+00 0.000000000000000000e+00 5.943008702676374350e-02 1.570796326794896558e+00 1.000000000000000000e+00 1.000000000000000000e+00 0.000000000000000000e+00 0.000000000000000000e+00 -1.000000000000000000e+00 -1.000000000000000000e+00
8.200000000000000000e+01 4.119833129101178929e+04 1.941985614268957150e+01 3.474120694822804833e-02 1.326514607783276789e+00 3.626753102649230009e-02 2.313485860797169225e-01 1.570796326794896558e+00 1.000000000000000000e+00 1.000000000000000000e+00 0.000000000000000000e+00 0.000000000000000000e+00 -1.000000000000000000e+00 -1.000000000000000000e+00
1.020000000000000000e+02 1.642364362302227892e+04 1.837262945116746593e+01 -1.435573599348408114e-01 2.684064630980250499e+00 1.403474623667516630e-02 1.000000000000000056e-01 1.570796326794896558e+00 1.000000000000000000e+00 1.000000000000000000e+00 0.000000000000000000e+00 0.000000000000000000e+00 -1.000000000000000000e+00 -1.000000000000000000e+00
1.070000000000000000e+02 3.014023867773713573e+04 1.664005937602554042e+01 -7.412167760927956817e-02 1.802273404891843844e+00 1.608626067367486742e-02 1.226692537194841448e-02 1.570796326794896558e+00 1.000000000000000000e+00 1.000000000000000000e+00 0.000000000000000000e+00 0.000000000000000000e+00 -1.000000000000000000e+00 -1.000000000000000000e+00
1.090000000000000000e+02 3.992574957582516072e+04 1.747972151741400282e+01 1.684063295880067201e-01 3.669676546116992233e-01 0.000000000000000000e+00 2.348009512459351411e-01 1.570796326794896558e+00 1.000000000000000000e+00 1.000000000000000000e+00 0.000000000000000000e+00 0.000000000000000000e+00 -1.000000000000000000e+00 -1.000000000000000000e+00
1.140000000000000000e+02 2.900905026082742188e+04 1.729562990445715798e+01 1.077770547241876653e-01 2.161854607008256712e-01 0.000000000000000000e+00 5.774110028293803071e-02 1.570796326794896558e+00 1.000000000000000000e+00 1.000000000000000000e+00 0.000000000000000000e+00 0.000000000000000000e+00 -1.000000000000000000e+00 -1.000000000000000000e+00
1.170000000000000000e+02 4.401815766087179509e+04 1.160982122500668012e+01 -5.119665643947535726e-03 9.405476019759440032e-01 1.580479712193798986e-02 2.369192301617016605e-01 1.570796326794896558e+00 1.000000000000000000e+00 1.000000000000000000e+00 0.000000000000000000e+00 0.000000000000000000e+00 -1.000000000000000000e+00 -1.000000000000000000e+00
1.290000000000000000e+02 4.224730384806445363e+04 2.293219011098379312e+01 -1.015139290834543573e-01 2.906164299375423976e+00 4.640512186467386779e-02 2.402872551861205686e-02 1.570796326794896558e+00 1.000000000000000000e+00 1.000000000000000000e+00 0.000000000000000000e+00 0.000000000000000000e+00 -1.000000000000000000e+00 -1.000000000000000000e+00
1.330000000000000000e+02 1.149191075552914845e+04 1.416895420115601212e+01 1.732627502669014524e-02 5.602229175458618426e-01 5.689209842075400488e-03 5.963362548129193252e-02 1.570796326794896558e+00 1.000000000000000000e+00 1.000000000000000000e+00 0.000000000000000000e+00 0.000000000000000000e+00 -1.000000000000000000e+00 -1.000000000000000000e+00
1.340000000000000000e+02 1.518570386867782418e+03 1.866782310124906274e+01 7.269509343797575518e-02 1.581823093506655953e+00 0.000000000000000000e+00 9.000000000000001055e-02 1.570796326794896558e+00 1.000000000000000000e+00 1.000000000000000000e+00 0.000000000000000000e+00 0.000000000000000000e+00 -1.000000000000000000e+00 -1.000000000000000000e+00
1.410000000000000000e+02 4.528056769596660160e+04 1.011082486579827133e+01 -4.637979664626766356e-03 1.272714246492354873e+00 0.000000000000000000e+00 9.049813722853104758e-02 1.570796326794896558e+00 1.000000000000000000e+00 1.000000000000000000e+00 0.000000000000000000e+00 0.000000000000000000e+00 -1.000000000000000000e+00 -1.000000000000000000e+00
1.430000000000000000e+02 4.753558888639742509e+04 2.084094711575810521e+01 -1.364368060208154959e-02 8.441745967626632652e-01 0.000000000000000000e+00 5.425398919869910824e-02 1.570796326794896558e+00 1.000000000000000000e+00 1.000000000000000000e+00 0.000000000000000000e+00 0.000000000000000000e+00 -1.000000000000000000e+00 -1.000000000000000000e+00
1.510000000000000000e+02 4.798887703150448215e+04 1.367009659866346816e+01 -7.530537936807002453e-02 2.065834582266186104e+00 2.022331605004213002e-03 5.442343085808820646e-02 1.570796326794896558e+00 1.000000000000000000e+00 1.000000000000000000e+00 0.000000000000000000e+00 0.000000000000000000e+00 -1.000000000000000000e+00 -1.000000000000000000e+00
1.610000000000000000e+02 4.228764600635303941e+04 1.006814312086780561e+01 1.618322102180012878e-01 1.525680857555268499e+00 2.969688702930436616e-02 8.343090625504119562e-02 1.570796326794896558e+00 1.000000000000000000e+00 1.000000000000000000e+00 0.000000000000000000e+00 0.000000000000000000e+00 -1.000000000000000000e+00 -1.000000000000000000e+00
1.680000000000000000e+02 2.518374926343027983e+04 1.032510683573475063e+01 -2.426377756149020876e-02 3.100000000000000089e+00 0.000000000000000000e+00 1.669056806707410467e-01 1.570796326794896558e+00 1.000000000000000000e+00 1.000000000000000000e+00 0.000000000000000000e+00 0.000000000000000000e+00 -1.000000000000000000e+00 -1.000000000000000000e+00
1.740000000000000000e+02 1.626703233901700878e+04 1.021178912581228815e+01 -8.381010058136308116e-02 2.209616451791621472e+00 2.188440419186223410e-02 5.258916442294897520e-02 1.570796326794896558e+00 1.000000000000000000e+00 1.000000000000000000e+00 0.000000000000000000e+00 0.000000000000000000e+00 -1.000000000000000000e+00 -1.000000000000000000e+00
1.770000000000000000e+02 8.610593663432479161e+02 2.603545740860081992e+01 -1.969543901961910981e-01 2.196384961892866361e+00 8.302412619198711085e-04 1.000000000000000056e-01 1.570796326794896558e+00 1.000000000000000000e+00 1.000000000000000000e+00 0.000000000000000000e+00 0.000000000000000000e+00 -1.000000000000000000e+00 -1.000000000000000000e+00
1.780000000000000000e+02 1.354626794205916303e+04 1.185121723021842399e+01 -5.480696375509565982e-02 2.440143499825501827e+00 5.873880029496376422e-03 9.000000000000001055e-02 1.570796326794896558e+00 1.000000000000000000e+00 1.000000000000000000e+00 0.000000000000000000e+00 0.000000000000000000e+00 -1.000000000000000000e+00 -1.000000000000000000e+00
1.840000000000000000e+02 4.069761967190611904e+04 1.381400132046966256e+01 -1.005921340688594040e-01 1.807638337489683167e+00 1.512036604566776958e-02 1.253093937362023957e-01 1.570796326794896558e+00 1.000000000000000000e+00 1.000000000000000000e+00 0.000000000000000000e+00 0.000000000000000000e+00 -1.000000000000000000e+00 -1.000000000000000000e+00
1.850000000000000000e+02 3.933120936278918816e+04 2.696421421330236967e+01 1.169977407668096325e-01 1.504345711834414567e+00 9.800527464455255355e-03 8.312702110139846834e-02 1.570796326794896558e+00 1.000000000000000000e+00 1.000000000000000000e+00 0.000000000000000000e+00 0.000000000000000000e+00 -1.000000000000000000e+00 -1.000000000000000000e+00
1.920000000000000000e+02 3.770180035618526017e+04 1.384495191636681710e+01 -9.385417366362168445e-02 2.475623581910913806e+00 0.000000000000000000e+00 2.341060484424356547e-02 1.570796326794896558e+00 1.000000000000000000e+00 1.000000000000000000e+00 0.000000000000000000e+00 0.000000000000000000e+00 -1.000000000000000000e+00 -1.000000000000000000e+00
2.000000000000000000e+02 1.421516442303291478e+04 1.927686729967970436e+01 2.668258261882802684e-02 4.825155159819056183e-01 0.000000000000000000e+00 1.000000000000000021e-02 1.570796326794896558e+00 1.000000000000000000e+00 1.000000000000000000e+00 0.000000000000000000e+00 0.000000000000000000e+00 -1.000000000000000000e+00 -1.000000000000000000e+00
1.900000000000000000e+01 6.398998159769752419e+03 1.562003400847977908e+01 -1.140430028166090903e-01 3.060034966269112200e+00 0.000000000000000000e+00 1.716351597213194025e-01 0.000000000000000000e+00 1.000000000000000000e+00 1.000000000000000000e+00 0.000000000000000000e+00 0.000000000000000000e+00 -1.000000000000000000e+00 -1.000000000000000000e+00
6.100000000000000000e+01 8.109477786037762598e+03 1.649504554930375733e+01 8.582368640125001558e-03 1.258099549226978420e+00 0.000000000000000000e+00 2.152235458601571561e-01 0.000000000000000000e+00 1.000000000000000000e+00 1.000000000000000000e+00 0.000000000000000000e+00 0.000000000000000000e+00 -1.000000000000000000e+00 -1.000000000000000000e+00
7.500000000000000000e+01 6.949532653835959536e+03 2.212748072734284577e+01 -2.617387160678488409e-02 2.602179345895087703e+00 0.000000000000000000e+00 2.231813376589341924e-01 0.000000000000000000e+00 1.000000000000000000e+00 1.000000000000000000e+00 0.000000000000000000e+00 0.000000000000000000e+00 -1.000000000000000000e+00 -1.000000000000000000e+00
8.500000000000000000e+01 1.025065068300105850e+04 1.060942862679018006e+01 -1.828726843668716448e-02 3.759736006693854549e-01 0.000000000000000000e+00 4.739855051261612773e-01 0.000000000000000000e+00 1.000000000000000000e+00 1.000000000000000000e+00 0.000000000000000000e+00 0.000000000000000000e+00 -1.000000000000000000e+00 -1.000000000000000000e+00
1.000000000000000000e+02 1.502996448206325840e+04 2.572238905922002417e+01 -7.164983550310338734e-02 2.084441760663975352e+00 0.000000000000000000e+00 4.674537244252480184e-01 0.000000000000000000e+00 1.000000000000000000e+00 1.000000000000000000e+00 0.000000000000000000e+00 0.000000000000000000e+00 -1.000000000000000000e+00 -1.000000000000000000e+00
1.100000000000000000e+02 1.672294250799369183e+04 2.219339595179436131e+01 4.092524812700291253e-02 9.283662747988676855e-01 0.000000000000000000e+00 5.863102715436745438e-01 0.000000000000000000e+00 1.000000000000000000e+00 1.000000000000000000e+00 0.000000000000000000e+00 0.000000000000000000e+00 -1.000000000000000000e+00 -1.000000000000000000e+00
1.240000000000000000e+02 1.891595675442346692e+04 1.006141040642959616e+01 -1.429966821740510097e-01 1.989450408702909456e+00 0.000000000000000000e+00 4.280357351432668156e-01 0.000000000000000000e+00 1.000000000000000000e+00 1.000000000000000000e+00 0.000000000000000000e+00 0.000000000000000000e+00 -1.000000000000000000e+00 -1.000000000000000000e+00
1.490000000000000000e+02 5.705495544246306054e+03 1.360176137977346400e+01 -7.204800626072868641e-02 3.005763007705444689e+00 0.000000000000000000e+00 7.871471548374537885e-01 0.000000000000000000e+00 1.000000000000000000e+00 1.000000000000000000e+00 0.000000000000000000e+00 0.000000000000000000e+00 -1.000000000000000000e+00 -1.000000000000000000e+00
1.560000000000000000e+02 2.071157213833072819e+04 2.457061883573714312e+01 -1.399359052021822633e-02 1.407472808663336350e+00 0.000000000000000000e+00 7.244446916143059134e-01 0.000000000000000000e+00 1.000000000000000000e+00 1.000000000000000000e+00 0.000000000000000000e+00 0.000000000000000000e+00 -1.000000000000000000e+00 -1.000000000000000000e+00
1.600000000000000000e+02 1.399691512632667218e+04 2.545287918419062834e+01 -9.948641760089997274e-04 1.643105345208381474e+00 0.000000000000000000e+00 8.002341427791969108e-01 0.000000000000000000e+00 1.000000000000000000e+00 1.000000000000000000e+00 0.000000000000000000e+00 0.000000000000000000e+00 -1.000000000000000000e+00 -1.000000000000000000e+00
1.650000000000000000e+02 5.202218120065239191e+02 1.344036874544435278e+01 -2.408970361799647394e-04 1.663224838411200279e+00 0.000000000000000000e+00 5.702119092571584780e-01 0.000000000000000000e+00 1.000000000000000000e+00 1.000000000000000000e+00 0.000000000000000000e+00 0.000000000000000000e+00 -1.000000000000000000e+00 -1.000000000000000000e+00
3.660000000000000000e+02 1.118859023251673079e+03 1.355920606777598536e+01 1.441279063477517164e-01 1.329471563516793631e-01 0.000000000000000000e+00 9.000000000000001055e-02 -1.000000000000000000e+00 1.000000000000000000e+00 1.000000000000000000e+00 1.900000000000000000e+01 1.000000000000000000e+05 -1.000000000000000000e+00 -1.000000000000000000e+00
3.670000000000000000e+02 2.457875873518598269e+02 1.253559697041573173e+01 -1.358712225545699939e-02 1.697842237236326879e+00 0.000000000000000000e+00 9.976637690762435451e-02 -1.000000000000000000e+00 1.000000000000000000e+00 1.000000000000000000e+00 1.900000000000000000e+01 2.000000000000000000e+05 -1.000000000000000000e+00 -1.000000000000000000e+00
