# id_num orb_a mass spin spin_angle orb_inc orb_ecc orb_arg_periapse orb_ang_mom gen galaxy time_passed gw_freq gw_strain
3.500000000000000000e+01 4.610616999560236582e+04 1.273430403355134288e+01 6.631272196572718380e-02 1.185317253034863905e+00 3.159717145984306530e+00 2.890322983287295644e-01 1.570796326794896558e+00 -1.000000000000000000e+00 1.000000000000000000e+00 0.000000000000000000e+00 0.000000000000000000e+00 -1.000000000000000000e+00 -1.000000000000000000e+00
3.700000000000000000e+01 4.906649963842426223e+04 1.359933509826414699e+01 2.968029358340904672e-02 7.518993712901807236e-02 3.115777528231768123e+00 1.348409792602476565e-01 1.570796326794896558e+00 -1.000000000000000000e+00 1.000000000000000000e+00 0.000000000000000000e+00 0.000000000000000000e+00 -1.000000000000000000e+00 -1.000000000000000000e+00
4.300000000000000000e+01 1.573286068936106312e+04 1.479591575521378388e+01 8.689897504612668910e-02 1.112561469637370681e+00 3.125339552211052307e+00 8.366770016341761040e-02 1.570796326794896558e+00 -1.000000000000000000e+00 1.000000000000000000e+00 0.000000000000000000e+00 0.000000000000000000e+00 -1.000000000000000000e+00 -1.000000000000000000e+00
5.000000000000000000e+01 1.009378713162803069e+04 1.037496990716044287e+01 -6.087497985583983223e-02 1.665616486742690361e+00 3.152127637423493667e+00 1.828841281584696055e-01 1.570796326794896558e+00 -1.000000000000000000e+00 1.000000000000000000e+00 0.000000000000000000e+00 0.000000000000000000e+00 -1.000000000000000000e+00 -1.000000000000000000e+00
6.300000000000000000e+01 2.269626676259391388e+04 1.146510715081569387e+01 3.797924084708340087e-02 1.175195441829458121e+00 3.101682513406978980e+00 3.184478325714403674e-02 1.570796326794896558e+00 -1.000000000000000000e+00 1.000000000000000000e+00 0.000000000000000000e+00 0.000000000000000000e+00 -1.000000000000000000e+00 -1.000000000000000000e+00
7.100000000000000000e+01 2.199699709335538864e+04 1.035426465939542595e+01 2.091765259750347217e-01 2.954573778184702015e-01 3.129830917930007672e+00 2.876226305282064133e-01 1.570796326794896558e+00 -1.000000000000000000e+00 1.000000000000000000e+00 0.000000000000000000e+00 0.000000000000000000e+00 -1.000000000000000000e+00 -1.000000000000000000e+00
7.800000000000000000e+01 2.558412169457287746e+04 3.608849706772362964e+01 3.453087006910960516e-02 6.370061186440536538e-01 3.113154807974443106e+00 3.376958940896165190e-02 1.570796326794896558e+00 -1.000000000000000000e+00 1.000000000000000000e+00 0.000000000000000000e+00 0.000000000000000000e+00 -1.000000000000000000e+00 -1.000000000000000000e+00
8.000000000000000000e+01 1.406051281675967402e+04 1.735552007782762018e+01 -8.317610802775579973e-03 3.033720424070467381e+00 3.115321298860494359e+00 1.681431466292091781e-01 1.570796326794896558e+00 -1.000000000000000000e+00 1.000000000000000000e+00 0.000000000000000000e+00 0.000000000000000000e+00 -1.000000000000000000e+00 -1.000000000000000000e+00
8.400000000000000000e+01 4.239485203129343427e+04 1.365189148653796103e+01 3.926174167874502824e-02 1.023121777809644639e+00 3.093883787010854647e+00 1.822866662551336780e-01 1.570796326794896558e+00 -1.000000000000000000e+00 1.000000000000000000e+00 0.000000000000000000e+00 0.000000000000000000e+00 -1.000000000000000000e+00 -1.000000000000000000e+00
9.000000000000000000e+01 2.495265695024263186e+04 1.312075489103902726e+01 6.532985197615699680e-02 8.291561299773413385e-01 3.140581547036906951e+00 2.664210647658922237e-01 1.570796326794896558e+00 -1.000000000000000000e+00 1.000000000000000000e+00 0.000000000000000000e+00 0.000000000000000000e+00 -1.000000000000000000e+00 -1.000000000000000000e+00
9.100000000000000000e+01 1.287403047413589593e+04 1.122683520867950335e+01 -9.354453118701561154e-02 1.971825455656383674e+00 3.140084508685406561e+00 1.648674463088631303e-01 1.570796326794896558e+00 -1.000000000000000000e+00 1.000000000000000000e+00 0.000000000000000000e+00 0.000000000000000000e+00 -1.000000000000000000e+00 -1.000000000000000000e+00
9.500000000000000000e+01 1.801313499341623174e+04 1.574004715292112522e+01 -4.855080013341943335e-02 2.452564943828983601e+00 3.150096578465659380e+00 3.761191593725484589e-02 1.570796326794896558e+00 -1.000000000000000000e+00 1.000000000000000000e+00 0.000000000000000000e+00 0.000000000000000000e+00 -1.000000000000000000e+00 -1.000000000000000000e+00
1.420000000000000000e+02 2.497091168536241457e+04 2.074231646267977425e+01 1.355584168229806430e-01 8.512044812636611335e-02 3.141255564572102532e+00 2.360780493677256398e-01 1.570796326794896558e+00 -1.000000000000000000e+00 1.000000000000000000e+00 0.000000000000000000e+00 0.000000000000000000e+00 -1.000000000000000000e+00 -1.000000000000000000e+00
1.500000000000000000e+02 6.391453951605245493e+03 1.224108725517006846e+01 -6.501975201627996359e-02 1.750162383465848182e+00 3.131573244496551833e+00 6.941561490433056925e-02 1.570796326794896558e+00 -1.000000000000000000e+00 1.000000000000000000e+00 0.000000000000000000e+00 0.000000000000000000e+00 -1.000000000000000000e+00 -1.000000000000000000e+00
1.540000000000000000e+02 8.173760642168209642e+02 1.167619074530095880e+01 -4.101496663227913175e-02 2.740924377202401452e+00 3.142801045112039393e+00 3.243235420681046116e-02 1.570796326794896558e+00 -1.000000000000000000e+00 1.000000000000000000e+00 0.000000000000000000e+00 0.000000000000000000e+00 -1.000000000000000000e+00 -1.000000000000000000e+00
1.590000000000000000e+02 8.920898770705742209e+03 1.026108261411530975e+01 1.239118182633826559e-01 1.141199010975443517e+00 3.143190488010251915e+00 1.781020722761739450e-01 1.570796326794896558e+00 -1.000000000000000000e+00 1.000000000000000000e+00 0.000000000000000000e+00 0.000000000000000000e+00 -1.000000000000000000e+00 -1.000000000000000000e+00
1.760000000000000000e+02 2.308735119573709017e+04 1.239861462429188066e+01 -1.467466067283475228e-01 2.416817663535035354e+00 3.108523893911343094e+00 1.459978289420569286e-01 1.570796326794896558e+00 -1.000000000000000000e+00 1.000000000000000000e+00 0.000000000000000000e+00 0.000000000000000000e+00 -1.000000000000000000e+00 -1.000000000000000000e+00
1.790000000000000000e+02 1.697275697762486743e+04 1.322298175687931732e+01 9.028529778497138003e-02 4.294353144715796766e-01 3.130164995536522721e+00 9.136625411451754220e-02 1.570796326794896558e+00 -1.000000000000000000e+00 1.000000000000000000e+00 0.000000000000000000e+00 0.000000000000000000e+00 -1.000000000000000000e+00 -1.000000000000000000e+00
1.820000000000000000e+02 4.333509826756166876e+04 1.520210834468100636e+01 -1.067652375212242016e-01 2.568086850920477726e+00 3.091096709359562045e+00 1.741879635658102332e-01 1.570796326794896558e+00 -1.000000000000000000e+00 1.000000000000000000e+00 0.000000000000000000e+00 0.000000000000000000e+00 -1.000000000000000000e+00 -1.000000000000000000e+00
1.900000000000000000e+02 4.503784257308641827e+04 2.052757997628327757e+01 1.440334682548278511e-01 4.578375670158956745e-01 3.090819685356650748e+00 4.063359461996811361e-02 1.570796326794896558e+00 -1.000000000000000000e+00 1.000000000000000000e+00 0.000000000000000000e+00 0.000000000000000000e+00 -1.000000000000000000e+00 -1.000000000000000000e+00
