# id_num orb_a mass spin spin_angle orb_inc orb_ecc orb_arg_periapse orb_ang_mom gen galaxy time_passed gw_freq gw_strain
1.000000000000000000e+01 2.356256508539271817e+04 1.424830391813166131e+01 6.777716239051420621e-02 1.168298463176854485e+00 1.494949740071326028e-02 5.493554439335161799e-02 0.000000000000000000e+00 1.000000000000000000e+00 1.000000000000000000e+00 0.000000000000000000e+00 0.000000000000000000e+00 -1.000000000000000000e+00 -1.000000000000000000e+00
1.100000000000000000e+01 3.782836492525142944e+02 1.067521538523270763e+01 -9.575697657218033843e-02 1.425294990375783888e+00 -1.053584164520584947e-02 1.672571107035283194e-02 1.570796326794896558e+00 1.000000000000000000e+00 1.000000000000000000e+00 0.000000000000000000e+00 0.000000000000000000e+00 -1.000000000000000000e+00 -1.000000000000000000e+00
1.200000000000000000e+01 3.487401761261164211e+04 1.310066749103683925e+01 -3.938735231396243985e-02 9.501395497386507794e-01 3.099246675181064781e+00 3.077891931051604524e-02 0.000000000000000000e+00 1.000000000000000000e+00 1.000000000000000000e+00 0.000000000000000000e+00 0.000000000000000000e+00 -1.000000000000000000e+00 -1.000000000000000000e+00
1.600000000000000000e+01 3.291482734187452479e+02 3.827920708832514407e+01 -1.383667610653330771e-01 3.100000000000000089e+00 3.155425521338473427e+00 7.406650181983817638e-02 1.570796326794896558e+00 1.000000000000000000e+00 1.000000000000000000e+00 0.000000000000000000e+00 0.000000000000000000e+00 -1.000000000000000000e+00 -1.000000000000000000e+00
1.700000000000000000e+01 2.888438194506651053e+04 2.697588962660055145e+01 4.970460497705270209e-02 1.059913833616462187e+00 3.148149622397310665e+00 7.342833064742748661e-02 0.000000000000000000e+00 1.000000000000000000e+00 1.000000000000000000e+00 0.000000000000000000e+00 0.000000000000000000e+00 -1.000000000000000000e+00 -1.000000000000000000e+00
1.900000000000000000e+01 3.774625630950769846e+04 1.531596885066767300e+01 -1.637003125481037158e-01 3.100000000000000089e+00 3.162129140636429803e+00 3.402589211050979778e-02 0.000000000000000000e+00 1.000000000000000000e+00 1.000000000000000000e+00 0.000000000000000000e+00 0.000000000000000000e+00 -1.000000000000000000e+00 -1.000000000000000000e+00
2.300000000000000000e+01 4.471127938599280606e+04 1.061720413830241050e+01 3.712018588293120036e-02 1.006769930775455846e+00 3.139196043456162766e+00 9.793234994039622110e-02 0.000000000000000000e+00 1.000000000000000000e+00 1.000000000000000000e+00 0.000000000000000000e+00 0.000000000000000000e+00 -1.000000000000000000e+00 -1.000000000000000000e+00
2.400000000000000000e+01 2.372455031486777079e+04 1.205553791317359646e+01 -1.415909210220839820e-01 2.466670315472316855e+00 -2.699494371271995985e-02 5.513825007883053908e-02 0.000000000000000000e+00 1.000000000000000000e+00 1.000000000000000000e+00 0.000000000000000000e+00 0.000000000000000000e+00 -1.000000000000000000e+00 -1.000000000000000000e+00
2.600000000000000000e+01 3.415297813816650319e+02 1.222148242870499324e+01 -6.112540109710126041e-02 1.242016584191882211e+00 -9.826985417137999376e-03 1.855786292970881823e-02 0.000000000000000000e+00 1.000000000000000000e+00 1.000000000000000000e+00 0.000000000000000000e+00 0.000000000000000000e+00 -1.000000000000000000e+00 -1.000000000000000000e+00
2.700000000000000000e+01 4.798670718376996956e+04 1.558572702009657718e+01 -6.056205849358849841e-02 1.208171601945242202e+00 3.167028393282175447e+00 2.657644665568042672e-02 0.000000000000000000e+00 1.000000000000000000e+00 1.000000000000000000e+00 0.000000000000000000e+00 0.000000000000000000e+00 -1.000000000000000000e+00 -1.000000000000000000e+00
2.800000000000000000e+01 2.335801555963873761e+04 1.346685697966575646e+01 -9.825642304188150766e-02 2.194315354299047449e+00 3.145758055643186335e+00 1.219550940176489066e-02 0.000000000000000000e+00 1.000000000000000000e+00 1.000000000000000000e+00 0.000000000000000000e+00 0.000000000000000000e+00 -1.000000000000000000e+00 -1.000000000000000000e+00
3.300000000000000000e+01 3.663021911571018427e+04 3.906029559431775766e+01 -3.956679625631627506e-02 2.128088873009261306e+00 2.581769887043126877e-02 3.792270688094347836e-02 1.570796326794896558e+00 1.000000000000000000e+00 1.000000000000000000e+00 0.000000000000000000e+00 0.000000000000000000e+00 -1.000000000000000000e+00 -1.000000000000000000e+00
3.400000000000000000e+01 5.000000000000000000e+04 2.076042699817466541e+01 -8.473818023727278104e-02 3.058120000000000172e+00 3.144312238172031648e+00 7.433115345862015277e-02 0.000000000000000000e+00 1.000000000000000000e+00 1.000000000000000000e+00 0.000000000000000000e+00 0.000000000000000000e+00 -1.000000000000000000e+00 -1.000000000000000000e+00
3.600000000000000000e+01 4.524623525914940546e+04 1.025198610144649436e+01 -1.572981036586762749e-01 3.100000000000000089e+00 3.159430129503500773e+00 1.784714061412185152e-02 0.000000000000000000e+00 1.000000000000000000e+00 1.000000000000000000e+00 0.000000000000000000e+00 0.000000000000000000e+00 -1.000000000000000000e+00 -1.000000000000000000e+00
3.900000000000000000e+01 4.237365219041169553e+02 3.469623504259539715e+01 -1.214531616394584901e-01 3.100000000000000089e+00 3.149687334471800160e+00 1.000000000000000056e-01 0.000000000000000000e+00 1.000000000000000000e+00 1.000000000000000000e+00 0.000000000000000000e+00 0.000000000000000000e+00 -1.000000000000000000e+00 -1.000000000000000000e+00
4.000000000000000000e+01 1.061976772716545565e+04 1.637347169724409923e+01 -3.737546066888465697e-03 1.913642439379671156e+00 -2.290360053123468784e-02 9.000000000000001055e-02 1.570796326794896558e+00 1.000000000000000000e+00 1.000000000000000000e+00 0.000000000000000000e+00 0.000000000000000000e+00 -1.000000000000000000e+00 -1.000000000000000000e+00
4.500000000000000000e+01 2.678785144323134591e+04 1.566995283755771240e+01 -1.361092213153216601e-01 2.331011983038400182e+00 3.125614992863287700e+00 2.956859764702406482e-02 1.570796326794896558e+00 1.000000000000000000e+00 1.000000000000000000e+00 0.000000000000000000e+00 0.000000000000000000e+00 -1.000000000000000000e+00 -1.000000000000000000e+00
4.700000000000000000e+01 3.060946710989302665e+04 1.109787118973510012e+01 8.290699754974956148e-02 2.108440324189202464e+00 3.182334459638100910e+00 1.988155746208272387e-02 0.000000000000000000e+00 1.000000000000000000e+00 1.000000000000000000e+00 0.000000000000000000e+00 0.000000000000000000e+00 -1.000000000000000000e+00 -1.000000000000000000e+00
4.800000000000000000e+01 3.746498060890691590e+02 3.664818174106935800e+01 -2.108910288045165449e-02 1.313214460424846797e+00 3.140237392905019576e+00 2.877377268322544451e-02 0.000000000000000000e+00 1.000000000000000000e+00 1.000000000000000000e+00 0.000000000000000000e+00 0.000000000000000000e+00 -1.000000000000000000e+00 -1.000000000000000000e+00
5.100000000000000000e+01 2.489503038468514933e+04 1.575121268405470687e+01 1.668997919954839926e-02 9.210612615128935809e-01 -1.478940309677948851e-02 1.000000000000000021e-02 0.000000000000000000e+00 1.000000000000000000e+00 1.000000000000000000e+00 0.000000000000000000e+00 0.000000000000000000e+00 -1.000000000000000000e+00 -1.000000000000000000e+00
5.700000000000000000e+01 4.515328216668173695e+02 3.751183165924456375e+01 3.152760029454046431e-02 1.854333191712254525e+00 1.255471673335166287e-02 1.522849944717093867e-02 0.000000000000000000e+00 1.000000000000000000e+00 1.000000000000000000e+00 0.000000000000000000e+00 0.000000000000000000e+00 -1.000000000000000000e+00 -1.000000000000000000e+00
6.700000000000000000e+01 1.879869349144734952e+04 1.145170147449533182e+01 -1.078650659995319949e-01 2.143794155053416084e+00 3.121035909449868306e+00 1.157624711528271524e-02 0.000000000000000000e+00 1.000000000000000000e+00 1.000000000000000000e+00 0.000000000000000000e+00 0.000000000000000000e+00 -1.000000000000000000e+00 -1.000000000000000000e+00
6.900000000000000000e+01 2.253626937642373741e+04 1.271816281191385123e+01 -8.107356724796560554e-02 2.030653292888275896e+00 2.942813567081145956e-02 2.428113596029034954e-02 0.000000000000000000e+00 1.000000000000000000e+00 1.000000000000000000e+00 0.000000000000000000e+00 0.000000000000000000e+00 -1.000000000000000000e+00 -1.000000000000000000e+00
7.200000000000000000e+01 5.000000000000000000e+04 3.662330823371307531e+01 2.724553985198292783e-02 1.487288374008136405e+00 3.109647184938830744e+00 9.497996816204511139e-02 0.000000000000000000e+00 1.000000000000000000e+00 1.000000000000000000e+00 0.000000000000000000e+00 0.000000000000000000e+00 -1.000000000000000000e+00 -1.000000000000000000e+00
7.300000000000000000e+01 1.351472004820264738e+04 1.201680539889594002e+01 3.105035974811183597e-02 8.101613843352725164e-01 3.131826971980694818e+00 5.910817400225010232e-02 0.000000000000000000e+00 1.000000000000000000e+00 1.000000000000000000e+00 0.000000000000000000e+00 0.000000000000000000e+00 -1.000000000000000000e+00 -1.000000000000000000e+00
7.600000000000000000e+01 4.283742268715026148e+04 1.291389782982815149e+01 7.648093678844244958e-02 6.199378292482868869e-01 2.257928621385938903e-02 4.145347515113988190e-02 1.570796326794896558e+00 1.000000000000000000e+00 1.000000000000000000e+00 0.000000000000000000e+00 0.000000000000000000e+00 -1.000000000000000000e+00 -1.000000000000000000e+00
8.200000000000000000e+01 5.000000000000000000e+04 1.212893747485909834e+01 -6.058887643173314214e-02 9.589192291932542300e-01 3.176049462412133817e+00 1.278634630724690552e-02 1.570796326794896558e+00 1.000000000000000000e+00 1.000000000000000000e+00 0.000000000000000000e+00 0.000000000000000000e+00 -1.000000000000000000e+00 -1.000000000000000000e+00
8.700000000000000000e+01 4.033336843423090613e+04 1.823046007995625573e+01 -7.234159880405617582e-02 1.758779099943641011e+00 9.178877242674490095e-03 5.597063591497423996e-02 1.570796326794896558e+00 1.000000000000000000e+00 1.000000000000000000e+00 0.000000000000000000e+00 0.000000000000000000e+00 -1.000000000000000000e+00 -1.000000000000000000e+00
8.800000000000000000e+01 9.952452892215222164e+03 1.350646584678530360e+01 -8.749868948008313052e-02 2.427186795967153365e+00 3.149513831399281649e+00 3.930348328463947882e-02 1.570796326794896558e+00 1.000000000000000000e+00 1.000000000000000000e+00 0.000000000000000000e+00 0.000000000000000000e+00 -1.000000000000000000e+00 -1.000000000000000000e+00
8.900000000000000000e+01 4.455298898018242471e+04 1.532624082108923957e+01 -1.305582424617223597e-02 1.416065183230353464e+00 2.321905979605572504e-02 1.000000000000000021e-02 0.000000000000000000e+00 1.000000000000000000e+00 1.000000000000000000e+00 0.000000000000000000e+00 0.000000000000000000e+00 -1.000000000000000000e+00 -1.000000000000000000e+00
9.100000000000000000e+01 1.310070057910566175e+04 1.043535121228810603e+01 -1.081784856788560317e-01 2.614646227155936309e+00 3.116840466417017730e+00 1.000000000000000021e-02 0.000000000000000000e+00 1.000000000000000000e+00 1.000000000000000000e+00 0.000000000000000000e+00 0.000000000000000000e+00 -1.000000000000000000e+00 -1.000000000000000000e+00
9.300000000000000000e+01 4.873792147554476833e+04 1.398163261401208857e+01 -1.083577002678054318e-01 2.345226299206690346e+00 4.711887374991744620e-02 5.741118363942296354e-02 1.570796326794896558e+00 1.000000000000000000e+00 1.000000000000000000e+00 0.000000000000000000e+00 0.000000000000000000e+00 -1.000000000000000000e+00 -1.000000000000000000e+00
9.600000000000000000e+01 1.983603435434575658e+04 1.302899005207688532e+01 -7.787654998252589722e-02 2.903650221341103066e+00 -2.825320240320192827e-02 5.811090288197953702e-02 1.570796326794896558e+00 1.000000000000000000e+00 1.000000000000000000e+00 0.000000000000000000e+00 0.000000000000000000e+00 -1.000000000000000000e+00 -1.000000000000000000e+00
9.800000000000000000e+01 1.829659433080478993e+04 1.159693035959449148e+01 -9.620201270958611550e-03 1.708788062690581810e+00 -4.219956602832891646e-02 1.000000000000000021e-02 1.570796326794896558e+00 1.000000000000000000e+00 1.000000000000000000e+00 0.000000000000000000e+00 0.000000000000000000e+00 -1.000000000000000000e+00 -1.000000000000000000e+00
9.900000000000000000e+01 2.592615309537989015e+04 1.429820943136942724e+01 -7.396021218026625765e-02 1.614025996100601379e+00 -1.094435974573067759e-02 1.000000000000000021e-02 0.000000000000000000e+00 1.000000000000000000e+00 1.000000000000000000e+00 0.000000000000000000e+00 0.000000000000000000e+00 -1.000000000000000000e+00 -1.000000000000000000e+00
1.000000000000000000e+02 5.000000000000000000e+04 1.314302273380123687e+01 -1.212843564313835498e-01 2.639551348367111583e+00 1.965806580847729440e-02 4.985606136953167622e-02 0.000000000000000000e+00 1.000000000000000000e+00 1.000000000000000000e+00 0.000000000000000000e+00 0.000000000000000000e+00 -1.000000000000000000e+00 -1.000000000000000000e+00
1.040000000000000000e+02 5.000000000000000000e+04 1.538464408828122565e+01 -2.184073733533266337e-01 2.746011871466532028e+00 3.102201912066292699e+00 3.453996582973072049e-02 1.570796326794896558e+00 1.000000000000000000e+00 1.000000000000000000e+00 0.000000000000000000e+00 0.000000000000000000e+00 -1.000000000000000000e+00 -1.000000000000000000e+00
1.110000000000000000e+02 9.563789648079642575e+03 1.174335070392878144e+01 -2.564287790589019900e-01 3.093020000000000103e+00 3.146756434200630892e+00 4.164148902115484552e-02 0.000000000000000000e+00 1.000000000000000000e+00 1.000000000000000000e+00 0.000000000000000000e+00 0.000000000000000000e+00 -1.000000000000000000e+00 -1.000000000000000000e+00
1.150000000000000000e+02 5.000000000000000000e+04 1.573156213083635180e+01 -1.205544517174571145e-01 3.100000000000000089e+00 3.134004966561629413e+00 1.250313981461339055e-02 1.570796326794896558e+00 1.000000000000000000e+00 1.000000000000000000e+00 0.000000000000000000e+00 0.000000000000000000e+00 -1.000000000000000000e+00 -1.000000000000000000e+00
1.190000000000000000e+02 3.565566907636522842e+02 1.031784017514042695e+01 -3.480234447582837565e-02 1.061807504511175448e+00 -7.961266287786761264e-03 3.350260174198635421e-02 1.570796326794896558e+00 1.000000000000000000e+00 1.000000000000000000e+00 0.000000000000000000e+00 0.000000000000000000e+00 -1.000000000000000000e+00 -1.000000000000000000e+00
1.220000000000000000e+02 4.363968252775527799e+04 1.595082219098113363e+01 -1.251031165908227105e-02 7.096796562129853436e-01 -4.140746205690102461e-02 4.333257621640020096e-02 0.000000000000000000e+00 1.000000000000000000e+00 1.000000000000000000e+00 0.000000000000000000e+00 0.000000000000000000e+00 -1.000000000000000000e+00 -1.000000000000000000e+00
1.240000000000000000e+02 3.047243350540512256e+04 1.036443992193211727e+01 -7.766667672324520377e-03 1.713513574921298632e+00 3.159320905758613574e+00 1.616310529614655572e-02 0.000000000000000000e+00 1.000000000000000000e+00 1.000000000000000000e+00 0.000000000000000000e+00 0.000000000000000000e+00 -1.000000000000000000e+00 -1.000000000000000000e+00
1.270000000000000000e+02 3.223155578063410940e+04 3.134631283710530525e+01 -8.075796075516104844e-02 1.602227737120814899e+00 1.450977659178164479e-02 7.659314246462980980e-02 1.570796326794896558e+00 1.000000000000000000e+00 1.000000000000000000e+00 0.000000000000000000e+00 0.000000000000000000e+00 -1.000000000000000000e+00 -1.000000000000000000e+00
1.280000000000000000e+02 4.808176941835981415e+04 2.437059866783190287e+01 -1.092635788511845951e-01 3.016240000000000254e+00 3.125493314685297896e+00 1.000000000000000056e-01 1.570796326794896558e+00 1.000000000000000000e+00 1.000000000000000000e+00 0.000000000000000000e+00 0.000000000000000000e+00 -1.000000000000000000e+00 -1.000000000000000000e+00
1.290000000000000000e+02 3.511827514821069781e+04 1.424211509831236988e+01 -1.139625898408210547e-01 2.413151525274744635e+00 2.627421092183208212e-02 9.547015609399391034e-02 1.570796326794896558e+00 1.000000000000000000e+00 1.000000000000000000e+00 0.000000000000000000e+00 0.000000000000000000e+00 -1.000000000000000000e+00 -1.000000000000000000e+00
1.320000000000000000e+02 2.919888122097413725e+04 1.034798232765324677e+01 -1.397050502481145262e-01 2.621833339956905373e+00 -3.007108391352332835e-02 3.815818226977467365e-02 1.570796326794896558e+00 1.000000000000000000e+00 1.000000000000000000e+00 0.000000000000000000e+00 0.000000000000000000e+00 -1.000000000000000000e+00 -1.000000000000000000e+00
1.360000000000000000e+02 2.151281184647325063e+04 1.439724069801692785e+01 -7.258285567782962744e-03 2.028331573457536230e+00 6.387540604114305166e-03 1.225485199870265766e-02 0.000000000000000000e+00 1.000000000000000000e+00 1.000000000000000000e+00 0.000000000000000000e+00 0.000000000000000000e+00 -1.000000000000000000e+00 -1.000000000000000000e+00
1.380000000000000000e+02 4.464265630667782716e+02 1.294742190586819319e+01 -4.364603077175161633e-02 2.080343489092924880e+00 3.140529544188133571e+00 8.250824937147224758e-02 1.570796326794896558e+00 1.000000000000000000e+00 1.000000000000000000e+00 0.000000000000000000e+00 0.000000000000000000e+00 -1.000000000000000000e+00 -1.000000000000000000e+00
1.390000000000000000e+02 1.362758851957069965e+04 1.076381105499022262e+01 -1.718662411560677727e-01 2.938366163710540491e+00 2.509773897984931071e-02 7.463134904332507924e-02 1.570796326794896558e+00 1.000000000000000000e+00 1.000000000000000000e+00 0.000000000000000000e+00 0.000000000000000000e+00 -1.000000000000000000e+00 -1.000000000000000000e+00
1.500000000000000000e+02 5.000000000000000000e+04 1.205687993676275127e+01 -2.535762451144228935e-01 2.460167748720161640e+00 3.187335980396853952e+00 2.380385188087979706e-02 1.570796326794896558e+00 1.000000000000000000e+00 1.000000000000000000e+00 0.000000000000000000e+00 0.000000000000000000e+00 -1.000000000000000000e+00 -1.000000000000000000e+00
1.510000000000000000e+02 4.408548137236869661e+04 3.258298401223883189e+01 -3.058837727730667061e-02 7.166845397062083789e-01 -2.361528515162180861e-02 8.255204983082192749e-02 0.000000000000000000e+00 1.000000000000000000e+00 1.000000000000000000e+00 0.000000000000000000e+00 0.000000000000000000e+00 -1.000000000000000000e+00 -1.000000000000000000e+00
1.540000000000000000e+02 5.000000000000000000e+04 1.076406116578077032e+01 4.133231467018785854e-02 1.882573703043070923e+00 -4.133422792540612095e-02 2.386509754938953912e-02 0.000000000000000000e+00 1.000000000000000000e+00 1.000000000000000000e+00 0.000000000000000000e+00 0.000000000000000000e+00 -1.000000000000000000e+00 -1.000000000000000000e+00
1.570000000000000000e+02 4.252821419885061687e+02 1.244781831446609743e+01 -1.346542456279108679e-01 2.722490327716486025e+00 1.128891072460020371e-02 5.981250168678713119e-02 0.000000000000000000e+00 1.000000000000000000e+00 1.000000000000000000e+00 0.000000000000000000e+00 0.000000000000000000e+00 -1.000000000000000000e+00 -1.000000000000000000e+00
1.600000000000000000e+02 4.478719845891724276e+02 1.585306439202116913e+01 -1.022043794735965766e-01 2.757203359314965851e+00 3.138803196716346999e+00 3.737045491908429218e-02 1.570796326794896558e+00 1.000000000000000000e+00 1.000000000000000000e+00 0.000000000000000000e+00 0.000000000000000000e+00 -1.000000000000000000e+00 -1.000000000000000000e+00
1.620000000000000000e+02 3.685944327929554129e+04 1.154949704305799862e+01 -3.846284132662110000e-01 3.100000000000000089e+00 -6.098835053098226704e-03 1.439847223704386614e-01 1.570796326794896558e+00 1.000000000000000000e+00 1.000000000000000000e+00 0.000000000000000000e+00 0.000000000000000000e+00 -1.000000000000000000e+00 -1.000000000000000000e+00
1.630000000000000000e+02 1.155590392671934387e+04 1.102774566182035265e+01 -1.096239523795015935e-02 1.203147241063207806e+00 3.126857498644456612e+00 1.000000000000000021e-02 1.570796326794896558e+00 1.000000000000000000e+00 1.000000000000000000e+00 0.000000000000000000e+00 0.000000000000000000e+00 -1.000000000000000000e+00 -1.000000000000000000e+00
1.680000000000000000e+02 1.119994288865187809e+04 1.133379485479970228e+01 -2.386789238273862718e-02 1.901726670200672764e+00 3.144018694021253779e+00 1.000000000000000021e-02 0.000000000000000000e+00 1.000000000000000000e+00 1.000000000000000000e+00 0.000000000000000000e+00 0.000000000000000000e+00 -1.000000000000000000e+00 -1.000000000000000000e+00
1.700000000000000000e+02 4.224117690182499791e+04 3.452117213261294637e+01 -1.300948865851573599e-01 3.100000000000000089e+00 1.843748995435311178e-02 2.393031953966769793e-02 1.570796326794896558e+00 1.000000000000000000e+00 1.000000000000000000e+00 0.000000000000000000e+00 0.000000000000000000e+00 -1.000000000000000000e+00 -1.000000000000000000e+00
1.740000000000000000e+02 5.000000000000000000e+04 2.055174730641396863e+01 -1.065936014749925692e-01 2.577589235912013166e+00 -9.979748252553891086e-03 8.408730159224071798e-02 0.000000000000000000e+00 1.000000000000000000e+00 1.000000000000000000e+00 0.000000000000000000e+00 0.000000000000000000e+00 -1.000000000000000000e+00 -1.000000000000000000e+00
1.770000000000000000e+02 4.054495769379701233e+04 1.263345634750186619e+01 -2.900053036937300099e-02 1.142715393692339987e+00 3.171826202137507433e+00 3.937950609819110964e-02 0.000000000000000000e+00 1.000000000000000000e+00 1.000000000000000000e+00 0.000000000000000000e+00 0.000000000000000000e+00 -1.000000000000000000e+00 -1.000000000000000000e+00
1.820000000000000000e+02 2.810649015409920685e+04 1.265241942342246517e+01 -1.615256689170230242e-02 2.112232536158194396e+00 3.180419225388337434e+00 1.542755332782411865e-02 1.570796326794896558e+00 1.000000000000000000e+00 1.000000000000000000e+00 0.000000000000000000e+00 0.000000000000000000e+00 -1.000000000000000000e+00 -1.000000000000000000e+00
1.830000000000000000e+02 4.566219403619976219e+04 1.468110866110174229e+01 -5.074782270207560397e-02 1.963541179883491417e+00 3.181105538386579390e+00 1.000000000000000021e-02 1.570796326794896558e+00 1.000000000000000000e+00 1.000000000000000000e+00 0.000000000000000000e+00 0.000000000000000000e+00 -1.000000000000000000e+00 -1.000000000000000000e+00
1.890000000000000000e+02 4.958246838125559589e+04 1.281605529792899389e+01 -1.728805497238342648e-01 2.381700839742554532e+00 -4.386271796490621988e-02 1.933708213078697002e-02 1.570796326794896558e+00 1.000000000000000000e+00 1.000000000000000000e+00 0.000000000000000000e+00 0.000000000000000000e+00 -1.000000000000000000e+00 -1.000000000000000000e+00
1.900000000000000000e+02 4.145363979384035338e+04 2.265206102186356318e+01 -1.531334998990556417e-01 3.100000000000000089e+00 3.177694693220004751e+00 3.155569370396089923e-02 1.570796326794896558e+00 1.000000000000000000e+00 1.000000000000000000e+00 0.000000000000000000e+00 0.000000000000000000e+00 -1.000000000000000000e+00 -1.000000000000000000e+00
1.910000000000000000e+02 4.247467248414067740e+02 1.424574021556765935e+01 -8.969007052848276818e-02 7.551998898873348853e-01 -1.276721343487153063e-02 3.839419679313987172e-02 1.570796326794896558e+00 1.000000000000000000e+00 1.000000000000000000e+00 0.000000000000000000e+00 0.000000000000000000e+00 -1.000000000000000000e+00 -1.000000000000000000e+00
1.920000000000000000e+02 5.021670545885542083e+02 2.248608550416565066e+01 -1.980285235785805287e-01 2.779833809971095970e+00 3.149005445887097743e+00 3.450836459466671141e-02 1.570796326794896558e+00 1.000000000000000000e+00 1.000000000000000000e+00 0.000000000000000000e+00 0.000000000000000000e+00 -1.000000000000000000e+00 -1.000000000000000000e+00
1.970000000000000000e+02 5.000000000000000000e+04 1.350109987328619710e+01 -2.631633312080106091e-01 3.100000000000000089e+00 9.944507026308157041e-03 7.245647695388948706e-02 0.000000000000000000e+00 1.000000000000000000e+00 1.000000000000000000e+00 0.000000000000000000e+00 0.000000000000000000e+00 -1.000000000000000000e+00 -1.000000000000000000e+00
3.650000000000000000e+02 4.770981224338237325e+02 3.403427543409128475e+01 -3.372830082720376654e-02 2.120229423074215358e+00 0.000000000000000000e+00 1.590379800496717275e-02 -1.000000000000000000e+00 1.000000000000000000e+00 1.000000000000000000e+00 1.300000000000000000e+01 0.000000000000000000e+00 -1.000000000000000000e+00 -1.000000000000000000e+00
5.000000000000000000e+00 2.449482981154256049e+04 1.259537046635321822e+01 -4.350943051135080369e-02 6.616478707544509730e-01 1.836458274526028139e-02 1.000000000000000021e-02 1.570796326794896558e+00 1.000000000000000000e+00 1.000000000000000000e+00 0.000000000000000000e+00 0.000000000000000000e+00 -1.000000000000000000e+00 -1.000000000000000000e+00
6.000000000000000000e+00 1.771054558147427815e+04 1.110155784563522730e+01 -1.784709440876120490e-01 2.157142215332069846e+00 2.719011471898117802e-02 9.000000000000001055e-02 1.570796326794896558e+00 1.000000000000000000e+00 1.000000000000000000e+00 0.000000000000000000e+00 0.000000000000000000e+00 -1.000000000000000000e+00 -1.000000000000000000e+00
1.500000000000000000e+01 6.246463620751399503e+03 1.386627324541218975e+01 -2.275984646678870515e-01 3.072080000000000144e+00 8.132752982867280656e-03 9.000000000000001055e-02 1.570796326794896558e+00 1.000000000000000000e+00 1.000000000000000000e+00 0.000000000000000000e+00 0.000000000000000000e+00 -1.000000000000000000e+00 -1.000000000000000000e+00
2.000000000000000000e+01 2.421669464372692528e+04 1.353866943376113241e+01 -6.049270595814902618e-02 1.322972108678705405e+00 0.000000000000000000e+00 4.928610272296669176e-02 1.570796326794896558e+00 1.000000000000000000e+00 1.000000000000000000e+00 0.000000000000000000e+00 0.000000000000000000e+00 -1.000000000000000000e+00 -1.000000000000000000e+00
3.500000000000000000e+01 4.906091746140161263e+02 1.573541491876812870e+01 -1.947874993075504879e-01 2.946161247157012664e+00 0.000000000000000000e+00 1.202406540810069258e-02 1.570796326794896558e+00 1.000000000000000000e+00 1.000000000000000000e+00 0.000000000000000000e+00 0.000000000000000000e+00 -1.000000000000000000e+00 -1.000000000000000000e+00
4.100000000000000000e+01 3.716986314967243379e+04 1.163661755855390467e+01 -1.689865389113873462e-01 2.571133948296646210e+00 0.000000000000000000e+00 3.321852518092274081e-02 1.570796326794896558e+00 1.000000000000000000e+00 1.000000000000000000e+00 0.000000000000000000e+00 0.000000000000000000e+00 -1.000000000000000000e+00 -1.000000000000000000e+00
4.600000000000000000e+01 3.415900188675192476e+04 2.498056015535732755e+01 -2.376991817335366575e-01 2.842910842847898412e+00 0.000000000000000000e+00 2.149176152177956906e-02 1.570796326794896558e+00 1.000000000000000000e+00 1.000000000000000000e+00 0.000000000000000000e+00 0.000000000000000000e+00 -1.000000000000000000e+00 -1.000000000000000000e+00
5.000000000000000000e+01 1.687206263352054521e+04 1.746826982471756295e+01 -1.933197779284549500e-01 2.160176789983224932e+00 1.305544855145492934e-02 4.030858076795796469e-02 1.570796326794896558e+00 1.000000000000000000e+00 1.000000000000000000e+00 0.000000000000000000e+00 0.000000000000000000e+00 -1.000000000000000000e+00 -1.000000000000000000e+00
5.800000000000000000e+01 3.728206487627841125e+04 1.954129754214787695e+01 -7.709418489820554776e-02 1.428608122401425318e+00 1.747923201825766354e-02 9.473228873423902852e-02 1.570796326794896558e+00 1.000000000000000000e+00 1.000000000000000000e+00 0.000000000000000000e+00 0.000000000000000000e+00 -1.000000000000000000e+00 -1.000000000000000000e+00
6.600000000000000000e+01 2.171536919855996894e+04 1.146049850700978112e+01 9.630283752615645398e-02 8.362968449446077646e-01 0.000000000000000000e+00 4.194531079202869217e-02 1.570796326794896558e+00 1.000000000000000000e+00 1.000000000000000000e+00 0.000000000000000000e+00 0.000000000000000000e+00 -1.000000000000000000e+00 -1.000000000000000000e+00
7.000000000000000000e+01 5.115479049533736315e+02 1.216755423502704581e+01 6.537301886944889631e-03 1.112728530859226295e+00 0.000000000000000000e+00 3.733364588341729629e-02 1.570796326794896558e+00 1.000000000000000000e+00 1.000000000000000000e+00 0.000000000000000000e+00 0.000000000000000000e+00 -1.000000000000000000e+00 -1.000000000000000000e+00
8.100000000000000000e+01 4.396894508735158161e+04 1.443701691472386095e+01 -1.008749264715082944e-01 3.100000000000000089e+00 0.000000000000000000e+00 5.969789064827363267e-02 1.570796326794896558e+00 1.000000000000000000e+00 1.000000000000000000e+00 0.000000000000000000e+00 0.000000000000000000e+00 -1.000000000000000000e+00 -1.000000000000000000e+00
8.500000000000000000e+01 1.577403951380358012e+04 1.655890090672785320e+01 2.488426286905608131e-02 1.322462072299218860e+00 1.968672459537870040e-02 5.900695456290365459e-02 1.570796326794896558e+00 1.000000000000000000e+00 1.000000000000000000e+00 0.000000000000000000e+00 0.000000000000000000e+00 -1.000000000000000000e+00 -1.000000000000000000e+00
8.600000000000000000e+01 3.996055294636953477e+04 1.319245709277228329e+01 1.234999813215919007e-01 1.173122843531850812e+00 0.000000000000000000e+00 5.604179573884170151e-02 1.570796326794896558e+00 1.000000000000000000e+00 1.000000000000000000e+00 0.000000000000000000e+00 0.000000000000000000e+00 -1.000000000000000000e+00 -1.000000000000000000e+00
9.200000000000000000e+01 2.449365517411571273e+04 1.367234335294153702e+01 -5.444927374631831907e-02 0.000000000000000000e+00 2.492386420473198527e-02 6.138208398317299141e-02 1.570796326794896558e+00 1.000000000000000000e+00 1.000000000000000000e+00 0.000000000000000000e+00 0.000000000000000000e+00 -1.000000000000000000e+00 -1.000000000000000000e+00
9.500000000000000000e+01 5.000000000000000000e+04 3.511525285491651260e+01 3.770324310816249025e-02 1.290723535511395070e+00 1.918708531144956708e-02 4.325858551792315099e-02 1.570796326794896558e+00 1.000000000000000000e+00 1.000000000000000000e+00 0.000000000000000000e+00 0.000000000000000000e+00 -1.000000000000000000e+00 -1.000000000000000000e+00
1.180000000000000000e+02 3.861618581911697402e+04 1.285414588097535749e+01 -1.908967060049339692e-01 3.100000000000000089e+00 1.625236644036301414e-02 1.757293272058283937e-02 1.570796326794896558e+00 1.000000000000000000e+00 1.000000000000000000e+00 0.000000000000000000e+00 0.000000000000000000e+00 -1.000000000000000000e+00 -1.000000000000000000e+00
1.300000000000000000e+02 3.574852817357319873e+04 1.057548504401806788e+01 -1.759553757261099194e-01 2.785673572886287364e+00 1.786218657391143438e-02 3.973579309698031109e-02 1.570796326794896558e+00 1.000000000000000000e+00 1.000000000000000000e+00 0.000000000000000000e+00 0.000000000000000000e+00 -1.000000000000000000e+00 -1.000000000000000000e+00
1.410000000000000000e+02 3.391656077473908954e+04 1.098410105837486306e+01 -6.545247068650880684e-02 0.000000000000000000e+00 3.621325159657094728e-02 1.353265182193856379e-02 1.570796326794896558e+00 1.000000000000000000e+00 1.000000000000000000e+00 0.000000000000000000e+00 0.000000000000000000e+00 -1.000000000000000000e+00 -1.000000000000000000e+00
1.520000000000000000e+02 5.484416436079679897e+02 1.428480045453113156e+01 -1.123284699737920472e-01 3.100000000000000089e+00 1.166098401354088814e-02 1.000000000000000056e-01 1.570796326794896558e+00 1.000000000000000000e+00 1.000000000000000000e+00 0.000000000000000000e+00 0.000000000000000000e+00 -1.000000000000000000e+00 -1.000000000000000000e+00
1.530000000000000000e+02 1.707097957102459259e+04 1.110061170159637989e+01 1.737932006453347666e-01 9.581946022672970242e-01 5.281984607428427854e-03 1.000000000000000021e-02 1.570796326794896558e+00 1.000000000000000000e+00 1.000000000000000000e+00 0.000000000000000000e+00 0.000000000000000000e+00 -1.000000000000000000e+00 -1.000000000000000000e+00
1.640000000000000000e+02 6.647783709839079620e+02 2.036704940303782152e+01 -4.233674686247081154e-02 2.058303952194994846e+00 0.000000000000000000e+00 1.000000000000000056e-01 1.570796326794896558e+00 1.000000000000000000e+00 1.000000000000000000e+00 0.000000000000000000e+00 0.000000000000000000e+00 -1.000000000000000000e+00 -1.000000000000000000e+00
1.650000000000000000e+02 5.000000000000000000e+04 1.029859190259482205e+01 -1.812534199421224901e-01 2.276613221098679141e+00 4.748274613348483358e-02 5.008508761495047978e-02 1.570796326794896558e+00 1.000000000000000000e+00 1.000000000000000000e+00 0.000000000000000000e+00 0.000000000000000000e+00 -1.000000000000000000e+00 -1.000000000000000000e+00
1.840000000000000000e+02 2.943260421789777683e+04 1.696702218936777840e+01 -9.188279424243817051e-02 3.100000000000000089e+00 0.000000000000000000e+00 2.593787270287873162e-02 1.570796326794896558e+00 1.000000000000000000e+00 1.000000000000000000e+00 0.000000000000000000e+00 0.000000000000000000e+00 -1.000000000000000000e+00 -1.000000000000000000e+00
1.880000000000000000e+02 2.762381409332009207e+04 1.345827763360363249e+01 -1.105973337601392215e-01 2.290403368325408806e+00 3.019513792739185465e-02 1.750505350160314055e-02 1.570796326794896558e+00 1.000000000000000000e+00 1.000000000000000000e+00 0.000000000000000000e+00 0.000000000000000000e+00 -1.000000000000000000e+00 -1.000000000000000000e+00
1.950000000000000000e+02 5.000000000000000000e+04 1.145514969810598416e+01 1.622808010624302022e-02 8.768821132665293172e-01 2.331307365500816589e-02 4.593406732638265905e-02 1.570796326794896558e+00 1.000000000000000000e+00 1.000000000000000000e+00 0.000000000000000000e+00 0.000000000000000000e+00 -1.000000000000000000e+00 -1.000000000000000000e+00
2.000000000000000000e+00 6.744970523420701056e+02 1.752403095410921452e+01 -7.818424041323976392e-03 1.483646020275431132e+00 0.000000000000000000e+00 1.000000000000000056e-01 0.000000000000000000e+00 1.000000000000000000e+00 1.000000000000000000e+00 0.000000000000000000e+00 0.000000000000000000e+00 -1.000000000000000000e+00 -1.000000000000000000e+00
8.000000000000000000e+00 5.487063326931340725e+02 1.309486828129697678e+01 -2.065312224140364583e-01 2.827778118570012822e+00 0.000000000000000000e+00 6.269513633911845407e-02 0.000000000000000000e+00 1.000000000000000000e+00 1.000000000000000000e+00 0.000000000000000000e+00 0.000000000000000000e+00 -1.000000000000000000e+00 -1.000000000000000000e+00
1.300000000000000000e+01 5.889950748688655722e+02 1.033985558837347618e+01 -5.775573834203805851e-02 1.486747997765127449e+00 0.000000000000000000e+00 1.565800933655045815e-02 0.000000000000000000e+00 1.000000000000000000e+00 1.000000000000000000e+00 0.000000000000000000e+00 0.000000000000000000e+00 -1.000000000000000000e+00 -1.000000000000000000e+00
7.100000000000000000e+01 6.036823452294972867e+02 1.521283265315934941e+01 -1.345429312060190952e-02 1.986144845366683231e+00 0.000000000000000000e+00 2.574854024875622080e-02 0.000000000000000000e+00 1.000000000000000000e+00 1.000000000000000000e+00 0.000000000000000000e+00 0.000000000000000000e+00 -1.000000000000000000e+00 -1.000000000000000000e+00
7.800000000000000000e+01 6.209414021728108537e+02 1.202145816051129934e+01 -2.393580858385476462e-01 2.383922895024831234e+00 0.000000000000000000e+00 1.000000000000000056e-01 0.000000000000000000e+00 1.000000000000000000e+00 1.000000000000000000e+00 0.000000000000000000e+00 0.000000000000000000e+00 -1.000000000000000000e+00 -1.000000000000000000e+00
1.060000000000000000e+02 4.148616490306234482e+03 1.154225359821150221e+01 -5.518149995524252588e-02 1.511811101962615256e+00 0.000000000000000000e+00 9.000000000000001055e-02 0.000000000000000000e+00 1.000000000000000000e+00 1.000000000000000000e+00 0.000000000000000000e+00 0.000000000000000000e+00 -1.000000000000000000e+00 -1.000000000000000000e+00
1.100000000000000000e+02 1.467799829228077215e+03 1.538729094776448214e+01 1.223780728639839444e-02 8.385772247461384943e-01 0.000000000000000000e+00 9.000000000000001055e-02 0.000000000000000000e+00 1.000000000000000000e+00 1.000000000000000000e+00 0.000000000000000000e+00 0.000000000000000000e+00 -1.000000000000000000e+00 -1.000000000000000000e+00
1.140000000000000000e+02 7.825328902960715823e+03 1.400998968932437627e+01 -9.866954838602326472e-02 2.573712652646780175e+00 0.000000000000000000e+00 1.000000000000000021e-02 0.000000000000000000e+00 1.000000000000000000e+00 1.000000000000000000e+00 0.000000000000000000e+00 0.000000000000000000e+00 -1.000000000000000000e+00 -1.000000000000000000e+00
1.170000000000000000e+02 4.584133780095143038e+02 1.436864436488030350e+01 3.172524061819215202e-02 1.412081645723793244e+00 0.000000000000000000e+00 2.398130149304310843e-01 0.000000000000000000e+00 1.000000000000000000e+00 1.000000000000000000e+00 0.000000000000000000e+00 0.000000000000000000e+00 -1.000000000000000000e+00 -1.000000000000000000e+00
1.210000000000000000e+02 4.297613312055706047e+03 1.213589696131206708e+01 -2.546184970262288516e-01 2.400704388581936577e+00 0.000000000000000000e+00 9.000000000000001055e-02 0.000000000000000000e+00 1.000000000000000000e+00 1.000000000000000000e+00 0.000000000000000000e+00 0.000000000000000000e+00 -1.000000000000000000e+00 -1.000000000000000000e+00
1.420000000000000000e+02 5.725702568756706569e+03 1.258965905514411077e+01 9.281836465833384620e-02 4.253124434737198256e-01 0.000000000000000000e+00 1.449721389706677861e-02 0.000000000000000000e+00 1.000000000000000000e+00 1.000000000000000000e+00 0.000000000000000000e+00 0.000000000000000000e+00 -1.000000000000000000e+00 -1.000000000000000000e+00
1.660000000000000000e+02 3.712929157515306088e+03 1.041456213613802007e+01 -1.293314533032329794e-01 3.100000000000000089e+00 0.000000000000000000e+00 9.000000000000001055e-02 0.000000000000000000e+00 1.000000000000000000e+00 1.000000000000000000e+00 0.000000000000000000e+00 0.000000000000000000e+00 -1.000000000000000000e+00 -1.000000000000000000e+00
1.810000000000000000e+02 5.405694266103679183e+03 1.328084787961571500e+01 -7.285667460550951380e-02 2.515972858733865891e+00 0.000000000000000000e+00 2.238458993161902139e-02 0.000000000000000000e+00 1.000000000000000000e+00 1.000000000000000000e+00 0.000000000000000000e+00 0.000000000000000000e+00 -1.000000000000000000e+00 -1.000000000000000000e+00
1.870000000000000000e+02 8.461808144186650225e+02 1.366474770665902660e+01 -1.616842897373466093e-01 2.913590351602051154e+00 0.000000000000000000e+00 9.000000000000001055e-02 0.000000000000000000e+00 1.000000000000000000e+00 1.000000000000000000e+00 0.000000000000000000e+00 0.000000000000000000e+00 -1.000000000000000000e+00 -1.000000000000000000e+00
2.000000000000000000e+02 7.955838277080473745e+03 2.203145463764139222e+01 -1.128752953304032608e-01 2.193940577014410476e+00 0.000000000000000000e+00 1.280543191069541224e-02 0.000000000000000000e+00 1.000000000000000000e+00 1.000000000000000000e+00 0.000000000000000000e+00 0.000000000000000000e+00 -1.000000000000000000e+00 -1.000000000000000000e+00
3.660000000000000000e+02 6.254063763029930669e+02 1.211368432672288620e+01 5.408542541553598530e-03 1.388396688496706943e+00 0.000000000000000000e+00 9.000000000000001055e-02 -1.000000000000000000e+00 1.000000000000000000e+00 1.000000000000000000e+00 1.300000000000000000e+01 1.000000000000000000e+05 -1.000000000000000000e+00 -1.000000000000000000e+00
3.670000000000000000e+02 8.405741473635091552e+02 3.414018887138082192e+01 -1.071670844672934775e-01 2.275304095018288120e+00 0.000000000000000000e+00 1.000000000000000056e-01 -1.000000000000000000e+00 1.000000000000000000e+00 1.000000000000000000e+00 1.300000000000000000e+01 2.000000000000000000e+05 -1.000000000000000000e+00 -1.000000000000000000e+00
3.680000000000000000e+02 7.882999810563409255e+02 1.567099883702223551e+01 -2.501065992236958246e-01 2.575085161128567890e+00 0.000000000000000000e+00 9.000000000000001055e-02 -1.000000000000000000e+00 1.000000000000000000e+00 1.000000000000000000e+00 1.300000000000000000e+01 3.000000000000000000e+05 -1.000000000000000000e+00 -1.000000000000000000e+00
3.700000000000000000e+02 6.908630800396949780e+02 1.701973209317666047e+01 -2.951683445331779176e-02 4.538105693374727689e-01 0.000000000000000000e+00 1.362590057286085406e-02 -1.000000000000000000e+00 1.000000000000000000e+00 1.000000000000000000e+00 1.300000000000000000e+01 4.000000000000000000e+05 -1.000000000000000000e+00 -1.000000000000000000e+00
3.760000000000000000e+02 1.100423933990323633e+02 1.057187964501237509e+01 -4.181561090454834900e-03 5.222258256043312841e-01 0.000000000000000000e+00 8.297983904854630555e-02 -1.000000000000000000e+00 1.000000000000000000e+00 1.000000000000000000e+00 1.300000000000000000e+01 5.000000000000000000e+05 -1.000000000000000000e+00 -1.000000000000000000e+00
3.750000000000000000e+02 3.187035254021497531e+04 3.015370661594160495e+01 6.716370800454601886e-01 0.000000000000000000e+00 0.000000000000000000e+00 4.050758478813123314e-02 -1.000000000000000000e+00 1.000000000000000000e+00 2.000000000000000000e+00 1.300000000000000000e+01 5.600000000000000000e+05 -1.000000000000000000e+00 -1.000000000000000000e+00
3.770000000000000000e+02 3.791390679505131993e+04 3.751885698980792938e+01 6.305595773683490002e-01 0.000000000000000000e+00 0.000000000000000000e+00 8.017275830742799647e-02 -1.000000000000000000e+00 1.000000000000000000e+00 2.000000000000000000e+00 1.300000000000000000e+01 5.600000000000000000e+05 -1.000000000000000000e+00 -1.000000000000000000e+00
3.800000000000000000e+02 8.396103727631742686e+02 1.971481969907541654e+01 -7.398034450103289916e-02 1.835100702827088925e+00 0.000000000000000000e+00 1.000000000000000056e-01 -1.000000000000000000e+00 1.000000000000000000e+00 1.000000000000000000e+00 1.300000000000000000e+01 6.000000000000000000e+05 -1.000000000000000000e+00 -1.000000000000000000e+00
3.790000000000000000e+02 8.220579197004140951e+03 3.096597059992861389e+01 6.716918762737513759e-01 0.000000000000000000e+00 0.000000000000000000e+00 1.000000000000000021e-02 -1.000000000000000000e+00 1.000000000000000000e+00 2.000000000000000000e+00 1.300000000000000000e+01 6.100000000000000000e+05 -1.000000000000000000e+00 -1.000000000000000000e+00
3.820000000000000000e+02 8.300558059369681132e+02 1.428082631646149636e+01 -4.926592808842725907e-02 2.656105894500131903e+00 0.000000000000000000e+00 2.208197305869819341e-02 -1.000000000000000000e+00 1.000000000000000000e+00 1.000000000000000000e+00 1.300000000000000000e+01 7.000000000000000000e+05 -1.000000000000000000e+00 -1.000000000000000000e+00
3.840000000000000000e+02 3.761421792750914028e+04 5.448766763977415195e+01 6.369899886888702456e-01 0.000000000000000000e+00 0.000000000000000000e+00 4.659342339253611659e-02 -1.000000000000000000e+00 1.000000000000000000e+00 2.000000000000000000e+00 1.300000000000000000e+01 7.600000000000000000e+05 -1.000000000000000000e+00 -1.000000000000000000e+00
3.850000000000000000e+02 1.882712360859201226e+02 1.162971954092739502e+01 4.381983989207965252e-02 1.102018516044441343e+00 0.000000000000000000e+00 8.924775194667185219e-02 -1.000000000000000000e+00 1.000000000000000000e+00 1.000000000000000000e+00 1.300000000000000000e+01 8.000000000000000000e+05 -1.000000000000000000e+00 -1.000000000000000000e+00
3.810000000000000000e+02 2.153024680467668077e+04 7.031314786743182310e+01 9.051378792116556715e-01 0.000000000000000000e+00 0.000000000000000000e+00 1.000000000000000056e-01 -1.000000000000000000e+00 1.000000000000000000e+00 3.000000000000000000e+00 1.300000000000000000e+01 8.300000000000000000e+05 -1.000000000000000000e+00 -1.000000000000000000e+00
3.830000000000000000e+02 1.503044660143842339e+04 4.462325104406062337e+01 8.497521647781638432e-01 0.000000000000000000e+00 0.000000000000000000e+00 1.000000000000000021e-02 -1.000000000000000000e+00 1.000000000000000000e+00 3.000000000000000000e+00 1.300000000000000000e+01 8.900000000000000000e+05 -1.000000000000000000e+00 -1.000000000000000000e+00
3.870000000000000000e+02 8.782947580823905582e+02 1.099813552794774019e+01 -7.056275804427655785e-02 3.100000000000000089e+00 0.000000000000000000e+00 9.000000000000001055e-02 -1.000000000000000000e+00 1.000000000000000000e+00 1.000000000000000000e+00 1.300000000000000000e+01 9.000000000000000000e+05 -1.000000000000000000e+00 -1.000000000000000000e+00
3.880000000000000000e+02 1.287685359094631895e+04 2.837771987839390064e+01 6.750774712781133502e-01 0.000000000000000000e+00 0.000000000000000000e+00 1.000000000000000021e-02 -1.000000000000000000e+00 1.000000000000000000e+00 2.000000000000000000e+00 1.300000000000000000e+01 9.600000000000000000e+05 -1.000000000000000000e+00 -1.000000000000000000e+00
