# id_num orb_a mass spin spin_angle orb_inc orb_ecc orb_arg_periapse orb_ang_mom gen galaxy time_passed gw_freq gw_strain
1.000000000000000000e+01 2.363523786792333703e+04 1.418943787669473977e+01 7.577716239051421332e-02 1.112458463176854595e+00 1.494949740071326028e-02 6.527697704865298434e-02 0.000000000000000000e+00 1.000000000000000000e+00 1.000000000000000000e+00 0.000000000000000000e+00 0.000000000000000000e+00 -1.000000000000000000e+00 -1.000000000000000000e+00
1.100000000000000000e+01 5.734806060596184807e+02 1.063111135188067280e+01 -7.775697657218032244e-02 1.299654990375784136e+00 -1.053584164520584947e-02 9.000000000000001055e-02 1.570796326794896558e+00 1.000000000000000000e+00 1.000000000000000000e+00 0.000000000000000000e+00 0.000000000000000000e+00 -1.000000000000000000e+00 -1.000000000000000000e+00
1.200000000000000000e+01 4.248887997913900472e+04 1.304654284295171962e+01 -2.138735231396242387e-02 8.244995497386510275e-01 3.099246675181064781e+00 8.233939964976028092e-02 0.000000000000000000e+00 1.000000000000000000e+00 1.000000000000000000e+00 0.000000000000000000e+00 0.000000000000000000e+00 -1.000000000000000000e+00 -1.000000000000000000e+00
1.600000000000000000e+01 3.658910819697161969e+02 3.812105876389430392e+01 -1.203667610653330750e-01 3.100000000000000089e+00 3.155425521338473427e+00 4.443808379199924025e-02 1.570796326794896558e+00 1.000000000000000000e+00 1.000000000000000000e+00 0.000000000000000000e+00 0.000000000000000000e+00 -1.000000000000000000e+00 -1.000000000000000000e+00
1.700000000000000000e+01 2.347609294495841095e+04 2.686444030282969919e+01 6.370460497705271452e-02 9.621938336164622685e-01 3.148149622397310665e+00 3.174411622956174739e-02 0.000000000000000000e+00 1.000000000000000000e+00 1.000000000000000000e+00 0.000000000000000000e+00 0.000000000000000000e+00 -1.000000000000000000e+00 -1.000000000000000000e+00
1.900000000000000000e+01 3.717982128501711122e+04 1.525269181347149861e+01 -1.457003125481036998e-01 3.079060000000000130e+00 3.162129140636429803e+00 8.541788951167883504e-02 0.000000000000000000e+00 1.000000000000000000e+00 1.000000000000000000e+00 0.000000000000000000e+00 0.000000000000000000e+00 -1.000000000000000000e+00 -1.000000000000000000e+00
2.200000000000000000e+01 2.848114991642197128e+04 3.951557097869485347e+01 -8.617854284168785517e-02 2.928042361970914609e+00 5.143125867526675624e-03 1.338442904148119499e-02 1.570796326794896558e+00 1.000000000000000000e+00 1.000000000000000000e+00 0.000000000000000000e+00 0.000000000000000000e+00 -1.000000000000000000e+00 -1.000000000000000000e+00
2.300000000000000000e+01 4.016578437633875001e+04 1.057333977505323475e+01 5.312018588293121457e-02 8.950899307754559553e-01 3.139196043456162766e+00 1.561452186106195190e-02 0.000000000000000000e+00 1.000000000000000000e+00 1.000000000000000000e+00 0.000000000000000000e+00 0.000000000000000000e+00 -1.000000000000000000e+00 -1.000000000000000000e+00
2.400000000000000000e+01 2.935101240167935612e+04 1.200573115733662988e+01 -1.235909210220839660e-01 2.341030315472317103e+00 -2.699494371271995985e-02 5.462252766840395429e-02 0.000000000000000000e+00 1.000000000000000000e+00 1.000000000000000000e+00 0.000000000000000000e+00 0.000000000000000000e+00 -1.000000000000000000e+00 -1.000000000000000000e+00
2.600000000000000000e+01 3.407854962596795190e+02 1.217099008272455229e+01 -4.312540109710124442e-02 1.116376584191882460e+00 -9.826985417137999376e-03 2.557013978933291715e-02 0.000000000000000000e+00 1.000000000000000000e+00 1.000000000000000000e+00 0.000000000000000000e+00 0.000000000000000000e+00 -1.000000000000000000e+00 -1.000000000000000000e+00
2.700000000000000000e+01 4.650173673100456654e+04 1.552133549266557644e+01 -4.256205849358848242e-02 1.082531601945242450e+00 3.167028393282175447e+00 4.238097464819198801e-02 0.000000000000000000e+00 1.000000000000000000e+00 1.000000000000000000e+00 0.000000000000000000e+00 0.000000000000000000e+00 -1.000000000000000000e+00 -1.000000000000000000e+00
2.800000000000000000e+01 2.112608593151500827e+04 1.341121944094219565e+01 -9.225642304188150233e-02 2.152435354299047532e+00 3.145758055643186335e+00 1.000000000000000021e-02 0.000000000000000000e+00 1.000000000000000000e+00 1.000000000000000000e+00 0.000000000000000000e+00 0.000000000000000000e+00 -1.000000000000000000e+00 -1.000000000000000000e+00
3.300000000000000000e+01 3.215831228089055367e+04 3.889892024801653037e+01 -2.556679625631626263e-02 2.030368873009261499e+00 2.581769887043126877e-02 5.809872035675670704e-02 1.570796326794896558e+00 1.000000000000000000e+00 1.000000000000000000e+00 0.000000000000000000e+00 0.000000000000000000e+00 -1.000000000000000000e+00 -1.000000000000000000e+00
3.400000000000000000e+01 4.396362349140846345e+04 2.067465649784391246e+01 -8.273818023727277926e-02 3.044160000000000199e+00 3.144312238172031648e+00 1.000000000000000021e-02 0.000000000000000000e+00 1.000000000000000000e+00 1.000000000000000000e+00 0.000000000000000000e+00 0.000000000000000000e+00 -1.000000000000000000e+00 -1.000000000000000000e+00
3.600000000000000000e+01 4.977781837675143470e+04 1.020963061533909055e+01 -1.392981036586762589e-01 3.100000000000000089e+00 3.159430129503500773e+00 2.650864199604262977e-02 0.000000000000000000e+00 1.000000000000000000e+00 1.000000000000000000e+00 0.000000000000000000e+00 0.000000000000000000e+00 -1.000000000000000000e+00 -1.000000000000000000e+00
3.900000000000000000e+01 4.254778062088741990e+02 3.455288955940960705e+01 -1.034531616394584741e-01 3.100000000000000089e+00 3.149687334471800160e+00 4.263704289598350267e-02 0.000000000000000000e+00 1.000000000000000000e+00 1.000000000000000000e+00 0.000000000000000000e+00 0.000000000000000000e+00 -1.000000000000000000e+00 -1.000000000000000000e+00
4.000000000000000000e+01 1.179207657007869784e+04 1.630582564835755832e+01 2.624539331115343863e-04 1.885722439379671211e+00 -2.290360053123468784e-02 4.418032469193556439e-02 1.570796326794896558e+00 1.000000000000000000e+00 1.000000000000000000e+00 0.000000000000000000e+00 0.000000000000000000e+00 -1.000000000000000000e+00 -1.000000000000000000e+00
4.500000000000000000e+01 3.661867378670351172e+04 1.560521333604578231e+01 -1.201092213153216459e-01 2.219331983038400402e+00 3.125614992863287700e+00 1.602377427411003086e-02 1.570796326794896558e+00 1.000000000000000000e+00 1.000000000000000000e+00 0.000000000000000000e+00 0.000000000000000000e+00 -1.000000000000000000e+00 -1.000000000000000000e+00
4.700000000000000000e+01 3.033684835922149068e+04 1.105202097843484488e+01 1.009069975497495775e-01 1.982800324189202490e+00 3.182334459638100910e+00 6.878721369802183461e-02 0.000000000000000000e+00 1.000000000000000000e+00 1.000000000000000000e+00 0.000000000000000000e+00 0.000000000000000000e+00 -1.000000000000000000e+00 -1.000000000000000000e+00
4.800000000000000000e+01 4.627151039328621778e+02 3.649677190328421972e+01 -3.089102880451642837e-03 1.187574460424847045e+00 3.140237392905019576e+00 3.799664941810793756e-02 0.000000000000000000e+00 1.000000000000000000e+00 1.000000000000000000e+00 0.000000000000000000e+00 0.000000000000000000e+00 -1.000000000000000000e+00 -1.000000000000000000e+00
5.100000000000000000e+01 2.492921425349383208e+04 1.568613746219890004e+01 3.068997919954841169e-02 8.233412615128937739e-01 -1.478940309677948851e-02 1.374358671903916709e-02 0.000000000000000000e+00 1.000000000000000000e+00 1.000000000000000000e+00 0.000000000000000000e+00 0.000000000000000000e+00 -1.000000000000000000e+00 -1.000000000000000000e+00
5.700000000000000000e+01 4.030788142464256794e+02 3.735685370190200416e+01 4.952760029454048030e-02 1.728693191712254773e+00 1.255471673335166287e-02 9.000000000000001055e-02 0.000000000000000000e+00 1.000000000000000000e+00 1.000000000000000000e+00 0.000000000000000000e+00 0.000000000000000000e+00 -1.000000000000000000e+00 -1.000000000000000000e+00
6.700000000000000000e+01 1.559545640094872215e+04 1.140438943389076165e+01 -9.386506599953198249e-02 2.046074155053416277e+00 3.121035909449868306e+00 1.622872385034107232e-02 0.000000000000000000e+00 1.000000000000000000e+00 1.000000000000000000e+00 0.000000000000000000e+00 0.000000000000000000e+00 -1.000000000000000000e+00 -1.000000000000000000e+00
6.900000000000000000e+01 2.042436882727233751e+04 1.266561845973064493e+01 -7.307356724796559844e-02 1.974813292888276006e+00 2.942813567081145956e-02 2.881439456124688242e-02 0.000000000000000000e+00 1.000000000000000000e+00 1.000000000000000000e+00 0.000000000000000000e+00 0.000000000000000000e+00 -1.000000000000000000e+00 -1.000000000000000000e+00
7.200000000000000000e+01 4.658387844033798319e+04 3.647200115938125720e+01 4.324553985198294204e-02 1.375608374008136625e+00 3.109647184938830744e+00 2.403439709878509717e-02 0.000000000000000000e+00 1.000000000000000000e+00 1.000000000000000000e+00 0.000000000000000000e+00 0.000000000000000000e+00 -1.000000000000000000e+00 -1.000000000000000000e+00
7.300000000000000000e+01 1.424376435833667892e+04 1.196715866419577523e+01 4.305035974811184663e-02 7.264013843352726818e-01 3.131826971980694818e+00 1.000000000000000021e-02 0.000000000000000000e+00 1.000000000000000000e+00 1.000000000000000000e+00 0.000000000000000000e+00 0.000000000000000000e+00 -1.000000000000000000e+00 -1.000000000000000000e+00
7.600000000000000000e+01 4.214941077366900572e+04 1.286054480976830661e+01 9.448093678844246557e-02 4.942978292482870795e-01 2.257928621385938903e-02 7.052990926658260495e-02 1.570796326794896558e+00 1.000000000000000000e+00 1.000000000000000000e+00 0.000000000000000000e+00 0.000000000000000000e+00 -1.000000000000000000e+00 -1.000000000000000000e+00
8.200000000000000000e+01 5.000000000000000000e+04 1.207882747298917003e+01 -4.258887643173312615e-02 8.332792291932544781e-01 3.176049462412133817e+00 1.737110165301560330e-02 1.570796326794896558e+00 1.000000000000000000e+00 1.000000000000000000e+00 0.000000000000000000e+00 0.000000000000000000e+00 -1.000000000000000000e+00 -1.000000000000000000e+00
8.700000000000000000e+01 3.598118550830361346e+04 1.815514199124569927e+01 -6.234159880405617388e-02 1.688979099943641149e+00 9.178877242674490095e-03 1.124656347295810259e-02 1.570796326794896558e+00 1.000000000000000000e+00 1.000000000000000000e+00 0.000000000000000000e+00 0.000000000000000000e+00 -1.000000000000000000e+00 -1.000000000000000000e+00
8.800000000000000000e+01 1.103919553801185066e+04 1.345066466632398949e+01 -8.349868948008312697e-02 2.399266795967153421e+00 3.149513831399281649e+00 1.000000000000000021e-02 1.570796326794896558e+00 1.000000000000000000e+00 1.000000000000000000e+00 0.000000000000000000e+00 0.000000000000000000e+00 -1.000000000000000000e+00 -1.000000000000000000e+00
8.900000000000000000e+01 4.358402916394943168e+04 1.526292134584289428e+01 -2.705582424617224840e-02 1.513785183230353271e+00 2.321905979605572504e-02 1.046183999317869436e-02 0.000000000000000000e+00 1.000000000000000000e+00 1.000000000000000000e+00 0.000000000000000000e+00 0.000000000000000000e+00 -1.000000000000000000e+00 -1.000000000000000000e+00
9.100000000000000000e+01 1.108448934478749106e+04 1.039223816385785248e+01 -1.041784856788560282e-01 2.586726227155936364e+00 3.116840466417017730e+00 9.000000000000001055e-02 0.000000000000000000e+00 1.000000000000000000e+00 1.000000000000000000e+00 0.000000000000000000e+00 0.000000000000000000e+00 -1.000000000000000000e+00 -1.000000000000000000e+00
9.300000000000000000e+01 4.725376153234040976e+04 1.392386830960495558e+01 -9.035770026780541586e-02 2.219586299206690594e+00 4.711887374991744620e-02 8.558496410903809748e-02 1.570796326794896558e+00 1.000000000000000000e+00 1.000000000000000000e+00 0.000000000000000000e+00 0.000000000000000000e+00 -1.000000000000000000e+00 -1.000000000000000000e+00
9.400000000000000000e+01 1.365322302978692824e+04 1.489808507014224936e+01 1.402212308201489233e-02 9.110015269124716042e-01 3.131432293860996197e+00 1.000000000000000021e-02 1.570796326794896558e+00 1.000000000000000000e+00 1.000000000000000000e+00 0.000000000000000000e+00 0.000000000000000000e+00 -1.000000000000000000e+00 -1.000000000000000000e+00
9.600000000000000000e+01 2.244802153106535479e+04 1.297516153517454462e+01 -7.387654998252589367e-02 2.875730221341103121e+00 -2.825320240320192827e-02 1.000000000000000021e-02 1.570796326794896558e+00 1.000000000000000000e+00 1.000000000000000000e+00 0.000000000000000000e+00 0.000000000000000000e+00 -1.000000000000000000e+00 -1.000000000000000000e+00
9.800000000000000000e+01 2.257867954034934519e+04 1.154901831427236658e+01 -7.620201270958609774e-03 1.694828062690581838e+00 -4.219956602832891646e-02 9.000000000000001055e-02 1.570796326794896558e+00 1.000000000000000000e+00 1.000000000000000000e+00 0.000000000000000000e+00 0.000000000000000000e+00 -1.000000000000000000e+00 -1.000000000000000000e+00
9.900000000000000000e+01 2.882457871066223015e+04 1.423913720819837714e+01 -5.996021218026624522e-02 1.516305996100601572e+00 -1.094435974573067759e-02 1.000000000000000021e-02 0.000000000000000000e+00 1.000000000000000000e+00 1.000000000000000000e+00 0.000000000000000000e+00 0.000000000000000000e+00 -1.000000000000000000e+00 -1.000000000000000000e+00
1.000000000000000000e+02 5.000000000000000000e+04 1.308872309748663909e+01 -1.032843564313835338e-01 2.513911348367111831e+00 1.965806580847729440e-02 6.949052493305106493e-02 0.000000000000000000e+00 1.000000000000000000e+00 1.000000000000000000e+00 0.000000000000000000e+00 0.000000000000000000e+00 -1.000000000000000000e+00 -1.000000000000000000e+00
1.040000000000000000e+02 4.841652143910852465e+04 1.532108332332304457e+01 -2.004073733533266177e-01 2.620371871466532276e+00 3.102201912066292699e+00 5.172875328261404559e-02 1.570796326794896558e+00 1.000000000000000000e+00 1.000000000000000000e+00 0.000000000000000000e+00 0.000000000000000000e+00 -1.000000000000000000e+00 -1.000000000000000000e+00
1.050000000000000000e+02 1.760266812781603221e+04 1.439792022923833414e+01 -6.893271920645338557e-02 2.060178384802081375e+00 2.760881740170557192e-04 1.000000000000000021e-02 1.570796326794896558e+00 1.000000000000000000e+00 1.000000000000000000e+00 0.000000000000000000e+00 0.000000000000000000e+00 -1.000000000000000000e+00 -1.000000000000000000e+00
1.110000000000000000e+02 1.145175446718644707e+04 1.169483373144435134e+01 -2.564287790589019900e-01 3.100000000000000089e+00 3.146756434200630892e+00 1.591743655485940850e-02 0.000000000000000000e+00 1.000000000000000000e+00 1.000000000000000000e+00 0.000000000000000000e+00 0.000000000000000000e+00 -1.000000000000000000e+00 -1.000000000000000000e+00
1.150000000000000000e+02 5.000000000000000000e+04 1.566656809410171469e+01 -1.025544517174570985e-01 3.100000000000000089e+00 3.134004966561629413e+00 1.860495555595554837e-02 1.570796326794896558e+00 1.000000000000000000e+00 1.000000000000000000e+00 0.000000000000000000e+00 0.000000000000000000e+00 -1.000000000000000000e+00 -1.000000000000000000e+00
1.190000000000000000e+02 4.421879460229611709e+02 1.027521261674616149e+01 -1.680234447582835966e-02 9.361675045111755855e-01 -7.961266287786761264e-03 1.696728557556270375e-02 1.570796326794896558e+00 1.000000000000000000e+00 1.000000000000000000e+00 0.000000000000000000e+00 0.000000000000000000e+00 -1.000000000000000000e+00 -1.000000000000000000e+00
1.220000000000000000e+02 4.272683404855779372e+04 1.588492229402199918e+01 5.489688340917733660e-03 5.840396562129855917e-01 -4.140746205690102461e-02 8.098695874635696013e-02 0.000000000000000000e+00 1.000000000000000000e+00 1.000000000000000000e+00 0.000000000000000000e+00 0.000000000000000000e+00 -1.000000000000000000e+00 -1.000000000000000000e+00
1.240000000000000000e+02 3.355236253280138772e+04 1.032161983938611094e+01 1.023333232767548173e-02 1.587873574921298880e+00 3.159320905758613574e+00 4.378015655610838219e-02 0.000000000000000000e+00 1.000000000000000000e+00 1.000000000000000000e+00 0.000000000000000000e+00 0.000000000000000000e+00 -1.000000000000000000e+00 -1.000000000000000000e+00
1.250000000000000000e+02 2.838989051476432724e+04 2.587151952319977610e+01 3.300284623534532891e-02 7.368962303170977224e-01 3.167873527953681823e+00 8.639692599129786266e-02 1.570796326794896558e+00 1.000000000000000000e+00 1.000000000000000000e+00 0.000000000000000000e+00 0.000000000000000000e+00 -1.000000000000000000e+00 -1.000000000000000000e+00
1.270000000000000000e+02 3.203288057338951694e+04 3.121680736326321082e+01 -6.275796075516103245e-02 1.476587737120815147e+00 1.450977659178164479e-02 1.634363001132714890e-02 1.570796326794896558e+00 1.000000000000000000e+00 1.000000000000000000e+00 0.000000000000000000e+00 0.000000000000000000e+00 -1.000000000000000000e+00 -1.000000000000000000e+00
1.280000000000000000e+02 4.234127802048043668e+04 2.426991295258704540e+01 -1.152635788511846004e-01 3.100000000000000089e+00 3.125493314685297896e+00 1.370879967792324947e-02 1.570796326794896558e+00 1.000000000000000000e+00 1.000000000000000000e+00 0.000000000000000000e+00 0.000000000000000000e+00 -1.000000000000000000e+00 -1.000000000000000000e+00
1.290000000000000000e+02 3.504518761929244647e+04 1.418327462562566765e+01 -1.019625898408210440e-01 2.329391525274744801e+00 2.627421092183208212e-02 2.982320130744585754e-02 1.570796326794896558e+00 1.000000000000000000e+00 1.000000000000000000e+00 0.000000000000000000e+00 0.000000000000000000e+00 -1.000000000000000000e+00 -1.000000000000000000e+00
1.320000000000000000e+02 2.925985123720967385e+04 1.030523023870369670e+01 -1.237050502481145120e-01 2.510153339956905594e+00 -3.007108391352332835e-02 1.348239294428196094e-02 1.570796326794896558e+00 1.000000000000000000e+00 1.000000000000000000e+00 0.000000000000000000e+00 0.000000000000000000e+00 -1.000000000000000000e+00 -1.000000000000000000e+00
1.360000000000000000e+02 1.774929723560896309e+04 1.433775933291014226e+01 8.741714432217037589e-03 1.916651573457536450e+00 6.387540604114305166e-03 1.000000000000000021e-02 0.000000000000000000e+00 1.000000000000000000e+00 1.000000000000000000e+00 0.000000000000000000e+00 0.000000000000000000e+00 -1.000000000000000000e+00 -1.000000000000000000e+00
1.380000000000000000e+02 4.035814708960112398e+02 1.289393038303211370e+01 -2.564603077175160034e-02 1.954703489092924906e+00 3.140529544188133571e+00 2.675646643301024877e-02 1.570796326794896558e+00 1.000000000000000000e+00 1.000000000000000000e+00 0.000000000000000000e+00 0.000000000000000000e+00 -1.000000000000000000e+00 -1.000000000000000000e+00
1.390000000000000000e+02 1.432116090854526738e+04 1.071934099376588634e+01 -1.658662411560677674e-01 2.896486163710540573e+00 2.509773897984931071e-02 1.000000000000000056e-01 1.570796326794896558e+00 1.000000000000000000e+00 1.000000000000000000e+00 0.000000000000000000e+00 0.000000000000000000e+00 -1.000000000000000000e+00 -1.000000000000000000e+00
1.500000000000000000e+02 4.935440383353544166e+04 1.200706763643314723e+01 -2.355762451144228775e-01 2.334527748720161888e+00 3.187335980396853952e+00 3.234674604272471526e-02 1.570796326794896558e+00 1.000000000000000000e+00 1.000000000000000000e+00 0.000000000000000000e+00 0.000000000000000000e+00 -1.000000000000000000e+00 -1.000000000000000000e+00
1.510000000000000000e+02 3.865873599213639682e+04 3.244836930314618684e+01 -1.258837727730665462e-02 5.910445397062086270e-01 -2.361528515162180861e-02 4.020525861583511273e-02 0.000000000000000000e+00 1.000000000000000000e+00 1.000000000000000000e+00 0.000000000000000000e+00 0.000000000000000000e+00 -1.000000000000000000e+00 -1.000000000000000000e+00
1.540000000000000000e+02 5.000000000000000000e+04 1.071959007123820662e+01 5.933231467018787453e-02 1.756933703043071171e+00 -4.133422792540612095e-02 3.132336727809060389e-02 0.000000000000000000e+00 1.000000000000000000e+00 1.000000000000000000e+00 0.000000000000000000e+00 0.000000000000000000e+00 -1.000000000000000000e+00 -1.000000000000000000e+00
1.570000000000000000e+02 4.765961353388205453e+02 1.239639087489792857e+01 -1.166542456279108519e-01 2.596850327716486273e+00 1.128891072460020371e-02 2.619705069619867807e-02 0.000000000000000000e+00 1.000000000000000000e+00 1.000000000000000000e+00 0.000000000000000000e+00 0.000000000000000000e+00 -1.000000000000000000e+00 -1.000000000000000000e+00
1.600000000000000000e+02 4.998777842177739217e+02 1.578756837573986438e+01 -8.420437947359656061e-02 2.631563359314966100e+00 3.138803196716346999e+00 4.064414492454778566e-02 1.570796326794896558e+00 1.000000000000000000e+00 1.000000000000000000e+00 0.000000000000000000e+00 0.000000000000000000e+00 -1.000000000000000000e+00 -1.000000000000000000e+00
1.620000000000000000e+02 5.000000000000000000e+04 1.150178096573268327e+01 -3.666284132662109840e-01 3.100000000000000089e+00 -6.098835053098226704e-03 2.496151580906346423e-01 1.570796326794896558e+00 1.000000000000000000e+00 1.000000000000000000e+00 0.000000000000000000e+00 0.000000000000000000e+00 -1.000000000000000000e+00 -1.000000000000000000e+00
1.630000000000000000e+02 1.343380911502637355e+04 1.098218517007238404e+01 -1.096239523795015935e-02 1.203147241063207806e+00 3.126857498644456612e+00 7.361806842420291763e-02 1.570796326794896558e+00 1.000000000000000000e+00 1.000000000000000000e+00 0.000000000000000000e+00 0.000000000000000000e+00 -1.000000000000000000e+00 -1.000000000000000000e+00
1.680000000000000000e+02 1.323799324616862577e+04 1.128696993855748154e+01 -1.186789238273861652e-02 1.817966670200672930e+00 3.144018694021253779e+00 1.000000000000000021e-02 0.000000000000000000e+00 1.000000000000000000e+00 1.000000000000000000e+00 0.000000000000000000e+00 0.000000000000000000e+00 -1.000000000000000000e+00 -1.000000000000000000e+00
1.700000000000000000e+02 3.690397477908896690e+04 3.437854991168856600e+01 -1.140948865851573457e-01 3.093020000000000103e+00 1.843748995435311178e-02 1.000000000000000021e-02 1.570796326794896558e+00 1.000000000000000000e+00 1.000000000000000000e+00 0.000000000000000000e+00 0.000000000000000000e+00 -1.000000000000000000e+00 -1.000000000000000000e+00
1.740000000000000000e+02 5.000000000000000000e+04 2.046683895412923704e+01 -9.059360147499255500e-02 2.465909235912013386e+00 -9.979748252553891086e-03 1.335746685284737272e-02 0.000000000000000000e+00 1.000000000000000000e+00 1.000000000000000000e+00 0.000000000000000000e+00 0.000000000000000000e+00 -1.000000000000000000e+00 -1.000000000000000000e+00
1.770000000000000000e+02 5.000000000000000000e+04 1.258126195516459767e+01 -1.100053036937298501e-02 1.017075393692340235e+00 3.171826202137507433e+00 6.733497588687660518e-02 0.000000000000000000e+00 1.000000000000000000e+00 1.000000000000000000e+00 0.000000000000000000e+00 0.000000000000000000e+00 -1.000000000000000000e+00 -1.000000000000000000e+00
1.820000000000000000e+02 3.093625402493251386e+04 1.260014668623662359e+01 1.847433108297704893e-03 1.986592536158194422e+00 3.180419225388337434e+00 9.443586471471195065e-02 1.570796326794896558e+00 1.000000000000000000e+00 1.000000000000000000e+00 0.000000000000000000e+00 0.000000000000000000e+00 -1.000000000000000000e+00 -1.000000000000000000e+00
1.830000000000000000e+02 4.460589029868769285e+04 1.462045451196581247e+01 -3.674782270207559154e-02 1.865821179883491610e+00 3.181105538386579390e+00 1.542161942853323420e-02 1.570796326794896558e+00 1.000000000000000000e+00 1.000000000000000000e+00 0.000000000000000000e+00 0.000000000000000000e+00 -1.000000000000000000e+00 -1.000000000000000000e+00
1.890000000000000000e+02 4.804663356334011769e+04 1.276310650861619855e+01 -1.548805497238342488e-01 2.256060839742554780e+00 -4.386271796490621988e-02 2.738273058970364104e-02 1.570796326794896558e+00 1.000000000000000000e+00 1.000000000000000000e+00 0.000000000000000000e+00 0.000000000000000000e+00 -1.000000000000000000e+00 -1.000000000000000000e+00
1.900000000000000000e+02 4.040807489416508179e+04 2.255847534525205589e+01 -1.351334998990556258e-01 3.042297021302557525e+00 3.177694693220004751e+00 8.954648898032113724e-02 1.570796326794896558e+00 1.000000000000000000e+00 1.000000000000000000e+00 0.000000000000000000e+00 0.000000000000000000e+00 -1.000000000000000000e+00 -1.000000000000000000e+00
1.910000000000000000e+02 5.308556267311486181e+02 1.418688476591922232e+01 -7.169007052848275219e-02 6.295598898873351335e-01 -1.276721343487153063e-02 7.664274454121862423e-02 1.570796326794896558e+00 1.000000000000000000e+00 1.000000000000000000e+00 0.000000000000000000e+00 0.000000000000000000e+00 -1.000000000000000000e+00 -1.000000000000000000e+00
1.920000000000000000e+02 5.086317569379774000e+02 2.239318554578127518e+01 -1.800285235785805127e-01 2.654193809971096218e+00 3.149005445887097743e+00 2.073214698746466550e-02 1.570796326794896558e+00 1.000000000000000000e+00 1.000000000000000000e+00 0.000000000000000000e+00 0.000000000000000000e+00 -1.000000000000000000e+00 -1.000000000000000000e+00
1.970000000000000000e+02 5.000000000000000000e+04 1.344532086203324894e+01 -2.451633312080106208e-01 3.100000000000000089e+00 9.944507026308157041e-03 1.008733589702485479e-02 0.000000000000000000e+00 1.000000000000000000e+00 1.000000000000000000e+00 0.000000000000000000e+00 0.000000000000000000e+00 -1.000000000000000000e+00 -1.000000000000000000e+00
1.990000000000000000e+02 1.945944570396646668e+04 1.045148155276795165e+01 -3.256352180734046198e-01 2.735985036379975810e+00 3.154811732659521972e+00 3.995836564329766777e-02 1.570796326794896558e+00 1.000000000000000000e+00 1.000000000000000000e+00 0.000000000000000000e+00 0.000000000000000000e+00 -1.000000000000000000e+00 -1.000000000000000000e+00
3.650000000000000000e+02 6.420676837267184283e+02 3.389366479864369097e+01 -1.572830082720375056e-02 1.994589423074215384e+00 0.000000000000000000e+00 1.232081836148308379e-02 -1.000000000000000000e+00 1.000000000000000000e+00 1.000000000000000000e+00 1.300000000000000000e+01 0.000000000000000000e+00 -1.000000000000000000e+00 -1.000000000000000000e+00
5.000000000000000000e+00 2.701318847541002469e+04 1.254333342362547299e+01 -2.950943051135079126e-02 5.639278707544511660e-01 1.836458274526028139e-02 8.463561931026274132e-02 1.570796326794896558e+00 1.000000000000000000e+00 1.000000000000000000e+00 0.000000000000000000e+00 0.000000000000000000e+00 -1.000000000000000000e+00 -1.000000000000000000e+00
6.000000000000000000e+00 1.648434179762279018e+04 1.105569240312989443e+01 -1.644709440876120365e-01 2.059422215332070039e+00 2.719011471898117802e-02 1.000000000000000021e-02 1.570796326794896558e+00 1.000000000000000000e+00 1.000000000000000000e+00 0.000000000000000000e+00 0.000000000000000000e+00 -1.000000000000000000e+00 -1.000000000000000000e+00
1.500000000000000000e+01 8.127734163615015859e+03 1.380898554154721047e+01 -2.295984646678870533e-01 3.086040000000000116e+00 8.132752982867280656e-03 1.000000000000000021e-02 1.570796326794896558e+00 1.000000000000000000e+00 1.000000000000000000e+00 0.000000000000000000e+00 0.000000000000000000e+00 -1.000000000000000000e+00 -1.000000000000000000e+00
2.000000000000000000e+01 2.428375342635160996e+04 1.348273520604759135e+01 -4.449270595814901197e-02 1.211292108678705626e+00 0.000000000000000000e+00 7.888503593874129916e-02 1.570796326794896558e+00 1.000000000000000000e+00 1.000000000000000000e+00 0.000000000000000000e+00 0.000000000000000000e+00 -1.000000000000000000e+00 -1.000000000000000000e+00
3.500000000000000000e+01 6.085399659177327294e+02 1.567040496446355924e+01 -1.767874993075504719e-01 2.820521247157012912e+00 0.000000000000000000e+00 5.747306569934539783e-02 1.570796326794896558e+00 1.000000000000000000e+00 1.000000000000000000e+00 0.000000000000000000e+00 0.000000000000000000e+00 -1.000000000000000000e+00 -1.000000000000000000e+00
4.100000000000000000e+01 4.076239790951545729e+04 1.158854154787057489e+01 -1.509865389113873302e-01 2.445493948296646458e+00 0.000000000000000000e+00 6.351688598947761999e-02 1.570796326794896558e+00 1.000000000000000000e+00 1.000000000000000000e+00 0.000000000000000000e+00 0.000000000000000000e+00 -1.000000000000000000e+00 -1.000000000000000000e+00
4.600000000000000000e+01 3.038651052090825033e+04 2.487735441959592819e+01 -2.196991817335366415e-01 2.717270842847898660e+00 0.000000000000000000e+00 1.617478873458036426e-02 1.570796326794896558e+00 1.000000000000000000e+00 1.000000000000000000e+00 0.000000000000000000e+00 0.000000000000000000e+00 -1.000000000000000000e+00 -1.000000000000000000e+00
5.000000000000000000e+01 2.124577313970721661e+04 1.739610068085022831e+01 -1.893197779284549465e-01 2.132256789983224987e+00 1.305544855145492934e-02 2.456837678964472402e-02 1.570796326794896558e+00 1.000000000000000000e+00 1.000000000000000000e+00 0.000000000000000000e+00 0.000000000000000000e+00 -1.000000000000000000e+00 -1.000000000000000000e+00
5.800000000000000000e+01 3.331026115414402739e+04 1.946056380447237544e+01 -6.309418489820553533e-02 1.330888122401425511e+00 1.747923201825766354e-02 3.767498420930411734e-02 1.570796326794896558e+00 1.000000000000000000e+00 1.000000000000000000e+00 0.000000000000000000e+00 0.000000000000000000e+00 -1.000000000000000000e+00 -1.000000000000000000e+00
6.600000000000000000e+01 2.185074095409509755e+04 1.141315012197548029e+01 1.143028375261564700e-01 7.106568449446080127e-01 0.000000000000000000e+00 1.000000000000000056e-01 1.570796326794896558e+00 1.000000000000000000e+00 1.000000000000000000e+00 0.000000000000000000e+00 0.000000000000000000e+00 -1.000000000000000000e+00 -1.000000000000000000e+00
7.000000000000000000e+01 5.766066241297866100e+02 1.211728469025171329e+01 2.453730188694490388e-02 9.870885308592265428e-01 0.000000000000000000e+00 2.729302553575998005e-02 1.570796326794896558e+00 1.000000000000000000e+00 1.000000000000000000e+00 0.000000000000000000e+00 0.000000000000000000e+00 -1.000000000000000000e+00 -1.000000000000000000e+00
8.100000000000000000e+01 3.919906120562687283e+04 1.437737121648421201e+01 -8.287492647150827840e-02 3.100000000000000089e+00 0.000000000000000000e+00 1.001449707916839474e-02 1.570796326794896558e+00 1.000000000000000000e+00 1.000000000000000000e+00 0.000000000000000000e+00 0.000000000000000000e+00 -1.000000000000000000e+00 -1.000000000000000000e+00
8.500000000000000000e+01 1.650704127441623132e+04 1.649048876781461459e+01 2.688426286905608309e-02 1.308502072299218888e+00 1.968672459537870040e-02 2.334399359440868238e-02 1.570796326794896558e+00 1.000000000000000000e+00 1.000000000000000000e+00 0.000000000000000000e+00 0.000000000000000000e+00 -1.000000000000000000e+00 -1.000000000000000000e+00
8.600000000000000000e+01 3.582744335083840269e+04 1.313795322127009868e+01 1.374999813215919131e-01 1.075402843531851005e+00 0.000000000000000000e+00 1.000000000000000021e-02 1.570796326794896558e+00 1.000000000000000000e+00 1.000000000000000000e+00 0.000000000000000000e+00 0.000000000000000000e+00 -1.000000000000000000e+00 -1.000000000000000000e+00
9.200000000000000000e+01 2.455025741657645995e+04 1.361585685918210054e+01 -3.844927374631830486e-02 0.000000000000000000e+00 2.492386420473198527e-02 7.921763275145309036e-02 1.570796326794896558e+00 1.000000000000000000e+00 1.000000000000000000e+00 0.000000000000000000e+00 0.000000000000000000e+00 -1.000000000000000000e+00 -1.000000000000000000e+00
9.500000000000000000e+01 5.000000000000000000e+04 3.497017622393624237e+01 5.370324310816250446e-02 1.179043535511395291e+00 1.918708531144956708e-02 1.000000000000000021e-02 1.570796326794896558e+00 1.000000000000000000e+00 1.000000000000000000e+00 0.000000000000000000e+00 0.000000000000000000e+00 -1.000000000000000000e+00 -1.000000000000000000e+00
1.030000000000000000e+02 1.825118371689357446e+04 1.482466046935264714e+01 -1.198013399682042318e-01 3.100000000000000089e+00 2.411284990955737256e-02 5.777678018678740479e-02 1.570796326794896558e+00 1.000000000000000000e+00 1.000000000000000000e+00 0.000000000000000000e+00 0.000000000000000000e+00 -1.000000000000000000e+00 -1.000000000000000000e+00
1.180000000000000000e+02 3.811447835560178646e+04 1.280103972262742573e+01 -1.728967060049339532e-01 2.987398276106369988e+00 1.625236644036301414e-02 3.607488639611736159e-02 1.570796326794896558e+00 1.000000000000000000e+00 1.000000000000000000e+00 0.000000000000000000e+00 0.000000000000000000e+00 -1.000000000000000000e+00 -1.000000000000000000e+00
1.300000000000000000e+02 3.539842942889953702e+04 1.053179304078780731e+01 -1.579553757261099034e-01 2.660033572886287612e+00 1.786218657391143438e-02 8.351269904690461487e-02 1.570796326794896558e+00 1.000000000000000000e+00 1.000000000000000000e+00 0.000000000000000000e+00 0.000000000000000000e+00 -1.000000000000000000e+00 -1.000000000000000000e+00
1.410000000000000000e+02 3.358817938194813905e+04 1.093872088177526258e+01 -4.745247068650879085e-02 0.000000000000000000e+00 3.621325159657094728e-02 3.340042443944934991e-02 1.570796326794896558e+00 1.000000000000000000e+00 1.000000000000000000e+00 0.000000000000000000e+00 0.000000000000000000e+00 -1.000000000000000000e+00 -1.000000000000000000e+00
1.520000000000000000e+02 6.256034275337311783e+02 1.422578362977035837e+01 -9.432846997379203124e-02 3.100000000000000089e+00 1.166098401354088814e-02 4.269203024926249840e-02 1.570796326794896558e+00 1.000000000000000000e+00 1.000000000000000000e+00 0.000000000000000000e+00 0.000000000000000000e+00 -1.000000000000000000e+00 -1.000000000000000000e+00
1.530000000000000000e+02 1.919900953854784166e+04 1.105475016803028510e+01 1.857932006453347773e-01 8.744346022672971896e-01 5.281984607428427854e-03 6.889706244355849052e-02 1.570796326794896558e+00 1.000000000000000000e+00 1.000000000000000000e+00 0.000000000000000000e+00 0.000000000000000000e+00 -1.000000000000000000e+00 -1.000000000000000000e+00
1.640000000000000000e+02 6.069361228870695868e+02 2.028290411943102356e+01 -2.433674686247079555e-02 1.932663952194995094e+00 0.000000000000000000e+00 2.515233419870946396e-02 1.570796326794896558e+00 1.000000000000000000e+00 1.000000000000000000e+00 0.000000000000000000e+00 0.000000000000000000e+00 -1.000000000000000000e+00 -1.000000000000000000e+00
1.650000000000000000e+02 5.000000000000000000e+04 1.025604386732245388e+01 -1.632534199421224741e-01 2.150973221098679389e+00 4.748274613348483358e-02 6.496904061007634235e-02 1.570796326794896558e+00 1.000000000000000000e+00 1.000000000000000000e+00 0.000000000000000000e+00 0.000000000000000000e+00 -1.000000000000000000e+00 -1.000000000000000000e+00
1.840000000000000000e+02 2.642428207393933917e+04 1.689692392104059238e+01 -8.188279424243816162e-02 3.100000000000000089e+00 0.000000000000000000e+00 1.259420111641374428e-02 1.570796326794896558e+00 1.000000000000000000e+00 1.000000000000000000e+00 0.000000000000000000e+00 0.000000000000000000e+00 -1.000000000000000000e+00 -1.000000000000000000e+00
1.880000000000000000e+02 2.487816862542773015e+04 1.340267553995084704e+01 -9.659733376013920902e-02 2.192683368325408999e+00 3.019513792739185465e-02 1.000000000000000021e-02 1.570796326794896558e+00 1.000000000000000000e+00 1.000000000000000000e+00 0.000000000000000000e+00 0.000000000000000000e+00 -1.000000000000000000e+00 -1.000000000000000000e+00
1.950000000000000000e+02 5.000000000000000000e+04 1.140782341136551281e+01 3.422808010624303621e-02 7.512421132665295653e-01 2.331307365500816589e-02 6.135117433402005604e-02 1.570796326794896558e+00 1.000000000000000000e+00 1.000000000000000000e+00 0.000000000000000000e+00 0.000000000000000000e+00 -1.000000000000000000e+00 -1.000000000000000000e+00
2.000000000000000000e+00 9.254371973305545680e+02 1.745163143636915848e+01 1.018157595867602572e-02 1.358006020275431380e+00 0.000000000000000000e+00 9.000000000000001055e-02 0.000000000000000000e+00 1.000000000000000000e+00 1.000000000000000000e+00 0.000000000000000000e+00 0.000000000000000000e+00 -1.000000000000000000e+00 -1.000000000000000000e+00
8.000000000000000000e+00 5.013626972681267944e+02 1.304076759231062255e+01 -1.885312224140364423e-01 2.702138118570013070e+00 0.000000000000000000e+00 3.980644712250944878e-02 0.000000000000000000e+00 1.000000000000000000e+00 1.000000000000000000e+00 0.000000000000000000e+00 0.000000000000000000e+00 -1.000000000000000000e+00 -1.000000000000000000e+00
1.300000000000000000e+01 6.146127702393850996e+02 1.029713707457602112e+01 -3.975573834203804252e-02 1.361107997765127697e+00 0.000000000000000000e+00 1.711316113438544895e-02 0.000000000000000000e+00 1.000000000000000000e+00 1.000000000000000000e+00 0.000000000000000000e+00 0.000000000000000000e+00 -1.000000000000000000e+00 -1.000000000000000000e+00
7.100000000000000000e+01 7.125532220421331431e+02 1.514998171718273312e+01 4.545706879398096062e-03 1.860504845366683480e+00 0.000000000000000000e+00 2.353359630823580531e-02 0.000000000000000000e+00 1.000000000000000000e+00 1.000000000000000000e+00 0.000000000000000000e+00 0.000000000000000000e+00 -1.000000000000000000e+00 -1.000000000000000000e+00
7.800000000000000000e+01 5.983709831650905926e+02 1.197179220319631376e+01 -2.213580858385476302e-01 2.258282895024831483e+00 0.000000000000000000e+00 3.374353023941621676e-02 0.000000000000000000e+00 1.000000000000000000e+00 1.000000000000000000e+00 0.000000000000000000e+00 0.000000000000000000e+00 -1.000000000000000000e+00 -1.000000000000000000e+00
1.060000000000000000e+02 5.717090443020649218e+03 1.149456744675854480e+01 -3.918149995524251167e-02 1.400131101962615476e+00 0.000000000000000000e+00 9.000000000000001055e-02 0.000000000000000000e+00 1.000000000000000000e+00 1.000000000000000000e+00 0.000000000000000000e+00 0.000000000000000000e+00 -1.000000000000000000e+00 -1.000000000000000000e+00
1.100000000000000000e+02 4.390259580920422195e+03 1.532371924745983272e+01 3.023780728639841042e-02 7.129372247461387424e-01 0.000000000000000000e+00 9.000000000000001055e-02 0.000000000000000000e+00 1.000000000000000000e+00 1.000000000000000000e+00 0.000000000000000000e+00 0.000000000000000000e+00 -1.000000000000000000e+00 -1.000000000000000000e+00
1.140000000000000000e+02 7.557860213429283249e+03 1.395210822930490657e+01 -8.466954838602325228e-02 2.475992652646780368e+00 0.000000000000000000e+00 9.000000000000001055e-02 0.000000000000000000e+00 1.000000000000000000e+00 1.000000000000000000e+00 0.000000000000000000e+00 0.000000000000000000e+00 -1.000000000000000000e+00 -1.000000000000000000e+00
1.170000000000000000e+02 4.535321328517292159e+02 1.430928114386568417e+01 4.972524061819216801e-02 1.286441645723793492e+00 0.000000000000000000e+00 2.799483393590926350e-01 0.000000000000000000e+00 1.000000000000000000e+00 1.000000000000000000e+00 0.000000000000000000e+00 0.000000000000000000e+00 -1.000000000000000000e+00 -1.000000000000000000e+00
1.210000000000000000e+02 6.806644729516495318e+03 1.208575820672740875e+01 -2.506184970262288481e-01 2.372784388581936632e+00 0.000000000000000000e+00 1.000000000000000021e-02 0.000000000000000000e+00 1.000000000000000000e+00 1.000000000000000000e+00 0.000000000000000000e+00 0.000000000000000000e+00 -1.000000000000000000e+00 -1.000000000000000000e+00
1.420000000000000000e+02 9.451985191296967969e+03 1.253764560878058987e+01 1.008183646583338533e-01 3.694724434737199359e-01 0.000000000000000000e+00 1.000000000000000021e-02 0.000000000000000000e+00 1.000000000000000000e+00 1.000000000000000000e+00 0.000000000000000000e+00 0.000000000000000000e+00 -1.000000000000000000e+00 -1.000000000000000000e+00
1.660000000000000000e+02 5.273621643812972252e+03 1.037153497657040546e+01 -1.113314533032329634e-01 3.100000000000000089e+00 0.000000000000000000e+00 9.000000000000001055e-02 0.000000000000000000e+00 1.000000000000000000e+00 1.000000000000000000e+00 0.000000000000000000e+00 0.000000000000000000e+00 -1.000000000000000000e+00 -1.000000000000000000e+00
1.810000000000000000e+02 6.335235989966012312e+03 1.322597882670310554e+01 -6.285667460550950492e-02 2.446172858733866029e+00 0.000000000000000000e+00 1.720055710240890948e-02 0.000000000000000000e+00 1.000000000000000000e+00 1.000000000000000000e+00 0.000000000000000000e+00 0.000000000000000000e+00 -1.000000000000000000e+00 -1.000000000000000000e+00
1.870000000000000000e+02 2.406462172832153556e+03 1.360829259387176648e+01 -1.436842897373465933e-01 2.787950351602051402e+00 0.000000000000000000e+00 9.000000000000001055e-02 0.000000000000000000e+00 1.000000000000000000e+00 1.000000000000000000e+00 0.000000000000000000e+00 0.000000000000000000e+00 -1.000000000000000000e+00 -1.000000000000000000e+00
2.000000000000000000e+02 7.742700336737925682e+03 2.194043296031988177e+01 -1.068752953304032555e-01 2.152060577014410558e+00 0.000000000000000000e+00 1.186546128098502073e-02 0.000000000000000000e+00 1.000000000000000000e+00 1.000000000000000000e+00 0.000000000000000000e+00 0.000000000000000000e+00 -1.000000000000000000e+00 -1.000000000000000000e+00
3.660000000000000000e+02 8.200312847104504499e+02 1.206363734235001672e+01 2.340854254155361192e-02 1.262756688496707191e+00 0.000000000000000000e+00 1.000000000000000056e-01 -1.000000000000000000e+00 1.000000000000000000e+00 1.000000000000000000e+00 1.300000000000000000e+01 1.000000000000000000e+05 -1.000000000000000000e+00 -1.000000000000000000e+00
3.670000000000000000e+02 8.079332106467106769e+02 3.399914066070854801e+01 -8.916708446729346149e-02 2.149664095018288368e+00 0.000000000000000000e+00 9.000000000000001055e-02 -1.000000000000000000e+00 1.000000000000000000e+00 1.000000000000000000e+00 1.300000000000000000e+01 2.000000000000000000e+05 -1.000000000000000000e+00 -1.000000000000000000e+00
3.680000000000000000e+02 8.256093057328708937e+02 1.560625501402416937e+01 -2.321065992236958364e-01 2.449445161128568138e+00 0.000000000000000000e+00 1.000000000000000056e-01 -1.000000000000000000e+00 1.000000000000000000e+00 1.000000000000000000e+00 1.300000000000000000e+01 3.000000000000000000e+05 -1.000000000000000000e+00 -1.000000000000000000e+00
3.700000000000000000e+02 7.571371563779150620e+02 1.694941605693831832e+01 -1.151683445331777578e-02 3.281705693374730171e-01 0.000000000000000000e+00 8.100000000000001643e-02 -1.000000000000000000e+00 1.000000000000000000e+00 1.000000000000000000e+00 1.300000000000000000e+01 4.000000000000000000e+05 -1.000000000000000000e+00 -1.000000000000000000e+00
3.760000000000000000e+02 1.099954593402119087e+02 1.052820253727904465e+01 1.381843890954517068e-02 3.965858256043314767e-01 0.000000000000000000e+00 8.566709443878947616e-02 -1.000000000000000000e+00 1.000000000000000000e+00 1.000000000000000000e+00 1.300000000000000000e+01 5.000000000000000000e+05 -1.000000000000000000e+00 -1.000000000000000000e+00
3.750000000000000000e+02 3.138977476573764216e+04 3.002912832554789802e+01 6.716370800454601886e-01 0.000000000000000000e+00 0.000000000000000000e+00 1.881495106036848441e-02 -1.000000000000000000e+00 1.000000000000000000e+00 2.000000000000000000e+00 1.300000000000000000e+01 5.600000000000000000e+05 -1.000000000000000000e+00 -1.000000000000000000e+00
3.770000000000000000e+02 3.030438166576096046e+04 3.736385000771951326e+01 6.445595773683490126e-01 0.000000000000000000e+00 0.000000000000000000e+00 1.000000000000000021e-02 -1.000000000000000000e+00 1.000000000000000000e+00 2.000000000000000000e+00 1.300000000000000000e+01 5.600000000000000000e+05 -1.000000000000000000e+00 -1.000000000000000000e+00
3.800000000000000000e+02 7.610627068690639589e+02 1.963336906467040066e+01 -5.598034450103288318e-02 1.709460702827089174e+00 0.000000000000000000e+00 2.050347823416254212e-02 -1.000000000000000000e+00 1.000000000000000000e+00 1.000000000000000000e+00 1.300000000000000000e+01 6.000000000000000000e+05 -1.000000000000000000e+00 -1.000000000000000000e+00
3.790000000000000000e+02 9.802918737092300944e+03 3.083803648798492603e+01 6.676918762737513724e-01 0.000000000000000000e+00 0.000000000000000000e+00 9.000000000000001055e-02 -1.000000000000000000e+00 1.000000000000000000e+00 2.000000000000000000e+00 1.300000000000000000e+01 6.100000000000000000e+05 -1.000000000000000000e+00 -1.000000000000000000e+00
3.820000000000000000e+02 9.263518386254254438e+02 1.422182591062171575e+01 -3.126592808842724308e-02 2.530465894500132151e+00 0.000000000000000000e+00 1.000000000000000056e-01 -1.000000000000000000e+00 1.000000000000000000e+00 1.000000000000000000e+00 1.300000000000000000e+01 7.000000000000000000e+05 -1.000000000000000000e+00 -1.000000000000000000e+00
3.840000000000000000e+02 3.602408120450092247e+04 5.426255500043729540e+01 6.529899886888702598e-01 0.000000000000000000e+00 0.000000000000000000e+00 1.000000000000000056e-01 -1.000000000000000000e+00 1.000000000000000000e+00 2.000000000000000000e+00 1.300000000000000000e+01 7.600000000000000000e+05 -1.000000000000000000e+00 -1.000000000000000000e+00
