# id_num orb_a mass spin spin_angle orb_inc orb_ecc orb_arg_periapse orb_ang_mom gen galaxy time_passed star_X star_Y star_Z radius
2.370000000000000000e+02 3.345534076623537345e+01 1.442387335214886889e+03 9.279999999999999361e-01 1.114395655455407752e+00 0.000000000000000000e+00 5.417614543563069596e-01 1.570796326794896558e+00 1.162925370371218176e+18 1.000000000000000000e+00 0.000000000000000000e+00 0.000000000000000000e+00 7.273999999999999355e-01 2.637999999999999790e-01 8.800000000000000530e-03 3.334496612541685181e+02
2.380000000000000000e+02 5.253337916874198044e+01 1.667083014630167781e+03 9.279999999999999361e-01 1.401403878410437231e+00 0.000000000000000000e+00 7.032487450630486858e-02 1.570796326794896558e+00 1.353553724102181888e+18 1.000000000000000000e+00 0.000000000000000000e+00 0.000000000000000000e+00 7.273999999999999355e-01 2.637999999999999790e-01 8.800000000000000530e-03 3.743954322205443646e+02
2.410000000000000000e+02 3.977498372503852408e+01 1.760379659868137651e+03 9.279999999999999361e-01 9.852599156212625831e-01 0.000000000000000000e+00 4.163225078405658475e-01 1.570796326794896558e+00 1.459657547583243520e+18 1.000000000000000000e+00 0.000000000000000000e+00 0.000000000000000000e+00 7.273999999999999355e-01 2.637999999999999790e-01 8.800000000000000530e-03 3.910657969538486896e+02
2.450000000000000000e+02 4.237725652966576462e+01 1.998438397571580936e+03 9.279999999999999361e-01 4.473779696680432183e-01 0.000000000000000000e+00 6.088967228147048605e-01 0.000000000000000000e+00 1.705047162416781568e+18 1.000000000000000000e+00 0.000000000000000000e+00 0.000000000000000000e+00 7.273999999999999355e-01 2.637999999999999790e-01 8.800000000000000530e-03 4.328300179467433395e+02
2.460000000000000000e+02 6.785144460258624122e+01 2.063530735138335785e+03 9.279999999999999361e-01 3.997853339788568494e-01 0.000000000000000000e+00 5.769463068672366080e-02 1.570796326794896558e+00 1.773972877067344128e+18 1.000000000000000000e+00 0.000000000000000000e+00 0.000000000000000000e+00 7.273999999999999355e-01 2.637999999999999790e-01 8.800000000000000530e-03 4.440721259160684440e+02
2.480000000000000000e+02 7.034303791427919350e+01 2.007945979350252628e+03 9.279999999999999361e-01 8.737014625706933657e-01 0.000000000000000000e+00 4.308577664751499919e-02 1.570796326794896558e+00 1.751813390698259968e+18 1.000000000000000000e+00 0.000000000000000000e+00 0.000000000000000000e+00 7.273999999999999355e-01 2.637999999999999790e-01 8.800000000000000530e-03 4.344765886771568830e+02
2.490000000000000000e+02 5.171141634320445490e+01 2.404677140856872029e+03 9.279999999999999361e-01 7.062251963408980870e-01 0.000000000000000000e+00 2.189464858401076464e-01 1.570796326794896558e+00 2.112968149493632256e+18 1.000000000000000000e+00 0.000000000000000000e+00 0.000000000000000000e+00 7.273999999999999355e-01 2.637999999999999790e-01 8.800000000000000530e-03 5.018918924676977440e+02
2.500000000000000000e+02 6.605887814422062831e+01 2.222413891760087608e+03 9.279999999999999361e-01 1.152150385558170287e+00 0.000000000000000000e+00 1.517430382232388963e-02 0.000000000000000000e+00 1.966323905249728256e+18 1.000000000000000000e+00 0.000000000000000000e+00 0.000000000000000000e+00 7.273999999999999355e-01 2.637999999999999790e-01 8.800000000000000530e-03 4.712210847306827191e+02
2.510000000000000000e+02 4.721110493088718840e+01 2.534986827720018482e+03 9.279999999999999361e-01 1.856320407939475725e+00 0.000000000000000000e+00 5.056781163891527209e-01 1.570796326794896558e+00 2.260712522622857472e+18 1.000000000000000000e+00 0.000000000000000000e+00 0.000000000000000000e+00 7.273999999999999355e-01 2.637999999999999790e-01 8.800000000000000530e-03 5.235345236422866719e+02
2.520000000000000000e+02 6.977447142052007223e+01 2.451002274525254052e+03 9.279999999999999361e-01 1.224613875800007134e+00 0.000000000000000000e+00 3.650588594606848925e-02 1.570796326794896558e+00 2.202634364892279552e+18 1.000000000000000000e+00 0.000000000000000000e+00 0.000000000000000000e+00 7.273999999999999355e-01 2.637999999999999790e-01 8.800000000000000530e-03 5.096121005769612680e+02
2.540000000000000000e+02 5.025964280566957854e+01 2.683993986536296234e+03 9.279999999999999361e-01 1.250255222459988991e+00 0.000000000000000000e+00 3.057495365717584068e-01 0.000000000000000000e+00 2.448344431448126464e+18 1.000000000000000000e+00 0.000000000000000000e+00 0.000000000000000000e+00 7.273999999999999355e-01 2.637999999999999790e-01 8.800000000000000530e-03 5.480119022150429373e+02
2.560000000000000000e+02 4.631275076529928469e+01 2.980596547389081934e+03 9.279999999999999361e-01 9.603772025997847628e-01 0.000000000000000000e+00 5.209532585931966331e-01 1.570796326794896558e+00 2.760636494562762240e+18 1.000000000000000000e+00 0.000000000000000000e+00 0.000000000000000000e+00 7.273999999999999355e-01 2.637999999999999790e-01 8.800000000000000530e-03 5.959465575605909180e+02
2.570000000000000000e+02 5.379148547170998285e+01 2.844440786966772066e+03 9.279999999999999361e-01 1.183613947100668806e+00 0.000000000000000000e+00 5.373559155536654364e-02 0.000000000000000000e+00 2.654093240766530560e+18 1.000000000000000000e+00 0.000000000000000000e+00 0.000000000000000000e+00 7.273999999999999355e-01 2.637999999999999790e-01 8.800000000000000530e-03 5.740665979192825716e+02
2.580000000000000000e+02 8.157130630375822022e+01 3.156242232348083689e+03 9.279999999999999361e-01 6.241062550120187735e-01 0.000000000000000000e+00 4.576319128896206428e-02 0.000000000000000000e+00 2.967867648920396288e+18 1.000000000000000000e+00 0.000000000000000000e+00 0.000000000000000000e+00 7.273999999999999355e-01 2.637999999999999790e-01 8.800000000000000530e-03 6.238799397346349451e+02
2.650000000000000000e+02 5.815634635555349519e+01 4.177946837167928607e+03 9.279999999999999361e-01 1.260455507403887898e+00 0.000000000000000000e+00 1.748295805220638835e-02 1.570796326794896558e+00 4.151037832878640640e+18 1.000000000000000000e+00 0.000000000000000000e+00 0.000000000000000000e+00 7.273999999999999355e-01 2.637999999999999790e-01 8.800000000000000530e-03 7.807915197415327384e+02
2.660000000000000000e+02 8.155910682800615064e+01 3.977004029910914596e+03 9.279999999999999361e-01 4.742587413351788128e-01 0.000000000000000000e+00 1.467029112114157791e-02 1.570796326794896558e+00 3.983607958387539968e+18 1.000000000000000000e+00 0.000000000000000000e+00 0.000000000000000000e+00 7.273999999999999355e-01 2.637999999999999790e-01 8.800000000000000530e-03 7.506017714993113259e+02
2.710000000000000000e+02 8.980133032178672181e+01 4.855412945318827951e+03 9.279999999999999361e-01 5.201971231568047749e-01 0.000000000000000000e+00 1.024915864201859581e-02 1.570796326794896558e+00 5.064930776628783104e+18 1.000000000000000000e+00 0.000000000000000000e+00 0.000000000000000000e+00 7.273999999999999355e-01 2.637999999999999790e-01 8.800000000000000530e-03 8.805331235301958941e+02
2.740000000000000000e+02 8.912208255714989491e+01 6.402123061122731997e+03 9.299999999999999378e-01 1.026501864880958292e+00 0.000000000000000000e+00 2.769297477478203234e-02 1.570796326794896558e+00 6.848613735365863424e+18 1.000000000000000000e+00 0.000000000000000000e+00 0.000000000000000000e+00 7.273999999999999355e-01 2.637999999999999790e-01 8.800000000000000530e-03 1.098560487586621321e+03
2.750000000000000000e+02 1.130037681996218168e+02 6.369136407776752094e+03 9.279999999999999361e-01 6.208413765250828664e-01 0.000000000000000000e+00 3.199506555398235613e-02 1.570796326794896558e+00 6.869695533472360448e+18 1.000000000000000000e+00 0.000000000000000000e+00 0.000000000000000000e+00 7.273999999999999355e-01 2.637999999999999790e-01 8.800000000000000530e-03 1.094029922508695108e+03
2.760000000000000000e+02 1.147950020906210256e+02 6.146863687448809287e+03 9.279999999999999361e-01 9.114141767926793314e-01 0.000000000000000000e+00 1.400315985809169259e-02 1.570796326794896558e+00 6.687014170301239296e+18 1.000000000000000000e+00 0.000000000000000000e+00 0.000000000000000000e+00 7.273999999999999355e-01 2.637999999999999790e-01 8.800000000000000530e-03 1.063377889900996024e+03
2.770000000000000000e+02 9.755564627653097887e+01 6.553540619762375172e+03 9.279999999999999361e-01 6.263761264104134030e-01 0.000000000000000000e+00 3.050420119153093163e-02 0.000000000000000000e+00 7.190389826643688448e+18 1.000000000000000000e+00 0.000000000000000000e+00 0.000000000000000000e+00 7.273999999999999355e-01 2.637999999999999790e-01 8.800000000000000530e-03 1.119297559122590883e+03
2.790000000000000000e+02 1.120425018912292359e+02 6.458415435092753796e+03 9.279999999999999361e-01 5.108521571178860077e-01 0.000000000000000000e+00 1.565880700312874754e-02 0.000000000000000000e+00 7.208388852037598208e+18 1.000000000000000000e+00 0.000000000000000000e+00 0.000000000000000000e+00 7.273999999999999355e-01 2.637999999999999790e-01 8.800000000000000530e-03 1.106281225542089487e+03
2.820000000000000000e+02 1.075803732151352534e+02 8.259573904622115151e+03 9.279999999999999361e-01 1.907589547610945013e+00 0.000000000000000000e+00 2.200438529295982437e-02 1.570796326794896558e+00 9.461842856055820288e+18 1.000000000000000000e+00 0.000000000000000000e+00 0.000000000000000000e+00 7.273999999999999355e-01 2.637999999999999790e-01 8.800000000000000530e-03 1.346886112489187099e+03
2.840000000000000000e+02 1.094462916200503457e+02 8.398576182501510630e+03 9.279999999999999361e-01 1.658161425915452902e+00 0.000000000000000000e+00 1.000000000000000056e-01 0.000000000000000000e+00 9.794619163006689280e+18 1.000000000000000000e+00 0.000000000000000000e+00 0.000000000000000000e+00 7.273999999999999355e-01 2.637999999999999790e-01 8.800000000000000530e-03 1.364989444613016758e+03
2.850000000000000000e+02 1.217011244641580703e+02 9.205666671168433822e+03 9.279999999999999361e-01 4.123375865143962260e-01 0.000000000000000000e+00 2.884480853269349651e-02 1.570796326794896558e+00 1.082853086462330675e+19 1.000000000000000000e+00 0.000000000000000000e+00 0.000000000000000000e+00 7.273999999999999355e-01 2.637999999999999790e-01 8.800000000000000530e-03 1.468956571976039641e+03
2.870000000000000000e+02 1.310228654525682543e+02 1.006619469512784417e+04 9.279999999999999361e-01 9.765857029507472031e-01 0.000000000000000000e+00 1.836364988727944361e-02 0.000000000000000000e+00 1.205502238228962918e+19 1.000000000000000000e+00 0.000000000000000000e+00 0.000000000000000000e+00 7.273999999999999355e-01 2.637999999999999790e-01 8.800000000000000530e-03 1.577818417046846889e+03
2.880000000000000000e+02 1.308651024648384293e+02 1.054632575329686370e+04 9.319999999999999396e-01 1.453834197860763178e+00 0.000000000000000000e+00 3.143301956599790087e-02 0.000000000000000000e+00 1.274707575589711667e+19 1.000000000000000000e+00 0.000000000000000000e+00 0.000000000000000000e+00 7.273999999999999355e-01 2.637999999999999790e-01 8.800000000000000530e-03 1.637742825228883703e+03
2.900000000000000000e+02 1.381707735852285168e+02 1.150518272998515749e+04 9.299999999999999378e-01 1.307111657411962558e+00 0.000000000000000000e+00 1.000000000000000056e-01 1.570796326794896558e+00 1.416290187382775603e+19 1.000000000000000000e+00 0.000000000000000000e+00 0.000000000000000000e+00 7.273999999999999355e-01 2.637999999999999790e-01 8.800000000000000530e-03 1.755818322762841717e+03
2.920000000000000000e+02 1.472646881308438367e+02 1.226139099186656858e+04 9.279999999999999361e-01 9.890224279816687281e-01 0.000000000000000000e+00 2.762404937238869748e-02 0.000000000000000000e+00 1.537567818418924954e+19 1.000000000000000000e+00 0.000000000000000000e+00 0.000000000000000000e+00 7.273999999999999355e-01 2.637999999999999790e-01 8.800000000000000530e-03 1.847551501279470358e+03
2.960000000000000000e+02 1.492730190189459734e+02 1.370285822987877145e+04 9.299999999999999378e-01 1.738242022809823650e+00 0.000000000000000000e+00 2.330412772176198438e-02 1.570796326794896558e+00 1.784398771084124774e+19 1.000000000000000000e+00 0.000000000000000000e+00 0.000000000000000000e+00 7.273999999999999355e-01 2.637999999999999790e-01 8.800000000000000530e-03 2.019359732372274266e+03
2.980000000000000000e+02 1.641831538880639982e+02 1.547701992625877756e+04 9.299999999999999378e-01 1.740998484133231772e+00 0.000000000000000000e+00 5.198442701431210677e-02 0.000000000000000000e+00 2.053909791414371533e+19 1.000000000000000000e+00 0.000000000000000000e+00 0.000000000000000000e+00 7.273999999999999355e-01 2.637999999999999790e-01 8.800000000000000530e-03 2.225946047031655326e+03
2.990000000000000000e+02 1.616241203652429306e+02 1.707805767955767806e+04 9.279999999999999361e-01 1.809771545188382236e+00 0.000000000000000000e+00 2.816877179997896025e-02 0.000000000000000000e+00 2.288394128021390541e+19 1.000000000000000000e+00 0.000000000000000000e+00 0.000000000000000000e+00 7.273999999999999355e-01 2.637999999999999790e-01 8.800000000000000530e-03 2.408327479144447352e+03
3.000000000000000000e+02 1.441872860821158611e+02 1.718348269566162344e+04 9.279999999999999361e-01 5.253786220320120215e-01 0.000000000000000000e+00 4.747002092615639629e-02 1.570796326794896558e+00 2.325244544174850048e+19 1.000000000000000000e+00 0.000000000000000000e+00 0.000000000000000000e+00 7.273999999999999355e-01 2.637999999999999790e-01 8.800000000000000530e-03 2.420213683972102444e+03
3.040000000000000000e+02 1.704363689550138190e+02 1.923066077855716867e+04 9.279999999999999361e-01 9.112329707465635087e-01 0.000000000000000000e+00 1.000000000000000056e-01 1.570796326794896558e+00 2.707581685402234061e+19 1.000000000000000000e+00 0.000000000000000000e+00 0.000000000000000000e+00 7.273999999999999355e-01 2.637999999999999790e-01 8.800000000000000530e-03 2.648256981868566072e+03
3.050000000000000000e+02 1.831691274056910856e+02 2.073284240736188804e+04 9.279999999999999361e-01 1.151944222733667145e+00 0.000000000000000000e+00 9.000000000000001055e-02 1.570796326794896558e+00 2.948145904570460979e+19 1.000000000000000000e+00 0.000000000000000000e+00 0.000000000000000000e+00 7.273999999999999355e-01 2.637999999999999790e-01 8.800000000000000530e-03 2.812495507960656596e+03
3.070000000000000000e+02 2.513639048180523616e+02 2.409119664472337899e+04 9.299999999999999378e-01 1.027197875321090859e+00 0.000000000000000000e+00 9.000000000000001055e-02 0.000000000000000000e+00 3.496197457510847283e+19 1.000000000000000000e+00 0.000000000000000000e+00 0.000000000000000000e+00 7.273999999999999355e-01 2.637999999999999790e-01 8.800000000000000530e-03 3.171403186879275381e+03
3.080000000000000000e+02 2.064793984010079271e+02 2.651958789197721126e+04 9.279999999999999361e-01 6.978529460550274566e-01 0.000000000000000000e+00 1.300192734285059680e-02 0.000000000000000000e+00 3.888596655280278733e+19 1.000000000000000000e+00 0.000000000000000000e+00 0.000000000000000000e+00 7.273999999999999355e-01 2.637999999999999790e-01 8.800000000000000530e-03 3.424665643957191151e+03
3.110000000000000000e+02 1.395566527656610560e+02 3.004863045769841119e+04 9.279999999999999361e-01 7.215741050285484626e-01 0.000000000000000000e+00 1.147845340456208826e-02 1.570796326794896558e+00 4.545400273320900198e+19 1.000000000000000000e+00 0.000000000000000000e+00 0.000000000000000000e+00 7.273999999999999355e-01 2.637999999999999790e-01 8.800000000000000530e-03 3.784639400953176391e+03
3.150000000000000000e+02 1.348795617600098069e+02 3.599511538920521707e+04 9.279999999999999361e-01 1.242901121596239111e+00 0.000000000000000000e+00 9.000000000000001055e-02 1.570796326794896558e+00 5.681477522387833651e+19 1.000000000000000000e+00 0.000000000000000000e+00 0.000000000000000000e+00 7.273999999999999355e-01 2.637999999999999790e-01 8.800000000000000530e-03 4.372800019701923702e+03
3.160000000000000000e+02 1.905318150144892400e+02 3.652601610132424685e+04 9.279999999999999361e-01 1.347825951677922740e+00 0.000000000000000000e+00 8.100000000000001643e-02 0.000000000000000000e+00 5.828034529039088845e+19 1.000000000000000000e+00 0.000000000000000000e+00 0.000000000000000000e+00 7.273999999999999355e-01 2.637999999999999790e-01 8.800000000000000530e-03 4.424320757174657956e+03
3.190000000000000000e+02 2.760642557038949008e+02 4.358141839491279825e+04 9.279999999999999361e-01 5.249115589094363044e-01 0.000000000000000000e+00 9.000000000000001055e-02 0.000000000000000000e+00 7.186045581001326592e+19 1.000000000000000000e+00 0.000000000000000000e+00 0.000000000000000000e+00 7.273999999999999355e-01 2.637999999999999790e-01 8.800000000000000530e-03 5.095723430573457335e+03
3.200000000000000000e+02 1.984823796914952823e+02 4.519350169453841227e+04 9.279999999999999361e-01 3.922165096518002159e-01 0.000000000000000000e+00 9.000000000000001055e-02 0.000000000000000000e+00 7.535867997482606592e+19 1.000000000000000000e+00 0.000000000000000000e+00 0.000000000000000000e+00 7.273999999999999355e-01 2.637999999999999790e-01 8.800000000000000530e-03 5.245967001216319659e+03
3.210000000000000000e+02 1.836629293896313015e+02 4.783269935100841394e+04 9.279999999999999361e-01 1.016317911556669173e+00 0.000000000000000000e+00 1.239855675878447951e-02 0.000000000000000000e+00 8.065629242605042074e+19 1.000000000000000000e+00 0.000000000000000000e+00 0.000000000000000000e+00 7.273999999999999355e-01 2.637999999999999790e-01 8.800000000000000530e-03 5.489650202883981365e+03
3.230000000000000000e+02 1.284142990874326813e+02 5.120260170283592743e+04 9.279999999999999361e-01 1.263957780409908693e+00 0.000000000000000000e+00 1.667718169966658087e-02 1.570796326794896558e+00 8.832684300527991194e+19 1.000000000000000000e+00 0.000000000000000000e+00 0.000000000000000000e+00 7.273999999999999355e-01 2.637999999999999790e-01 8.800000000000000530e-03 5.796934367064218350e+03
3.240000000000000000e+02 7.700000000000001137e+02 5.583740779478152399e+04 9.279999999999999361e-01 6.217862865380344717e-01 0.000000000000000000e+00 1.000000000000000056e-01 0.000000000000000000e+00 9.743185111896193434e+19 1.000000000000000000e+00 0.000000000000000000e+00 0.000000000000000000e+00 7.273999999999999355e-01 2.637999999999999790e-01 8.800000000000000530e-03 6.213051576891223704e+03
3.250000000000000000e+02 7.700000000000001137e+02 6.062441569157609774e+04 9.279999999999999361e-01 1.211498702284454332e+00 0.000000000000000000e+00 1.000000000000000056e-01 1.570796326794896558e+00 1.070117826142747525e+20 1.000000000000000000e+00 0.000000000000000000e+00 0.000000000000000000e+00 7.273999999999999355e-01 2.637999999999999790e-01 8.800000000000000530e-03 6.635639945601979889e+03
3.300000000000000000e+02 2.357573418490398751e+02 7.862715126921408228e+04 9.279999999999999361e-01 6.048198923613335998e-01 0.000000000000000000e+00 1.000000000000000056e-01 1.570796326794896558e+00 1.472180888905936896e+20 1.000000000000000000e+00 0.000000000000000000e+00 0.000000000000000000e+00 7.273999999999999355e-01 2.637999999999999790e-01 8.800000000000000530e-03 8.170013855975901606e+03
3.310000000000000000e+02 5.340912377798297257e+02 8.107777970905799884e+04 9.279999999999999361e-01 1.467787232312890655e+00 0.000000000000000000e+00 9.000000000000001055e-02 1.570796326794896558e+00 1.536616136234056417e+20 1.000000000000000000e+00 0.000000000000000000e+00 0.000000000000000000e+00 7.273999999999999355e-01 2.637999999999999790e-01 8.800000000000000530e-03 8.373099227216131112e+03
3.330000000000000000e+02 4.844724835754595347e+02 9.224014391617946967e+04 9.279999999999999361e-01 1.386099441253836773e+00 0.000000000000000000e+00 9.000000000000001055e-02 0.000000000000000000e+00 1.791504981916315812e+20 1.000000000000000000e+00 0.000000000000000000e+00 0.000000000000000000e+00 7.273999999999999355e-01 2.637999999999999790e-01 8.800000000000000530e-03 9.283264780393295950e+03
3.350000000000000000e+02 3.723724463971615251e+02 1.018148383669659233e+05 9.279999999999999361e-01 8.954048526996575275e-01 0.000000000000000000e+00 9.000000000000001055e-02 1.570796326794896558e+00 2.027087507967886295e+20 1.000000000000000000e+00 0.000000000000000000e+00 0.000000000000000000e+00 7.273999999999999355e-01 2.637999999999999790e-01 8.800000000000000530e-03 1.004647299352279515e+04
3.370000000000000000e+02 7.700000000000001137e+02 1.168466566606001725e+05 9.279999999999999361e-01 1.308526444226887353e+00 0.000000000000000000e+00 1.000000000000000056e-01 1.570796326794896558e+00 2.385842636613927567e+20 1.000000000000000000e+00 0.000000000000000000e+00 0.000000000000000000e+00 7.273999999999999355e-01 2.637999999999999790e-01 8.800000000000000530e-03 1.121651115376668713e+04
3.390000000000000000e+02 7.700000000000001137e+02 1.296965297820381675e+05 9.279999999999999361e-01 7.160998418221627970e-01 0.000000000000000000e+00 1.000000000000000056e-01 1.570796326794896558e+00 2.716920709419908137e+20 1.000000000000000000e+00 0.000000000000000000e+00 0.000000000000000000e+00 7.273999999999999355e-01 2.637999999999999790e-01 8.800000000000000530e-03 1.219291215968098913e+04
3.420000000000000000e+02 7.700000000000001137e+02 1.587990697044793051e+05 9.279999999999999361e-01 4.797846254373542840e-01 0.000000000000000000e+00 1.000000000000000056e-01 1.570796326794896558e+00 3.459802069622039511e+20 1.000000000000000000e+00 0.000000000000000000e+00 0.000000000000000000e+00 7.273999999999999355e-01 2.637999999999999790e-01 8.800000000000000530e-03 1.433649948039432820e+04
3.430000000000000000e+02 7.700000000000001137e+02 1.666972303162027674e+05 9.279999999999999361e-01 1.696809475242086140e+00 0.000000000000000000e+00 1.000000000000000056e-01 1.570796326794896558e+00 3.680661992030266982e+20 1.000000000000000000e+00 0.000000000000000000e+00 0.000000000000000000e+00 7.273999999999999355e-01 2.637999999999999790e-01 8.800000000000000530e-03 1.490415874000198346e+04
3.440000000000000000e+02 7.700000000000001137e+02 1.796129847259905364e+05 9.279999999999999361e-01 1.681378691680369686e+00 0.000000000000000000e+00 1.000000000000000056e-01 1.570796326794896558e+00 4.019410453559429693e+20 1.000000000000000000e+00 0.000000000000000000e+00 0.000000000000000000e+00 7.273999999999999355e-01 2.637999999999999790e-01 8.800000000000000530e-03 1.582103692251618668e+04
3.450000000000000000e+02 7.700000000000001137e+02 1.922451726749556256e+05 9.279999999999999361e-01 1.932731999805024969e+00 0.000000000000000000e+00 1.000000000000000056e-01 0.000000000000000000e+00 4.360708723854018478e+20 1.000000000000000000e+00 0.000000000000000000e+00 0.000000000000000000e+00 7.273999999999999355e-01 2.637999999999999790e-01 8.800000000000000530e-03 1.670510135209439250e+04
3.490000000000000000e+02 7.700000000000001137e+02 2.489892411108412489e+05 9.279999999999999361e-01 1.478770127685018254e+00 0.000000000000000000e+00 1.000000000000000056e-01 1.570796326794896558e+00 5.968916086393906135e+20 1.000000000000000000e+00 0.000000000000000000e+00 0.000000000000000000e+00 7.273999999999999355e-01 2.637999999999999790e-01 8.800000000000000530e-03 2.054514569704838505e+04
3.510000000000000000e+02 7.700000000000001137e+02 2.799469101008292055e+05 9.279999999999999361e-01 1.174093031883436389e+00 0.000000000000000000e+00 1.000000000000000056e-01 0.000000000000000000e+00 6.904475928692994867e+20 1.000000000000000000e+00 0.000000000000000000e+00 0.000000000000000000e+00 7.273999999999999355e-01 2.637999999999999790e-01 8.800000000000000530e-03 2.256447861127432407e+04
3.520000000000000000e+02 7.700000000000001137e+02 3.005382549251972232e+05 9.279999999999999361e-01 1.269568616815327511e+00 0.000000000000000000e+00 1.000000000000000056e-01 1.570796326794896558e+00 7.519336044830334648e+20 1.000000000000000000e+00 0.000000000000000000e+00 0.000000000000000000e+00 7.273999999999999355e-01 2.637999999999999790e-01 8.800000000000000530e-03 2.388276297487062402e+04
3.540000000000000000e+02 7.700000000000001137e+02 3.407636449168231338e+05 9.279999999999999361e-01 1.155026132779671588e+00 0.000000000000000000e+00 1.000000000000000056e-01 0.000000000000000000e+00 8.777954545830120653e+20 1.000000000000000000e+00 0.000000000000000000e+00 0.000000000000000000e+00 7.273999999999999355e-01 2.637999999999999790e-01 8.800000000000000530e-03 2.640750460360617581e+04
3.550000000000000000e+02 7.700000000000001137e+02 3.683390294667469570e+05 9.279999999999999361e-01 9.192717743938123576e-01 0.000000000000000000e+00 1.000000000000000056e-01 0.000000000000000000e+00 9.629699213143811031e+20 1.000000000000000000e+00 0.000000000000000000e+00 0.000000000000000000e+00 7.273999999999999355e-01 2.637999999999999790e-01 8.800000000000000530e-03 2.810366447014186997e+04
3.570000000000000000e+02 7.700000000000001137e+02 4.239832843600852066e+05 9.279999999999999361e-01 1.438743557115183869e+00 0.000000000000000000e+00 1.000000000000000056e-01 0.000000000000000000e+00 1.142105742915528819e+21 1.000000000000000000e+00 0.000000000000000000e+00 0.000000000000000000e+00 7.273999999999999355e-01 2.637999999999999790e-01 8.800000000000000530e-03 3.145167273404764273e+04
3.580000000000000000e+02 7.700000000000001137e+02 4.556103839242679533e+05 9.279999999999999361e-01 1.685611516792097975e+00 0.000000000000000000e+00 1.000000000000000056e-01 1.570796326794896558e+00 1.246090634823746454e+21 1.000000000000000000e+00 0.000000000000000000e+00 0.000000000000000000e+00 7.273999999999999355e-01 2.637999999999999790e-01 8.800000000000000530e-03 3.331498722852819628e+04
3.590000000000000000e+02 7.700000000000001137e+02 4.937497533606319339e+05 9.279999999999999361e-01 1.068333246627143351e+00 0.000000000000000000e+00 1.000000000000000056e-01 1.570796326794896558e+00 1.371224999442829017e+21 1.000000000000000000e+00 0.000000000000000000e+00 0.000000000000000000e+00 7.273999999999999355e-01 2.637999999999999790e-01 8.800000000000000530e-03 3.552796019330443960e+04
