# id_num orb_a mass spin spin_angle orb_inc orb_ecc orb_arg_periapse orb_ang_mom gen galaxy time_passed gw_freq gw_strain
3.000000000000000000e+00 1.644087507331385950e+03 1.300129209456114587e+01 4.426080746676395311e-02 7.108381235864330572e-01 3.140659381834659758e+00 2.788653608798291605e-01 1.570796326794896558e+00 -1.000000000000000000e+00 1.000000000000000000e+00 0.000000000000000000e+00 0.000000000000000000e+00 -1.000000000000000000e+00 -1.000000000000000000e+00
4.000000000000000000e+00 1.084515494892699644e+04 1.170508390808205412e+01 -6.405509790250121793e-02 2.276582332789970131e+00 3.145457999562009110e+00 9.999999899999999498e-01 0.000000000000000000e+00 -1.000000000000000000e+00 1.000000000000000000e+00 0.000000000000000000e+00 0.000000000000000000e+00 -1.000000000000000000e+00 -1.000000000000000000e+00
8.000000000000000000e+00 1.628531562227975155e+04 1.073683873612833750e+01 -2.281430184068958136e-04 3.060942361359689556e+00 3.159211812763662586e+00 1.914795048176495262e-01 1.570796326794896558e+00 -1.000000000000000000e+00 1.000000000000000000e+00 0.000000000000000000e+00 0.000000000000000000e+00 -1.000000000000000000e+00 -1.000000000000000000e+00
1.100000000000000000e+01 3.400342507656777889e+04 1.107721920001401017e+01 -1.381137590174299351e-02 2.814048870279644010e+00 3.166343507692704673e+00 9.999999899999999498e-01 0.000000000000000000e+00 -1.000000000000000000e+00 1.000000000000000000e+00 0.000000000000000000e+00 0.000000000000000000e+00 -1.000000000000000000e+00 -1.000000000000000000e+00
1.600000000000000000e+01 3.365657950005157090e+03 1.601449761228520785e+01 -6.308187029075759678e-02 2.746235667891616661e+00 3.136508739592088979e+00 5.437675866014642263e-03 1.570796326794896558e+00 -1.000000000000000000e+00 1.000000000000000000e+00 0.000000000000000000e+00 0.000000000000000000e+00 -1.000000000000000000e+00 -1.000000000000000000e+00
2.100000000000000000e+01 4.250225330750129797e+04 2.237419227041670311e+01 1.254037935664973902e-01 1.242492367023223965e+00 3.123608990356768089e+00 1.218420710226194026e-01 1.570796326794896558e+00 -1.000000000000000000e+00 1.000000000000000000e+00 0.000000000000000000e+00 0.000000000000000000e+00 -1.000000000000000000e+00 -1.000000000000000000e+00
3.500000000000000000e+01 9.544048858034830118e+02 1.567695093763324898e+01 -6.178464550429159374e-02 1.722909037379963815e+00 3.143637289206669294e+00 2.397681532712750696e-01 1.570796326794896558e+00 -1.000000000000000000e+00 1.000000000000000000e+00 0.000000000000000000e+00 0.000000000000000000e+00 -1.000000000000000000e+00 -1.000000000000000000e+00
3.900000000000000000e+01 1.653724906830755208e+04 2.951199805198299586e+01 -4.799718562511820497e-02 2.584095696037309153e+00 3.125404963137862424e+00 2.276862002958040254e-01 1.570796326794896558e+00 -1.000000000000000000e+00 1.000000000000000000e+00 0.000000000000000000e+00 0.000000000000000000e+00 -1.000000000000000000e+00 -1.000000000000000000e+00
5.300000000000000000e+01 4.264484539941144612e+04 1.575180083732447223e+01 -2.877145115292993952e-02 2.335000005022543235e+00 3.173352961936458883e+00 1.396404067271110050e-01 1.570796326794896558e+00 -1.000000000000000000e+00 1.000000000000000000e+00 0.000000000000000000e+00 0.000000000000000000e+00 -1.000000000000000000e+00 -1.000000000000000000e+00
5.500000000000000000e+01 4.017183896907040616e+04 2.265601904661354382e+01 1.598645269647008815e-01 2.279784051424874336e-01 3.150088435925752606e+00 2.812672611873042253e-03 1.570796326794896558e+00 -1.000000000000000000e+00 1.000000000000000000e+00 0.000000000000000000e+00 0.000000000000000000e+00 -1.000000000000000000e+00 -1.000000000000000000e+00
5.600000000000000000e+01 3.692513162200256920e+04 1.297143786323372971e+01 -2.026892800819759047e-02 2.155202635808612044e+00 3.095202966873715322e+00 9.999999899999999498e-01 0.000000000000000000e+00 -1.000000000000000000e+00 1.000000000000000000e+00 0.000000000000000000e+00 0.000000000000000000e+00 -1.000000000000000000e+00 -1.000000000000000000e+00
6.900000000000000000e+01 4.108408194747375092e+03 2.312482731242098311e+01 8.133640584398348083e-02 5.121067400913600354e-01 3.137761492505266592e+00 3.535111452267799409e-02 1.570796326794896558e+00 -1.000000000000000000e+00 1.000000000000000000e+00 0.000000000000000000e+00 0.000000000000000000e+00 -1.000000000000000000e+00 -1.000000000000000000e+00
7.100000000000000000e+01 1.214610934236197136e+04 1.566604603359047765e+01 -2.819881424890148883e-02 2.117501095219700868e+00 3.118390271022277727e+00 1.552031311966970972e-01 1.570796326794896558e+00 -1.000000000000000000e+00 1.000000000000000000e+00 0.000000000000000000e+00 0.000000000000000000e+00 -1.000000000000000000e+00 -1.000000000000000000e+00
7.200000000000000000e+01 4.419537302228396584e+04 1.151913523461844768e+01 -1.022034590092922579e-02 2.488975649455549277e+00 3.091832075774741284e+00 9.999999899999999498e-01 0.000000000000000000e+00 -1.000000000000000000e+00 1.000000000000000000e+00 0.000000000000000000e+00 0.000000000000000000e+00 -1.000000000000000000e+00 -1.000000000000000000e+00
7.300000000000000000e+01 9.528407621144542645e+03 1.401204857932372860e+01 2.180327303791842683e-02 6.872500283555758038e-01 3.161323146887498492e+00 2.534516074907329219e-01 1.570796326794896558e+00 -1.000000000000000000e+00 1.000000000000000000e+00 0.000000000000000000e+00 0.000000000000000000e+00 -1.000000000000000000e+00 -1.000000000000000000e+00
8.900000000000000000e+01 1.625418461994291647e+04 1.373634772634795098e+01 -1.237929010196510545e-03 2.488622208253625345e+00 3.151043723346881986e+00 5.794878328456677663e-02 1.570796326794896558e+00 -1.000000000000000000e+00 1.000000000000000000e+00 0.000000000000000000e+00 0.000000000000000000e+00 -1.000000000000000000e+00 -1.000000000000000000e+00
9.600000000000000000e+01 1.757442485226038116e+04 1.177667629947123018e+01 -2.019915429417199759e-01 1.752706285211905968e+00 3.169664593783451778e+00 2.891855946740137795e-01 1.570796326794896558e+00 -1.000000000000000000e+00 1.000000000000000000e+00 0.000000000000000000e+00 0.000000000000000000e+00 -1.000000000000000000e+00 -1.000000000000000000e+00
1.040000000000000000e+02 7.708184082322233735e+03 3.015477293524507729e+01 1.622944167391286441e-01 3.054334148038994057e-01 3.153145772912174571e+00 8.939475426813353609e-02 1.570796326794896558e+00 -1.000000000000000000e+00 1.000000000000000000e+00 0.000000000000000000e+00 0.000000000000000000e+00 -1.000000000000000000e+00 -1.000000000000000000e+00
1.100000000000000000e+02 3.360643525485513692e+03 1.128633248324539196e+01 4.879675859445440494e-02 9.840499144907021156e-01 3.147355524216083555e+00 2.141129431064069943e-01 1.570796326794896558e+00 -1.000000000000000000e+00 1.000000000000000000e+00 0.000000000000000000e+00 0.000000000000000000e+00 -1.000000000000000000e+00 -1.000000000000000000e+00
1.150000000000000000e+02 2.918520121761111295e+04 1.406998311253875755e+01 -1.750837067644218370e-01 1.895142431752644407e+00 3.161851398898361420e+00 9.999999899999999498e-01 0.000000000000000000e+00 -1.000000000000000000e+00 1.000000000000000000e+00 0.000000000000000000e+00 0.000000000000000000e+00 -1.000000000000000000e+00 -1.000000000000000000e+00
1.160000000000000000e+02 3.115657346173096448e+04 1.547875767646047152e+01 1.140522406698885050e-01 5.014141976980167614e-01 3.111485253652703786e+00 1.163324660847691455e-01 1.570796326794896558e+00 -1.000000000000000000e+00 1.000000000000000000e+00 0.000000000000000000e+00 0.000000000000000000e+00 -1.000000000000000000e+00 -1.000000000000000000e+00
1.280000000000000000e+02 1.659827966922299311e+04 1.403045668271721169e+01 -3.708820453966903824e-02 2.847653835408755718e+00 3.140433946312228386e+00 6.711856642346053503e-02 1.570796326794896558e+00 -1.000000000000000000e+00 1.000000000000000000e+00 0.000000000000000000e+00 0.000000000000000000e+00 -1.000000000000000000e+00 -1.000000000000000000e+00
1.300000000000000000e+02 2.640191945998103256e+04 1.954438994940950991e+01 -1.217458340501742682e-02 2.190061363953371476e+00 3.163977164019623700e+00 1.473767835948535665e-01 1.570796326794896558e+00 -1.000000000000000000e+00 1.000000000000000000e+00 0.000000000000000000e+00 0.000000000000000000e+00 -1.000000000000000000e+00 -1.000000000000000000e+00
1.310000000000000000e+02 2.557012332301303468e+04 1.820151358792799812e+01 1.920749854439940396e-02 5.558570287735219440e-01 3.172619535455993844e+00 9.999999899999999498e-01 0.000000000000000000e+00 -1.000000000000000000e+00 1.000000000000000000e+00 0.000000000000000000e+00 0.000000000000000000e+00 -1.000000000000000000e+00 -1.000000000000000000e+00
1.370000000000000000e+02 1.595374457391027499e+04 1.003044076899626980e+01 -7.104742113823922511e-02 3.068786017740114946e+00 3.140577061952052329e+00 8.513756893183493935e-02 1.570796326794896558e+00 -1.000000000000000000e+00 1.000000000000000000e+00 0.000000000000000000e+00 0.000000000000000000e+00 -1.000000000000000000e+00 -1.000000000000000000e+00
1.450000000000000000e+02 1.826252916817673395e+03 1.045355724433800759e+01 -5.504458445775365499e-02 2.840560564348399097e+00 3.148379538456932636e+00 1.676895697957236087e-01 1.570796326794896558e+00 -1.000000000000000000e+00 1.000000000000000000e+00 0.000000000000000000e+00 0.000000000000000000e+00 -1.000000000000000000e+00 -1.000000000000000000e+00
1.560000000000000000e+02 3.293371461502775492e+04 1.164768176748499151e+01 1.067351837169044498e-01 1.192178971730267101e+00 3.097332733540866023e+00 9.999999899999999498e-01 0.000000000000000000e+00 -1.000000000000000000e+00 1.000000000000000000e+00 0.000000000000000000e+00 0.000000000000000000e+00 -1.000000000000000000e+00 -1.000000000000000000e+00
1.690000000000000000e+02 2.113091877339490384e+04 1.485942406480642930e+01 -1.420761442430829025e-01 2.091568916932195599e+00 3.138572924941146702e+00 8.414638722703005058e-02 1.570796326794896558e+00 -1.000000000000000000e+00 1.000000000000000000e+00 0.000000000000000000e+00 0.000000000000000000e+00 -1.000000000000000000e+00 -1.000000000000000000e+00
1.710000000000000000e+02 2.695613012772062575e+04 1.107816515608157637e+01 -2.205557278242845087e-01 2.590502902245598094e+00 3.119833978937418539e+00 1.311874608547676790e-01 1.570796326794896558e+00 -1.000000000000000000e+00 1.000000000000000000e+00 0.000000000000000000e+00 0.000000000000000000e+00 -1.000000000000000000e+00 -1.000000000000000000e+00
1.810000000000000000e+02 6.574918645322838529e+03 1.853011363693517310e+01 1.463146779090732930e-01 1.518883851284553277e+00 3.156059897066424647e+00 2.564025412853219721e-01 1.570796326794896558e+00 -1.000000000000000000e+00 1.000000000000000000e+00 0.000000000000000000e+00 0.000000000000000000e+00 -1.000000000000000000e+00 -1.000000000000000000e+00
1.820000000000000000e+02 3.255148677060430146e+03 1.426978601327213703e+01 9.634808657339505658e-03 4.158773494695548467e-01 3.140355264724394413e+00 1.717537322260200283e-01 1.570796326794896558e+00 -1.000000000000000000e+00 1.000000000000000000e+00 0.000000000000000000e+00 0.000000000000000000e+00 -1.000000000000000000e+00 -1.000000000000000000e+00
1.890000000000000000e+02 2.887933611935103545e+04 1.097313719410393063e+01 -2.119047929301726488e-02 2.309926273105634920e+00 3.111772368605454808e+00 9.999999899999999498e-01 0.000000000000000000e+00 -1.000000000000000000e+00 1.000000000000000000e+00 0.000000000000000000e+00 0.000000000000000000e+00 -1.000000000000000000e+00 -1.000000000000000000e+00
1.910000000000000000e+02 2.109169970640316751e+04 1.535132162476370965e+01 1.849334741030874973e-01 1.459371262720329021e+00 3.117964512821811418e+00 9.999999899999999498e-01 0.000000000000000000e+00 -1.000000000000000000e+00 1.000000000000000000e+00 0.000000000000000000e+00 0.000000000000000000e+00 -1.000000000000000000e+00 -1.000000000000000000e+00
