# id_num orb_a mass spin spin_angle orb_inc orb_ecc orb_arg_periapse orb_ang_mom gen galaxy time_passed gw_freq gw_strain
0.000000000000000000e+00 2.972954994709296443e+04 2.516502411708080800e+01 -1.582216628848250317e-01 3.040829808000326206e+00 3.113991545038121256e+00 8.810818010530684086e-02 1.570796326794896558e+00 1.000000000000000000e+00 1.000000000000000000e+00 0.000000000000000000e+00 0.000000000000000000e+00 -1.000000000000000000e+00 -1.000000000000000000e+00
1.000000000000000000e+00 3.910294775206780469e+04 1.966746483178994964e+01 -5.469722915956836545e-02 2.761047300165069718e+00 3.186303961846860933e+00 2.043934075636383296e-01 1.570796326794896558e+00 1.000000000000000000e+00 1.000000000000000000e+00 0.000000000000000000e+00 0.000000000000000000e+00 -1.000000000000000000e+00 -1.000000000000000000e+00
2.000000000000000000e+00 3.932461477524477232e+04 2.508443584210049693e+01 3.717593194301516135e-02 3.814814172830014449e-01 -2.388412689302562425e-02 1.067002853546020896e-02 0.000000000000000000e+00 1.000000000000000000e+00 1.000000000000000000e+00 0.000000000000000000e+00 0.000000000000000000e+00 -1.000000000000000000e+00 -1.000000000000000000e+00
6.000000000000000000e+00 3.893262361760439671e+04 2.433588285578343502e+01 1.148214921825280177e-02 8.632307699043071381e-01 3.153627733624204232e+00 1.111172007750946961e-02 0.000000000000000000e+00 1.000000000000000000e+00 1.000000000000000000e+00 0.000000000000000000e+00 0.000000000000000000e+00 -1.000000000000000000e+00 -1.000000000000000000e+00
7.000000000000000000e+00 6.237000000000001592e+02 3.551929781631140770e+01 -1.003584119857725276e-01 3.100000000000000089e+00 3.148307523263974339e+00 8.100000000000001643e-02 0.000000000000000000e+00 1.000000000000000000e+00 1.000000000000000000e+00 0.000000000000000000e+00 0.000000000000000000e+00 -1.000000000000000000e+00 -1.000000000000000000e+00
1.300000000000000000e+01 3.688382007524361370e+02 3.386684159446068065e+01 1.408022354562540879e-01 6.462074173690812717e-01 3.130744561350271127e+00 3.933591628232626508e-02 1.570796326794896558e+00 1.000000000000000000e+00 1.000000000000000000e+00 0.000000000000000000e+00 0.000000000000000000e+00 -1.000000000000000000e+00 -1.000000000000000000e+00
1.400000000000000000e+01 3.498931254243850708e+04 1.385652028589466767e+01 3.459323599262269233e-02 5.145960488754864892e-01 3.149534775583134660e+00 1.674137459350477988e-02 1.570796326794896558e+00 1.000000000000000000e+00 1.000000000000000000e+00 0.000000000000000000e+00 0.000000000000000000e+00 -1.000000000000000000e+00 -1.000000000000000000e+00
1.500000000000000000e+01 4.040413517672021408e+04 1.185048390690061559e+01 -1.005169312229310524e-01 1.796984608802441929e+00 3.112176538971945128e+00 2.115056017758666917e-01 1.570796326794896558e+00 1.000000000000000000e+00 1.000000000000000000e+00 0.000000000000000000e+00 0.000000000000000000e+00 -1.000000000000000000e+00 -1.000000000000000000e+00
1.700000000000000000e+01 3.929555482246589236e+04 2.196250447014753249e+01 2.320773779378322230e-03 1.210968722087081284e+00 3.447318458478843689e-02 1.565776883569686834e-02 0.000000000000000000e+00 1.000000000000000000e+00 1.000000000000000000e+00 0.000000000000000000e+00 0.000000000000000000e+00 -1.000000000000000000e+00 -1.000000000000000000e+00
1.900000000000000000e+01 4.042512416775622114e+04 2.507319406701493136e+01 6.716184936093558266e-02 7.595313684802216248e-01 3.170269272374117708e+00 1.312777986247228301e-01 0.000000000000000000e+00 1.000000000000000000e+00 1.000000000000000000e+00 0.000000000000000000e+00 0.000000000000000000e+00 -1.000000000000000000e+00 -1.000000000000000000e+00
2.300000000000000000e+01 4.512865181476833095e+04 1.434165544539530224e+01 -9.536742430372401741e-03 1.175589110287763805e+00 3.680272523315986088e-03 6.946174758323034326e-02 1.570796326794896558e+00 1.000000000000000000e+00 1.000000000000000000e+00 0.000000000000000000e+00 0.000000000000000000e+00 -1.000000000000000000e+00 -1.000000000000000000e+00
2.400000000000000000e+01 4.128093836456674239e+02 1.682803717187318426e+01 2.787970551697167843e-02 1.674868418873590059e+00 3.683710621439711952e-03 4.304223855590825348e-02 0.000000000000000000e+00 1.000000000000000000e+00 1.000000000000000000e+00 0.000000000000000000e+00 0.000000000000000000e+00 -1.000000000000000000e+00 -1.000000000000000000e+00
2.500000000000000000e+01 3.120457953845502925e+04 1.018347679282588025e+01 -5.948114243675045598e-02 2.505258874640276190e+00 -8.878515284174756227e-04 9.847431277057192012e-02 0.000000000000000000e+00 1.000000000000000000e+00 1.000000000000000000e+00 0.000000000000000000e+00 0.000000000000000000e+00 -1.000000000000000000e+00 -1.000000000000000000e+00
2.600000000000000000e+01 3.034681708133594293e+04 1.515486215660447122e+01 -5.816709225722827351e-03 1.679941666566974412e+00 3.148787136998618674e+00 6.336662168684147056e-02 1.570796326794896558e+00 1.000000000000000000e+00 1.000000000000000000e+00 0.000000000000000000e+00 0.000000000000000000e+00 -1.000000000000000000e+00 -1.000000000000000000e+00
2.700000000000000000e+01 2.554372157848814095e+04 3.665908171652512948e+01 -5.925942996050399814e-02 2.231293690436662036e+00 1.423215553644754765e-02 1.000000000000000021e-02 1.570796326794896558e+00 1.000000000000000000e+00 1.000000000000000000e+00 0.000000000000000000e+00 0.000000000000000000e+00 -1.000000000000000000e+00 -1.000000000000000000e+00
2.800000000000000000e+01 3.748960495382733643e+04 1.286609522046085274e+01 -1.044242058841196863e-01 2.229786737978912914e+00 -7.169729202357654624e-03 1.678231431414017524e-02 0.000000000000000000e+00 1.000000000000000000e+00 1.000000000000000000e+00 0.000000000000000000e+00 0.000000000000000000e+00 -1.000000000000000000e+00 -1.000000000000000000e+00
3.100000000000000000e+01 2.115098405889479909e+04 1.282858493100611064e+01 -1.560662423758296391e-01 2.734851422843675106e+00 3.118649708626643147e+00 9.000000000000001055e-02 1.570796326794896558e+00 1.000000000000000000e+00 1.000000000000000000e+00 0.000000000000000000e+00 0.000000000000000000e+00 -1.000000000000000000e+00 -1.000000000000000000e+00
3.300000000000000000e+01 1.951904740816399499e+04 1.943859871984640719e+01 -1.870456858354890145e-02 1.411267622799194932e+00 1.076417308372419265e-03 1.995178931418092536e-02 0.000000000000000000e+00 1.000000000000000000e+00 1.000000000000000000e+00 0.000000000000000000e+00 0.000000000000000000e+00 -1.000000000000000000e+00 -1.000000000000000000e+00
3.600000000000000000e+01 6.045257354852882372e+02 1.818518904875938702e+01 -7.153803423017258967e-02 3.100000000000000089e+00 3.134725536671711499e+00 5.352871831458999585e-02 1.570796326794896558e+00 1.000000000000000000e+00 1.000000000000000000e+00 0.000000000000000000e+00 0.000000000000000000e+00 -1.000000000000000000e+00 -1.000000000000000000e+00
4.600000000000000000e+01 3.799771867119491799e+04 1.310110194236513870e+01 1.287398540610296127e-01 8.126491434878840847e-01 1.157048078696238866e-02 2.020005947984489514e-01 1.570796326794896558e+00 1.000000000000000000e+00 1.000000000000000000e+00 0.000000000000000000e+00 0.000000000000000000e+00 -1.000000000000000000e+00 -1.000000000000000000e+00
4.700000000000000000e+01 2.815158970670493363e+04 1.171706705189367526e+01 -3.604874579702064402e-02 2.989313836967033566e+00 -2.927163876512954566e-02 3.880494735263833456e-02 1.570796326794896558e+00 1.000000000000000000e+00 1.000000000000000000e+00 0.000000000000000000e+00 0.000000000000000000e+00 -1.000000000000000000e+00 -1.000000000000000000e+00
4.900000000000000000e+01 3.077349828654492012e+04 1.051560857940286020e+01 7.266396440404586377e-02 2.434146415529439555e-01 9.520160816777839541e-03 4.023013098892792155e-02 1.570796326794896558e+00 1.000000000000000000e+00 1.000000000000000000e+00 0.000000000000000000e+00 0.000000000000000000e+00 -1.000000000000000000e+00 -1.000000000000000000e+00
5.000000000000000000e+01 6.019609950268505827e+02 1.615340802268179843e+01 -5.152705052642587991e-02 2.548202510515627850e+00 3.151377152390030467e+00 2.638448187595594796e-02 0.000000000000000000e+00 1.000000000000000000e+00 1.000000000000000000e+00 0.000000000000000000e+00 0.000000000000000000e+00 -1.000000000000000000e+00 -1.000000000000000000e+00
5.100000000000000000e+01 3.967320072739166790e+04 1.167408234045563731e+01 7.526938092890428367e-02 9.437750060462052337e-01 3.180452229073045700e+00 1.343709950615503135e-01 0.000000000000000000e+00 1.000000000000000000e+00 1.000000000000000000e+00 0.000000000000000000e+00 0.000000000000000000e+00 -1.000000000000000000e+00 -1.000000000000000000e+00
5.200000000000000000e+01 5.000000000000000000e+04 1.978510650681125327e+01 8.049349696693089418e-02 1.349752598803487080e+00 3.149681828015411522e+00 1.790877078894386742e-01 1.570796326794896558e+00 1.000000000000000000e+00 1.000000000000000000e+00 0.000000000000000000e+00 0.000000000000000000e+00 -1.000000000000000000e+00 -1.000000000000000000e+00
5.900000000000000000e+01 8.483909184370973890e+03 1.742398848120550170e+01 -8.874198718606664260e-02 2.805991231058915236e+00 -1.740448882345341924e-02 9.000000000000001055e-02 1.570796326794896558e+00 1.000000000000000000e+00 1.000000000000000000e+00 0.000000000000000000e+00 0.000000000000000000e+00 -1.000000000000000000e+00 -1.000000000000000000e+00
6.300000000000000000e+01 1.770190560201843255e+04 1.399359310424883773e+01 2.475703893164772629e-02 1.402558435070957898e+00 -1.717500800101144642e-02 1.000000000000000021e-02 1.570796326794896558e+00 1.000000000000000000e+00 1.000000000000000000e+00 0.000000000000000000e+00 0.000000000000000000e+00 -1.000000000000000000e+00 -1.000000000000000000e+00
6.400000000000000000e+01 4.652152199145033956e+04 1.371285042013259847e+01 -1.013852709910984390e-01 2.499617015372863627e+00 3.165141494220637508e+00 1.684009659011832527e-01 1.570796326794896558e+00 1.000000000000000000e+00 1.000000000000000000e+00 0.000000000000000000e+00 0.000000000000000000e+00 -1.000000000000000000e+00 -1.000000000000000000e+00
6.600000000000000000e+01 6.576340037803574887e+02 1.525138342121320889e+01 -1.666596364152253817e-01 2.048051681153387094e+00 -5.268321798133441571e-03 4.790841742261453540e-02 0.000000000000000000e+00 1.000000000000000000e+00 1.000000000000000000e+00 0.000000000000000000e+00 0.000000000000000000e+00 -1.000000000000000000e+00 -1.000000000000000000e+00
6.700000000000000000e+01 2.547813708735414912e+04 1.784343653267735519e+01 -1.616863543924873525e-02 1.135010098679701818e+00 3.140364195956502957e+00 1.104959923517237486e-02 1.570796326794896558e+00 1.000000000000000000e+00 1.000000000000000000e+00 0.000000000000000000e+00 0.000000000000000000e+00 -1.000000000000000000e+00 -1.000000000000000000e+00
7.000000000000000000e+01 4.253247197390535439e+04 3.672238782592258133e+01 -5.963198390453753814e-04 1.563142174157181374e+00 3.158840893883649859e+00 8.563359679387988477e-02 0.000000000000000000e+00 1.000000000000000000e+00 1.000000000000000000e+00 0.000000000000000000e+00 0.000000000000000000e+00 -1.000000000000000000e+00 -1.000000000000000000e+00
7.400000000000000000e+01 9.854437260114793389e+03 1.569478531588071313e+01 9.929986759779438343e-02 6.928906356141855127e-01 -1.018881650642262937e-02 4.840655381753643238e-02 1.570796326794896558e+00 1.000000000000000000e+00 1.000000000000000000e+00 0.000000000000000000e+00 0.000000000000000000e+00 -1.000000000000000000e+00 -1.000000000000000000e+00
7.500000000000000000e+01 5.596586938167159815e+02 1.061400805030103989e+01 8.415688697415329989e-02 6.204008831274474556e-01 3.131354335398645716e+00 9.000000000000001055e-02 0.000000000000000000e+00 1.000000000000000000e+00 1.000000000000000000e+00 0.000000000000000000e+00 0.000000000000000000e+00 -1.000000000000000000e+00 -1.000000000000000000e+00
7.600000000000000000e+01 2.323447075482639775e+04 2.650374243955481646e+01 -2.380551371050473319e-01 3.100000000000000089e+00 1.806783292756408699e-02 4.102454570767120196e-02 0.000000000000000000e+00 1.000000000000000000e+00 1.000000000000000000e+00 0.000000000000000000e+00 0.000000000000000000e+00 -1.000000000000000000e+00 -1.000000000000000000e+00
7.700000000000000000e+01 3.023577438067418552e+04 1.171329276549299792e+01 3.991497574815293381e-02 5.414361653878646541e-01 3.110938156939912158e+00 4.990217590338723308e-02 1.570796326794896558e+00 1.000000000000000000e+00 1.000000000000000000e+00 0.000000000000000000e+00 0.000000000000000000e+00 -1.000000000000000000e+00 -1.000000000000000000e+00
7.800000000000000000e+01 2.151353522015423732e+04 1.654433406153600927e+01 -1.149620441927839409e-01 2.691132140936156159e+00 1.248149351547593773e-02 3.182839918690915509e-02 0.000000000000000000e+00 1.000000000000000000e+00 1.000000000000000000e+00 0.000000000000000000e+00 0.000000000000000000e+00 -1.000000000000000000e+00 -1.000000000000000000e+00
7.900000000000000000e+01 3.047545077977314577e+04 1.579585250704343835e+01 3.822598985212607992e-02 1.214920365243760347e+00 -2.601361844986019994e-02 9.281206144705531069e-02 0.000000000000000000e+00 1.000000000000000000e+00 1.000000000000000000e+00 0.000000000000000000e+00 0.000000000000000000e+00 -1.000000000000000000e+00 -1.000000000000000000e+00
8.000000000000000000e+01 1.306374470781298442e+04 2.035873934489965720e+01 -6.960917074564394735e-02 2.972635389762016356e+00 -2.077715131890884442e-02 1.344446621867123083e-02 0.000000000000000000e+00 1.000000000000000000e+00 1.000000000000000000e+00 0.000000000000000000e+00 0.000000000000000000e+00 -1.000000000000000000e+00 -1.000000000000000000e+00
8.100000000000000000e+01 5.000000000000000000e+04 2.619481215489922477e+01 -6.325193038191620487e-02 1.952267939631357363e+00 3.027815538662633268e-02 7.514561429921924607e-02 0.000000000000000000e+00 1.000000000000000000e+00 1.000000000000000000e+00 0.000000000000000000e+00 0.000000000000000000e+00 -1.000000000000000000e+00 -1.000000000000000000e+00
8.600000000000000000e+01 7.666776213354719403e+02 3.762527263962925161e+01 -1.499153078102665460e-01 2.174527208029505054e+00 3.143551698630594249e+00 9.000000000000001055e-02 1.570796326794896558e+00 1.000000000000000000e+00 1.000000000000000000e+00 0.000000000000000000e+00 0.000000000000000000e+00 -1.000000000000000000e+00 -1.000000000000000000e+00
8.700000000000000000e+01 2.336578921063770758e+04 1.276911578251506363e+01 1.317236298439135589e-01 9.555349886389828962e-01 3.168127434962900058e+00 1.383810398299101241e-02 1.570796326794896558e+00 1.000000000000000000e+00 1.000000000000000000e+00 0.000000000000000000e+00 0.000000000000000000e+00 -1.000000000000000000e+00 -1.000000000000000000e+00
8.800000000000000000e+01 1.476740957277511006e+04 2.261572757217292917e+01 -1.597411581071014608e-01 3.003991466746076977e+00 1.499952332133238329e-02 1.000000000000000021e-02 1.570796326794896558e+00 1.000000000000000000e+00 1.000000000000000000e+00 0.000000000000000000e+00 0.000000000000000000e+00 -1.000000000000000000e+00 -1.000000000000000000e+00
9.100000000000000000e+01 5.000000000000000000e+04 3.293402598240270862e+01 -6.546873238328178302e-02 3.100000000000000089e+00 3.170999226855976794e+00 1.131157927975147415e-02 0.000000000000000000e+00 1.000000000000000000e+00 1.000000000000000000e+00 0.000000000000000000e+00 0.000000000000000000e+00 -1.000000000000000000e+00 -1.000000000000000000e+00
9.200000000000000000e+01 3.518373780146648642e+04 3.448228614705919881e+01 -1.562267820706228771e-01 2.947193469199782978e+00 3.173414431267082669e+00 1.040168913594996698e-02 0.000000000000000000e+00 1.000000000000000000e+00 1.000000000000000000e+00 0.000000000000000000e+00 0.000000000000000000e+00 -1.000000000000000000e+00 -1.000000000000000000e+00
9.300000000000000000e+01 4.068879050639347406e+04 2.063796625494651593e+01 -4.804738294958066369e-02 2.431138386128769202e+00 2.087525826558278216e-02 3.539916949261529000e-02 0.000000000000000000e+00 1.000000000000000000e+00 1.000000000000000000e+00 0.000000000000000000e+00 0.000000000000000000e+00 -1.000000000000000000e+00 -1.000000000000000000e+00
9.500000000000000000e+01 7.147853765849902175e+02 1.409242826018714467e+01 -1.263366256781429664e-01 2.961235496325450800e+00 -6.917794664758157921e-03 9.000000000000001055e-02 0.000000000000000000e+00 1.000000000000000000e+00 1.000000000000000000e+00 0.000000000000000000e+00 0.000000000000000000e+00 -1.000000000000000000e+00 -1.000000000000000000e+00
9.700000000000000000e+01 5.000000000000000000e+04 2.180841306921583467e+01 -2.214057038704587144e-01 3.100000000000000089e+00 3.096341682380234772e+00 1.386434692748055031e-01 0.000000000000000000e+00 1.000000000000000000e+00 1.000000000000000000e+00 0.000000000000000000e+00 0.000000000000000000e+00 -1.000000000000000000e+00 -1.000000000000000000e+00
1.000000000000000000e+02 1.424325217970673475e+04 1.518955885881550039e+01 6.006948242693437023e-02 4.690822598408259658e-01 -9.458775305569275607e-03 1.000000000000000021e-02 1.570796326794896558e+00 1.000000000000000000e+00 1.000000000000000000e+00 0.000000000000000000e+00 0.000000000000000000e+00 -1.000000000000000000e+00 -1.000000000000000000e+00
1.010000000000000000e+02 2.201589902300157701e+04 1.034934293620819012e+01 -9.963708116943223447e-02 2.030607003132362642e+00 3.130904699850867612e+00 1.000000000000000021e-02 1.570796326794896558e+00 1.000000000000000000e+00 1.000000000000000000e+00 0.000000000000000000e+00 0.000000000000000000e+00 -1.000000000000000000e+00 -1.000000000000000000e+00
1.050000000000000000e+02 3.993345834875943547e+04 1.043160826069507507e+01 8.707197904478734818e-02 1.378577998873066646e+00 3.975284991062984913e-02 4.579003728108064358e-02 1.570796326794896558e+00 1.000000000000000000e+00 1.000000000000000000e+00 0.000000000000000000e+00 0.000000000000000000e+00 -1.000000000000000000e+00 -1.000000000000000000e+00
1.060000000000000000e+02 5.000000000000000000e+04 3.883744178873371311e+01 6.444113438569118446e-02 1.087424148141420632e+00 7.211435276254726269e-05 2.990352044928062600e-02 0.000000000000000000e+00 1.000000000000000000e+00 1.000000000000000000e+00 0.000000000000000000e+00 0.000000000000000000e+00 -1.000000000000000000e+00 -1.000000000000000000e+00
1.080000000000000000e+02 1.085436121531649223e+04 2.835216356011754968e+01 1.451726439348908770e-01 1.204847965313792013e+00 3.146589972471980801e+00 1.000000000000000056e-01 1.570796326794896558e+00 1.000000000000000000e+00 1.000000000000000000e+00 0.000000000000000000e+00 0.000000000000000000e+00 -1.000000000000000000e+00 -1.000000000000000000e+00
1.090000000000000000e+02 8.359380454205758042e+02 2.820811174005844535e+01 -2.279912430835526194e-01 2.242404088491672720e+00 -1.893806610134955628e-03 9.000000000000001055e-02 1.570796326794896558e+00 1.000000000000000000e+00 1.000000000000000000e+00 0.000000000000000000e+00 0.000000000000000000e+00 -1.000000000000000000e+00 -1.000000000000000000e+00
1.110000000000000000e+02 2.210025008820892981e+04 1.971907635798388370e+01 -4.271465681173330226e-02 2.715003350701679530e+00 3.166542034406035100e+00 2.403504917247315312e-02 0.000000000000000000e+00 1.000000000000000000e+00 1.000000000000000000e+00 0.000000000000000000e+00 0.000000000000000000e+00 -1.000000000000000000e+00 -1.000000000000000000e+00
1.120000000000000000e+02 1.293422670879144061e+04 1.153673022433560647e+01 1.796113149241571581e-03 1.635130153053623747e+00 1.314806104585039548e-02 1.434375527431398269e-02 0.000000000000000000e+00 1.000000000000000000e+00 1.000000000000000000e+00 0.000000000000000000e+00 0.000000000000000000e+00 -1.000000000000000000e+00 -1.000000000000000000e+00
1.130000000000000000e+02 1.753891352355714844e+04 1.274635260435537276e+01 -8.225065238107735766e-02 2.080599530770911976e+00 7.265496765199808658e-03 6.082728017860906250e-02 0.000000000000000000e+00 1.000000000000000000e+00 1.000000000000000000e+00 0.000000000000000000e+00 0.000000000000000000e+00 -1.000000000000000000e+00 -1.000000000000000000e+00
1.140000000000000000e+02 4.671923693110492604e+04 1.573209266426279740e+01 -7.816687355525085701e-02 3.100000000000000089e+00 6.032500924922759361e-04 1.738360831387140634e-02 1.570796326794896558e+00 1.000000000000000000e+00 1.000000000000000000e+00 0.000000000000000000e+00 0.000000000000000000e+00 -1.000000000000000000e+00 -1.000000000000000000e+00
1.180000000000000000e+02 1.674543141111526711e+04 1.269022359450246462e+01 9.687901231519301104e-02 6.420589855501689369e-01 -9.736190257243400661e-03 1.000000000000000021e-02 0.000000000000000000e+00 1.000000000000000000e+00 1.000000000000000000e+00 0.000000000000000000e+00 0.000000000000000000e+00 -1.000000000000000000e+00 -1.000000000000000000e+00
1.220000000000000000e+02 5.000000000000000000e+04 1.561677353320614792e+01 -1.339623750212092790e-01 1.976209842609931044e+00 8.471604160303519357e-03 7.556965268861429164e-02 0.000000000000000000e+00 1.000000000000000000e+00 1.000000000000000000e+00 0.000000000000000000e+00 0.000000000000000000e+00 -1.000000000000000000e+00 -1.000000000000000000e+00
1.230000000000000000e+02 3.956149248852492019e+04 2.443244880077303804e+01 -7.695517331932172356e-02 2.632828492585074898e+00 1.976867918002607472e-02 8.899478432843711817e-02 1.570796326794896558e+00 1.000000000000000000e+00 1.000000000000000000e+00 0.000000000000000000e+00 0.000000000000000000e+00 -1.000000000000000000e+00 -1.000000000000000000e+00
1.330000000000000000e+02 4.549382473195724742e+04 1.468186734307765029e+01 4.428515286886222646e-02 1.032608711729753992e+00 3.134397657669253601e+00 4.220940875295931677e-02 0.000000000000000000e+00 1.000000000000000000e+00 1.000000000000000000e+00 0.000000000000000000e+00 0.000000000000000000e+00 -1.000000000000000000e+00 -1.000000000000000000e+00
1.340000000000000000e+02 3.091743462348818866e+03 1.117910817352808550e+01 1.691400481315014775e-02 1.166772624543978454e+00 3.150474832805809644e+00 9.000000000000001055e-02 0.000000000000000000e+00 1.000000000000000000e+00 1.000000000000000000e+00 0.000000000000000000e+00 0.000000000000000000e+00 -1.000000000000000000e+00 -1.000000000000000000e+00
1.390000000000000000e+02 1.405398572077302197e+04 1.124638108448399088e+01 3.192836536139287591e-03 1.519372627985271951e+00 -2.835912142347392882e-03 4.216021784712366272e-02 1.570796326794896558e+00 1.000000000000000000e+00 1.000000000000000000e+00 0.000000000000000000e+00 0.000000000000000000e+00 -1.000000000000000000e+00 -1.000000000000000000e+00
1.400000000000000000e+02 2.609696221485000206e+04 1.298229212722522874e+01 -1.905346438556978703e-02 8.114049084716808968e-01 -3.000320314908713065e-02 1.203112346727691455e-02 0.000000000000000000e+00 1.000000000000000000e+00 1.000000000000000000e+00 0.000000000000000000e+00 0.000000000000000000e+00 -1.000000000000000000e+00 -1.000000000000000000e+00
1.410000000000000000e+02 1.739750343138168682e+04 1.087337415340246771e+01 -1.201406418405901455e-01 2.178537638544162824e+00 3.120514442853687065e+00 1.000000000000000021e-02 0.000000000000000000e+00 1.000000000000000000e+00 1.000000000000000000e+00 0.000000000000000000e+00 0.000000000000000000e+00 -1.000000000000000000e+00 -1.000000000000000000e+00
1.420000000000000000e+02 5.000000000000000000e+04 3.190908898494768664e+01 1.389940354380602566e-02 3.226907948569282536e-01 3.110170991231631987e+00 3.205233928978952485e-02 1.570796326794896558e+00 1.000000000000000000e+00 1.000000000000000000e+00 0.000000000000000000e+00 0.000000000000000000e+00 -1.000000000000000000e+00 -1.000000000000000000e+00
1.430000000000000000e+02 7.363381878715585117e+03 2.068495021749847140e+01 2.177419753814756609e-01 1.164343132317290808e+00 -2.509359631354706431e-03 1.000000000000000056e-01 1.570796326794896558e+00 1.000000000000000000e+00 1.000000000000000000e+00 0.000000000000000000e+00 0.000000000000000000e+00 -1.000000000000000000e+00 -1.000000000000000000e+00
1.440000000000000000e+02 2.696492902626146679e+04 1.093555331338117220e+01 -4.186525561832422221e-02 2.417349696552955063e+00 3.123377485613275883e+00 3.675783490708291190e-02 1.570796326794896558e+00 1.000000000000000000e+00 1.000000000000000000e+00 0.000000000000000000e+00 0.000000000000000000e+00 -1.000000000000000000e+00 -1.000000000000000000e+00
1.470000000000000000e+02 3.348485519419870980e+04 1.088726458968057464e+01 -2.004392914484724730e-01 2.688693234060546278e+00 3.173772540805192222e+00 5.953686191985194803e-02 1.570796326794896558e+00 1.000000000000000000e+00 1.000000000000000000e+00 0.000000000000000000e+00 0.000000000000000000e+00 -1.000000000000000000e+00 -1.000000000000000000e+00
1.480000000000000000e+02 3.704027820839706692e+04 1.314406570601169300e+01 2.420264543208553581e-02 1.155547412174253719e+00 -3.434153578635183723e-02 1.560467413852386492e-02 0.000000000000000000e+00 1.000000000000000000e+00 1.000000000000000000e+00 0.000000000000000000e+00 0.000000000000000000e+00 -1.000000000000000000e+00 -1.000000000000000000e+00
1.490000000000000000e+02 1.590497055553720747e+04 1.692981296205186226e+01 -2.711821249644928017e-02 3.072080000000000144e+00 3.125360876143977062e+00 1.000000000000000056e-01 1.570796326794896558e+00 1.000000000000000000e+00 1.000000000000000000e+00 0.000000000000000000e+00 0.000000000000000000e+00 -1.000000000000000000e+00 -1.000000000000000000e+00
1.500000000000000000e+02 3.930260121032637107e+04 3.206569858452691335e+01 -1.368367961267979716e-01 2.620071895984100507e+00 3.177217066455118477e+00 4.766956256730779662e-02 1.570796326794896558e+00 1.000000000000000000e+00 1.000000000000000000e+00 0.000000000000000000e+00 0.000000000000000000e+00 -1.000000000000000000e+00 -1.000000000000000000e+00
1.510000000000000000e+02 1.155428807793006308e+04 1.107483571863858884e+01 -4.373734546140071316e-02 3.054209651179635276e+00 3.137971613909544377e+00 1.000000000000000021e-02 1.570796326794896558e+00 1.000000000000000000e+00 1.000000000000000000e+00 0.000000000000000000e+00 0.000000000000000000e+00 -1.000000000000000000e+00 -1.000000000000000000e+00
1.570000000000000000e+02 1.199840892344152599e+04 1.589312223800503787e+01 1.590632009623645787e-02 9.070023860557787643e-01 3.154375686487712827e+00 9.000000000000001055e-02 0.000000000000000000e+00 1.000000000000000000e+00 1.000000000000000000e+00 0.000000000000000000e+00 0.000000000000000000e+00 -1.000000000000000000e+00 -1.000000000000000000e+00
1.590000000000000000e+02 1.622062437936808919e+03 1.103067686081420362e+01 -9.310629969904141157e-02 2.589373459231442798e+00 3.142958074515291411e+00 9.000000000000001055e-02 0.000000000000000000e+00 1.000000000000000000e+00 1.000000000000000000e+00 0.000000000000000000e+00 0.000000000000000000e+00 -1.000000000000000000e+00 -1.000000000000000000e+00
1.600000000000000000e+02 4.260935178871609241e+04 3.567041616877173738e+01 -2.796677432431569216e-02 1.179873269215014897e+00 3.176656891373383029e+00 6.174872460121871853e-02 0.000000000000000000e+00 1.000000000000000000e+00 1.000000000000000000e+00 0.000000000000000000e+00 0.000000000000000000e+00 -1.000000000000000000e+00 -1.000000000000000000e+00
1.610000000000000000e+02 4.491992665626247572e+02 1.056236773268154394e+01 -1.107164430056469945e-01 2.753432035078732465e+00 3.116719661035792566e+00 1.000000000000000056e-01 1.570796326794896558e+00 1.000000000000000000e+00 1.000000000000000000e+00 0.000000000000000000e+00 0.000000000000000000e+00 -1.000000000000000000e+00 -1.000000000000000000e+00
1.630000000000000000e+02 8.955776802480772858e+02 1.244485631701141415e+01 6.031399896658747040e-02 1.707090603971009424e+00 3.131700018617189496e+00 9.000000000000001055e-02 1.570796326794896558e+00 1.000000000000000000e+00 1.000000000000000000e+00 0.000000000000000000e+00 0.000000000000000000e+00 -1.000000000000000000e+00 -1.000000000000000000e+00
1.650000000000000000e+02 2.030042012599788723e+04 2.772790247066311053e+01 -3.056996389986807450e-02 2.748283778294697832e+00 -5.139180063066978860e-03 1.000000000000000021e-02 1.570796326794896558e+00 1.000000000000000000e+00 1.000000000000000000e+00 0.000000000000000000e+00 0.000000000000000000e+00 -1.000000000000000000e+00 -1.000000000000000000e+00
1.660000000000000000e+02 4.413411759973187873e+04 1.134544051262078312e+01 -1.891763809549539266e-01 2.046977537315407769e+00 4.471122089253736637e-02 4.879666000951488058e-02 0.000000000000000000e+00 1.000000000000000000e+00 1.000000000000000000e+00 0.000000000000000000e+00 0.000000000000000000e+00 -1.000000000000000000e+00 -1.000000000000000000e+00
1.670000000000000000e+02 4.523700871697854745e+04 1.851545108895879110e+01 1.303817296876192688e-01 9.816882527156631788e-01 3.176995041679522291e+00 2.574993813348124827e-01 0.000000000000000000e+00 1.000000000000000000e+00 1.000000000000000000e+00 0.000000000000000000e+00 0.000000000000000000e+00 -1.000000000000000000e+00 -1.000000000000000000e+00
1.700000000000000000e+02 2.167296517817008498e+04 1.980636728259585766e+01 -8.860269020615503532e-02 3.086040000000000116e+00 3.119964470546465307e+00 1.000000000000000056e-01 1.570796326794896558e+00 1.000000000000000000e+00 1.000000000000000000e+00 0.000000000000000000e+00 0.000000000000000000e+00 -1.000000000000000000e+00 -1.000000000000000000e+00
1.770000000000000000e+02 3.882382633921844536e+04 1.443251766808160141e+01 -3.299913376458837866e-02 2.680913349489030484e+00 3.110682042104295331e+00 2.787429493799490829e-02 1.570796326794896558e+00 1.000000000000000000e+00 1.000000000000000000e+00 0.000000000000000000e+00 0.000000000000000000e+00 -1.000000000000000000e+00 -1.000000000000000000e+00
1.780000000000000000e+02 4.263376554463888169e+04 1.061610340746250003e+01 -1.182328608071845227e-01 3.100000000000000089e+00 3.111104140008948082e+00 4.790204453719871386e-02 1.570796326794896558e+00 1.000000000000000000e+00 1.000000000000000000e+00 0.000000000000000000e+00 0.000000000000000000e+00 -1.000000000000000000e+00 -1.000000000000000000e+00
1.800000000000000000e+02 4.569975899555123033e+04 1.191642537277445335e+01 -1.794303095787146973e-01 3.040171264844483634e+00 9.534311466161324994e-03 2.417459139153964043e-01 0.000000000000000000e+00 1.000000000000000000e+00 1.000000000000000000e+00 0.000000000000000000e+00 0.000000000000000000e+00 -1.000000000000000000e+00 -1.000000000000000000e+00
1.870000000000000000e+02 2.474701290042792243e+04 1.715689238987151910e+01 -1.682346563932353989e-01 2.780616007250955590e+00 3.405752623338344914e-02 1.195167344702126148e-02 0.000000000000000000e+00 1.000000000000000000e+00 1.000000000000000000e+00 0.000000000000000000e+00 0.000000000000000000e+00 -1.000000000000000000e+00 -1.000000000000000000e+00
1.880000000000000000e+02 4.743148211008932412e+04 1.128313801937299843e+01 -1.494335652257009275e-02 5.396206847283292474e-01 3.142800619444155341e+00 5.079932731609032581e-02 1.570796326794896558e+00 1.000000000000000000e+00 1.000000000000000000e+00 0.000000000000000000e+00 0.000000000000000000e+00 -1.000000000000000000e+00 -1.000000000000000000e+00
1.930000000000000000e+02 2.032810770017075629e+04 1.680920442792452008e+01 1.214169000292195655e-01 1.462015667263637075e+00 3.119531256683657716e+00 2.147551859184053044e-02 1.570796326794896558e+00 1.000000000000000000e+00 1.000000000000000000e+00 0.000000000000000000e+00 0.000000000000000000e+00 -1.000000000000000000e+00 -1.000000000000000000e+00
1.940000000000000000e+02 3.207210130455901162e+04 1.194149245887655830e+01 4.557328935976112660e-02 1.083431337773065772e+00 4.162595689828262752e-02 3.374731561620376852e-02 0.000000000000000000e+00 1.000000000000000000e+00 1.000000000000000000e+00 0.000000000000000000e+00 0.000000000000000000e+00 -1.000000000000000000e+00 -1.000000000000000000e+00
1.950000000000000000e+02 1.147283967855421724e+04 1.387768498468916256e+01 1.644862481161304957e-02 1.287777384513812740e+00 -5.910512952138894348e-03 1.000000000000000056e-01 0.000000000000000000e+00 1.000000000000000000e+00 1.000000000000000000e+00 0.000000000000000000e+00 0.000000000000000000e+00 -1.000000000000000000e+00 -1.000000000000000000e+00
1.960000000000000000e+02 1.812987005823870277e+04 3.476308351869399615e+01 4.104192803683071045e-02 1.382853731591687563e+00 3.123623959513180726e+00 2.063310325468588335e-02 0.000000000000000000e+00 1.000000000000000000e+00 1.000000000000000000e+00 0.000000000000000000e+00 0.000000000000000000e+00 -1.000000000000000000e+00 -1.000000000000000000e+00
1.980000000000000000e+02 1.134588115648754865e+03 1.097188369012517306e+01 1.468971719685343430e-02 1.543705653940333766e+00 3.138372730542652977e+00 9.000000000000001055e-02 1.570796326794896558e+00 1.000000000000000000e+00 1.000000000000000000e+00 0.000000000000000000e+00 0.000000000000000000e+00 -1.000000000000000000e+00 -1.000000000000000000e+00
2.000000000000000000e+02 4.536823274586782645e+04 1.084979119500996347e+01 -1.135274916435443926e-01 2.785467894692720048e+00 -4.173180751647278391e-02 5.118637292123197347e-02 1.570796326794896558e+00 1.000000000000000000e+00 1.000000000000000000e+00 0.000000000000000000e+00 0.000000000000000000e+00 -1.000000000000000000e+00 -1.000000000000000000e+00
3.650000000000000000e+02 6.148507721057760591e+02 1.317491796495324152e+01 -2.132051207865175435e-01 3.100000000000000089e+00 0.000000000000000000e+00 6.149407315051289707e-02 -1.000000000000000000e+00 1.000000000000000000e+00 1.000000000000000000e+00 6.800000000000000000e+01 0.000000000000000000e+00 -1.000000000000000000e+00 -1.000000000000000000e+00
9.000000000000000000e+00 7.544823909708786687e+02 1.269932113724776279e+01 7.870001121221668894e-02 1.320431776828982606e+00 1.039086141884532771e-02 1.000000000000000056e-01 1.570796326794896558e+00 1.000000000000000000e+00 1.000000000000000000e+00 0.000000000000000000e+00 0.000000000000000000e+00 -1.000000000000000000e+00 -1.000000000000000000e+00
1.000000000000000000e+01 4.007666308706102427e+04 3.180001227028819955e+01 -1.789374874290029505e-01 2.187355010703216251e+00 0.000000000000000000e+00 6.071257238667133321e-02 1.570796326794896558e+00 1.000000000000000000e+00 1.000000000000000000e+00 0.000000000000000000e+00 0.000000000000000000e+00 -1.000000000000000000e+00 -1.000000000000000000e+00
1.200000000000000000e+01 2.853360484135597653e+04 1.338151556107654372e+01 -2.721973039082997356e-02 7.836961049136932367e-01 0.000000000000000000e+00 6.071906969769126639e-02 1.570796326794896558e+00 1.000000000000000000e+00 1.000000000000000000e+00 0.000000000000000000e+00 0.000000000000000000e+00 -1.000000000000000000e+00 -1.000000000000000000e+00
1.800000000000000000e+01 1.631557617011891489e+04 1.432266426444701501e+01 8.244330042575365169e-02 2.421708090551072390e-01 0.000000000000000000e+00 7.572236619916161704e-02 1.570796326794896558e+00 1.000000000000000000e+00 1.000000000000000000e+00 0.000000000000000000e+00 0.000000000000000000e+00 -1.000000000000000000e+00 -1.000000000000000000e+00
3.000000000000000000e+01 1.168892976308855759e+04 1.292552406215332184e+01 -4.555134963304225543e-02 2.857575258882579128e+00 0.000000000000000000e+00 2.181126966221953040e-02 1.570796326794896558e+00 1.000000000000000000e+00 1.000000000000000000e+00 0.000000000000000000e+00 0.000000000000000000e+00 -1.000000000000000000e+00 -1.000000000000000000e+00
4.100000000000000000e+01 7.467716362089305449e+02 1.204457522339917830e+01 -1.760120971724591088e-01 3.099090874648608107e+00 0.000000000000000000e+00 2.549876661528485688e-02 1.570796326794896558e+00 1.000000000000000000e+00 1.000000000000000000e+00 0.000000000000000000e+00 0.000000000000000000e+00 -1.000000000000000000e+00 -1.000000000000000000e+00
4.200000000000000000e+01 6.887815156662115896e+02 1.769893243028239738e+01 9.569561713574187278e-02 6.981259286084424698e-01 4.545603637132785389e-03 1.298724581656052549e-02 1.570796326794896558e+00 1.000000000000000000e+00 1.000000000000000000e+00 0.000000000000000000e+00 0.000000000000000000e+00 -1.000000000000000000e+00 -1.000000000000000000e+00
4.300000000000000000e+01 4.849650169582851231e+04 3.167026552513189941e+01 1.368243476527547520e-02 6.166565836327763117e-01 4.421956608268998168e-02 9.523541347212981234e-02 1.570796326794896558e+00 1.000000000000000000e+00 1.000000000000000000e+00 0.000000000000000000e+00 0.000000000000000000e+00 -1.000000000000000000e+00 -1.000000000000000000e+00
4.400000000000000000e+01 1.810467737584043425e+04 1.079347350404999162e+01 -9.091760982072376318e-02 2.724281096096368149e+00 0.000000000000000000e+00 8.435181995901191998e-02 1.570796326794896558e+00 1.000000000000000000e+00 1.000000000000000000e+00 0.000000000000000000e+00 0.000000000000000000e+00 -1.000000000000000000e+00 -1.000000000000000000e+00
5.800000000000000000e+01 4.204423999481132341e+03 1.101850155912416973e+01 8.760283296467406833e-02 1.019289149368127756e+00 3.734481090313260775e-03 9.000000000000001055e-02 1.570796326794896558e+00 1.000000000000000000e+00 1.000000000000000000e+00 0.000000000000000000e+00 0.000000000000000000e+00 -1.000000000000000000e+00 -1.000000000000000000e+00
6.000000000000000000e+01 3.047597990883789680e+04 1.298435048303075590e+01 -5.702395778011551397e-02 2.096270427197035158e+00 3.792829769599707218e-02 2.266405546408952615e-02 1.570796326794896558e+00 1.000000000000000000e+00 1.000000000000000000e+00 0.000000000000000000e+00 0.000000000000000000e+00 -1.000000000000000000e+00 -1.000000000000000000e+00
6.500000000000000000e+01 8.310923523257779379e+02 1.947947282232368948e+01 -2.090515158827015163e-01 3.021091740535037928e+00 7.929994279517326924e-03 1.264473142065213745e-02 1.570796326794896558e+00 1.000000000000000000e+00 1.000000000000000000e+00 0.000000000000000000e+00 0.000000000000000000e+00 -1.000000000000000000e+00 -1.000000000000000000e+00
6.800000000000000000e+01 3.867828681074221822e+04 1.074888223722606284e+01 -1.014178928868195509e-02 0.000000000000000000e+00 3.062045243684865040e-02 5.631966123730181711e-02 1.570796326794896558e+00 1.000000000000000000e+00 1.000000000000000000e+00 0.000000000000000000e+00 0.000000000000000000e+00 -1.000000000000000000e+00 -1.000000000000000000e+00
8.200000000000000000e+01 5.000000000000000000e+04 2.265717965314598814e+01 1.111938178266320687e-01 1.572840816293674671e+00 4.444614309155686671e-02 1.677898056520011616e-01 1.570796326794896558e+00 1.000000000000000000e+00 1.000000000000000000e+00 0.000000000000000000e+00 0.000000000000000000e+00 -1.000000000000000000e+00 -1.000000000000000000e+00
9.000000000000000000e+01 3.604446351777773816e+04 1.058860375931652875e+01 -8.388558877578575212e-02 1.789199747793035478e+00 4.281374582285394498e-02 5.457781533957647979e-02 1.570796326794896558e+00 1.000000000000000000e+00 1.000000000000000000e+00 0.000000000000000000e+00 0.000000000000000000e+00 -1.000000000000000000e+00 -1.000000000000000000e+00
9.800000000000000000e+01 4.506405134850790637e+04 1.619902762637548577e+01 -1.601799795117110972e-02 1.472922379982169128e+00 4.212565537305232310e-02 2.103004083349581388e-01 1.570796326794896558e+00 1.000000000000000000e+00 1.000000000000000000e+00 0.000000000000000000e+00 0.000000000000000000e+00 -1.000000000000000000e+00 -1.000000000000000000e+00
1.020000000000000000e+02 4.615251743093827827e+04 1.398226059771544350e+01 1.585055010662140829e-01 1.410808223278068541e+00 0.000000000000000000e+00 1.831494988689771550e-02 1.570796326794896558e+00 1.000000000000000000e+00 1.000000000000000000e+00 0.000000000000000000e+00 0.000000000000000000e+00 -1.000000000000000000e+00 -1.000000000000000000e+00
1.200000000000000000e+02 3.099733496158655544e+04 2.274277688716168910e+01 -2.065116651620929958e-02 1.671919752425691463e+00 0.000000000000000000e+00 1.293819550833256830e-02 1.570796326794896558e+00 1.000000000000000000e+00 1.000000000000000000e+00 0.000000000000000000e+00 0.000000000000000000e+00 -1.000000000000000000e+00 -1.000000000000000000e+00
1.210000000000000000e+02 5.000000000000000000e+04 2.457563751022874499e+01 -1.567314070914464091e-02 2.476541909859941160e-01 0.000000000000000000e+00 7.245358453156532097e-02 1.570796326794896558e+00 1.000000000000000000e+00 1.000000000000000000e+00 0.000000000000000000e+00 0.000000000000000000e+00 -1.000000000000000000e+00 -1.000000000000000000e+00
1.240000000000000000e+02 1.945832325069520448e+04 1.173433019480494366e+01 -2.290739820207520483e-01 2.672241193536156079e+00 0.000000000000000000e+00 1.000000000000000021e-02 1.570796326794896558e+00 1.000000000000000000e+00 1.000000000000000000e+00 0.000000000000000000e+00 0.000000000000000000e+00 -1.000000000000000000e+00 -1.000000000000000000e+00
1.290000000000000000e+02 2.243803259577911012e+04 1.152916197312838342e+01 -1.874512026567564521e-02 1.165185905092790630e+00 3.508015230511077331e-02 2.737523542158567386e-02 1.570796326794896558e+00 1.000000000000000000e+00 1.000000000000000000e+00 0.000000000000000000e+00 0.000000000000000000e+00 -1.000000000000000000e+00 -1.000000000000000000e+00
1.320000000000000000e+02 1.276629586506704436e+04 1.483325663273499018e+01 -4.440088098495292672e-03 3.226566898179111798e-01 0.000000000000000000e+00 9.000000000000001055e-02 1.570796326794896558e+00 1.000000000000000000e+00 1.000000000000000000e+00 0.000000000000000000e+00 0.000000000000000000e+00 -1.000000000000000000e+00 -1.000000000000000000e+00
1.380000000000000000e+02 7.375219631861841663e+02 1.491700584992724110e+01 6.188142805734112017e-02 1.186597783791950800e+00 9.974835140788748319e-03 2.017557707113159030e-02 1.570796326794896558e+00 1.000000000000000000e+00 1.000000000000000000e+00 0.000000000000000000e+00 0.000000000000000000e+00 -1.000000000000000000e+00 -1.000000000000000000e+00
1.580000000000000000e+02 3.844315445600057865e+04 2.134730427869392955e+01 2.762265071364727875e-02 6.198295581230165441e-01 1.471232465503128847e-02 1.446771919889950908e-01 1.570796326794896558e+00 1.000000000000000000e+00 1.000000000000000000e+00 0.000000000000000000e+00 0.000000000000000000e+00 -1.000000000000000000e+00 -1.000000000000000000e+00
1.680000000000000000e+02 8.469670859453397043e+02 3.256364270760258961e+01 7.653431382114593562e-02 1.552697588263212802e+00 2.731771406065425668e-03 9.000000000000001055e-02 1.570796326794896558e+00 1.000000000000000000e+00 1.000000000000000000e+00 0.000000000000000000e+00 0.000000000000000000e+00 -1.000000000000000000e+00 -1.000000000000000000e+00
1.730000000000000000e+02 2.826577882002804836e+04 3.526293357305363685e+01 5.690622425459936073e-02 9.107022749943303186e-01 2.842600586925412079e-02 1.803616517648778603e-02 1.570796326794896558e+00 1.000000000000000000e+00 1.000000000000000000e+00 0.000000000000000000e+00 0.000000000000000000e+00 -1.000000000000000000e+00 -1.000000000000000000e+00
1.740000000000000000e+02 4.571821963030520419e+04 3.570999601072639962e+01 -1.214300076074955465e-01 2.609974338235037550e+00 1.620277209786427294e-02 8.762612498156105434e-02 1.570796326794896558e+00 1.000000000000000000e+00 1.000000000000000000e+00 0.000000000000000000e+00 0.000000000000000000e+00 -1.000000000000000000e+00 -1.000000000000000000e+00
1.750000000000000000e+02 1.170228460688057203e+04 1.015208127107443303e+01 -5.991633983847407738e-03 1.573672202576344548e+00 9.280096869238215959e-03 6.981409956113966697e-02 1.570796326794896558e+00 1.000000000000000000e+00 1.000000000000000000e+00 0.000000000000000000e+00 0.000000000000000000e+00 -1.000000000000000000e+00 -1.000000000000000000e+00
1.830000000000000000e+02 2.482684411535528125e+04 1.240111077509622639e+01 -7.803621179117485596e-02 2.536874705934477170e+00 1.936203573701363381e-02 8.144876725191063649e-02 1.570796326794896558e+00 1.000000000000000000e+00 1.000000000000000000e+00 0.000000000000000000e+00 0.000000000000000000e+00 -1.000000000000000000e+00 -1.000000000000000000e+00
1.840000000000000000e+02 3.597673588700427445e+03 1.274002095824299730e+01 -1.039959310972592005e-01 2.772471381305637639e+00 1.557706419180605699e-02 9.000000000000001055e-02 1.570796326794896558e+00 1.000000000000000000e+00 1.000000000000000000e+00 0.000000000000000000e+00 0.000000000000000000e+00 -1.000000000000000000e+00 -1.000000000000000000e+00
1.850000000000000000e+02 2.529633627752810207e+04 1.243352117335621365e+01 -8.127971261263305935e-02 2.576511338048528277e+00 1.171951909577848526e-02 1.428171132897325911e-02 1.570796326794896558e+00 1.000000000000000000e+00 1.000000000000000000e+00 0.000000000000000000e+00 0.000000000000000000e+00 -1.000000000000000000e+00 -1.000000000000000000e+00
1.860000000000000000e+02 3.826795373159756855e+04 1.055439341551943855e+01 -8.616303060394121804e-02 2.091009695407702207e+00 1.040881669904742193e-02 2.285453356524061452e-02 1.570796326794896558e+00 1.000000000000000000e+00 1.000000000000000000e+00 0.000000000000000000e+00 0.000000000000000000e+00 -1.000000000000000000e+00 -1.000000000000000000e+00
1.970000000000000000e+02 3.741418448840887868e+04 1.595571924972693800e+01 -1.798751524650121503e-01 2.803615600866960822e+00 0.000000000000000000e+00 1.083367978490819457e-02 1.570796326794896558e+00 1.000000000000000000e+00 1.000000000000000000e+00 0.000000000000000000e+00 0.000000000000000000e+00 -1.000000000000000000e+00 -1.000000000000000000e+00
1.990000000000000000e+02 2.923972699940903112e+04 1.513020606451348904e+01 1.101495802374737598e-01 1.324607178200695623e+00 3.764271072461217171e-02 2.113663429874674399e-02 1.570796326794896558e+00 1.000000000000000000e+00 1.000000000000000000e+00 0.000000000000000000e+00 0.000000000000000000e+00 -1.000000000000000000e+00 -1.000000000000000000e+00
4.000000000000000000e+00 1.175566130762476860e+03 1.178341777076557939e+01 -9.305509790250124369e-02 2.479002332789969731e+00 0.000000000000000000e+00 9.000000000000001055e-02 0.000000000000000000e+00 1.000000000000000000e+00 1.000000000000000000e+00 0.000000000000000000e+00 0.000000000000000000e+00 -1.000000000000000000e+00 -1.000000000000000000e+00
1.100000000000000000e+01 6.890829047070415072e+03 1.115135120748557185e+01 -4.281137590174301927e-02 3.016468870279643610e+00 0.000000000000000000e+00 1.661914903894504969e-01 0.000000000000000000e+00 1.000000000000000000e+00 1.000000000000000000e+00 0.000000000000000000e+00 0.000000000000000000e+00 -1.000000000000000000e+00 -1.000000000000000000e+00
5.600000000000000000e+01 8.629073123614904034e+03 1.305824653887977327e+01 -4.926892800819761276e-02 2.357622635808611644e+00 0.000000000000000000e+00 1.000000000000000056e-01 0.000000000000000000e+00 1.000000000000000000e+00 1.000000000000000000e+00 0.000000000000000000e+00 0.000000000000000000e+00 -1.000000000000000000e+00 -1.000000000000000000e+00
7.200000000000000000e+01 8.960733566365930528e+03 1.159622467411221436e+01 -3.922034590092925155e-02 2.691395649455548877e+00 0.000000000000000000e+00 3.856648239262452232e-02 0.000000000000000000e+00 1.000000000000000000e+00 1.000000000000000000e+00 0.000000000000000000e+00 0.000000000000000000e+00 -1.000000000000000000e+00 -1.000000000000000000e+00
1.150000000000000000e+02 6.325748153838066173e+03 1.416414357595381368e+01 -2.040837067644218628e-01 2.097562431752644230e+00 0.000000000000000000e+00 4.628036245088443940e-02 0.000000000000000000e+00 1.000000000000000000e+00 1.000000000000000000e+00 0.000000000000000000e+00 0.000000000000000000e+00 -1.000000000000000000e+00 -1.000000000000000000e+00
1.310000000000000000e+02 5.222030136504428810e+03 1.832332346791054789e+01 -7.792501455600607009e-03 7.443170287735215718e-01 0.000000000000000000e+00 9.000000000000001055e-02 0.000000000000000000e+00 1.000000000000000000e+00 1.000000000000000000e+00 0.000000000000000000e+00 0.000000000000000000e+00 -1.000000000000000000e+00 -1.000000000000000000e+00
1.560000000000000000e+02 8.293855233414427857e+03 1.172563147816802598e+01 7.773518371690442408e-02 1.394598971730266701e+00 0.000000000000000000e+00 2.282461328746488161e-01 0.000000000000000000e+00 1.000000000000000000e+00 1.000000000000000000e+00 0.000000000000000000e+00 0.000000000000000000e+00 -1.000000000000000000e+00 -1.000000000000000000e+00
1.890000000000000000e+02 1.001090384297391938e+04 1.104657265419292855e+01 -5.019047929301728717e-02 2.512346273105634520e+00 0.000000000000000000e+00 3.334225557845935106e-01 0.000000000000000000e+00 1.000000000000000000e+00 1.000000000000000000e+00 0.000000000000000000e+00 0.000000000000000000e+00 -1.000000000000000000e+00 -1.000000000000000000e+00
1.910000000000000000e+02 7.710261804205005319e+03 1.545405718220252211e+01 1.559334741030874716e-01 1.661791262720328621e+00 0.000000000000000000e+00 3.434780444034803981e-01 0.000000000000000000e+00 1.000000000000000000e+00 1.000000000000000000e+00 0.000000000000000000e+00 0.000000000000000000e+00 -1.000000000000000000e+00 -1.000000000000000000e+00
3.660000000000000000e+02 5.071683187417982026e+02 1.254693424723998518e+01 -6.823353086707728554e-02 2.287391800668649999e+00 0.000000000000000000e+00 8.308266469616008842e-02 -1.000000000000000000e+00 1.000000000000000000e+00 1.000000000000000000e+00 6.800000000000000000e+01 1.000000000000000000e+05 -1.000000000000000000e+00 -1.000000000000000000e+00
3.670000000000000000e+02 7.700000000000001137e+02 1.922393557804258890e+01 6.500485215195954403e-02 4.906628869052361841e-01 0.000000000000000000e+00 1.000000000000000056e-01 -1.000000000000000000e+00 1.000000000000000000e+00 1.000000000000000000e+00 6.800000000000000000e+01 2.000000000000000000e+05 -1.000000000000000000e+00 -1.000000000000000000e+00
5.500000000000000000e+01 4.481702776434268890e+04 2.269774449730179100e+01 1.548645269647008771e-01 2.628784051424873369e-01 3.148808527807623658e+00 7.635198664129409785e-02 1.570796326794896558e+00 1.000000000000000000e+00 1.000000000000000000e+00 0.000000000000000000e+00 0.000000000000000000e+00 -1.000000000000000000e+00 -1.000000000000000000e+00
3.700000000000000000e+02 3.607079851458087774e+02 1.121150909594141609e+01 -7.513964567055858579e-02 2.956914218738404099e+00 0.000000000000000000e+00 0.000000000000000000e+00 -1.000000000000000000e+00 1.000000000000000000e+00 1.000000000000000000e+00 6.800000000000000000e+01 3.000000000000000000e+05 -1.000000000000000000e+00 -1.000000000000000000e+00
