# id_num orb_a mass spin spin_angle orb_inc orb_ecc orb_arg_periapse orb_ang_mom gen galaxy time_passed gw_freq gw_strain
0.000000000000000000e+00 4.066851060822156114e+02 2.374373592200495864e+01 -7.727664727926476795e-02 3.100000000000000089e+00 3.131386693930313658e+00 3.989225795897719667e-02 0.000000000000000000e+00 1.000000000000000000e+00 1.000000000000000000e+00 0.000000000000000000e+00 0.000000000000000000e+00 -1.000000000000000000e+00 -1.000000000000000000e+00
3.000000000000000000e+00 4.023591720746508713e+02 1.261622482039526005e+01 -8.482400653939993485e-02 3.100000000000000089e+00 -2.991228556109201339e-02 2.331407571502428985e-02 1.570796326794896558e+00 1.000000000000000000e+00 1.000000000000000000e+00 0.000000000000000000e+00 0.000000000000000000e+00 -1.000000000000000000e+00 -1.000000000000000000e+00
4.000000000000000000e+00 2.739550825184752830e+04 1.467133501623304781e+01 1.160787447050082299e-02 1.568043053250701035e+00 -1.491887235675897622e-02 2.052801606480609761e-02 0.000000000000000000e+00 1.000000000000000000e+00 1.000000000000000000e+00 0.000000000000000000e+00 0.000000000000000000e+00 -1.000000000000000000e+00 -1.000000000000000000e+00
5.000000000000000000e+00 5.000000000000000000e+04 2.777246696391735270e+01 -1.174928732474208870e-01 2.482713304426354295e+00 3.105828237089720112e+00 7.908834261474358140e-02 0.000000000000000000e+00 1.000000000000000000e+00 1.000000000000000000e+00 0.000000000000000000e+00 0.000000000000000000e+00 -1.000000000000000000e+00 -1.000000000000000000e+00
7.000000000000000000e+00 5.000000000000000000e+04 3.675518774822128165e+01 -6.479241961788152759e-02 2.567439756346669544e+00 3.098266653564687889e+00 1.435741879240865111e-02 0.000000000000000000e+00 1.000000000000000000e+00 1.000000000000000000e+00 0.000000000000000000e+00 0.000000000000000000e+00 -1.000000000000000000e+00 -1.000000000000000000e+00
8.000000000000000000e+00 4.342524145859482815e+04 1.068838332854102369e+01 -4.676349157967892023e-02 9.153589881893340330e-01 3.172596952589151531e+00 5.604788269287541702e-02 0.000000000000000000e+00 1.000000000000000000e+00 1.000000000000000000e+00 0.000000000000000000e+00 0.000000000000000000e+00 -1.000000000000000000e+00 -1.000000000000000000e+00
9.000000000000000000e+00 2.794196868216368966e+04 1.130838499947868847e+01 -2.680567248394750968e-02 1.902860635112062937e+00 1.643817660784938420e-02 3.268948504940513006e-02 0.000000000000000000e+00 1.000000000000000000e+00 1.000000000000000000e+00 0.000000000000000000e+00 0.000000000000000000e+00 -1.000000000000000000e+00 -1.000000000000000000e+00
1.300000000000000000e+01 4.965035980594425200e+04 1.733127154332320430e+01 1.187181175626954022e-01 6.804678810901964026e-01 3.126554529365019430e+00 5.390637273110654437e-02 0.000000000000000000e+00 1.000000000000000000e+00 1.000000000000000000e+00 0.000000000000000000e+00 0.000000000000000000e+00 -1.000000000000000000e+00 -1.000000000000000000e+00
1.400000000000000000e+01 4.899878238089173101e+04 1.365837022464388184e+01 3.096237131508351725e-02 7.990937571022304065e-01 9.523150455926153793e-03 2.450929922344329825e-01 1.570796326794896558e+00 1.000000000000000000e+00 1.000000000000000000e+00 0.000000000000000000e+00 0.000000000000000000e+00 -1.000000000000000000e+00 -1.000000000000000000e+00
1.600000000000000000e+01 5.390055360762916280e+03 1.197143802735527451e+01 -4.576014321290557130e-02 2.467784105618930912e+00 3.164268799356072748e+00 8.100000000000001643e-02 0.000000000000000000e+00 1.000000000000000000e+00 1.000000000000000000e+00 0.000000000000000000e+00 0.000000000000000000e+00 -1.000000000000000000e+00 -1.000000000000000000e+00
1.800000000000000000e+01 4.373406274643442089e+02 1.993605925482188113e+01 1.130124918228750108e-01 1.913079508118877170e+00 -6.310244062427103643e-04 5.177911502901237639e-02 0.000000000000000000e+00 1.000000000000000000e+00 1.000000000000000000e+00 0.000000000000000000e+00 0.000000000000000000e+00 -1.000000000000000000e+00 -1.000000000000000000e+00
2.200000000000000000e+01 5.000000000000000000e+04 1.415871594421778390e+01 -2.981629923322264009e-02 1.039227457939905896e+00 8.776922422027032614e-03 4.809684068188489064e-02 1.570796326794896558e+00 1.000000000000000000e+00 1.000000000000000000e+00 0.000000000000000000e+00 0.000000000000000000e+00 -1.000000000000000000e+00 -1.000000000000000000e+00
2.400000000000000000e+01 6.757550491223729296e+03 2.395506111043859931e+01 7.243262086514229425e-02 7.237188452802700844e-01 3.114386669512888783e+00 9.000000000000001055e-02 1.570796326794896558e+00 1.000000000000000000e+00 1.000000000000000000e+00 0.000000000000000000e+00 0.000000000000000000e+00 -1.000000000000000000e+00 -1.000000000000000000e+00
2.500000000000000000e+01 2.001790779086995462e+04 3.869719529309606543e+01 -2.006479505546411579e-01 2.344402956990029541e+00 3.136460581348212706e+00 2.600179374418162132e-02 0.000000000000000000e+00 1.000000000000000000e+00 1.000000000000000000e+00 0.000000000000000000e+00 0.000000000000000000e+00 -1.000000000000000000e+00 -1.000000000000000000e+00
2.800000000000000000e+01 1.913455200045490710e+04 1.088308168560663525e+01 1.622147277309167468e-02 1.485821774314885824e+00 3.147808598775880817e+00 1.872545523118448671e-02 0.000000000000000000e+00 1.000000000000000000e+00 1.000000000000000000e+00 0.000000000000000000e+00 0.000000000000000000e+00 -1.000000000000000000e+00 -1.000000000000000000e+00
3.000000000000000000e+01 4.515198869340304373e+04 1.149067060634840409e+01 -1.895652405102224991e-01 3.100000000000000089e+00 3.111285079914868135e+00 5.731762614676122469e-02 0.000000000000000000e+00 1.000000000000000000e+00 1.000000000000000000e+00 0.000000000000000000e+00 0.000000000000000000e+00 -1.000000000000000000e+00 -1.000000000000000000e+00
3.200000000000000000e+01 5.000000000000000000e+04 1.081042535048642961e+01 4.798610650318443221e-03 1.075213098649673737e+00 3.180420976257266386e+00 1.395795361855999284e-01 0.000000000000000000e+00 1.000000000000000000e+00 1.000000000000000000e+00 0.000000000000000000e+00 0.000000000000000000e+00 -1.000000000000000000e+00 -1.000000000000000000e+00
3.300000000000000000e+01 5.000000000000000000e+04 1.600000378051821315e+01 3.359351077771186196e-03 9.534862250899800440e-01 1.308517706874878610e-02 6.510273105668160087e-02 0.000000000000000000e+00 1.000000000000000000e+00 1.000000000000000000e+00 0.000000000000000000e+00 0.000000000000000000e+00 -1.000000000000000000e+00 -1.000000000000000000e+00
3.400000000000000000e+01 2.738152859829641238e+04 1.042725878994863997e+01 -1.783481131865038427e-01 3.100000000000000089e+00 3.143644963513732016e+00 1.619990006001624169e-02 1.570796326794896558e+00 1.000000000000000000e+00 1.000000000000000000e+00 0.000000000000000000e+00 0.000000000000000000e+00 -1.000000000000000000e+00 -1.000000000000000000e+00
3.500000000000000000e+01 2.957763097092538737e+04 2.185655260966336400e+01 1.110952064631275660e-01 8.504543214199045131e-01 3.176755664818449176e+00 1.284153130131616971e-02 0.000000000000000000e+00 1.000000000000000000e+00 1.000000000000000000e+00 0.000000000000000000e+00 0.000000000000000000e+00 -1.000000000000000000e+00 -1.000000000000000000e+00
3.700000000000000000e+01 4.336640266961566522e+04 1.500393142674305480e+01 -1.659189609412193567e-01 3.100000000000000089e+00 3.130159965534557109e+00 1.165099978216912469e-01 0.000000000000000000e+00 1.000000000000000000e+00 1.000000000000000000e+00 0.000000000000000000e+00 0.000000000000000000e+00 -1.000000000000000000e+00 -1.000000000000000000e+00
3.900000000000000000e+01 2.285819787086112046e+04 2.219029051278767284e+01 -6.412376706064642530e-03 1.023579324602516216e+00 3.153669422259695043e+00 6.231376290695703202e-02 0.000000000000000000e+00 1.000000000000000000e+00 1.000000000000000000e+00 0.000000000000000000e+00 0.000000000000000000e+00 -1.000000000000000000e+00 -1.000000000000000000e+00
4.000000000000000000e+01 5.000000000000000000e+04 3.740515517218177166e+01 3.337970125289163592e-02 1.823805419658166782e+00 -4.350944994789341519e-02 4.743592099670384393e-02 1.570796326794896558e+00 1.000000000000000000e+00 1.000000000000000000e+00 0.000000000000000000e+00 0.000000000000000000e+00 -1.000000000000000000e+00 -1.000000000000000000e+00
4.200000000000000000e+01 3.159994166987684730e+04 1.090447672038100713e+01 -1.264499800644052763e-01 3.100000000000000089e+00 3.164862671361278856e+00 5.237620286410944737e-02 0.000000000000000000e+00 1.000000000000000000e+00 1.000000000000000000e+00 0.000000000000000000e+00 0.000000000000000000e+00 -1.000000000000000000e+00 -1.000000000000000000e+00
4.400000000000000000e+01 6.681950888045711508e+03 2.437173567577615430e+01 1.227934243536588921e-01 6.629302442752088576e-01 1.382323953312472988e-03 1.000000000000000056e-01 1.570796326794896558e+00 1.000000000000000000e+00 1.000000000000000000e+00 0.000000000000000000e+00 0.000000000000000000e+00 -1.000000000000000000e+00 -1.000000000000000000e+00
4.700000000000000000e+01 3.347886552493654017e+04 1.344064123890687590e+01 -3.299598353283694774e-02 6.352825023196490006e-01 -1.271540339893220337e-02 4.828487859271680255e-02 0.000000000000000000e+00 1.000000000000000000e+00 1.000000000000000000e+00 0.000000000000000000e+00 0.000000000000000000e+00 -1.000000000000000000e+00 -1.000000000000000000e+00
4.800000000000000000e+01 5.000000000000000000e+04 3.153431893751383086e+01 -1.574832566268165868e-01 3.100000000000000089e+00 3.178513969072334522e+00 7.332872007546013815e-02 0.000000000000000000e+00 1.000000000000000000e+00 1.000000000000000000e+00 0.000000000000000000e+00 0.000000000000000000e+00 -1.000000000000000000e+00 -1.000000000000000000e+00
4.900000000000000000e+01 3.999442246061949845e+04 3.200635706691870297e+01 1.552547800202283557e-01 6.295552009384750569e-01 3.101979484781014484e+00 1.308035114564557073e-02 1.570796326794896558e+00 1.000000000000000000e+00 1.000000000000000000e+00 0.000000000000000000e+00 0.000000000000000000e+00 -1.000000000000000000e+00 -1.000000000000000000e+00
5.200000000000000000e+01 1.188551560762625377e+04 1.408591443647820718e+01 -7.291257295195448240e-02 2.944914830377849402e+00 1.808693974111703906e-02 4.793345495669263517e-02 0.000000000000000000e+00 1.000000000000000000e+00 1.000000000000000000e+00 0.000000000000000000e+00 0.000000000000000000e+00 -1.000000000000000000e+00 -1.000000000000000000e+00
5.600000000000000000e+01 2.737642544893136437e+04 1.289176850287462450e+01 3.757627579898978332e-02 1.426300681684267602e+00 -1.880849366035226497e-02 1.000000000000000056e-01 0.000000000000000000e+00 1.000000000000000000e+00 1.000000000000000000e+00 0.000000000000000000e+00 0.000000000000000000e+00 -1.000000000000000000e+00 -1.000000000000000000e+00
5.800000000000000000e+01 1.967870458548271199e+04 1.561300722678302400e+01 4.331878592083748813e-02 4.481381662379926856e-01 3.148978804761998873e+00 1.000000000000000021e-02 1.570796326794896558e+00 1.000000000000000000e+00 1.000000000000000000e+00 0.000000000000000000e+00 0.000000000000000000e+00 -1.000000000000000000e+00 -1.000000000000000000e+00
6.000000000000000000e+01 5.000000000000000000e+04 2.161069369700551945e+01 -8.193682046793618334e-03 1.227064888037348034e+00 3.095040581600682295e+00 2.239222738547171077e-02 0.000000000000000000e+00 1.000000000000000000e+00 1.000000000000000000e+00 0.000000000000000000e+00 0.000000000000000000e+00 -1.000000000000000000e+00 -1.000000000000000000e+00
6.100000000000000000e+01 5.000000000000000000e+04 1.055262161278186639e+01 7.369732303516632332e-02 9.050603733327963196e-01 -2.132143600869591121e-02 6.608401125716320546e-02 1.570796326794896558e+00 1.000000000000000000e+00 1.000000000000000000e+00 0.000000000000000000e+00 0.000000000000000000e+00 -1.000000000000000000e+00 -1.000000000000000000e+00
6.300000000000000000e+01 1.357507436367730770e+04 1.422589919703870187e+01 8.070842794443421064e-02 1.039990061275718247e+00 3.163991759982479834e+00 1.000000000000000021e-02 1.570796326794896558e+00 1.000000000000000000e+00 1.000000000000000000e+00 0.000000000000000000e+00 0.000000000000000000e+00 -1.000000000000000000e+00 -1.000000000000000000e+00
6.500000000000000000e+01 5.200975600860730310e+02 1.994274350470277923e+01 -1.313364165099660807e-01 2.925369321233393993e+00 7.612621306676089876e-03 5.980563834224624647e-02 0.000000000000000000e+00 1.000000000000000000e+00 1.000000000000000000e+00 0.000000000000000000e+00 0.000000000000000000e+00 -1.000000000000000000e+00 -1.000000000000000000e+00
6.600000000000000000e+01 1.132779433049864201e+04 1.869698290629039761e+01 -5.637747370410850500e-02 3.023220000000000240e+00 -9.180264547253336876e-03 1.000000000000000021e-02 1.570796326794896558e+00 1.000000000000000000e+00 1.000000000000000000e+00 0.000000000000000000e+00 0.000000000000000000e+00 -1.000000000000000000e+00 -1.000000000000000000e+00
6.800000000000000000e+01 4.868079912413684360e+04 2.007175011280403965e+01 9.081837003061482561e-02 7.905738813477394267e-01 3.160673053004916966e+00 8.053804494601739250e-02 1.570796326794896558e+00 1.000000000000000000e+00 1.000000000000000000e+00 0.000000000000000000e+00 0.000000000000000000e+00 -1.000000000000000000e+00 -1.000000000000000000e+00
6.900000000000000000e+01 5.000000000000000000e+04 3.971609458868809384e+01 -5.578475912242893131e-02 2.513713900337366969e+00 -6.050019777405622745e-03 7.153887464704886123e-02 0.000000000000000000e+00 1.000000000000000000e+00 1.000000000000000000e+00 0.000000000000000000e+00 0.000000000000000000e+00 -1.000000000000000000e+00 -1.000000000000000000e+00
7.200000000000000000e+01 8.466717039002751335e+03 1.485230906825535513e+01 -1.552586599581030624e-01 2.715660046967636632e+00 -2.489193880019540187e-02 4.157795766248484348e-02 0.000000000000000000e+00 1.000000000000000000e+00 1.000000000000000000e+00 0.000000000000000000e+00 0.000000000000000000e+00 -1.000000000000000000e+00 -1.000000000000000000e+00
7.300000000000000000e+01 5.000000000000000000e+04 3.940681728748129586e+01 1.692201898524636206e-01 1.274824227611170979e+00 3.169092690081416475e+00 1.000000000000000021e-02 0.000000000000000000e+00 1.000000000000000000e+00 1.000000000000000000e+00 0.000000000000000000e+00 0.000000000000000000e+00 -1.000000000000000000e+00 -1.000000000000000000e+00
7.500000000000000000e+01 4.111633246834870761e+02 3.425644852603904411e+01 -7.553914753177018437e-02 2.866615598921346209e+00 1.034826692604827285e-02 1.556493972794553010e-02 0.000000000000000000e+00 1.000000000000000000e+00 1.000000000000000000e+00 0.000000000000000000e+00 0.000000000000000000e+00 -1.000000000000000000e+00 -1.000000000000000000e+00
7.700000000000000000e+01 3.878652662674572639e+04 1.343443529983742657e+01 -7.307920331742237541e-02 2.608523245520797396e+00 4.264449254501901515e-02 1.155515293819145972e-01 1.570796326794896558e+00 1.000000000000000000e+00 1.000000000000000000e+00 0.000000000000000000e+00 0.000000000000000000e+00 -1.000000000000000000e+00 -1.000000000000000000e+00
8.000000000000000000e+01 3.178921531557113485e+04 2.280452464479164121e+01 -7.858035188965609152e-02 2.636959000310810541e+00 3.120090035816909690e+00 4.353167677614663139e-02 1.570796326794896558e+00 1.000000000000000000e+00 1.000000000000000000e+00 0.000000000000000000e+00 0.000000000000000000e+00 -1.000000000000000000e+00 -1.000000000000000000e+00
8.100000000000000000e+01 4.621311475057133794e+04 1.286761795140144038e+01 -7.745952617507509408e-02 3.100000000000000089e+00 3.181622973546333055e-02 5.248911047479330738e-02 1.570796326794896558e+00 1.000000000000000000e+00 1.000000000000000000e+00 0.000000000000000000e+00 0.000000000000000000e+00 -1.000000000000000000e+00 -1.000000000000000000e+00
8.200000000000000000e+01 4.066280955864936550e+04 2.083357935261123117e+01 -1.870275416259643830e-01 2.898717781155141449e+00 3.152793007186102336e+00 1.555199407625407204e-02 1.570796326794896558e+00 1.000000000000000000e+00 1.000000000000000000e+00 0.000000000000000000e+00 0.000000000000000000e+00 -1.000000000000000000e+00 -1.000000000000000000e+00
8.400000000000000000e+01 5.000000000000000000e+04 1.325244697289176976e+01 6.308505041396308965e-02 1.314058290720147681e+00 3.129542711369802888e+00 9.747574359492752749e-02 1.570796326794896558e+00 1.000000000000000000e+00 1.000000000000000000e+00 0.000000000000000000e+00 0.000000000000000000e+00 -1.000000000000000000e+00 -1.000000000000000000e+00
8.600000000000000000e+01 1.033539687222254179e+04 1.210101061768220454e+01 -5.519022206226122801e-02 2.402643236687540540e+00 4.924317379672759482e-03 1.000000000000000021e-02 0.000000000000000000e+00 1.000000000000000000e+00 1.000000000000000000e+00 0.000000000000000000e+00 0.000000000000000000e+00 -1.000000000000000000e+00 -1.000000000000000000e+00
8.700000000000000000e+01 3.570759249624196673e+04 1.309836929257706473e+01 -4.894005651807866591e-02 1.161115599978020718e+00 4.306685929209699837e-02 1.174139136167481196e-02 1.570796326794896558e+00 1.000000000000000000e+00 1.000000000000000000e+00 0.000000000000000000e+00 0.000000000000000000e+00 -1.000000000000000000e+00 -1.000000000000000000e+00
8.900000000000000000e+01 2.217014962863496839e+04 2.175494014678993793e+01 -1.893473532654547931e-01 2.603258995767369743e+00 3.157222730842671243e+00 4.907019398360175366e-02 1.570796326794896558e+00 1.000000000000000000e+00 1.000000000000000000e+00 0.000000000000000000e+00 0.000000000000000000e+00 -1.000000000000000000e+00 -1.000000000000000000e+00
9.300000000000000000e+01 2.629448081508595715e+04 1.039183683050460871e+01 -4.492650832771790531e-02 1.166155641588033642e+00 3.168540538936272632e+00 6.610547381506721998e-02 0.000000000000000000e+00 1.000000000000000000e+00 1.000000000000000000e+00 0.000000000000000000e+00 0.000000000000000000e+00 -1.000000000000000000e+00 -1.000000000000000000e+00
9.400000000000000000e+01 5.000000000000000000e+04 2.728386779734750078e+01 1.227542496056918675e-01 1.416519573349575234e+00 2.238733076104405025e-03 7.628118669994929379e-02 0.000000000000000000e+00 1.000000000000000000e+00 1.000000000000000000e+00 0.000000000000000000e+00 0.000000000000000000e+00 -1.000000000000000000e+00 -1.000000000000000000e+00
9.900000000000000000e+01 1.080443173703038519e+04 1.370083049613364956e+01 -6.676002501476042961e-02 1.892316230472281369e+00 3.144798369166710295e+00 1.000000000000000021e-02 1.570796326794896558e+00 1.000000000000000000e+00 1.000000000000000000e+00 0.000000000000000000e+00 0.000000000000000000e+00 -1.000000000000000000e+00 -1.000000000000000000e+00
1.000000000000000000e+02 3.393265319941131747e+04 2.643277239767332887e+01 -7.900008257839986892e-02 2.419138453048316428e+00 3.133120830221551412e+00 3.526364799549829010e-02 1.570796326794896558e+00 1.000000000000000000e+00 1.000000000000000000e+00 0.000000000000000000e+00 0.000000000000000000e+00 -1.000000000000000000e+00 -1.000000000000000000e+00
1.010000000000000000e+02 1.289767830592958853e+04 1.066848257680328160e+01 -1.596464573516938323e-01 2.764886385788645207e+00 -2.367735709495486993e-02 2.939758175953180452e-02 0.000000000000000000e+00 1.000000000000000000e+00 1.000000000000000000e+00 0.000000000000000000e+00 0.000000000000000000e+00 -1.000000000000000000e+00 -1.000000000000000000e+00
1.040000000000000000e+02 3.282782165418576915e+04 1.425526757605960526e+01 -1.893151028934177693e-01 3.095244359290369562e+00 -3.003424306715166830e-02 3.164230448866121176e-02 1.570796326794896558e+00 1.000000000000000000e+00 1.000000000000000000e+00 0.000000000000000000e+00 0.000000000000000000e+00 -1.000000000000000000e+00 -1.000000000000000000e+00
1.060000000000000000e+02 3.807432356034564873e+04 1.280814517000972508e+01 -1.458679433854220553e-01 3.100000000000000089e+00 -1.447326963315448238e-02 6.105498020519179586e-02 1.570796326794896558e+00 1.000000000000000000e+00 1.000000000000000000e+00 0.000000000000000000e+00 0.000000000000000000e+00 -1.000000000000000000e+00 -1.000000000000000000e+00
1.070000000000000000e+02 3.659480340069664089e+04 1.082231026939288832e+01 -1.479526925392333769e-01 2.581210289882663655e+00 7.069966356512118882e-03 7.223136322501648443e-02 0.000000000000000000e+00 1.000000000000000000e+00 1.000000000000000000e+00 0.000000000000000000e+00 0.000000000000000000e+00 -1.000000000000000000e+00 -1.000000000000000000e+00
1.080000000000000000e+02 3.244238581984811390e+04 1.664203008537678130e+01 -5.304288395483768709e-02 9.334914672560323812e-01 3.140921919607973400e+00 4.336346216107175855e-02 0.000000000000000000e+00 1.000000000000000000e+00 1.000000000000000000e+00 0.000000000000000000e+00 0.000000000000000000e+00 -1.000000000000000000e+00 -1.000000000000000000e+00
1.100000000000000000e+02 4.200157698149790667e+04 1.193648903325886046e+01 1.949105761193564712e-02 1.749288204318365292e+00 3.139407944103079551e+00 1.458900147338439701e-01 1.570796326794896558e+00 1.000000000000000000e+00 1.000000000000000000e+00 0.000000000000000000e+00 0.000000000000000000e+00 -1.000000000000000000e+00 -1.000000000000000000e+00
1.110000000000000000e+02 4.801416313174549578e+04 1.613012569943129648e+01 9.936467530172035656e-03 8.527343346822028325e-01 5.249936649411950616e-03 4.058505957515599893e-02 0.000000000000000000e+00 1.000000000000000000e+00 1.000000000000000000e+00 0.000000000000000000e+00 0.000000000000000000e+00 -1.000000000000000000e+00 -1.000000000000000000e+00
1.150000000000000000e+02 4.044089707061205991e+04 1.142466564007061613e+01 -9.480520250393781323e-02 2.962672830885776598e+00 3.125069709560072351e+00 7.908175246787933765e-02 0.000000000000000000e+00 1.000000000000000000e+00 1.000000000000000000e+00 0.000000000000000000e+00 0.000000000000000000e+00 -1.000000000000000000e+00 -1.000000000000000000e+00
1.160000000000000000e+02 4.192122106066312699e+04 1.431750619133296176e+01 -8.535862409555688979e-02 3.100000000000000089e+00 3.145841316661337039e+00 1.839624270463868783e-02 1.570796326794896558e+00 1.000000000000000000e+00 1.000000000000000000e+00 0.000000000000000000e+00 0.000000000000000000e+00 -1.000000000000000000e+00 -1.000000000000000000e+00
1.170000000000000000e+02 1.679209905470207377e+04 1.064025671978819432e+01 -9.691818179774316921e-02 3.100000000000000089e+00 -1.314771420232884250e-02 1.063223793354303726e-02 0.000000000000000000e+00 1.000000000000000000e+00 1.000000000000000000e+00 0.000000000000000000e+00 0.000000000000000000e+00 -1.000000000000000000e+00 -1.000000000000000000e+00
1.230000000000000000e+02 2.854307751100200767e+04 1.501507226873233591e+01 4.524232860830162961e-02 6.159856555579786841e-01 2.634822873864407083e-02 9.196845452192013715e-02 1.570796326794896558e+00 1.000000000000000000e+00 1.000000000000000000e+00 0.000000000000000000e+00 0.000000000000000000e+00 -1.000000000000000000e+00 -1.000000000000000000e+00
1.270000000000000000e+02 4.742258773697986385e+02 3.512204774948376951e+01 9.760924953139379912e-02 1.000041375074868899e+00 3.151950803626184072e+00 3.340275617786842011e-02 0.000000000000000000e+00 1.000000000000000000e+00 1.000000000000000000e+00 0.000000000000000000e+00 0.000000000000000000e+00 -1.000000000000000000e+00 -1.000000000000000000e+00
1.280000000000000000e+02 2.020315404192140704e+04 1.127340908730569780e+01 8.450347918917459900e-03 1.744185803641478349e+00 3.111768365460531705e+00 3.702349246797282528e-02 1.570796326794896558e+00 1.000000000000000000e+00 1.000000000000000000e+00 0.000000000000000000e+00 0.000000000000000000e+00 -1.000000000000000000e+00 -1.000000000000000000e+00
1.290000000000000000e+02 9.201871271385994987e+03 1.159237139883811629e+01 7.182345440274376380e-02 1.621097462447031123e+00 3.131048490984931210e+00 1.000000000000000021e-02 1.570796326794896558e+00 1.000000000000000000e+00 1.000000000000000000e+00 0.000000000000000000e+00 0.000000000000000000e+00 -1.000000000000000000e+00 -1.000000000000000000e+00
1.310000000000000000e+02 5.000000000000000000e+04 1.610654489440334558e+01 -8.684655780158499760e-03 4.767579970331480288e-01 4.308411024601846440e-02 1.533828285330548873e-02 0.000000000000000000e+00 1.000000000000000000e+00 1.000000000000000000e+00 0.000000000000000000e+00 0.000000000000000000e+00 -1.000000000000000000e+00 -1.000000000000000000e+00
1.320000000000000000e+02 3.463244999484353320e+04 3.369977897323873606e+01 -1.248574013052451692e-01 1.922550077459216356e+00 -2.008645737858704566e-02 7.979835111687665072e-02 1.570796326794896558e+00 1.000000000000000000e+00 1.000000000000000000e+00 0.000000000000000000e+00 0.000000000000000000e+00 -1.000000000000000000e+00 -1.000000000000000000e+00
1.330000000000000000e+02 4.327070086136988607e+02 1.489727625033214942e+01 -1.233714601364257341e-01 2.596613015340562658e+00 9.063660396326302798e-03 1.595122289341180041e-02 1.570796326794896558e+00 1.000000000000000000e+00 1.000000000000000000e+00 0.000000000000000000e+00 0.000000000000000000e+00 -1.000000000000000000e+00 -1.000000000000000000e+00
1.350000000000000000e+02 4.529274879827347036e+02 1.202751006774949083e+01 8.856833395500723904e-03 5.422926532031228097e-01 8.487724762110080215e-03 1.238907426953056445e-02 0.000000000000000000e+00 1.000000000000000000e+00 1.000000000000000000e+00 0.000000000000000000e+00 0.000000000000000000e+00 -1.000000000000000000e+00 -1.000000000000000000e+00
1.360000000000000000e+02 5.004278693712777226e+02 1.994494906724781913e+01 1.906455441265501038e-01 1.949835837979074116e+00 8.278158773081653252e-03 1.009611723370923940e-02 1.570796326794896558e+00 1.000000000000000000e+00 1.000000000000000000e+00 0.000000000000000000e+00 0.000000000000000000e+00 -1.000000000000000000e+00 -1.000000000000000000e+00
1.390000000000000000e+02 2.612517654909703560e+04 1.225415677559490746e+01 -7.102871029685460524e-02 3.069044540890110806e+00 2.712548448751046434e-02 1.383656571738732174e-02 1.570796326794896558e+00 1.000000000000000000e+00 1.000000000000000000e+00 0.000000000000000000e+00 0.000000000000000000e+00 -1.000000000000000000e+00 -1.000000000000000000e+00
1.410000000000000000e+02 1.467584483907850517e+04 1.304389159804689768e+01 1.039735560552932370e-01 1.504541481825049543e+00 3.123526422238706690e+00 1.613459968647485560e-02 0.000000000000000000e+00 1.000000000000000000e+00 1.000000000000000000e+00 0.000000000000000000e+00 0.000000000000000000e+00 -1.000000000000000000e+00 -1.000000000000000000e+00
1.440000000000000000e+02 3.381681966147789353e+04 1.251205016807837644e+01 -1.175515913015643815e-01 2.436208392766368913e+00 3.103850048977264908e+00 1.481788559325599060e-02 1.570796326794896558e+00 1.000000000000000000e+00 1.000000000000000000e+00 0.000000000000000000e+00 0.000000000000000000e+00 -1.000000000000000000e+00 -1.000000000000000000e+00
1.460000000000000000e+02 5.000000000000000000e+04 1.904884638821882703e+01 -1.401380445100865735e-01 2.898312676959581058e+00 -2.963892006989416513e-03 4.036327767295845581e-02 1.570796326794896558e+00 1.000000000000000000e+00 1.000000000000000000e+00 0.000000000000000000e+00 0.000000000000000000e+00 -1.000000000000000000e+00 -1.000000000000000000e+00
1.510000000000000000e+02 5.000000000000000000e+04 3.837213934310586438e+01 -5.428952241760538061e-02 1.859773789145124478e+00 -4.464532115002982360e-02 5.237479429995520880e-02 0.000000000000000000e+00 1.000000000000000000e+00 1.000000000000000000e+00 0.000000000000000000e+00 0.000000000000000000e+00 -1.000000000000000000e+00 -1.000000000000000000e+00
1.520000000000000000e+02 8.541379673095132603e+03 1.214086285669749721e+01 6.614789857004091389e-02 1.011885380793298372e+00 1.620698938346037954e-02 3.446877239764304518e-02 1.570796326794896558e+00 1.000000000000000000e+00 1.000000000000000000e+00 0.000000000000000000e+00 0.000000000000000000e+00 -1.000000000000000000e+00 -1.000000000000000000e+00
1.530000000000000000e+02 3.952845568886610999e+04 1.193860734805318558e+01 -1.420125155783173998e-01 2.927609839062041530e+00 -7.594736722368869083e-03 1.968630440821094937e-02 1.570796326794896558e+00 1.000000000000000000e+00 1.000000000000000000e+00 0.000000000000000000e+00 0.000000000000000000e+00 -1.000000000000000000e+00 -1.000000000000000000e+00
1.610000000000000000e+02 4.201359780392207904e+04 1.252820943403149911e+01 -2.223216781506529016e-02 1.832626270483502573e+00 3.689431915138530194e-02 5.067639742378454021e-02 1.570796326794896558e+00 1.000000000000000000e+00 1.000000000000000000e+00 0.000000000000000000e+00 0.000000000000000000e+00 -1.000000000000000000e+00 -1.000000000000000000e+00
1.620000000000000000e+02 1.225494523635270161e+04 1.040426904109540907e+01 1.575352834538320257e-01 1.145041593376211475e+00 3.164996990356927498e+00 2.580042528777220026e-02 1.570796326794896558e+00 1.000000000000000000e+00 1.000000000000000000e+00 0.000000000000000000e+00 0.000000000000000000e+00 -1.000000000000000000e+00 -1.000000000000000000e+00
1.640000000000000000e+02 5.351731478270678508e+02 1.125085691327525694e+01 -1.133981211355390289e-01 3.100000000000000089e+00 3.150416471782343297e+00 1.867746076008006476e-02 1.570796326794896558e+00 1.000000000000000000e+00 1.000000000000000000e+00 0.000000000000000000e+00 0.000000000000000000e+00 -1.000000000000000000e+00 -1.000000000000000000e+00
1.650000000000000000e+02 6.308421392318457492e+02 3.651561471064811570e+01 -1.636036208809461823e-01 2.445732433076416967e+00 3.148665859111426713e+00 1.235535385456945287e-02 1.570796326794896558e+00 1.000000000000000000e+00 1.000000000000000000e+00 0.000000000000000000e+00 0.000000000000000000e+00 -1.000000000000000000e+00 -1.000000000000000000e+00
1.660000000000000000e+02 4.069240016252642090e+04 1.214588801862202416e+01 2.812757391745518420e-02 1.546411542336693090e+00 6.792248064802854784e-03 4.415559364798968267e-02 1.570796326794896558e+00 1.000000000000000000e+00 1.000000000000000000e+00 0.000000000000000000e+00 0.000000000000000000e+00 -1.000000000000000000e+00 -1.000000000000000000e+00
1.670000000000000000e+02 5.692577240736972044e+02 1.965295946525925430e+01 4.615221058861539161e-02 1.006919694910937579e+00 9.679525632359254825e-03 8.100000000000001643e-02 0.000000000000000000e+00 1.000000000000000000e+00 1.000000000000000000e+00 0.000000000000000000e+00 0.000000000000000000e+00 -1.000000000000000000e+00 -1.000000000000000000e+00
1.720000000000000000e+02 4.001543007344516082e+04 3.360900360909011653e+01 -6.838991181255021923e-02 2.223681629046643238e+00 -2.742615214980446969e-02 6.371315771006613726e-02 1.570796326794896558e+00 1.000000000000000000e+00 1.000000000000000000e+00 0.000000000000000000e+00 0.000000000000000000e+00 -1.000000000000000000e+00 -1.000000000000000000e+00
1.730000000000000000e+02 4.540614920873099618e+04 1.090123569063555387e+01 -1.555864035452781402e-01 2.120987724918148132e+00 3.096807886221719652e+00 1.688406367726186588e-02 0.000000000000000000e+00 1.000000000000000000e+00 1.000000000000000000e+00 0.000000000000000000e+00 0.000000000000000000e+00 -1.000000000000000000e+00 -1.000000000000000000e+00
1.760000000000000000e+02 6.402994487382850366e+02 1.190655533003138267e+01 -1.014808404154780436e-01 3.100000000000000089e+00 3.127419766886934571e+00 5.957653518275510263e-02 0.000000000000000000e+00 1.000000000000000000e+00 1.000000000000000000e+00 0.000000000000000000e+00 0.000000000000000000e+00 -1.000000000000000000e+00 -1.000000000000000000e+00
1.780000000000000000e+02 4.913236311577304878e+04 3.250214360835190774e+01 -1.207036067489264536e-01 3.100000000000000089e+00 3.128599323062055682e+00 5.094603185605615925e-02 0.000000000000000000e+00 1.000000000000000000e+00 1.000000000000000000e+00 0.000000000000000000e+00 0.000000000000000000e+00 -1.000000000000000000e+00 -1.000000000000000000e+00
1.800000000000000000e+02 2.647180938865716234e+04 1.154393946996660247e+01 -7.036316517525871561e-02 3.018583292331585621e+00 3.160300155208873196e+00 1.189440657662890581e-02 1.570796326794896558e+00 1.000000000000000000e+00 1.000000000000000000e+00 0.000000000000000000e+00 0.000000000000000000e+00 -1.000000000000000000e+00 -1.000000000000000000e+00
1.820000000000000000e+02 4.589885826288979297e+04 1.712264899341304059e+01 -2.356088823268064070e-02 9.576750997174493518e-01 3.135011447540364760e+00 1.279993316824540595e-01 1.570796326794896558e+00 1.000000000000000000e+00 1.000000000000000000e+00 0.000000000000000000e+00 0.000000000000000000e+00 -1.000000000000000000e+00 -1.000000000000000000e+00
1.830000000000000000e+02 4.162174644306678238e+04 3.226711049744692161e+01 -1.110296323179034983e-01 3.100000000000000089e+00 3.119215269456279138e+00 1.229638427196932601e-02 0.000000000000000000e+00 1.000000000000000000e+00 1.000000000000000000e+00 0.000000000000000000e+00 0.000000000000000000e+00 -1.000000000000000000e+00 -1.000000000000000000e+00
1.840000000000000000e+02 4.566115734137676191e+04 2.306477582723563557e+01 -1.904692499076152679e-01 2.106678615282698619e+00 2.336605597372517010e-02 1.844452540678704067e-01 0.000000000000000000e+00 1.000000000000000000e+00 1.000000000000000000e+00 0.000000000000000000e+00 0.000000000000000000e+00 -1.000000000000000000e+00 -1.000000000000000000e+00
1.860000000000000000e+02 5.660007211606291548e+02 1.032040478669060235e+01 -8.663027244502906343e-02 2.010238975458284116e+00 -5.924923251958877715e-03 1.703631703957415519e-02 1.570796326794896558e+00 1.000000000000000000e+00 1.000000000000000000e+00 0.000000000000000000e+00 0.000000000000000000e+00 -1.000000000000000000e+00 -1.000000000000000000e+00
1.880000000000000000e+02 1.939753534557925377e+04 1.120310716826996078e+01 -2.586220116766889121e-01 2.923737660965840313e+00 -1.875606731995880724e-02 4.932035564434107677e-02 0.000000000000000000e+00 1.000000000000000000e+00 1.000000000000000000e+00 0.000000000000000000e+00 0.000000000000000000e+00 -1.000000000000000000e+00 -1.000000000000000000e+00
1.900000000000000000e+02 1.885173761309428301e+04 1.946914642387454109e+01 -6.516626367529773645e-02 2.330177625223421423e+00 -1.153084963919652657e-02 1.000000000000000021e-02 0.000000000000000000e+00 1.000000000000000000e+00 1.000000000000000000e+00 0.000000000000000000e+00 0.000000000000000000e+00 -1.000000000000000000e+00 -1.000000000000000000e+00
1.910000000000000000e+02 5.000000000000000000e+04 3.556779246953040285e+01 -5.518994673840133675e-02 1.542663439043162388e+00 3.148490413468809201e+00 5.670906301725875398e-02 0.000000000000000000e+00 1.000000000000000000e+00 1.000000000000000000e+00 0.000000000000000000e+00 0.000000000000000000e+00 -1.000000000000000000e+00 -1.000000000000000000e+00
1.930000000000000000e+02 2.104423433772557837e+04 1.696297189749917678e+01 -1.539336587050758320e-01 2.500375032965590716e+00 3.163863838047770827e+00 3.578823541804818098e-02 0.000000000000000000e+00 1.000000000000000000e+00 1.000000000000000000e+00 0.000000000000000000e+00 0.000000000000000000e+00 -1.000000000000000000e+00 -1.000000000000000000e+00
1.950000000000000000e+02 5.000000000000000000e+04 2.393179650801555169e+01 -1.073129175230707749e-01 2.515240756063978456e+00 1.395762321859629791e-02 1.520806958155367095e-02 0.000000000000000000e+00 1.000000000000000000e+00 1.000000000000000000e+00 0.000000000000000000e+00 0.000000000000000000e+00 -1.000000000000000000e+00 -1.000000000000000000e+00
1.960000000000000000e+02 4.901220505133729603e+04 1.340468351477642805e+01 7.568312477980213004e-02 5.308713572380292511e-01 3.144607474371399203e+00 2.966765558945355652e-02 0.000000000000000000e+00 1.000000000000000000e+00 1.000000000000000000e+00 0.000000000000000000e+00 0.000000000000000000e+00 -1.000000000000000000e+00 -1.000000000000000000e+00
1.980000000000000000e+02 3.080558787160513748e+04 1.098135108711927188e+01 -1.294095248170461232e-01 3.100000000000000089e+00 2.834052572916381102e-02 2.477617106946480505e-02 1.570796326794896558e+00 1.000000000000000000e+00 1.000000000000000000e+00 0.000000000000000000e+00 0.000000000000000000e+00 -1.000000000000000000e+00 -1.000000000000000000e+00
3.650000000000000000e+02 6.745437066902471202e+01 1.147738434646955064e+01 7.341087690104061703e-02 1.660831647712050607e+00 0.000000000000000000e+00 8.706205076740540505e-02 -1.000000000000000000e+00 1.000000000000000000e+00 1.000000000000000000e+00 7.500000000000000000e+01 0.000000000000000000e+00 -1.000000000000000000e+00 -1.000000000000000000e+00
1.000000000000000000e+00 2.265587819311978819e+04 1.227260907620198971e+01 -2.148328893868453049e-01 2.509171374419823408e+00 0.000000000000000000e+00 1.978864411912365992e-02 1.570796326794896558e+00 1.000000000000000000e+00 1.000000000000000000e+00 0.000000000000000000e+00 0.000000000000000000e+00 -1.000000000000000000e+00 -1.000000000000000000e+00
1.200000000000000000e+01 5.000000000000000000e+04 1.650556339783549831e+01 1.099989562967443879e-01 1.508976716007597529e+00 0.000000000000000000e+00 2.236944401305418495e-02 1.570796326794896558e+00 1.000000000000000000e+00 1.000000000000000000e+00 0.000000000000000000e+00 0.000000000000000000e+00 -1.000000000000000000e+00 -1.000000000000000000e+00
2.600000000000000000e+01 1.655949897407199751e+04 1.336213048085986621e+01 -6.501614358391749615e-02 2.460584593731023784e+00 0.000000000000000000e+00 2.936859800946856405e-02 1.570796326794896558e+00 1.000000000000000000e+00 1.000000000000000000e+00 0.000000000000000000e+00 0.000000000000000000e+00 -1.000000000000000000e+00 -1.000000000000000000e+00
2.700000000000000000e+01 7.073559533172020792e+02 1.178176330696927820e+01 -1.067856497228422824e-01 2.362852078983955995e+00 2.123714548506514671e-02 1.000000000000000056e-01 1.570796326794896558e+00 1.000000000000000000e+00 1.000000000000000000e+00 0.000000000000000000e+00 0.000000000000000000e+00 -1.000000000000000000e+00 -1.000000000000000000e+00
4.300000000000000000e+01 5.589877794631233883e+02 1.714348884964829622e+01 -7.451941344374481135e-02 2.760266141309025922e+00 0.000000000000000000e+00 7.290000000000002034e-02 1.570796326794896558e+00 1.000000000000000000e+00 1.000000000000000000e+00 0.000000000000000000e+00 0.000000000000000000e+00 -1.000000000000000000e+00 -1.000000000000000000e+00
4.600000000000000000e+01 3.239769070100449608e+04 1.764403235986036123e+01 -1.059378231732076986e-02 1.674775544882985745e+00 2.302556793459907200e-02 5.531165790147565819e-02 1.570796326794896558e+00 1.000000000000000000e+00 1.000000000000000000e+00 0.000000000000000000e+00 0.000000000000000000e+00 -1.000000000000000000e+00 -1.000000000000000000e+00
5.700000000000000000e+01 1.700589769070250986e+04 2.547914646400022320e+01 3.843442096542926123e-02 8.433776960281930135e-01 0.000000000000000000e+00 2.072544122441513995e-02 1.570796326794896558e+00 1.000000000000000000e+00 1.000000000000000000e+00 0.000000000000000000e+00 0.000000000000000000e+00 -1.000000000000000000e+00 -1.000000000000000000e+00
7.000000000000000000e+01 9.675955408260553668e+03 1.034892724226750538e+01 -9.433292355638397964e-02 3.065100000000000158e+00 0.000000000000000000e+00 9.000000000000001055e-02 1.570796326794896558e+00 1.000000000000000000e+00 1.000000000000000000e+00 0.000000000000000000e+00 0.000000000000000000e+00 -1.000000000000000000e+00 -1.000000000000000000e+00
7.100000000000000000e+01 4.222164814699133422e+04 1.400397330496212334e+01 3.073691719356218266e-02 1.111229509497622781e+00 0.000000000000000000e+00 3.259136094249122373e-02 1.570796326794896558e+00 1.000000000000000000e+00 1.000000000000000000e+00 0.000000000000000000e+00 0.000000000000000000e+00 -1.000000000000000000e+00 -1.000000000000000000e+00
9.500000000000000000e+01 1.520163986753032987e+04 1.686747771351908654e+01 3.069446976725585807e-02 6.163125897837291589e-01 1.105285604189057240e-02 1.000000000000000021e-02 1.570796326794896558e+00 1.000000000000000000e+00 1.000000000000000000e+00 0.000000000000000000e+00 0.000000000000000000e+00 -1.000000000000000000e+00 -1.000000000000000000e+00
1.030000000000000000e+02 1.650124979972233996e+04 1.316124218326829620e+01 4.625284735444230161e-03 3.161271693777935043e-01 0.000000000000000000e+00 3.201382931251362668e-02 1.570796326794896558e+00 1.000000000000000000e+00 1.000000000000000000e+00 0.000000000000000000e+00 0.000000000000000000e+00 -1.000000000000000000e+00 -1.000000000000000000e+00
1.400000000000000000e+02 7.279422352533023286e+02 1.189482605476879051e+01 -8.208379302717118409e-02 3.100000000000000089e+00 5.994535291511181134e-03 2.812269596041475084e-02 1.570796326794896558e+00 1.000000000000000000e+00 1.000000000000000000e+00 0.000000000000000000e+00 0.000000000000000000e+00 -1.000000000000000000e+00 -1.000000000000000000e+00
1.580000000000000000e+02 3.027180276196156046e+04 1.061621440873301481e+01 -7.747974897937488781e-02 2.109867830609958528e+00 0.000000000000000000e+00 1.195375696542012450e-01 1.570796326794896558e+00 1.000000000000000000e+00 1.000000000000000000e+00 0.000000000000000000e+00 0.000000000000000000e+00 -1.000000000000000000e+00 -1.000000000000000000e+00
1.680000000000000000e+02 2.317090442727703703e+04 2.490825007965964133e+01 -1.858601813634845612e-01 1.984774461797638168e+00 0.000000000000000000e+00 5.601796877657154450e-02 1.570796326794896558e+00 1.000000000000000000e+00 1.000000000000000000e+00 0.000000000000000000e+00 0.000000000000000000e+00 -1.000000000000000000e+00 -1.000000000000000000e+00
1.850000000000000000e+02 1.552138649922346485e+04 1.174540225943913541e+01 1.238688741408978666e-01 1.204298646262285777e+00 0.000000000000000000e+00 1.000000000000000021e-02 1.570796326794896558e+00 1.000000000000000000e+00 1.000000000000000000e+00 0.000000000000000000e+00 0.000000000000000000e+00 -1.000000000000000000e+00 -1.000000000000000000e+00
1.920000000000000000e+02 5.000000000000000000e+04 1.706088326421369672e+01 -1.227788689157939539e-02 1.891874298061468007e+00 0.000000000000000000e+00 1.807597996282196695e-02 1.570796326794896558e+00 1.000000000000000000e+00 1.000000000000000000e+00 0.000000000000000000e+00 0.000000000000000000e+00 -1.000000000000000000e+00 -1.000000000000000000e+00
1.970000000000000000e+02 4.281331783575409645e+04 1.174497877648637179e+01 -8.978173659075051882e-02 3.100000000000000089e+00 3.420394002263509037e-02 1.362951445330102540e-01 1.570796326794896558e+00 1.000000000000000000e+00 1.000000000000000000e+00 0.000000000000000000e+00 0.000000000000000000e+00 -1.000000000000000000e+00 -1.000000000000000000e+00
1.990000000000000000e+02 2.164803899661056857e+04 1.377388341230814994e+01 3.536497418317294250e-01 6.851658714512571802e-01 2.590844636786209312e-02 3.652204340900646468e-02 1.570796326794896558e+00 1.000000000000000000e+00 1.000000000000000000e+00 0.000000000000000000e+00 0.000000000000000000e+00 -1.000000000000000000e+00 -1.000000000000000000e+00
9.000000000000000000e+01 3.445740281040367336e+03 1.087272424809703431e+01 8.010752840524298923e-03 4.042515472615923477e-01 0.000000000000000000e+00 9.000000000000001055e-02 0.000000000000000000e+00 1.000000000000000000e+00 1.000000000000000000e+00 0.000000000000000000e+00 0.000000000000000000e+00 -1.000000000000000000e+00 -1.000000000000000000e+00
1.020000000000000000e+02 7.722368624315207626e+02 1.091096938040000097e+01 -4.877289946018687622e-02 1.917131468022823526e+00 0.000000000000000000e+00 1.000000000000000056e-01 0.000000000000000000e+00 1.000000000000000000e+00 1.000000000000000000e+00 0.000000000000000000e+00 0.000000000000000000e+00 -1.000000000000000000e+00 -1.000000000000000000e+00
1.050000000000000000e+02 7.648875053066669807e+02 1.497136532764279693e+01 -8.577741783058724645e-02 2.680915322531816969e+00 0.000000000000000000e+00 1.000000000000000056e-01 0.000000000000000000e+00 1.000000000000000000e+00 1.000000000000000000e+00 0.000000000000000000e+00 0.000000000000000000e+00 -1.000000000000000000e+00 -1.000000000000000000e+00
1.090000000000000000e+02 3.913581767196998499e+03 1.999703171537456825e+01 4.410826016096520974e-02 7.421446302649387095e-01 0.000000000000000000e+00 9.000000000000001055e-02 0.000000000000000000e+00 1.000000000000000000e+00 1.000000000000000000e+00 0.000000000000000000e+00 0.000000000000000000e+00 -1.000000000000000000e+00 -1.000000000000000000e+00
1.570000000000000000e+02 3.807254221201272230e+03 1.024276877859628065e+01 -4.264917512410271866e-02 1.508697686767207946e+00 0.000000000000000000e+00 9.000000000000001055e-02 0.000000000000000000e+00 1.000000000000000000e+00 1.000000000000000000e+00 0.000000000000000000e+00 0.000000000000000000e+00 -1.000000000000000000e+00 -1.000000000000000000e+00
1.630000000000000000e+02 5.494942985818827765e+03 1.115662230780582753e+01 -1.165180371433273826e-01 2.705937421142295296e+00 0.000000000000000000e+00 1.616880717867380871e-02 0.000000000000000000e+00 1.000000000000000000e+00 1.000000000000000000e+00 0.000000000000000000e+00 0.000000000000000000e+00 -1.000000000000000000e+00 -1.000000000000000000e+00
1.710000000000000000e+02 6.384601007541138642e+03 1.539051354736169586e+01 -1.557346567133661430e-01 2.043965104430122803e+00 0.000000000000000000e+00 9.000000000000001055e-02 0.000000000000000000e+00 1.000000000000000000e+00 1.000000000000000000e+00 0.000000000000000000e+00 0.000000000000000000e+00 -1.000000000000000000e+00 -1.000000000000000000e+00
2.000000000000000000e+02 1.146923351318833511e+03 1.039792296435462227e+01 -5.763498850778311228e-02 3.100000000000000089e+00 0.000000000000000000e+00 9.000000000000001055e-02 0.000000000000000000e+00 1.000000000000000000e+00 1.000000000000000000e+00 0.000000000000000000e+00 0.000000000000000000e+00 -1.000000000000000000e+00 -1.000000000000000000e+00
3.660000000000000000e+02 8.240201180017965044e+02 1.065536684622138885e+01 7.995556057087596646e-02 1.079889627591143153e+00 0.000000000000000000e+00 9.000000000000001055e-02 -1.000000000000000000e+00 1.000000000000000000e+00 1.000000000000000000e+00 7.500000000000000000e+01 1.000000000000000000e+05 -1.000000000000000000e+00 -1.000000000000000000e+00
3.670000000000000000e+02 8.385411116633354141e+02 1.322408484172343357e+01 7.185429111914097555e-02 9.185029292525933586e-01 0.000000000000000000e+00 9.000000000000001055e-02 -1.000000000000000000e+00 1.000000000000000000e+00 1.000000000000000000e+00 7.500000000000000000e+01 2.000000000000000000e+05 -1.000000000000000000e+00 -1.000000000000000000e+00
3.680000000000000000e+02 1.462311017469214391e+02 1.150444340155076794e+01 -6.310377692521992876e-02 1.860658316605696250e+00 0.000000000000000000e+00 8.865252666307166241e-02 -1.000000000000000000e+00 1.000000000000000000e+00 1.000000000000000000e+00 7.500000000000000000e+01 3.000000000000000000e+05 -1.000000000000000000e+00 -1.000000000000000000e+00
3.700000000000000000e+02 8.070385230207671157e+03 2.547893305294794075e+01 7.092894731837725564e-01 0.000000000000000000e+00 0.000000000000000000e+00 1.000000000000000021e-02 -1.000000000000000000e+00 1.000000000000000000e+00 2.000000000000000000e+00 7.500000000000000000e+01 3.700000000000000000e+05 -1.000000000000000000e+00 -1.000000000000000000e+00
3.730000000000000000e+02 9.210415147618931542e+02 3.646352810845320391e+01 -2.006643754412598124e-01 1.711233668651145567e+00 0.000000000000000000e+00 1.000000000000000056e-01 -1.000000000000000000e+00 1.000000000000000000e+00 1.000000000000000000e+00 7.500000000000000000e+01 4.000000000000000000e+05 -1.000000000000000000e+00 -1.000000000000000000e+00
3.690000000000000000e+02 2.784288972931659373e+04 4.635030541315321528e+01 4.739672763934830169e-01 0.000000000000000000e+00 0.000000000000000000e+00 3.107508898424829816e-02 -1.000000000000000000e+00 1.000000000000000000e+00 2.000000000000000000e+00 7.500000000000000000e+01 4.100000000000000000e+05 -1.000000000000000000e+00 -1.000000000000000000e+00
3.710000000000000000e+02 1.810671670720934708e+04 3.411538025834768462e+01 6.395905948759694759e-01 0.000000000000000000e+00 0.000000000000000000e+00 1.000000000000000021e-02 -1.000000000000000000e+00 1.000000000000000000e+00 2.000000000000000000e+00 7.500000000000000000e+01 4.700000000000000000e+05 -1.000000000000000000e+00 -1.000000000000000000e+00
3.740000000000000000e+02 1.434205930325496047e+04 4.219703448102886512e+01 6.886012309838861478e-01 0.000000000000000000e+00 0.000000000000000000e+00 1.000000000000000021e-02 -1.000000000000000000e+00 1.000000000000000000e+00 3.000000000000000000e+00 7.500000000000000000e+01 4.800000000000000000e+05 -1.000000000000000000e+00 -1.000000000000000000e+00
3.760000000000000000e+02 5.592672737842186734e+02 3.038144121357733951e+01 1.638753769217816680e-01 1.394342986596699419e+00 0.000000000000000000e+00 4.791680742866327031e-02 -1.000000000000000000e+00 1.000000000000000000e+00 1.000000000000000000e+00 7.500000000000000000e+01 5.000000000000000000e+05 -1.000000000000000000e+00 -1.000000000000000000e+00
3.750000000000000000e+02 2.478231681722707071e+04 3.525161062125729927e+01 6.870000951717626370e-01 0.000000000000000000e+00 0.000000000000000000e+00 1.000000000000000056e-01 -1.000000000000000000e+00 1.000000000000000000e+00 2.000000000000000000e+00 7.500000000000000000e+01 5.300000000000000000e+05 -1.000000000000000000e+00 -1.000000000000000000e+00
