# id_num orb_a mass spin spin_angle orb_inc orb_ecc orb_arg_periapse orb_ang_mom gen galaxy time_passed star_X star_Y star_Z radius
2.380000000000000000e+02 4.716476185495419315e+01 1.896976313595582269e+03 9.439999999999999503e-01 1.299044399128468363e+00 0.000000000000000000e+00 2.208859165597067964e-01 0.000000000000000000e+00 1.545588087106216192e+18 1.000000000000000000e+00 0.000000000000000000e+00 0.000000000000000000e+00 7.273999999999999355e-01 2.637999999999999790e-01 8.800000000000000530e-03 4.163828655549305608e+02
2.420000000000000000e+02 4.001416081400884650e+01 1.802973076906938559e+03 9.439999999999999503e-01 1.572442896335702445e+00 0.000000000000000000e+00 5.747386793563076246e-01 0.000000000000000000e+00 1.511177773029352448e+18 1.000000000000000000e+00 0.000000000000000000e+00 0.000000000000000000e+00 7.273999999999999355e-01 2.637999999999999790e-01 8.800000000000000530e-03 3.997925679861299386e+02
2.430000000000000000e+02 5.686104873788951153e+01 1.892080323834614774e+03 9.439999999999999503e-01 5.833360855264587697e-01 0.000000000000000000e+00 4.203058489777641848e-02 1.570796326794896558e+00 1.597110752783484416e+18 1.000000000000000000e+00 0.000000000000000000e+00 0.000000000000000000e+00 7.273999999999999355e-01 2.637999999999999790e-01 8.800000000000000530e-03 4.155229147253432984e+02
2.440000000000000000e+02 4.129136293624191012e+01 2.136678577036736442e+03 9.439999999999999503e-01 1.747560072161719935e+00 0.000000000000000000e+00 6.927412532250782906e-01 1.570796326794896558e+00 1.816822065883139840e+18 1.000000000000000000e+00 0.000000000000000000e+00 0.000000000000000000e+00 7.273999999999999355e-01 2.637999999999999790e-01 8.800000000000000530e-03 4.579675217571776784e+02
2.480000000000000000e+02 6.894087024216221948e+01 2.193945587078003427e+03 9.439999999999999503e-01 6.719661817607460730e-01 0.000000000000000000e+00 2.641429242719450787e-02 0.000000000000000000e+00 1.919987440252291072e+18 1.000000000000000000e+00 0.000000000000000000e+00 0.000000000000000000e+00 7.273999999999999355e-01 2.637999999999999790e-01 8.800000000000000530e-03 4.677609953600989456e+02
2.490000000000000000e+02 5.658238075493101604e+01 2.373070246073526050e+03 9.439999999999999503e-01 1.301250113488483073e+00 0.000000000000000000e+00 1.874652234382167271e-01 1.570796326794896558e+00 2.093240499377779712e+18 1.000000000000000000e+00 0.000000000000000000e+00 0.000000000000000000e+00 7.273999999999999355e-01 2.637999999999999790e-01 8.800000000000000530e-03 4.980716223064069936e+02
2.510000000000000000e+02 6.650159795309508581e+01 2.671324854219787539e+03 9.439999999999999503e-01 1.248225920049782056e+00 0.000000000000000000e+00 3.367487808615106382e-02 0.000000000000000000e+00 2.391528982659382784e+18 1.000000000000000000e+00 0.000000000000000000e+00 0.000000000000000000e+00 7.273999999999999355e-01 2.637999999999999790e-01 8.800000000000000530e-03 5.475511394561760881e+02
2.520000000000000000e+02 4.818283900554180832e+01 2.921197220970144826e+03 9.439999999999999503e-01 1.784758893593552997e+00 0.000000000000000000e+00 4.508061674388388895e-01 0.000000000000000000e+00 2.634031011527347200e+18 1.000000000000000000e+00 0.000000000000000000e+00 0.000000000000000000e+00 7.273999999999999355e-01 2.637999999999999790e-01 8.800000000000000530e-03 5.881553153265276705e+02
2.540000000000000000e+02 4.919337397910043563e+01 2.823200466409423825e+03 9.439999999999999503e-01 6.099514581752258913e-01 0.000000000000000000e+00 6.236820158026242789e-01 0.000000000000000000e+00 2.583772357299849728e+18 1.000000000000000000e+00 0.000000000000000000e+00 0.000000000000000000e+00 7.273999999999999355e-01 2.637999999999999790e-01 8.800000000000000530e-03 5.723170666059037330e+02
2.560000000000000000e+02 5.836478680763506333e+01 3.116003922500216049e+03 9.439999999999999503e-01 9.533316802985470906e-01 0.000000000000000000e+00 2.803966140542779040e-01 0.000000000000000000e+00 2.896642503800313344e+18 1.000000000000000000e+00 0.000000000000000000e+00 0.000000000000000000e+00 7.273999999999999355e-01 2.637999999999999790e-01 8.800000000000000530e-03 6.193294327512079462e+02
2.580000000000000000e+02 5.312461630464938622e+01 2.818320623071945647e+03 9.439999999999999503e-01 4.604225781232823556e-01 0.000000000000000000e+00 5.470994715165033995e-01 1.570796326794896558e+00 2.660412285519893504e+18 1.000000000000000000e+00 0.000000000000000000e+00 0.000000000000000000e+00 7.273999999999999355e-01 2.637999999999999790e-01 8.800000000000000530e-03 5.715255391959490225e+02
2.600000000000000000e+02 4.975670226984338029e+01 3.156388833775294188e+03 9.439999999999999503e-01 7.858369670866789392e-01 0.000000000000000000e+00 5.594399440406828683e-01 1.570796326794896558e+00 3.025689346685917696e+18 1.000000000000000000e+00 0.000000000000000000e+00 0.000000000000000000e+00 7.273999999999999355e-01 2.637999999999999790e-01 8.800000000000000530e-03 6.257425992259927625e+02
2.610000000000000000e+02 1.147032084590175600e+02 3.138296069054621512e+03 9.439999999999999503e-01 7.969256614648347892e-01 0.000000000000000000e+00 9.000000000000001055e-02 1.570796326794896558e+00 3.031506313634891264e+18 1.000000000000000000e+00 0.000000000000000000e+00 0.000000000000000000e+00 7.273999999999999355e-01 2.637999999999999790e-01 8.800000000000000530e-03 6.228714908285595584e+02
2.620000000000000000e+02 8.423114885967322607e+01 3.324900651447148448e+03 9.439999999999999503e-01 1.628060300326786836e+00 0.000000000000000000e+00 1.000000000000000056e-01 0.000000000000000000e+00 3.237469129006147072e+18 1.000000000000000000e+00 0.000000000000000000e+00 0.000000000000000000e+00 7.273999999999999355e-01 2.637999999999999790e-01 8.800000000000000530e-03 6.523283625564022259e+02
2.630000000000000000e+02 9.928375310583976443e+01 3.754415086264806177e+03 9.439999999999999503e-01 1.069598477483763244e+00 0.000000000000000000e+00 9.000000000000001055e-02 1.570796326794896558e+00 3.685504745436370944e+18 1.000000000000000000e+00 0.000000000000000000e+00 0.000000000000000000e+00 7.273999999999999355e-01 2.637999999999999790e-01 8.800000000000000530e-03 7.189143495447993928e+02
2.680000000000000000e+02 1.120378662507962275e+02 4.231619072753946057e+03 9.459999999999999520e-01 7.561119970021177306e-01 0.000000000000000000e+00 9.000000000000001055e-02 1.570796326794896558e+00 4.322744457105288704e+18 1.000000000000000000e+00 0.000000000000000000e+00 0.000000000000000000e+00 7.273999999999999355e-01 2.637999999999999790e-01 8.800000000000000530e-03 7.911313160213657056e+02
2.700000000000000000e+02 9.382225219228604374e+01 4.416276651381480406e+03 9.439999999999999503e-01 8.959681691168307482e-01 0.000000000000000000e+00 2.296981924235897907e-02 0.000000000000000000e+00 4.586112603472982016e+18 1.000000000000000000e+00 0.000000000000000000e+00 0.000000000000000000e+00 7.273999999999999355e-01 2.637999999999999790e-01 8.800000000000000530e-03 8.186312897340291102e+02
2.720000000000000000e+02 1.370636762387658507e+02 5.174183233273430233e+03 9.439999999999999503e-01 1.507590814673665625e+00 0.000000000000000000e+00 6.713636021921907948e-02 1.570796326794896558e+00 5.462649670264708096e+18 1.000000000000000000e+00 0.000000000000000000e+00 0.000000000000000000e+00 7.273999999999999355e-01 2.637999999999999790e-01 8.800000000000000530e-03 9.292161869817268780e+02
2.730000000000000000e+02 1.305686811604335560e+02 6.011561317793953094e+03 9.439999999999999503e-01 1.617588779752274331e+00 0.000000000000000000e+00 2.598373848892199592e-02 1.570796326794896558e+00 6.399355878728344576e+18 1.000000000000000000e+00 0.000000000000000000e+00 0.000000000000000000e+00 7.273999999999999355e-01 2.637999999999999790e-01 8.800000000000000530e-03 1.047690843139053868e+03
2.760000000000000000e+02 1.057724049546218055e+02 6.156858542513517932e+03 9.439999999999999503e-01 1.139459101714591194e+00 0.000000000000000000e+00 3.130153130328784672e-02 0.000000000000000000e+00 6.721461710762171392e+18 1.000000000000000000e+00 0.000000000000000000e+00 0.000000000000000000e+00 7.273999999999999355e-01 2.637999999999999790e-01 8.800000000000000530e-03 1.067900189538236418e+03
2.840000000000000000e+02 1.246484235591675400e+02 8.416563425041998926e+03 9.439999999999999503e-01 1.586709756262471238e+00 0.000000000000000000e+00 9.000000000000001055e-02 1.570796326794896558e+00 9.848819664249927680e+18 1.000000000000000000e+00 0.000000000000000000e+00 0.000000000000000000e+00 7.273999999999999355e-01 2.637999999999999790e-01 8.800000000000000530e-03 1.371359007893047647e+03
2.900000000000000000e+02 1.412789392475162629e+02 9.847015195268870229e+03 9.439999999999999503e-01 1.001457702887518453e+00 0.000000000000000000e+00 1.061336759766483284e-02 0.000000000000000000e+00 1.216357798229604966e+19 1.000000000000000000e+00 0.000000000000000000e+00 0.000000000000000000e+00 7.273999999999999355e-01 2.637999999999999790e-01 8.800000000000000530e-03 1.554844671489712255e+03
2.910000000000000000e+02 1.438301058011793430e+02 1.159685253344414923e+04 9.459999999999999520e-01 3.956305715250144628e-01 0.000000000000000000e+00 2.652961126312800011e-02 0.000000000000000000e+00 1.445784953906765005e+19 1.000000000000000000e+00 0.000000000000000000e+00 0.000000000000000000e+00 7.273999999999999355e-01 2.637999999999999790e-01 8.800000000000000530e-03 1.772211012395172702e+03
2.920000000000000000e+02 1.492817974223598299e+02 1.086681250364250263e+04 9.439999999999999503e-01 3.780521538022460493e-01 0.000000000000000000e+00 9.000000000000001055e-02 1.570796326794896558e+00 1.367549608877105152e+19 1.000000000000000000e+00 0.000000000000000000e+00 0.000000000000000000e+00 7.273999999999999355e-01 2.637999999999999790e-01 8.800000000000000530e-03 1.682383739604009861e+03
2.930000000000000000e+02 1.423075524490938051e+02 1.198798124942829418e+04 9.439999999999999503e-01 1.405963324930145086e+00 0.000000000000000000e+00 1.154713838576931599e-02 0.000000000000000000e+00 1.522693431718055936e+19 1.000000000000000000e+00 0.000000000000000000e+00 0.000000000000000000e+00 7.273999999999999355e-01 2.637999999999999790e-01 8.800000000000000530e-03 1.819869167428945502e+03
2.990000000000000000e+02 1.779501257319807337e+02 1.603430445413865527e+04 9.439999999999999503e-01 1.079947073745508801e+00 0.000000000000000000e+00 2.115011341266053585e-02 0.000000000000000000e+00 2.156794312730882867e+19 1.000000000000000000e+00 0.000000000000000000e+00 0.000000000000000000e+00 7.273999999999999355e-01 2.637999999999999790e-01 8.800000000000000530e-03 2.296589757699648089e+03
3.020000000000000000e+02 1.852885801384367710e+02 1.938948300455892968e+04 9.439999999999999503e-01 6.611426905099544449e-01 0.000000000000000000e+00 9.000000000000001055e-02 1.570796326794896558e+00 2.685249792336246374e+19 1.000000000000000000e+00 0.000000000000000000e+00 0.000000000000000000e+00 7.273999999999999355e-01 2.637999999999999790e-01 8.800000000000000530e-03 2.673599224841072100e+03
3.040000000000000000e+02 1.892609775318572360e+02 1.979675978203872728e+04 9.439999999999999503e-01 3.327518163148331376e-01 0.000000000000000000e+00 9.000000000000001055e-02 0.000000000000000000e+00 2.796808476138542694e+19 1.000000000000000000e+00 0.000000000000000000e+00 0.000000000000000000e+00 7.273999999999999355e-01 2.637999999999999790e-01 8.800000000000000530e-03 2.718432876032720742e+03
3.060000000000000000e+02 2.327906145602608774e+02 2.157523683078699469e+04 9.439999999999999503e-01 1.235125525804216196e+00 0.000000000000000000e+00 9.000000000000001055e-02 1.570796326794896558e+00 3.110331209417657139e+19 1.000000000000000000e+00 0.000000000000000000e+00 0.000000000000000000e+00 7.273999999999999355e-01 2.637999999999999790e-01 8.800000000000000530e-03 2.912110032205921470e+03
3.090000000000000000e+02 1.599179003959196734e+02 2.501238358964722283e+04 9.439999999999999503e-01 1.694689311082755889e+00 0.000000000000000000e+00 1.446282733354863591e-02 0.000000000000000000e+00 3.718942158844877210e+19 1.000000000000000000e+00 0.000000000000000000e+00 0.000000000000000000e+00 7.273999999999999355e-01 2.637999999999999790e-01 8.800000000000000530e-03 3.277686312152380651e+03
3.110000000000000000e+02 2.128530902700044578e+02 2.854153144217652880e+04 9.439999999999999503e-01 1.541765092567817685e+00 0.000000000000000000e+00 8.100000000000001643e-02 0.000000000000000000e+00 4.332827286736923853e+19 1.000000000000000000e+00 0.000000000000000000e+00 0.000000000000000000e+00 7.273999999999999355e-01 2.637999999999999790e-01 8.800000000000000530e-03 3.642714553957579938e+03
3.120000000000000000e+02 1.723339438362331180e+02 2.959980701418686658e+04 9.439999999999999503e-01 1.487479596936765125e+00 0.000000000000000000e+00 9.000000000000001055e-02 1.570796326794896558e+00 4.540829540074163405e+19 1.000000000000000000e+00 0.000000000000000000e+00 0.000000000000000000e+00 7.273999999999999355e-01 2.637999999999999790e-01 8.800000000000000530e-03 3.750372683900920038e+03
3.140000000000000000e+02 4.028871609990055731e+02 3.317864184694657160e+04 9.439999999999999503e-01 1.821241065452479102e+00 0.000000000000000000e+00 9.000000000000001055e-02 1.570796326794896558e+00 5.199232860001986970e+19 1.000000000000000000e+00 0.000000000000000000e+00 0.000000000000000000e+00 7.273999999999999355e-01 2.637999999999999790e-01 8.800000000000000530e-03 4.108943851455946060e+03
3.180000000000000000e+02 1.870706253966488930e+02 4.181771786218300986e+04 9.439999999999999503e-01 8.037511045482992333e-01 0.000000000000000000e+00 1.578933874289488795e-02 1.570796326794896558e+00 6.844124151590948045e+19 1.000000000000000000e+00 0.000000000000000000e+00 0.000000000000000000e+00 7.273999999999999355e-01 2.637999999999999790e-01 8.800000000000000530e-03 4.944604795309634937e+03
3.200000000000000000e+02 1.630113982399496990e+02 4.570316650201423909e+04 9.439999999999999503e-01 1.413340406700161589e+00 0.000000000000000000e+00 9.000000000000001055e-02 1.570796326794896558e+00 7.648918013805802291e+19 1.000000000000000000e+00 0.000000000000000000e+00 0.000000000000000000e+00 7.273999999999999355e-01 2.637999999999999790e-01 8.800000000000000530e-03 5.308848791795886427e+03
3.220000000000000000e+02 4.693223139511807744e+02 5.079915357703669724e+04 9.439999999999999503e-01 1.694004046630437132e+00 0.000000000000000000e+00 9.000000000000001055e-02 0.000000000000000000e+00 8.694758373572788224e+19 1.000000000000000000e+00 0.000000000000000000e+00 0.000000000000000000e+00 7.273999999999999355e-01 2.637999999999999790e-01 8.800000000000000530e-03 5.777347678787785298e+03
3.230000000000000000e+02 4.297245225427793116e+02 5.122164713878023031e+04 9.439999999999999503e-01 1.285623211623099893e+00 0.000000000000000000e+00 9.000000000000001055e-02 1.570796326794896558e+00 8.866843659283842662e+19 1.000000000000000000e+00 0.000000000000000000e+00 0.000000000000000000e+00 7.273999999999999355e-01 2.637999999999999790e-01 8.800000000000000530e-03 5.815755702130737518e+03
3.280000000000000000e+02 2.640597395135541205e+02 7.166613756875466788e+04 9.439999999999999503e-01 1.350921456370572038e+00 0.000000000000000000e+00 1.000000000000000056e-01 0.000000000000000000e+00 1.314937561031738491e+20 1.000000000000000000e+00 0.000000000000000000e+00 0.000000000000000000e+00 7.273999999999999355e-01 2.637999999999999790e-01 8.800000000000000530e-03 7.608420766727159389e+03
3.300000000000000000e+02 1.761513019031998226e+02 7.556730527944443747e+04 9.439999999999999503e-01 1.457984494003823128e+00 0.000000000000000000e+00 2.287679245496101327e-02 0.000000000000000000e+00 1.420013932217572721e+20 1.000000000000000000e+00 0.000000000000000000e+00 0.000000000000000000e+00 7.273999999999999355e-01 2.637999999999999790e-01 8.800000000000000530e-03 7.937988614364514433e+03
3.320000000000000000e+02 7.700000000000001137e+02 8.750171502487004909e+04 9.439999999999999503e-01 1.701558088357903120e+00 0.000000000000000000e+00 1.000000000000000056e-01 1.570796326794896558e+00 1.684598859467803525e+20 1.000000000000000000e+00 0.000000000000000000e+00 0.000000000000000000e+00 7.273999999999999355e-01 2.637999999999999790e-01 8.800000000000000530e-03 8.925993687187541582e+03
3.330000000000000000e+02 7.700000000000001137e+02 9.240877778638120799e+04 9.439999999999999503e-01 9.317785871826164135e-01 0.000000000000000000e+00 1.000000000000000056e-01 1.570796326794896558e+00 1.800975688248996004e+20 1.000000000000000000e+00 0.000000000000000000e+00 0.000000000000000000e+00 7.273999999999999355e-01 2.637999999999999790e-01 8.800000000000000530e-03 9.324249891108645897e+03
3.340000000000000000e+02 7.700000000000001137e+02 9.880968497164901055e+04 9.439999999999999503e-01 9.438558941589988427e-01 0.000000000000000000e+00 1.000000000000000056e-01 0.000000000000000000e+00 1.949736234008479007e+20 1.000000000000000000e+00 0.000000000000000000e+00 0.000000000000000000e+00 7.273999999999999355e-01 2.637999999999999790e-01 8.800000000000000530e-03 9.837458989936443686e+03
3.360000000000000000e+02 7.700000000000001137e+02 1.068491022985086893e+05 9.439999999999999503e-01 1.038424519264589563e+00 0.000000000000000000e+00 1.000000000000000056e-01 1.570796326794896558e+00 2.161877857476073554e+20 1.000000000000000000e+00 0.000000000000000000e+00 0.000000000000000000e+00 7.273999999999999355e-01 2.637999999999999790e-01 8.800000000000000530e-03 1.047273285380158268e+04
3.370000000000000000e+02 7.700000000000001137e+02 1.158356105936362292e+05 9.439999999999999503e-01 1.192142759466328750e+00 0.000000000000000000e+00 1.000000000000000056e-01 1.570796326794896558e+00 2.373735508179620659e+20 1.000000000000000000e+00 0.000000000000000000e+00 0.000000000000000000e+00 7.273999999999999355e-01 2.637999999999999790e-01 8.800000000000000530e-03 1.117164166246575587e+04
3.390000000000000000e+02 7.700000000000001137e+02 1.269279457900954148e+05 9.439999999999999503e-01 1.469275392246766954e+00 0.000000000000000000e+00 1.000000000000000056e-01 0.000000000000000000e+00 2.668564301854183916e+20 1.000000000000000000e+00 0.000000000000000000e+00 0.000000000000000000e+00 7.273999999999999355e-01 2.637999999999999790e-01 8.800000000000000530e-03 1.201957534896366633e+04
3.490000000000000000e+02 7.700000000000001137e+02 2.459464932455430680e+05 9.439999999999999503e-01 5.857177219209209751e-01 0.000000000000000000e+00 1.000000000000000056e-01 0.000000000000000000e+00 5.917081729561526272e+20 1.000000000000000000e+00 0.000000000000000000e+00 0.000000000000000000e+00 7.273999999999999355e-01 2.637999999999999790e-01 8.800000000000000530e-03 2.040402424520513159e+04
3.520000000000000000e+02 7.700000000000001137e+02 3.012268027353330981e+05 9.439999999999999503e-01 2.852127594487823270e-01 0.000000000000000000e+00 1.000000000000000056e-01 0.000000000000000000e+00 7.563422769697703854e+20 1.000000000000000000e+00 0.000000000000000000e+00 0.000000000000000000e+00 7.273999999999999355e-01 2.637999999999999790e-01 8.800000000000000530e-03 2.399706969809651855e+04
3.560000000000000000e+02 7.700000000000001137e+02 3.996614116644237656e+05 9.439999999999999503e-01 1.258654657064439464e+00 0.000000000000000000e+00 1.000000000000000056e-01 1.570796326794896558e+00 1.064220421945879560e+21 1.000000000000000000e+00 0.000000000000000000e+00 0.000000000000000000e+00 7.273999999999999355e-01 2.637999999999999790e-01 8.800000000000000530e-03 3.008826168501245775e+04
3.570000000000000000e+02 7.700000000000001137e+02 4.201855834069236880e+05 9.439999999999999503e-01 6.456494714337092100e-01 0.000000000000000000e+00 1.000000000000000056e-01 0.000000000000000000e+00 1.135923338486774366e+21 1.000000000000000000e+00 0.000000000000000000e+00 0.000000000000000000e+00 7.273999999999999355e-01 2.637999999999999790e-01 8.800000000000000530e-03 3.131816019921284897e+04
3.580000000000000000e+02 7.700000000000001137e+02 4.560863160799987963e+05 9.439999999999999503e-01 6.377087107673182764e-01 0.000000000000000000e+00 1.000000000000000056e-01 1.570796326794896558e+00 1.251832373454330659e+21 1.000000000000000000e+00 0.000000000000000000e+00 0.000000000000000000e+00 7.273999999999999355e-01 2.637999999999999790e-01 8.800000000000000530e-03 3.344113099294620770e+04
3.590000000000000000e+02 7.700000000000001137e+02 4.854283380126786069e+05 9.439999999999999503e-01 6.723845965940614677e-01 0.000000000000000000e+00 1.000000000000000056e-01 0.000000000000000000e+00 1.352877828875755979e+21 1.000000000000000000e+00 0.000000000000000000e+00 0.000000000000000000e+00 7.273999999999999355e-01 2.637999999999999790e-01 8.800000000000000530e-03 3.515146451350282587e+04
3.620000000000000000e+02 7.700000000000001137e+02 6.061053809332536766e+05 9.439999999999999503e-01 5.515774970706917024e-01 0.000000000000000000e+00 1.000000000000000056e-01 1.570796326794896558e+00 1.770290223500284658e+21 1.000000000000000000e+00 0.000000000000000000e+00 0.000000000000000000e+00 7.273999999999999355e-01 2.637999999999999790e-01 8.800000000000000530e-03 4.198380873755666107e+04
