# id_num orb_a mass spin spin_angle orb_inc orb_ecc orb_arg_periapse orb_ang_mom gen galaxy time_passed gw_freq gw_strain
0.000000000000000000e+00 4.651266710431291722e+04 1.710527386741091860e+01 -5.905464285643047435e-03 1.975775874598351134e+00 3.148119343598495323e+00 8.327605413586293415e-02 1.570796326794896558e+00 1.000000000000000000e+00 1.000000000000000000e+00 0.000000000000000000e+00 0.000000000000000000e+00 -1.000000000000000000e+00 -1.000000000000000000e+00
1.000000000000000000e+00 1.228251432528772057e+03 1.171644173507941922e+01 2.448930706308420982e-02 1.475868565963171397e+00 -4.649105323061485280e-03 9.000000000000001055e-02 0.000000000000000000e+00 1.000000000000000000e+00 1.000000000000000000e+00 0.000000000000000000e+00 0.000000000000000000e+00 -1.000000000000000000e+00 -1.000000000000000000e+00
2.000000000000000000e+00 1.347652119150728504e+04 2.781064364399894728e+01 -1.026947953098445165e-01 1.844899032441808195e+00 3.116435300294312594e+00 1.000000000000000056e-01 0.000000000000000000e+00 1.000000000000000000e+00 1.000000000000000000e+00 0.000000000000000000e+00 0.000000000000000000e+00 -1.000000000000000000e+00 -1.000000000000000000e+00
6.000000000000000000e+00 9.306768916392400570e+03 1.025142412639950784e+01 5.872267712903651501e-03 1.511551696317747551e+00 -1.173307455449929503e-02 1.014005219025927995e-01 1.570796326794896558e+00 1.000000000000000000e+00 1.000000000000000000e+00 0.000000000000000000e+00 0.000000000000000000e+00 -1.000000000000000000e+00 -1.000000000000000000e+00
7.000000000000000000e+00 1.983183064506984010e+04 1.031975707902602224e+01 1.091217901604692522e-02 1.513252915208834093e+00 3.110000648864616468e-02 1.614746360932525771e-02 1.570796326794896558e+00 1.000000000000000000e+00 1.000000000000000000e+00 0.000000000000000000e+00 0.000000000000000000e+00 -1.000000000000000000e+00 -1.000000000000000000e+00
9.000000000000000000e+00 2.147912111860738514e+04 1.656644579803053929e+01 -2.190833927125900304e-01 2.465207382302896377e+00 3.114019326717428093e+00 7.198917656708801738e-02 1.570796326794896558e+00 1.000000000000000000e+00 1.000000000000000000e+00 0.000000000000000000e+00 0.000000000000000000e+00 -1.000000000000000000e+00 -1.000000000000000000e+00
1.100000000000000000e+01 1.924659499049019723e+04 1.661739421983001463e+01 5.554597667381316189e-02 1.473438230950700478e-01 -2.839629708498662627e-02 5.175531280535175527e-02 0.000000000000000000e+00 1.000000000000000000e+00 1.000000000000000000e+00 0.000000000000000000e+00 0.000000000000000000e+00 -1.000000000000000000e+00 -1.000000000000000000e+00
1.200000000000000000e+01 9.478601672488352051e+03 1.592870126961343047e+01 1.354113976056499913e-01 5.366793728310936817e-01 -1.609629737613307160e-02 7.343802380378476602e-02 1.570796326794896558e+00 1.000000000000000000e+00 1.000000000000000000e+00 0.000000000000000000e+00 0.000000000000000000e+00 -1.000000000000000000e+00 -1.000000000000000000e+00
1.500000000000000000e+01 3.836825444268630235e+04 1.406405511802986474e+01 -6.106959021836270290e-02 2.736421032724789537e+00 7.650525554598759312e-03 1.473132655831107807e-01 1.570796326794896558e+00 1.000000000000000000e+00 1.000000000000000000e+00 0.000000000000000000e+00 0.000000000000000000e+00 -1.000000000000000000e+00 -1.000000000000000000e+00
1.600000000000000000e+01 1.281703865230274096e+04 1.138132039794150607e+01 -3.291837463166035621e-02 1.718004608910592257e+00 -2.471778662067716618e-03 1.000000000000000056e-01 0.000000000000000000e+00 1.000000000000000000e+00 1.000000000000000000e+00 0.000000000000000000e+00 0.000000000000000000e+00 -1.000000000000000000e+00 -1.000000000000000000e+00
1.800000000000000000e+01 4.864821098996221554e+04 1.391622054151281063e+01 2.985981073591853496e-01 5.295770198776210691e-01 3.108287091824826209e+00 1.695210788561905269e-01 0.000000000000000000e+00 1.000000000000000000e+00 1.000000000000000000e+00 0.000000000000000000e+00 0.000000000000000000e+00 -1.000000000000000000e+00 -1.000000000000000000e+00
1.900000000000000000e+01 5.613930837391903879e+03 1.132005434199256655e+01 -1.040896110607422015e-02 2.248259801825137405e+00 3.125497957306154539e+00 1.039764912381498374e-01 1.570796326794896558e+00 1.000000000000000000e+00 1.000000000000000000e+00 0.000000000000000000e+00 0.000000000000000000e+00 -1.000000000000000000e+00 -1.000000000000000000e+00
2.000000000000000000e+01 4.354857485299318796e+04 1.893922832627788111e+01 -7.375297485441455192e-02 2.443919077146133212e+00 3.202301313161672741e-02 2.089152798306982417e-01 0.000000000000000000e+00 1.000000000000000000e+00 1.000000000000000000e+00 0.000000000000000000e+00 0.000000000000000000e+00 -1.000000000000000000e+00 -1.000000000000000000e+00
2.100000000000000000e+01 2.148762906649387878e+04 1.194450282581308009e+01 -8.496725664772368514e-02 2.227786659015619897e+00 -2.213909509578674412e-02 2.809485921532193786e-01 1.570796326794896558e+00 1.000000000000000000e+00 1.000000000000000000e+00 0.000000000000000000e+00 0.000000000000000000e+00 -1.000000000000000000e+00 -1.000000000000000000e+00
2.400000000000000000e+01 1.315155714030592026e+04 1.123004550467650020e+01 4.442133014049709505e-02 1.258003293299221781e+00 3.159486862662736595e+00 1.433768558928756598e-01 0.000000000000000000e+00 1.000000000000000000e+00 1.000000000000000000e+00 0.000000000000000000e+00 0.000000000000000000e+00 -1.000000000000000000e+00 -1.000000000000000000e+00
2.500000000000000000e+01 2.328448425596682500e+04 2.781877932651557472e+01 7.268864835716221367e-04 8.413273211988954170e-01 -1.651577938352911598e-02 2.938500188041512362e-01 1.570796326794896558e+00 1.000000000000000000e+00 1.000000000000000000e+00 0.000000000000000000e+00 0.000000000000000000e+00 -1.000000000000000000e+00 -1.000000000000000000e+00
2.600000000000000000e+01 4.773182781163047912e+04 1.257106607802839982e+01 -1.146644910860812189e-01 1.712892465656373986e+00 3.173946468012326161e+00 2.990545594198680199e-02 1.570796326794896558e+00 1.000000000000000000e+00 1.000000000000000000e+00 0.000000000000000000e+00 0.000000000000000000e+00 -1.000000000000000000e+00 -1.000000000000000000e+00
3.100000000000000000e+01 3.257151630596702671e+04 1.365803795239436624e+01 -7.379617379880895611e-02 1.614720173018334481e+00 -4.240996013784721630e-02 1.760740390783687437e-01 0.000000000000000000e+00 1.000000000000000000e+00 1.000000000000000000e+00 0.000000000000000000e+00 0.000000000000000000e+00 -1.000000000000000000e+00 -1.000000000000000000e+00
3.200000000000000000e+01 3.317468081188746874e+04 1.513835413466993529e+01 5.102379386534344752e-02 1.091127168482960208e+00 3.122020041394454548e+00 6.211929671377879048e-02 1.570796326794896558e+00 1.000000000000000000e+00 1.000000000000000000e+00 0.000000000000000000e+00 0.000000000000000000e+00 -1.000000000000000000e+00 -1.000000000000000000e+00
3.300000000000000000e+01 9.604921478415601086e+03 3.043640724850347468e+01 -1.271150670123710191e-01 2.580336481851950747e+00 -1.685904245368026466e-02 2.139085765753414303e-01 1.570796326794896558e+00 1.000000000000000000e+00 1.000000000000000000e+00 0.000000000000000000e+00 0.000000000000000000e+00 -1.000000000000000000e+00 -1.000000000000000000e+00
3.700000000000000000e+01 1.524555392223947456e+04 2.066383603394218937e+01 2.575042973560452697e-02 4.484119485254841608e-01 3.162891963841524046e+00 1.380966526796748896e-02 1.570796326794896558e+00 1.000000000000000000e+00 1.000000000000000000e+00 0.000000000000000000e+00 0.000000000000000000e+00 -1.000000000000000000e+00 -1.000000000000000000e+00
3.800000000000000000e+01 2.403812404704544315e+04 2.762021829168101306e+01 1.287473369395447931e-01 1.340170577776400362e+00 3.119406418387517643e+00 2.546077115869813112e-01 0.000000000000000000e+00 1.000000000000000000e+00 1.000000000000000000e+00 0.000000000000000000e+00 0.000000000000000000e+00 -1.000000000000000000e+00 -1.000000000000000000e+00
3.900000000000000000e+01 1.872161929121759385e+04 1.082660343805431147e+01 3.638238268650192953e-02 3.566491865431299368e-01 3.143883731626744726e+00 1.537219473007178094e-01 0.000000000000000000e+00 1.000000000000000000e+00 1.000000000000000000e+00 0.000000000000000000e+00 0.000000000000000000e+00 -1.000000000000000000e+00 -1.000000000000000000e+00
4.200000000000000000e+01 6.604650075315087633e+03 1.101600589459334678e+01 -3.604611887564720257e-02 2.094492448881788871e+00 3.133261135444819434e+00 9.000000000000001055e-02 1.570796326794896558e+00 1.000000000000000000e+00 1.000000000000000000e+00 0.000000000000000000e+00 0.000000000000000000e+00 -1.000000000000000000e+00 -1.000000000000000000e+00
4.300000000000000000e+01 1.139756414013403810e+04 1.479171984756407987e+01 -1.359669633896436192e-01 2.683884539265583680e+00 -1.965465255387050317e-02 2.788084554624905564e-01 1.570796326794896558e+00 1.000000000000000000e+00 1.000000000000000000e+00 0.000000000000000000e+00 0.000000000000000000e+00 -1.000000000000000000e+00 -1.000000000000000000e+00
4.500000000000000000e+01 3.819073096466111019e+04 2.007870751573908308e+01 -1.344169731926387890e-01 3.066199215794418453e+00 3.116825672513277468e+00 1.752353617111789830e-01 1.570796326794896558e+00 1.000000000000000000e+00 1.000000000000000000e+00 0.000000000000000000e+00 0.000000000000000000e+00 -1.000000000000000000e+00 -1.000000000000000000e+00
4.600000000000000000e+01 4.648633413298541564e+04 1.252490806639730359e+01 1.014074762248804301e-01 9.833001268749295143e-01 7.781654915524718365e-03 3.506724349237187732e-02 0.000000000000000000e+00 1.000000000000000000e+00 1.000000000000000000e+00 0.000000000000000000e+00 0.000000000000000000e+00 -1.000000000000000000e+00 -1.000000000000000000e+00
4.800000000000000000e+01 2.177656558902933830e+04 1.187561615999005760e+01 -7.360659748251717482e-02 2.011345153172752198e+00 1.984027363753732009e-02 1.658172575416436700e-01 0.000000000000000000e+00 1.000000000000000000e+00 1.000000000000000000e+00 0.000000000000000000e+00 0.000000000000000000e+00 -1.000000000000000000e+00 -1.000000000000000000e+00
5.100000000000000000e+01 1.599424381807475584e+04 1.955593132167670589e+01 5.996530836700059153e-02 1.041055080465111971e+00 3.155398581105411715e+00 2.336336739070705160e-01 1.570796326794896558e+00 1.000000000000000000e+00 1.000000000000000000e+00 0.000000000000000000e+00 0.000000000000000000e+00 -1.000000000000000000e+00 -1.000000000000000000e+00
5.200000000000000000e+01 5.937334604546019364e+03 2.132878956958606764e+01 -1.028062766446994347e-01 2.485769561156111251e+00 -1.836633076419821875e-02 2.245434610454473401e-01 1.570796326794896558e+00 1.000000000000000000e+00 1.000000000000000000e+00 0.000000000000000000e+00 0.000000000000000000e+00 -1.000000000000000000e+00 -1.000000000000000000e+00
5.300000000000000000e+01 4.703919758369336341e+04 1.668120477485762621e+01 1.095941846339261103e-02 1.100519648842274156e+00 3.118441281633420381e+00 2.466711366709271880e-01 0.000000000000000000e+00 1.000000000000000000e+00 1.000000000000000000e+00 0.000000000000000000e+00 0.000000000000000000e+00 -1.000000000000000000e+00 -1.000000000000000000e+00
5.500000000000000000e+01 4.301139698995349318e+04 1.178899575449481318e+01 7.737632889646209496e-03 9.139651609430829993e-01 3.187785874486383619e+00 8.893639204401777854e-02 1.570796326794896558e+00 1.000000000000000000e+00 1.000000000000000000e+00 0.000000000000000000e+00 0.000000000000000000e+00 -1.000000000000000000e+00 -1.000000000000000000e+00
5.700000000000000000e+01 4.521227670919924276e+04 1.749680429231202794e+01 -4.408159644876379762e-03 2.531623549731351286e+00 3.562919911784803023e-02 5.528430734594578372e-02 0.000000000000000000e+00 1.000000000000000000e+00 1.000000000000000000e+00 0.000000000000000000e+00 0.000000000000000000e+00 -1.000000000000000000e+00 -1.000000000000000000e+00
5.800000000000000000e+01 2.744527872093367114e+04 1.683253669524016516e+01 -1.567873357142606644e-02 2.217977414379981305e+00 3.134257315949020573e+00 1.101061619063334746e-01 0.000000000000000000e+00 1.000000000000000000e+00 1.000000000000000000e+00 0.000000000000000000e+00 0.000000000000000000e+00 -1.000000000000000000e+00 -1.000000000000000000e+00
6.500000000000000000e+01 4.272939599912040285e+04 1.070683128201962475e+01 -2.507042345878808254e-01 2.977306647825550545e+00 4.593156202326590526e-02 6.328533019178661512e-02 1.570796326794896558e+00 1.000000000000000000e+00 1.000000000000000000e+00 0.000000000000000000e+00 0.000000000000000000e+00 -1.000000000000000000e+00 -1.000000000000000000e+00
6.600000000000000000e+01 4.229952131074053614e+04 1.201232227136732611e+01 1.200227036718232443e-01 1.329513664958865693e-01 3.103535615385608626e+00 1.000000000000000021e-02 0.000000000000000000e+00 1.000000000000000000e+00 1.000000000000000000e+00 0.000000000000000000e+00 0.000000000000000000e+00 -1.000000000000000000e+00 -1.000000000000000000e+00
7.100000000000000000e+01 3.088917479134497989e+04 3.743813480761597390e+01 3.314969427745325520e-02 3.038320514280961615e-01 3.169790108558971031e+00 1.059765880955995318e-02 0.000000000000000000e+00 1.000000000000000000e+00 1.000000000000000000e+00 0.000000000000000000e+00 0.000000000000000000e+00 -1.000000000000000000e+00 -1.000000000000000000e+00
7.200000000000000000e+01 3.002816541293746923e+03 1.104793878546848518e+01 -4.309408912425358174e-02 2.427623616666324757e+00 -4.920174982212975265e-03 1.431261592333494571e-02 0.000000000000000000e+00 1.000000000000000000e+00 1.000000000000000000e+00 0.000000000000000000e+00 0.000000000000000000e+00 -1.000000000000000000e+00 -1.000000000000000000e+00
7.300000000000000000e+01 2.522523826617813756e+04 1.255961431904272096e+01 1.842418331255095687e-01 7.601961375963824930e-01 3.120268430158799511e+00 1.044054229466701150e-01 0.000000000000000000e+00 1.000000000000000000e+00 1.000000000000000000e+00 0.000000000000000000e+00 0.000000000000000000e+00 -1.000000000000000000e+00 -1.000000000000000000e+00
7.400000000000000000e+01 4.123677310226351983e+04 1.511899729151104310e+01 1.348252620163524138e-02 4.945060056282820637e-01 -3.812029416390451397e-02 8.593923881910521534e-02 0.000000000000000000e+00 1.000000000000000000e+00 1.000000000000000000e+00 0.000000000000000000e+00 0.000000000000000000e+00 -1.000000000000000000e+00 -1.000000000000000000e+00
7.700000000000000000e+01 4.547561982366951997e+04 1.016694448975642295e+01 1.746081605025765482e-01 9.859842529806507327e-01 3.124306894836577086e+00 1.579960915463379800e-01 0.000000000000000000e+00 1.000000000000000000e+00 1.000000000000000000e+00 0.000000000000000000e+00 0.000000000000000000e+00 -1.000000000000000000e+00 -1.000000000000000000e+00
7.800000000000000000e+01 1.648071212308228132e+04 1.123956936845634225e+01 2.927607632927811676e-02 1.360438708424729803e+00 3.171215326517538902e+00 6.312041174654067777e-02 1.570796326794896558e+00 1.000000000000000000e+00 1.000000000000000000e+00 0.000000000000000000e+00 0.000000000000000000e+00 -1.000000000000000000e+00 -1.000000000000000000e+00
7.900000000000000000e+01 5.761953341927820475e+03 1.497111915952378602e+01 1.115523749247301216e-02 1.124856163118153507e+00 3.129813882778815337e+00 1.000000000000000056e-01 0.000000000000000000e+00 1.000000000000000000e+00 1.000000000000000000e+00 0.000000000000000000e+00 0.000000000000000000e+00 -1.000000000000000000e+00 -1.000000000000000000e+00
8.000000000000000000e+01 4.905841782453525957e+04 3.032511900469289046e+01 9.889777543533613546e-02 1.426403448872624047e+00 3.117209585165920060e+00 1.450770061881984097e-01 0.000000000000000000e+00 1.000000000000000000e+00 1.000000000000000000e+00 0.000000000000000000e+00 0.000000000000000000e+00 -1.000000000000000000e+00 -1.000000000000000000e+00
8.100000000000000000e+01 1.762144053323612297e+03 2.600937092295510311e+01 -5.592423797628725407e-02 2.326788810687244080e+00 3.145726027210630438e+00 7.166674852032681176e-02 1.570796326794896558e+00 1.000000000000000000e+00 1.000000000000000000e+00 0.000000000000000000e+00 0.000000000000000000e+00 -1.000000000000000000e+00 -1.000000000000000000e+00
8.200000000000000000e+01 1.667460730874779620e+04 1.165941563558082272e+01 1.037992903273923934e-01 1.551418372802603418e+00 6.383161508320663383e-03 2.011443442264731485e-01 1.570796326794896558e+00 1.000000000000000000e+00 1.000000000000000000e+00 0.000000000000000000e+00 0.000000000000000000e+00 -1.000000000000000000e+00 -1.000000000000000000e+00
8.300000000000000000e+01 3.627272128530422196e+04 1.310441001207617617e+01 -3.959588492053182224e-02 2.106867216669442211e+00 3.132230183675195789e+00 6.286529790835398979e-02 0.000000000000000000e+00 1.000000000000000000e+00 1.000000000000000000e+00 0.000000000000000000e+00 0.000000000000000000e+00 -1.000000000000000000e+00 -1.000000000000000000e+00
8.400000000000000000e+01 1.668641557937499783e+03 2.176283294434926319e+01 5.080794841674979301e-02 1.148730706714601091e+00 -6.781001495327230663e-04 3.405004801488117905e-02 0.000000000000000000e+00 1.000000000000000000e+00 1.000000000000000000e+00 0.000000000000000000e+00 0.000000000000000000e+00 -1.000000000000000000e+00 -1.000000000000000000e+00
8.500000000000000000e+01 1.703499053475851906e+04 1.204859090780653474e+01 -1.299398521065374401e-02 2.807428138650978955e+00 1.966051686558381584e-02 1.112692999501030400e-02 0.000000000000000000e+00 1.000000000000000000e+00 1.000000000000000000e+00 0.000000000000000000e+00 0.000000000000000000e+00 -1.000000000000000000e+00 -1.000000000000000000e+00
8.700000000000000000e+01 4.481878949161146738e+04 1.965078935948575634e+01 -5.619324535380879754e-02 2.972682007009848970e+00 3.137703082320491887e+00 1.099950904083424191e-01 0.000000000000000000e+00 1.000000000000000000e+00 1.000000000000000000e+00 0.000000000000000000e+00 0.000000000000000000e+00 -1.000000000000000000e+00 -1.000000000000000000e+00
8.800000000000000000e+01 3.981625161490959727e+04 1.429887600720726937e+01 -1.225197750914208961e-01 2.054390265688117889e+00 1.937470318408487935e-02 2.630772026794087060e-01 1.570796326794896558e+00 1.000000000000000000e+00 1.000000000000000000e+00 0.000000000000000000e+00 0.000000000000000000e+00 -1.000000000000000000e+00 -1.000000000000000000e+00
8.900000000000000000e+01 3.329158668042785575e+04 1.003728565668023620e+01 3.902044778135624857e-03 1.415669656575592850e+00 3.162938851548623198e+00 2.229368960193842675e-01 1.570796326794896558e+00 1.000000000000000000e+00 1.000000000000000000e+00 0.000000000000000000e+00 0.000000000000000000e+00 -1.000000000000000000e+00 -1.000000000000000000e+00
9.000000000000000000e+01 9.810100292302275193e+03 1.197873803762525569e+01 -5.746288769269855545e-02 1.696356278533365014e+00 1.154325649533010333e-02 2.329477181304131783e-01 1.570796326794896558e+00 1.000000000000000000e+00 1.000000000000000000e+00 0.000000000000000000e+00 0.000000000000000000e+00 -1.000000000000000000e+00 -1.000000000000000000e+00
9.300000000000000000e+01 4.073198986732694902e+04 3.032756080115747466e+01 -6.836910512705643428e-02 2.113198024932598340e+00 2.222133314594520320e-02 2.235194808240750786e-01 1.570796326794896558e+00 1.000000000000000000e+00 1.000000000000000000e+00 0.000000000000000000e+00 0.000000000000000000e+00 -1.000000000000000000e+00 -1.000000000000000000e+00
9.400000000000000000e+01 2.116124976518326366e+04 3.007285224970158310e+01 -6.580910114957938539e-02 1.819112896885533681e+00 3.126416848953899041e+00 1.743771052764135909e-01 0.000000000000000000e+00 1.000000000000000000e+00 1.000000000000000000e+00 0.000000000000000000e+00 0.000000000000000000e+00 -1.000000000000000000e+00 -1.000000000000000000e+00
9.500000000000000000e+01 2.787986685844671683e+03 1.994608429189556276e+01 -1.254545718284003075e-01 2.829000879136108093e+00 3.553568873468513668e-03 6.580354811209707111e-02 0.000000000000000000e+00 1.000000000000000000e+00 1.000000000000000000e+00 0.000000000000000000e+00 0.000000000000000000e+00 -1.000000000000000000e+00 -1.000000000000000000e+00
9.800000000000000000e+01 3.670557908052459970e+04 1.871137446721028041e+01 -4.757666270341245895e-02 2.298640826236228119e+00 3.166419078976672630e+00 1.828674596952910986e-02 0.000000000000000000e+00 1.000000000000000000e+00 1.000000000000000000e+00 0.000000000000000000e+00 0.000000000000000000e+00 -1.000000000000000000e+00 -1.000000000000000000e+00
9.900000000000000000e+01 4.104245999225688138e+04 1.222754456723956196e+01 -1.182293123185033656e-01 1.605280001005401580e+00 3.096357704307806991e+00 2.448399839488783203e-01 1.570796326794896558e+00 1.000000000000000000e+00 1.000000000000000000e+00 0.000000000000000000e+00 0.000000000000000000e+00 -1.000000000000000000e+00 -1.000000000000000000e+00
1.030000000000000000e+02 3.803674236109637422e+04 1.265484347455314307e+01 7.528495590386445613e-02 1.222629771508935370e+00 -2.569009221187586178e-02 1.430137144195185728e-01 1.570796326794896558e+00 1.000000000000000000e+00 1.000000000000000000e+00 0.000000000000000000e+00 0.000000000000000000e+00 -1.000000000000000000e+00 -1.000000000000000000e+00
1.060000000000000000e+02 4.472029677080348847e+03 1.173075865195174572e+01 2.615506686304082395e-02 1.066032948703144800e+00 -1.363429350509559428e-02 1.206236392578618200e-01 0.000000000000000000e+00 1.000000000000000000e+00 1.000000000000000000e+00 0.000000000000000000e+00 0.000000000000000000e+00 -1.000000000000000000e+00 -1.000000000000000000e+00
1.070000000000000000e+02 7.463420644431001165e+03 2.389760428650924240e+01 8.436807527595018008e-02 9.266459574767432761e-02 3.161364473932053443e+00 1.063352331279796559e-01 0.000000000000000000e+00 1.000000000000000000e+00 1.000000000000000000e+00 0.000000000000000000e+00 0.000000000000000000e+00 -1.000000000000000000e+00 -1.000000000000000000e+00
1.080000000000000000e+02 1.314576234458240651e+04 1.530936766029221552e+01 -1.598927607485192970e-01 2.268804328204146348e+00 3.161551144128605717e+00 2.905498034536423968e-01 1.570796326794896558e+00 1.000000000000000000e+00 1.000000000000000000e+00 0.000000000000000000e+00 0.000000000000000000e+00 -1.000000000000000000e+00 -1.000000000000000000e+00
1.090000000000000000e+02 4.719016490847606474e+04 3.394575821233608792e+01 -1.451290422708000627e-01 2.112763182304435272e+00 5.086208653398746615e-02 2.161699730248043128e-01 0.000000000000000000e+00 1.000000000000000000e+00 1.000000000000000000e+00 0.000000000000000000e+00 0.000000000000000000e+00 -1.000000000000000000e+00 -1.000000000000000000e+00
1.120000000000000000e+02 1.271837009809669325e+04 1.107413163138345347e+01 -1.509561275994757840e-02 1.609492305868197359e+00 1.917923771666272745e-02 1.000000000000000056e-01 0.000000000000000000e+00 1.000000000000000000e+00 1.000000000000000000e+00 0.000000000000000000e+00 0.000000000000000000e+00 -1.000000000000000000e+00 -1.000000000000000000e+00
1.130000000000000000e+02 2.656660741557054280e+03 1.111490023560995866e+01 -2.968870955690620234e-02 2.187466690460532437e+00 -6.241395641549857785e-03 2.173546562508365254e-01 0.000000000000000000e+00 1.000000000000000000e+00 1.000000000000000000e+00 0.000000000000000000e+00 0.000000000000000000e+00 -1.000000000000000000e+00 -1.000000000000000000e+00
1.150000000000000000e+02 3.417370253893779591e+03 2.076159889667089331e+01 -2.177989076317734807e-01 3.100000000000000089e+00 -1.459584032099411378e-02 1.312649177373043652e-01 1.570796326794896558e+00 1.000000000000000000e+00 1.000000000000000000e+00 0.000000000000000000e+00 0.000000000000000000e+00 -1.000000000000000000e+00 -1.000000000000000000e+00
1.170000000000000000e+02 3.207701617985314442e+04 3.378681989927278551e+01 8.919486296894944821e-02 1.005158453509541611e-01 -3.916645567365061031e-03 1.603187193045244041e-01 1.570796326794896558e+00 1.000000000000000000e+00 1.000000000000000000e+00 0.000000000000000000e+00 0.000000000000000000e+00 -1.000000000000000000e+00 -1.000000000000000000e+00
1.180000000000000000e+02 3.043001169001015660e+04 1.055203421455410506e+01 8.339054017278971220e-02 4.645192580757811357e-02 3.496835755817730845e-02 9.758735959268201310e-02 1.570796326794896558e+00 1.000000000000000000e+00 1.000000000000000000e+00 0.000000000000000000e+00 0.000000000000000000e+00 -1.000000000000000000e+00 -1.000000000000000000e+00
1.190000000000000000e+02 1.697122947020201536e+04 2.977047348090453838e+01 7.464930346970283237e-02 9.568287114024445206e-01 3.150395697724143851e+00 1.916749051839306273e-01 1.570796326794896558e+00 1.000000000000000000e+00 1.000000000000000000e+00 0.000000000000000000e+00 0.000000000000000000e+00 -1.000000000000000000e+00 -1.000000000000000000e+00
1.240000000000000000e+02 2.274954435354777888e+04 2.863192307164581507e+01 1.003161344605899563e-01 1.378861567184354708e+00 8.402659046053985101e-03 1.781265322838471443e-01 1.570796326794896558e+00 1.000000000000000000e+00 1.000000000000000000e+00 0.000000000000000000e+00 0.000000000000000000e+00 -1.000000000000000000e+00 -1.000000000000000000e+00
1.260000000000000000e+02 3.258316847482897720e+04 1.635176779814766590e+01 -1.201486785098827559e-01 1.850576449182005589e+00 3.117644777944998946e+00 2.732088337492759589e-01 1.570796326794896558e+00 1.000000000000000000e+00 1.000000000000000000e+00 0.000000000000000000e+00 0.000000000000000000e+00 -1.000000000000000000e+00 -1.000000000000000000e+00
1.280000000000000000e+02 4.861436513045610627e+04 2.750073438462095865e+01 7.615472886746782466e-02 1.259075817509212936e+00 1.664001376475831087e-02 1.839766248364604340e-01 1.570796326794896558e+00 1.000000000000000000e+00 1.000000000000000000e+00 0.000000000000000000e+00 0.000000000000000000e+00 -1.000000000000000000e+00 -1.000000000000000000e+00
1.300000000000000000e+02 3.285527714308237773e+04 1.603421412553192837e+01 1.325646503021093298e-02 1.499728974353485844e+00 3.168341286543344903e+00 1.947003653638830212e-01 0.000000000000000000e+00 1.000000000000000000e+00 1.000000000000000000e+00 0.000000000000000000e+00 0.000000000000000000e+00 -1.000000000000000000e+00 -1.000000000000000000e+00
1.330000000000000000e+02 5.599980466258512024e+03 1.852837084359462949e+01 -1.991089129408251113e-01 2.127403081829386533e+00 3.128187824772977521e+00 1.901192413001140946e-01 1.570796326794896558e+00 1.000000000000000000e+00 1.000000000000000000e+00 0.000000000000000000e+00 0.000000000000000000e+00 -1.000000000000000000e+00 -1.000000000000000000e+00
1.370000000000000000e+02 2.532893433035445560e+04 1.112093679454745576e+01 -3.302408112743784960e-03 2.766525388277389919e+00 1.877577312389721795e-02 2.419676629229731979e-01 0.000000000000000000e+00 1.000000000000000000e+00 1.000000000000000000e+00 0.000000000000000000e+00 0.000000000000000000e+00 -1.000000000000000000e+00 -1.000000000000000000e+00
1.380000000000000000e+02 4.414612856791915692e+04 1.349936725927606673e+01 -3.027762068452193381e-02 1.784199308169898357e+00 4.835050754472410006e-02 8.709958391890615381e-02 1.570796326794896558e+00 1.000000000000000000e+00 1.000000000000000000e+00 0.000000000000000000e+00 0.000000000000000000e+00 -1.000000000000000000e+00 -1.000000000000000000e+00
1.400000000000000000e+02 6.454093368709940478e+03 1.374401529209162653e+01 9.239226733512870271e-02 1.486623056859927905e+00 -1.938083488258633778e-03 7.123910853659824738e-02 0.000000000000000000e+00 1.000000000000000000e+00 1.000000000000000000e+00 0.000000000000000000e+00 0.000000000000000000e+00 -1.000000000000000000e+00 -1.000000000000000000e+00
1.410000000000000000e+02 3.806372805312631681e+04 1.540806969091745593e+01 -4.394346889865061861e-02 1.611234813648057429e+00 3.278967018501002112e-02 8.359581646329806992e-02 1.570796326794896558e+00 1.000000000000000000e+00 1.000000000000000000e+00 0.000000000000000000e+00 0.000000000000000000e+00 -1.000000000000000000e+00 -1.000000000000000000e+00
1.420000000000000000e+02 3.590521090280890348e+04 1.577552181783229557e+01 2.439197877084312016e-02 8.899431012193933510e-01 -3.335259557754737675e-02 3.163398052922355985e-02 1.570796326794896558e+00 1.000000000000000000e+00 1.000000000000000000e+00 0.000000000000000000e+00 0.000000000000000000e+00 -1.000000000000000000e+00 -1.000000000000000000e+00
1.450000000000000000e+02 1.172945852127025091e+03 1.002389684262309366e+01 -9.999280837608066907e-02 2.411765621992810527e+00 9.885143444349368813e-03 1.718534145984595418e-01 0.000000000000000000e+00 1.000000000000000000e+00 1.000000000000000000e+00 0.000000000000000000e+00 0.000000000000000000e+00 -1.000000000000000000e+00 -1.000000000000000000e+00
1.490000000000000000e+02 4.028796386660384542e+03 1.146934426811646368e+01 -1.810444315960514361e-01 1.609002525016591800e+00 3.155968668235808128e+00 1.000000000000000056e-01 1.570796326794896558e+00 1.000000000000000000e+00 1.000000000000000000e+00 0.000000000000000000e+00 0.000000000000000000e+00 -1.000000000000000000e+00 -1.000000000000000000e+00
1.530000000000000000e+02 2.148181641495785516e+04 1.596282805961050855e+01 3.273336734358025385e-02 6.811691495297516052e-01 2.173132504474542797e-03 2.448776311088638746e-01 1.570796326794896558e+00 1.000000000000000000e+00 1.000000000000000000e+00 0.000000000000000000e+00 0.000000000000000000e+00 -1.000000000000000000e+00 -1.000000000000000000e+00
1.550000000000000000e+02 1.776104791225012013e+04 1.580745298572524327e+01 2.277881366208937830e-02 2.974635459908858692e-01 3.111129812517397397e+00 1.302892704001617358e-02 1.570796326794896558e+00 1.000000000000000000e+00 1.000000000000000000e+00 0.000000000000000000e+00 0.000000000000000000e+00 -1.000000000000000000e+00 -1.000000000000000000e+00
1.580000000000000000e+02 1.311864238292460141e+04 1.613361439943655640e+01 -1.033927298922230134e-02 2.327784810472405486e+00 3.144205128290776585e+00 2.755696279364431289e-01 1.570796326794896558e+00 1.000000000000000000e+00 1.000000000000000000e+00 0.000000000000000000e+00 0.000000000000000000e+00 -1.000000000000000000e+00 -1.000000000000000000e+00
1.610000000000000000e+02 1.572071336757947211e+04 3.195300552532813754e+01 -2.303078891865164568e-01 2.725209746793777033e+00 1.311763162080695037e-02 2.522899465546311060e-01 1.570796326794896558e+00 1.000000000000000000e+00 1.000000000000000000e+00 0.000000000000000000e+00 0.000000000000000000e+00 -1.000000000000000000e+00 -1.000000000000000000e+00
1.620000000000000000e+02 1.474675784016154694e+03 1.211860250660949845e+01 2.906258047658692029e-02 1.039876635880045752e+00 3.146395134331205323e+00 9.000000000000001055e-02 0.000000000000000000e+00 1.000000000000000000e+00 1.000000000000000000e+00 0.000000000000000000e+00 0.000000000000000000e+00 -1.000000000000000000e+00 -1.000000000000000000e+00
1.630000000000000000e+02 3.160792096632195171e+04 1.303878384999069162e+01 8.580743176291058538e-02 1.330458222356793341e+00 3.106233102834333515e+00 2.019648597048711025e-01 0.000000000000000000e+00 1.000000000000000000e+00 1.000000000000000000e+00 0.000000000000000000e+00 0.000000000000000000e+00 -1.000000000000000000e+00 -1.000000000000000000e+00
1.640000000000000000e+02 4.030456831592431990e+04 1.530534997935718522e+01 -2.772989227252244115e-02 3.100000000000000089e+00 3.180187858203614049e+00 1.384718320051766538e-01 1.570796326794896558e+00 1.000000000000000000e+00 1.000000000000000000e+00 0.000000000000000000e+00 0.000000000000000000e+00 -1.000000000000000000e+00 -1.000000000000000000e+00
1.650000000000000000e+02 2.406099606345059874e+04 1.108300077913793480e+01 -1.840608337933720765e-02 1.874979729868734069e+00 -1.378379938163027708e-02 1.721740140421073872e-01 1.570796326794896558e+00 1.000000000000000000e+00 1.000000000000000000e+00 0.000000000000000000e+00 0.000000000000000000e+00 -1.000000000000000000e+00 -1.000000000000000000e+00
1.670000000000000000e+02 1.033621156450647959e+03 1.004086354194084230e+01 1.690373512487358398e-01 8.834213595822258958e-01 3.155223646314281094e+00 2.202514358866914101e-01 0.000000000000000000e+00 1.000000000000000000e+00 1.000000000000000000e+00 0.000000000000000000e+00 0.000000000000000000e+00 -1.000000000000000000e+00 -1.000000000000000000e+00
1.680000000000000000e+02 3.699793676106351541e+03 3.492733428768476500e+01 3.283927334680761256e-02 1.494519638262842065e+00 -8.201747450749360263e-03 1.000000000000000056e-01 1.570796326794896558e+00 1.000000000000000000e+00 1.000000000000000000e+00 0.000000000000000000e+00 0.000000000000000000e+00 -1.000000000000000000e+00 -1.000000000000000000e+00
1.690000000000000000e+02 3.516765650929943513e+04 1.283000452327823560e+01 -7.017979549468671141e-02 2.361742107744961849e+00 1.789294498664184552e-02 1.856065993363961025e-02 1.570796326794896558e+00 1.000000000000000000e+00 1.000000000000000000e+00 0.000000000000000000e+00 0.000000000000000000e+00 -1.000000000000000000e+00 -1.000000000000000000e+00
1.700000000000000000e+02 2.487295978698464751e+04 1.316708572910498454e+01 -1.529272803547812865e-01 1.627369887207142485e+00 3.165430414767246070e+00 8.793130772343267509e-02 0.000000000000000000e+00 1.000000000000000000e+00 1.000000000000000000e+00 0.000000000000000000e+00 0.000000000000000000e+00 -1.000000000000000000e+00 -1.000000000000000000e+00
1.750000000000000000e+02 4.266215861415721156e+04 1.263550344395051006e+01 -5.629128507784510183e-02 2.122319879930114617e+00 3.130465094991874420e+00 2.068554325123025256e-02 0.000000000000000000e+00 1.000000000000000000e+00 1.000000000000000000e+00 0.000000000000000000e+00 0.000000000000000000e+00 -1.000000000000000000e+00 -1.000000000000000000e+00
1.820000000000000000e+02 1.237416107950878722e+04 1.090197879191124741e+01 1.004546317026067670e-01 1.388745691658738179e+00 -5.341672103288326893e-04 2.940717230446656116e-01 1.570796326794896558e+00 1.000000000000000000e+00 1.000000000000000000e+00 0.000000000000000000e+00 0.000000000000000000e+00 -1.000000000000000000e+00 -1.000000000000000000e+00
1.840000000000000000e+02 3.342950108150300366e+04 3.351563748428418421e+01 -1.250732968560717973e-01 2.849307420956057602e+00 3.129765412630384436e+00 7.890620736998403550e-02 0.000000000000000000e+00 1.000000000000000000e+00 1.000000000000000000e+00 0.000000000000000000e+00 0.000000000000000000e+00 -1.000000000000000000e+00 -1.000000000000000000e+00
1.860000000000000000e+02 3.723110568676311959e+04 1.017016579202100601e+01 -1.645526407670879487e-01 2.687094236863421415e+00 -4.168418605044172526e-02 1.973351585170274036e-01 1.570796326794896558e+00 1.000000000000000000e+00 1.000000000000000000e+00 0.000000000000000000e+00 0.000000000000000000e+00 -1.000000000000000000e+00 -1.000000000000000000e+00
1.870000000000000000e+02 4.043203553401685349e+04 1.372756972891030003e+01 9.885385774216180754e-03 1.449746878758156221e+00 3.185396707318433496e+00 1.068328684385683458e-01 0.000000000000000000e+00 1.000000000000000000e+00 1.000000000000000000e+00 0.000000000000000000e+00 0.000000000000000000e+00 -1.000000000000000000e+00 -1.000000000000000000e+00
1.890000000000000000e+02 7.270616622716062011e+03 1.309955475746974152e+01 1.791702429685814585e-02 6.365431802546136497e-01 3.121958147708778775e+00 1.174595935549813397e-01 1.570796326794896558e+00 1.000000000000000000e+00 1.000000000000000000e+00 0.000000000000000000e+00 0.000000000000000000e+00 -1.000000000000000000e+00 -1.000000000000000000e+00
1.900000000000000000e+02 7.452296887041751688e+03 1.220220224706532797e+01 -2.963006423780387838e-02 2.771332479009327887e+00 3.146877030849434487e+00 1.000000000000000021e-02 0.000000000000000000e+00 1.000000000000000000e+00 1.000000000000000000e+00 0.000000000000000000e+00 0.000000000000000000e+00 -1.000000000000000000e+00 -1.000000000000000000e+00
1.910000000000000000e+02 2.186930809401347142e+04 1.040523744740701595e+01 5.107624056267442980e-02 8.202341458428397125e-02 3.509210682705109045e-03 1.580712856527488885e-01 1.570796326794896558e+00 1.000000000000000000e+00 1.000000000000000000e+00 0.000000000000000000e+00 0.000000000000000000e+00 -1.000000000000000000e+00 -1.000000000000000000e+00
1.940000000000000000e+02 3.615541624401420268e+04 1.366275855878913603e+01 3.409503860785390722e-02 4.267782286771761302e-01 3.169174668451759214e+00 1.241837601472763931e-02 0.000000000000000000e+00 1.000000000000000000e+00 1.000000000000000000e+00 0.000000000000000000e+00 0.000000000000000000e+00 -1.000000000000000000e+00 -1.000000000000000000e+00
1.950000000000000000e+02 2.295141414197111590e+04 1.613584382913852977e+01 4.257473889922006038e-02 8.352822051217982935e-01 3.124700135889016295e+00 1.984444996331373098e-02 1.570796326794896558e+00 1.000000000000000000e+00 1.000000000000000000e+00 0.000000000000000000e+00 0.000000000000000000e+00 -1.000000000000000000e+00 -1.000000000000000000e+00
1.980000000000000000e+02 4.534930259190142533e+04 1.726359520821094407e+01 -5.730131158472140385e-02 1.698511767494440328e+00 -2.999449863600939584e-02 1.000000000000000056e-01 0.000000000000000000e+00 1.000000000000000000e+00 1.000000000000000000e+00 0.000000000000000000e+00 0.000000000000000000e+00 -1.000000000000000000e+00 -1.000000000000000000e+00
1.990000000000000000e+02 4.906696069042565796e+04 2.080478690473448111e+01 -5.675304712254305994e-02 2.755922105765509666e+00 -4.678115040836500205e-02 2.568418696279854418e-01 0.000000000000000000e+00 1.000000000000000000e+00 1.000000000000000000e+00 0.000000000000000000e+00 0.000000000000000000e+00 -1.000000000000000000e+00 -1.000000000000000000e+00
3.650000000000000000e+02 4.182983532044580102e+02 1.048108793676013306e+01 7.444271515233355507e-02 5.592648228517750342e-01 0.000000000000000000e+00 0.000000000000000000e+00 -1.000000000000000000e+00 1.000000000000000000e+00 1.000000000000000000e+00 1.400000000000000000e+01 0.000000000000000000e+00 -1.000000000000000000e+00 -1.000000000000000000e+00
1.700000000000000000e+01 1.575806594861084523e+04 1.111208539829109831e+01 8.618996427674695260e-02 2.072583818772727182e-01 2.152733301713202763e-02 2.732974607281005164e-01 1.570796326794896558e+00 1.000000000000000000e+00 1.000000000000000000e+00 0.000000000000000000e+00 0.000000000000000000e+00 -1.000000000000000000e+00 -1.000000000000000000e+00
2.200000000000000000e+01 1.897608500772863772e+04 1.606140630653458956e+01 4.874600451193472628e-02 1.464727349659475930e+00 1.145602258441066890e-02 6.674440288845989722e-02 1.570796326794896558e+00 1.000000000000000000e+00 1.000000000000000000e+00 0.000000000000000000e+00 0.000000000000000000e+00 -1.000000000000000000e+00 -1.000000000000000000e+00
2.300000000000000000e+01 4.353160794964837260e+04 1.351870711439588035e+01 2.149823097666870853e-01 8.896039814119312272e-02 3.417413547977826010e-02 2.099731195219299851e-01 1.570796326794896558e+00 1.000000000000000000e+00 1.000000000000000000e+00 0.000000000000000000e+00 0.000000000000000000e+00 -1.000000000000000000e+00 -1.000000000000000000e+00
3.000000000000000000e+01 2.492162495320804737e+04 1.533847610106015935e+01 -4.206131139201170488e-02 2.172168079097245741e+00 7.173742704255467624e-03 2.328622204718998334e-01 1.570796326794896558e+00 1.000000000000000000e+00 1.000000000000000000e+00 0.000000000000000000e+00 0.000000000000000000e+00 -1.000000000000000000e+00 -1.000000000000000000e+00
4.000000000000000000e+01 6.248688073938878006e+03 1.837382438457671086e+01 6.519149764384550572e-02 1.012467415299951323e+00 1.067882169192926715e-02 1.910491135631260662e-01 1.570796326794896558e+00 1.000000000000000000e+00 1.000000000000000000e+00 0.000000000000000000e+00 0.000000000000000000e+00 -1.000000000000000000e+00 -1.000000000000000000e+00
4.400000000000000000e+01 4.794803028453562729e+04 1.011024213388003545e+01 1.008365089039083423e-01 3.133302671029293829e-01 0.000000000000000000e+00 8.738690839090287876e-02 1.570796326794896558e+00 1.000000000000000000e+00 1.000000000000000000e+00 0.000000000000000000e+00 0.000000000000000000e+00 -1.000000000000000000e+00 -1.000000000000000000e+00
5.000000000000000000e+01 4.314667723569590453e+04 1.701810543826096378e+01 -5.167984383936824466e-02 2.289240408091862911e+00 4.469462340704450504e-02 9.574045265066473409e-02 1.570796326794896558e+00 1.000000000000000000e+00 1.000000000000000000e+00 0.000000000000000000e+00 0.000000000000000000e+00 -1.000000000000000000e+00 -1.000000000000000000e+00
5.400000000000000000e+01 1.979796388733788990e+04 2.073179126948195972e+01 9.862588924071606644e-02 3.945648630128402168e-01 0.000000000000000000e+00 2.717954659973299547e-01 1.570796326794896558e+00 1.000000000000000000e+00 1.000000000000000000e+00 0.000000000000000000e+00 0.000000000000000000e+00 -1.000000000000000000e+00 -1.000000000000000000e+00
5.600000000000000000e+01 2.133397559233969514e+04 1.168868272175353340e+01 1.618532907250213454e-02 1.195963953772010591e+00 0.000000000000000000e+00 8.617272489507396896e-03 1.570796326794896558e+00 1.000000000000000000e+00 1.000000000000000000e+00 0.000000000000000000e+00 0.000000000000000000e+00 -1.000000000000000000e+00 -1.000000000000000000e+00
6.200000000000000000e+01 4.657786678445450525e+04 3.391931913388537367e+01 1.241649783055066014e-01 2.840495531300091803e-01 2.067238844469404188e-02 1.083090417405972727e-01 1.570796326794896558e+00 1.000000000000000000e+00 1.000000000000000000e+00 0.000000000000000000e+00 0.000000000000000000e+00 -1.000000000000000000e+00 -1.000000000000000000e+00
8.600000000000000000e+01 7.965993367689734441e+03 1.214309423294159629e+01 -9.245700188875566328e-02 2.959771400107427564e+00 1.390217245159410843e-02 1.696736909729883724e-01 1.570796326794896558e+00 1.000000000000000000e+00 1.000000000000000000e+00 0.000000000000000000e+00 0.000000000000000000e+00 -1.000000000000000000e+00 -1.000000000000000000e+00
9.100000000000000000e+01 4.656668562673804990e+04 1.007013955063899147e+01 -2.040396890170883756e-02 2.709156870870751632e+00 0.000000000000000000e+00 1.661674324817835890e-01 1.570796326794896558e+00 1.000000000000000000e+00 1.000000000000000000e+00 0.000000000000000000e+00 0.000000000000000000e+00 -1.000000000000000000e+00 -1.000000000000000000e+00
1.010000000000000000e+02 4.629650089409823704e+04 1.271654624178595760e+01 2.473538616263375178e-02 1.347140614599598996e+00 4.293640831385454881e-02 1.037848963230906807e-01 1.570796326794896558e+00 1.000000000000000000e+00 1.000000000000000000e+00 0.000000000000000000e+00 0.000000000000000000e+00 -1.000000000000000000e+00 -1.000000000000000000e+00
1.110000000000000000e+02 4.052127600765246461e+04 1.502377713005003912e+01 -2.825988832971381912e-02 2.382124882068853644e+00 2.089149333443868911e-02 2.963311694473288460e-01 1.570796326794896558e+00 1.000000000000000000e+00 1.000000000000000000e+00 0.000000000000000000e+00 0.000000000000000000e+00 -1.000000000000000000e+00 -1.000000000000000000e+00
1.200000000000000000e+02 4.889265539131271362e+04 1.550512266098043490e+01 -1.344705417501805902e-02 1.998990327496827479e+00 1.176075141794070619e-02 1.318570693968808549e-01 1.570796326794896558e+00 1.000000000000000000e+00 1.000000000000000000e+00 0.000000000000000000e+00 0.000000000000000000e+00 -1.000000000000000000e+00 -1.000000000000000000e+00
1.350000000000000000e+02 4.419828357126944320e+04 1.015599474976907857e+01 6.369378646491651030e-02 2.781209625692191989e-01 0.000000000000000000e+00 1.366373261756163859e-02 1.570796326794896558e+00 1.000000000000000000e+00 1.000000000000000000e+00 0.000000000000000000e+00 0.000000000000000000e+00 -1.000000000000000000e+00 -1.000000000000000000e+00
1.520000000000000000e+02 7.866328180790317674e+03 1.049717416140783222e+01 3.112421010939904753e-01 2.996844187497100243e-01 6.511258562312010126e-03 1.867587786530466587e-01 1.570796326794896558e+00 1.000000000000000000e+00 1.000000000000000000e+00 0.000000000000000000e+00 0.000000000000000000e+00 -1.000000000000000000e+00 -1.000000000000000000e+00
1.540000000000000000e+02 3.035393814171862323e+04 2.411152349549130136e+01 -5.019492968303271296e-02 2.067465529465014384e+00 3.685196638698112065e-02 2.340867767563358515e-01 1.570796326794896558e+00 1.000000000000000000e+00 1.000000000000000000e+00 0.000000000000000000e+00 0.000000000000000000e+00 -1.000000000000000000e+00 -1.000000000000000000e+00
1.660000000000000000e+02 8.115648844962277508e+03 2.452006511035534331e+01 -7.201123564600545035e-02 2.451869991357264134e+00 1.279478623910156737e-02 1.436127711481108848e-01 1.570796326794896558e+00 1.000000000000000000e+00 1.000000000000000000e+00 0.000000000000000000e+00 0.000000000000000000e+00 -1.000000000000000000e+00 -1.000000000000000000e+00
1.780000000000000000e+02 4.595711451773883891e+04 1.181191275785347372e+01 6.089878178947955023e-02 4.136953511238409265e-01 0.000000000000000000e+00 1.713594362412036998e-01 1.570796326794896558e+00 1.000000000000000000e+00 1.000000000000000000e+00 0.000000000000000000e+00 0.000000000000000000e+00 -1.000000000000000000e+00 -1.000000000000000000e+00
1.920000000000000000e+02 2.302265100153937965e+04 1.979678686508964702e+01 -1.689584735279038227e-02 2.618291264703388688e+00 0.000000000000000000e+00 1.675380890146040969e-01 1.570796326794896558e+00 1.000000000000000000e+00 1.000000000000000000e+00 0.000000000000000000e+00 0.000000000000000000e+00 -1.000000000000000000e+00 -1.000000000000000000e+00
2.000000000000000000e+02 2.534594798759942933e+04 1.071562165876555461e+01 -8.463664721252792122e-02 2.967921931739352814e+00 0.000000000000000000e+00 2.714934826331296125e-01 1.570796326794896558e+00 1.000000000000000000e+00 1.000000000000000000e+00 0.000000000000000000e+00 0.000000000000000000e+00 -1.000000000000000000e+00 -1.000000000000000000e+00
