# id_num orb_a mass spin spin_angle orb_inc orb_ecc orb_arg_periapse orb_ang_mom gen galaxy time_passed gw_freq gw_strain
1.000000000000000000e+00 3.511202228530633420e+03 3.545297792883437182e+01 -6.599173404199816517e-02 1.715870132210917998e+00 3.131318653392963114e+00 2.336055611410173816e-01 1.570796326794896558e+00 -1.000000000000000000e+00 1.000000000000000000e+00 0.000000000000000000e+00 0.000000000000000000e+00 -1.000000000000000000e+00 -1.000000000000000000e+00
2.100000000000000000e+01 4.145687756058925152e+04 3.113323776458765124e+01 1.234030278552147170e-02 1.155410259906768156e+00 3.165257139353434557e+00 2.150718421285559637e-02 1.570796326794896558e+00 -1.000000000000000000e+00 1.000000000000000000e+00 0.000000000000000000e+00 0.000000000000000000e+00 -1.000000000000000000e+00 -1.000000000000000000e+00
2.300000000000000000e+01 2.676456618860919116e+04 1.083611078799966698e+01 -2.520050819767846381e-02 1.729943366110786362e+00 3.151006698753602731e+00 2.227828298940595364e-01 1.570796326794896558e+00 -1.000000000000000000e+00 1.000000000000000000e+00 0.000000000000000000e+00 0.000000000000000000e+00 -1.000000000000000000e+00 -1.000000000000000000e+00
6.300000000000000000e+01 2.577020968213172819e+04 2.516083738765338040e+01 3.634126582933387695e-02 7.473907786715762169e-01 3.150453731605913354e+00 1.119043912071857882e-01 1.570796326794896558e+00 -1.000000000000000000e+00 1.000000000000000000e+00 0.000000000000000000e+00 0.000000000000000000e+00 -1.000000000000000000e+00 -1.000000000000000000e+00
6.600000000000000000e+01 2.028707776921494587e+04 1.542995301499256833e+01 2.567593113979417530e-02 3.742085566975482114e-01 3.140062296188693924e+00 6.877314999559329400e-02 1.570796326794896558e+00 -1.000000000000000000e+00 1.000000000000000000e+00 0.000000000000000000e+00 0.000000000000000000e+00 -1.000000000000000000e+00 -1.000000000000000000e+00
6.700000000000000000e+01 8.942648891495819043e+03 1.553750570325728475e+01 -9.054177805892212050e-02 2.426075125080427775e+00 3.139339872441211821e+00 1.701417516508472727e-01 1.570796326794896558e+00 -1.000000000000000000e+00 1.000000000000000000e+00 0.000000000000000000e+00 0.000000000000000000e+00 -1.000000000000000000e+00 -1.000000000000000000e+00
8.400000000000000000e+01 1.841276675054302541e+04 3.140879886736930970e+01 1.270230399523402665e-01 4.209465386972950363e-01 3.122993200255240964e+00 1.229026144639408236e-01 1.570796326794896558e+00 -1.000000000000000000e+00 1.000000000000000000e+00 0.000000000000000000e+00 0.000000000000000000e+00 -1.000000000000000000e+00 -1.000000000000000000e+00
8.700000000000000000e+01 2.882418053997607785e+04 1.068250067263291214e+01 -6.954075679004011190e-02 2.952429831441845565e+00 3.118801436604105692e+00 2.097099105568413779e-01 1.570796326794896558e+00 -1.000000000000000000e+00 1.000000000000000000e+00 0.000000000000000000e+00 0.000000000000000000e+00 -1.000000000000000000e+00 -1.000000000000000000e+00
8.900000000000000000e+01 4.944175037684872950e+04 1.272219639145363601e+01 -2.987382495113376571e-02 1.633410182623298290e+00 3.114986955808090041e+00 5.946207492516984716e-02 1.570796326794896558e+00 -1.000000000000000000e+00 1.000000000000000000e+00 0.000000000000000000e+00 0.000000000000000000e+00 -1.000000000000000000e+00 -1.000000000000000000e+00
9.000000000000000000e+01 3.438980541104182976e+03 1.011329386804805353e+01 4.097360229479642124e-02 1.090720561234683972e+00 3.126130528141793707e+00 1.364864202317888353e-01 1.570796326794896558e+00 -1.000000000000000000e+00 1.000000000000000000e+00 0.000000000000000000e+00 0.000000000000000000e+00 -1.000000000000000000e+00 -1.000000000000000000e+00
9.300000000000000000e+01 3.927982170631283225e+04 1.903277193916582277e+01 4.236771437826427483e-02 8.861824343704157725e-01 3.142574489028786111e+00 1.433667922990861932e-01 1.570796326794896558e+00 -1.000000000000000000e+00 1.000000000000000000e+00 0.000000000000000000e+00 0.000000000000000000e+00 -1.000000000000000000e+00 -1.000000000000000000e+00
9.400000000000000000e+01 3.189224404130385665e+03 1.041108690161986594e+01 -2.947297198830708953e-02 2.233232801576954696e+00 3.133924961302977596e+00 4.415322740570672144e-02 1.570796326794896558e+00 -1.000000000000000000e+00 1.000000000000000000e+00 0.000000000000000000e+00 0.000000000000000000e+00 -1.000000000000000000e+00 -1.000000000000000000e+00
1.070000000000000000e+02 2.387948990501676599e+04 2.070992731466296277e+01 -4.781035302316440777e-02 2.859036505494298552e+00 3.151231140935343067e+00 2.645661789591337992e-02 1.570796326794896558e+00 -1.000000000000000000e+00 1.000000000000000000e+00 0.000000000000000000e+00 0.000000000000000000e+00 -1.000000000000000000e+00 -1.000000000000000000e+00
1.180000000000000000e+02 2.738707919497392140e+04 2.318206157551900404e+01 -1.755219025454249349e-01 2.964477558699089244e+00 3.121412121177072230e+00 1.365501831091706642e-01 1.570796326794896558e+00 -1.000000000000000000e+00 1.000000000000000000e+00 0.000000000000000000e+00 0.000000000000000000e+00 -1.000000000000000000e+00 -1.000000000000000000e+00
1.260000000000000000e+02 3.905352860188769409e+04 1.112973226825386774e+01 -4.885581403024054359e-02 2.547740309264440839e+00 3.180815052499659679e+00 1.220325791314219310e-01 1.570796326794896558e+00 -1.000000000000000000e+00 1.000000000000000000e+00 0.000000000000000000e+00 0.000000000000000000e+00 -1.000000000000000000e+00 -1.000000000000000000e+00
1.310000000000000000e+02 2.366788424885319182e+04 1.084009061290933218e+01 -1.258748091002445668e-01 1.945093866792533488e+00 3.168778632651020999e+00 1.801205225959892631e-01 1.570796326794896558e+00 -1.000000000000000000e+00 1.000000000000000000e+00 0.000000000000000000e+00 0.000000000000000000e+00 -1.000000000000000000e+00 -1.000000000000000000e+00
1.320000000000000000e+02 6.741940653877805744e+03 1.696161557755590721e+01 -8.200094213000382742e-03 2.548336707766471143e+00 3.119681670747693314e+00 2.169903091398187600e-01 1.570796326794896558e+00 -1.000000000000000000e+00 1.000000000000000000e+00 0.000000000000000000e+00 0.000000000000000000e+00 -1.000000000000000000e+00 -1.000000000000000000e+00
1.350000000000000000e+02 4.962657693032066163e+04 1.070766790358350384e+01 -7.012672789747935453e-02 2.131980086848339617e+00 3.136266318022220556e+00 2.665385270354952985e-01 1.570796326794896558e+00 -1.000000000000000000e+00 1.000000000000000000e+00 0.000000000000000000e+00 0.000000000000000000e+00 -1.000000000000000000e+00 -1.000000000000000000e+00
1.550000000000000000e+02 1.096733338247628308e+04 1.236833334603673862e+01 8.110101586711854216e-02 1.339520394945186987e-01 3.149867556461587448e+00 1.099963446067899961e-02 1.570796326794896558e+00 -1.000000000000000000e+00 1.000000000000000000e+00 0.000000000000000000e+00 0.000000000000000000e+00 -1.000000000000000000e+00 -1.000000000000000000e+00
1.560000000000000000e+02 6.880559194354493684e+02 1.013414806856680350e+01 1.287659944240182319e-01 5.490814320847718921e-01 3.147825605985728803e+00 1.786733628446766919e-01 1.570796326794896558e+00 -1.000000000000000000e+00 1.000000000000000000e+00 0.000000000000000000e+00 0.000000000000000000e+00 -1.000000000000000000e+00 -1.000000000000000000e+00
1.650000000000000000e+02 2.289069045254824596e+04 1.526812841326895054e+01 -8.570970761800113247e-02 3.013541710204677315e+00 3.108081764998015473e+00 2.201110425145124949e-01 1.570796326794896558e+00 -1.000000000000000000e+00 1.000000000000000000e+00 0.000000000000000000e+00 0.000000000000000000e+00 -1.000000000000000000e+00 -1.000000000000000000e+00
1.720000000000000000e+02 1.767541429826357489e+04 1.035946386399968944e+01 9.539551982316726852e-02 5.498637227854245024e-01 3.112255481106066313e+00 8.683385710240949795e-02 1.570796326794896558e+00 -1.000000000000000000e+00 1.000000000000000000e+00 0.000000000000000000e+00 0.000000000000000000e+00 -1.000000000000000000e+00 -1.000000000000000000e+00
1.740000000000000000e+02 7.835073329148057383e+03 1.393890426818274797e+01 6.429618523113674045e-02 7.632675846630805339e-01 3.126491397982460896e+00 5.503386915826454645e-02 1.570796326794896558e+00 -1.000000000000000000e+00 1.000000000000000000e+00 0.000000000000000000e+00 0.000000000000000000e+00 -1.000000000000000000e+00 -1.000000000000000000e+00
1.760000000000000000e+02 4.205295449040443054e+04 1.187269249228470613e+01 -8.499108455131344081e-03 2.306224486653040806e+00 3.177083939433091420e+00 1.009905572740810442e-01 1.570796326794896558e+00 -1.000000000000000000e+00 1.000000000000000000e+00 0.000000000000000000e+00 0.000000000000000000e+00 -1.000000000000000000e+00 -1.000000000000000000e+00
1.830000000000000000e+02 1.757922006689104819e+04 1.163015422492699003e+01 1.020558894491280510e-01 3.010192970397179701e-01 3.114454416540001436e+00 1.803282793751820878e-01 1.570796326794896558e+00 -1.000000000000000000e+00 1.000000000000000000e+00 0.000000000000000000e+00 0.000000000000000000e+00 -1.000000000000000000e+00 -1.000000000000000000e+00
1.840000000000000000e+02 4.427582336161402782e+04 1.046931218766524907e+01 2.272995610731410633e-03 2.055630817031056656e-01 3.144876616675519543e+00 8.971224473393940579e-02 1.570796326794896558e+00 -1.000000000000000000e+00 1.000000000000000000e+00 0.000000000000000000e+00 0.000000000000000000e+00 -1.000000000000000000e+00 -1.000000000000000000e+00
1.980000000000000000e+02 8.462321213547382285e+03 1.866265547893275567e+01 -1.543960371981576568e-02 2.761738459361049003e+00 3.154546101185559337e+00 1.956044411146282969e-01 1.570796326794896558e+00 -1.000000000000000000e+00 1.000000000000000000e+00 0.000000000000000000e+00 0.000000000000000000e+00 -1.000000000000000000e+00 -1.000000000000000000e+00
