# id_num orb_a mass spin spin_angle orb_inc orb_ecc orb_arg_periapse orb_ang_mom gen galaxy time_passed star_X star_Y star_Z radius
2.390000000000000000e+02 5.506798646770552352e+01 1.738506824837234035e+03 8.949999999999999067e-01 7.107221039218200032e-01 0.000000000000000000e+00 3.305647533361281282e-02 1.570796326794896558e+00 1.410295728721442560e+18 1.000000000000000000e+00 0.000000000000000000e+00 0.000000000000000000e+00 7.273999999999999355e-01 2.637999999999999790e-01 8.800000000000000530e-03 3.848299320333200626e+02
2.440000000000000000e+02 5.539610406360905870e+01 2.238801746727167483e+03 8.949999999999999067e-01 1.961369135596729318e+00 0.000000000000000000e+00 1.752021109196834001e-02 1.570796326794896558e+00 1.881958774457798400e+18 1.000000000000000000e+00 0.000000000000000000e+00 0.000000000000000000e+00 7.273999999999999355e-01 2.637999999999999790e-01 8.800000000000000530e-03 4.711294296284041820e+02
2.480000000000000000e+02 4.031558587118809811e+01 1.981865768844032573e+03 8.949999999999999067e-01 1.986543299973300369e+00 0.000000000000000000e+00 3.083763141490631354e-01 1.570796326794896558e+00 1.715698375457050368e+18 1.000000000000000000e+00 0.000000000000000000e+00 0.000000000000000000e+00 7.273999999999999355e-01 2.637999999999999790e-01 8.800000000000000530e-03 4.273533506003964249e+02
2.500000000000000000e+02 6.209820309867051691e+01 2.071963236378639067e+03 8.949999999999999067e-01 1.810048561018527513e+00 0.000000000000000000e+00 2.938754819932273485e-02 0.000000000000000000e+00 1.819521404635531264e+18 1.000000000000000000e+00 0.000000000000000000e+00 0.000000000000000000e+00 7.273999999999999355e-01 2.637999999999999790e-01 8.800000000000000530e-03 4.428262531923232359e+02
2.550000000000000000e+02 4.149313214125098881e+01 2.921195275365617817e+03 8.949999999999999067e-01 1.021199355738630077e+00 0.000000000000000000e+00 2.831636098510944000e-01 0.000000000000000000e+00 2.663940814422643200e+18 1.000000000000000000e+00 0.000000000000000000e+00 0.000000000000000000e+00 7.273999999999999355e-01 2.637999999999999790e-01 8.800000000000000530e-03 5.828760298119838126e+02
2.560000000000000000e+02 6.423773814881269573e+01 3.005577957913840237e+03 8.949999999999999067e-01 1.488997777133281408e+00 0.000000000000000000e+00 6.109513850476380042e-02 1.570796326794896558e+00 2.762121816659501568e+18 1.000000000000000000e+00 0.000000000000000000e+00 0.000000000000000000e+00 7.273999999999999355e-01 2.637999999999999790e-01 8.800000000000000530e-03 5.963072941765603900e+02
2.570000000000000000e+02 6.973323633567135005e+01 3.158886909306100279e+03 8.949999999999999067e-01 9.448153878790876981e-01 0.000000000000000000e+00 1.028634377927882537e-02 1.570796326794896558e+00 2.924968041643707904e+18 1.000000000000000000e+00 0.000000000000000000e+00 0.000000000000000000e+00 7.273999999999999355e-01 2.637999999999999790e-01 8.800000000000000530e-03 6.205188609213562358e+02
2.580000000000000000e+02 5.062525589594146425e+01 3.238243898805239951e+03 8.949999999999999067e-01 1.628154938820280284e+00 0.000000000000000000e+00 2.259947844957877205e-01 1.570796326794896558e+00 3.022423818703826432e+18 1.000000000000000000e+00 0.000000000000000000e+00 0.000000000000000000e+00 7.273999999999999355e-01 2.637999999999999790e-01 8.800000000000000530e-03 6.329586930975857513e+02
2.590000000000000000e+02 5.226169412613348442e+01 3.370174550568659924e+03 8.949999999999999067e-01 1.310311140098785465e+00 0.000000000000000000e+00 5.176251425840030368e-02 0.000000000000000000e+00 3.169151283781642752e+18 1.000000000000000000e+00 0.000000000000000000e+00 0.000000000000000000e+00 7.273999999999999355e-01 2.637999999999999790e-01 8.800000000000000530e-03 6.535060912212203448e+02
2.610000000000000000e+02 7.883027896566990478e+01 3.566583576902187815e+03 8.949999999999999067e-01 6.730793685621707656e-01 0.000000000000000000e+00 3.289594979745766312e-02 1.570796326794896558e+00 3.406159992270920704e+18 1.000000000000000000e+00 0.000000000000000000e+00 0.000000000000000000e+00 7.273999999999999355e-01 2.637999999999999790e-01 8.800000000000000530e-03 6.838008691422919583e+02
2.650000000000000000e+02 6.652241536085550422e+01 4.044135794108653954e+03 8.949999999999999067e-01 2.009797131209910770e+00 0.000000000000000000e+00 4.948368440947012448e-02 1.570796326794896558e+00 3.987473071367904768e+18 1.000000000000000000e+00 0.000000000000000000e+00 0.000000000000000000e+00 7.273999999999999355e-01 2.637999999999999790e-01 8.800000000000000530e-03 7.561157908765259208e+02
2.660000000000000000e+02 8.521630244503450058e+01 4.649126175047908873e+03 8.949999999999999067e-01 1.545909711025954314e+00 0.000000000000000000e+00 5.617465861098133728e-02 1.570796326794896558e+00 4.620279756231865344e+18 1.000000000000000000e+00 0.000000000000000000e+00 0.000000000000000000e+00 7.273999999999999355e-01 2.637999999999999790e-01 8.800000000000000530e-03 8.453270968025270804e+02
2.670000000000000000e+02 8.738353346221285278e+01 4.503704952960400078e+03 8.949999999999999067e-01 1.666728588635752573e+00 0.000000000000000000e+00 1.008877077434005773e-02 1.570796326794896558e+00 4.512160249788250624e+18 1.000000000000000000e+00 0.000000000000000000e+00 0.000000000000000000e+00 7.273999999999999355e-01 2.637999999999999790e-01 8.800000000000000530e-03 8.241071253197033002e+02
2.690000000000000000e+02 1.077709022370155765e+02 4.861580837830552809e+03 8.949999999999999067e-01 2.088356288986588538e+00 0.000000000000000000e+00 1.000000000000000056e-01 1.570796326794896558e+00 4.950575884906901504e+18 1.000000000000000000e+00 0.000000000000000000e+00 0.000000000000000000e+00 7.273999999999999355e-01 2.637999999999999790e-01 8.800000000000000530e-03 8.760920378202818029e+02
2.710000000000000000e+02 8.544984325140526948e+01 4.845786289133484388e+03 8.969999999999999085e-01 1.897589780288508887e+00 0.000000000000000000e+00 3.173668414662146608e-02 1.570796326794896558e+00 5.017405895325858816e+18 1.000000000000000000e+00 0.000000000000000000e+00 0.000000000000000000e+00 7.273999999999999355e-01 2.637999999999999790e-01 8.800000000000000530e-03 8.738142635310501873e+02
2.720000000000000000e+02 8.283233806731405480e+01 5.368091895569311419e+03 8.969999999999999085e-01 7.405783490601538510e-01 0.000000000000000000e+00 1.368490997762273134e-02 0.000000000000000000e+00 5.603468341542303744e+18 1.000000000000000000e+00 0.000000000000000000e+00 0.000000000000000000e+00 7.273999999999999355e-01 2.637999999999999790e-01 8.800000000000000530e-03 9.483828188735022877e+02
2.730000000000000000e+02 1.076531299157569066e+02 5.574062158349939637e+03 8.949999999999999067e-01 7.489919174944951186e-01 0.000000000000000000e+00 3.479760951776929290e-02 0.000000000000000000e+00 5.867860218903582720e+18 1.000000000000000000e+00 0.000000000000000000e+00 0.000000000000000000e+00 7.273999999999999355e-01 2.637999999999999790e-01 8.800000000000000530e-03 9.773838757030509896e+02
2.740000000000000000e+02 1.143763402826990614e+02 5.960972146492849788e+03 8.949999999999999067e-01 1.640266794787390126e+00 0.000000000000000000e+00 1.000000000000000056e-01 1.570796326794896558e+00 6.325640671405266944e+18 1.000000000000000000e+00 0.000000000000000000e+00 0.000000000000000000e+00 7.273999999999999355e-01 2.637999999999999790e-01 8.800000000000000530e-03 1.031291404714024566e+03
2.760000000000000000e+02 1.145809777111759615e+02 6.522185298121523374e+03 8.949999999999999067e-01 1.843730727288733107e+00 0.000000000000000000e+00 1.000000000000000056e-01 1.570796326794896558e+00 7.040235569267179520e+18 1.000000000000000000e+00 0.000000000000000000e+00 0.000000000000000000e+00 7.273999999999999355e-01 2.637999999999999790e-01 8.800000000000000530e-03 1.108261459502921070e+03
2.780000000000000000e+02 1.147356614275238371e+02 6.946202820596240599e+03 8.949999999999999067e-01 1.212176168705059176e+00 0.000000000000000000e+00 1.301692652509949151e-02 0.000000000000000000e+00 7.628342889187162112e+18 1.000000000000000000e+00 0.000000000000000000e+00 0.000000000000000000e+00 7.273999999999999355e-01 2.637999999999999790e-01 8.800000000000000530e-03 1.165535999968088845e+03
2.800000000000000000e+02 1.244172125701073384e+02 7.108243025032928927e+03 8.969999999999999085e-01 1.441732363399243821e+00 0.000000000000000000e+00 5.359384494951426048e-02 0.000000000000000000e+00 7.940940232301797376e+18 1.000000000000000000e+00 0.000000000000000000e+00 0.000000000000000000e+00 7.273999999999999355e-01 2.637999999999999790e-01 8.800000000000000530e-03 1.187237315258028730e+03
2.830000000000000000e+02 1.011947499466196945e+02 8.913026074035302372e+03 8.969999999999999085e-01 1.588333058331014236e+00 0.000000000000000000e+00 7.290000000000002034e-02 1.570796326794896558e+00 1.022284588154363904e+19 1.000000000000000000e+00 0.000000000000000000e+00 0.000000000000000000e+00 7.273999999999999355e-01 2.637999999999999790e-01 8.800000000000000530e-03 1.422813134698484419e+03
2.840000000000000000e+02 1.399673548413124138e+02 8.941657375712380599e+03 8.949999999999999067e-01 1.965461182021654096e+00 0.000000000000000000e+00 1.000000000000000056e-01 1.570796326794896558e+00 1.034606187311037645e+19 1.000000000000000000e+00 0.000000000000000000e+00 0.000000000000000000e+00 7.273999999999999355e-01 2.637999999999999790e-01 8.800000000000000530e-03 1.426468362236035773e+03
2.860000000000000000e+02 1.473081502023244411e+02 9.240907938721256869e+03 8.949999999999999067e-01 1.005285972970649588e+00 0.000000000000000000e+00 1.000000000000000056e-01 0.000000000000000000e+00 1.088323916335756493e+19 1.000000000000000000e+00 0.000000000000000000e+00 0.000000000000000000e+00 7.273999999999999355e-01 2.637999999999999790e-01 8.800000000000000530e-03 1.464533934310930135e+03
2.960000000000000000e+02 1.378750850563692438e+02 1.510611846286108084e+04 8.969999999999999085e-01 1.956928500161536189e+00 0.000000000000000000e+00 2.934610615290641003e-02 0.000000000000000000e+00 1.951429521705222144e+19 1.000000000000000000e+00 0.000000000000000000e+00 0.000000000000000000e+00 7.273999999999999355e-01 2.637999999999999790e-01 8.800000000000000530e-03 2.169951529305233180e+03
2.970000000000000000e+02 1.395557503820650425e+02 1.578281678710154483e+04 8.969999999999999085e-01 1.117076731453860772e+00 0.000000000000000000e+00 1.000000000000000056e-01 1.570796326794896558e+00 2.058569869344196608e+19 1.000000000000000000e+00 0.000000000000000000e+00 0.000000000000000000e+00 7.273999999999999355e-01 2.637999999999999790e-01 8.800000000000000530e-03 2.247373917269871527e+03
2.980000000000000000e+02 1.396943180323532658e+02 1.555024727829418771e+04 8.949999999999999067e-01 1.160999772118793905e+00 0.000000000000000000e+00 4.643051810471308938e-02 0.000000000000000000e+00 2.047664308757248819e+19 1.000000000000000000e+00 0.000000000000000000e+00 0.000000000000000000e+00 7.273999999999999355e-01 2.637999999999999790e-01 8.800000000000000530e-03 2.220841496891054248e+03
3.000000000000000000e+02 1.605845749381259111e+02 1.623896381056852988e+04 8.969999999999999085e-01 7.476442896996142728e-01 0.000000000000000000e+00 4.358044361088453389e-02 0.000000000000000000e+00 2.180504629559844454e+19 1.000000000000000000e+00 0.000000000000000000e+00 0.000000000000000000e+00 7.273999999999999355e-01 2.637999999999999790e-01 8.800000000000000530e-03 2.299187423881580798e+03
3.020000000000000000e+02 1.890000173447356246e+02 1.786501934368806178e+04 8.969999999999999085e-01 1.106721716550264745e+00 0.000000000000000000e+00 1.037166204922856765e-02 0.000000000000000000e+00 2.446328116754763776e+19 1.000000000000000000e+00 0.000000000000000000e+00 0.000000000000000000e+00 7.273999999999999355e-01 2.637999999999999790e-01 8.800000000000000530e-03 2.481592778949977401e+03
3.060000000000000000e+02 1.312598538090992690e+02 2.246012416989336998e+04 8.969999999999999085e-01 1.710227592987322964e+00 0.000000000000000000e+00 2.449081614693139619e-02 0.000000000000000000e+00 3.201432862820583424e+19 1.000000000000000000e+00 0.000000000000000000e+00 0.000000000000000000e+00 7.273999999999999355e-01 2.637999999999999790e-01 8.800000000000000530e-03 2.980282594623832210e+03
3.070000000000000000e+02 1.645900334629122597e+02 2.399598063352131430e+04 8.969999999999999085e-01 9.481401733534301490e-01 0.000000000000000000e+00 1.000000000000000056e-01 1.570796326794896558e+00 3.455219128792854528e+19 1.000000000000000000e+00 0.000000000000000000e+00 0.000000000000000000e+00 7.273999999999999355e-01 2.637999999999999790e-01 8.800000000000000530e-03 3.142234020305126251e+03
3.130000000000000000e+02 1.665140063679302500e+02 3.085326887882023584e+04 8.969999999999999085e-01 1.005296617314147767e+00 0.000000000000000000e+00 3.384687545107275403e-02 0.000000000000000000e+00 4.729787990004391117e+19 1.000000000000000000e+00 0.000000000000000000e+00 0.000000000000000000e+00 7.273999999999999355e-01 2.637999999999999790e-01 8.800000000000000530e-03 3.842100062274391348e+03
3.150000000000000000e+02 2.057003592588667971e+02 3.607255054845390259e+04 8.949999999999999067e-01 1.953972298951787590e+00 0.000000000000000000e+00 1.000000000000000056e-01 0.000000000000000000e+00 5.649194090468968038e+19 1.000000000000000000e+00 0.000000000000000000e+00 0.000000000000000000e+00 7.273999999999999355e-01 2.637999999999999790e-01 8.800000000000000530e-03 4.353807314437331115e+03
3.160000000000000000e+02 2.326492083561143147e+02 3.668875888589621900e+04 8.949999999999999067e-01 2.102100610823743665e+00 0.000000000000000000e+00 9.000000000000001055e-02 1.570796326794896558e+00 5.808748345688957747e+19 1.000000000000000000e+00 0.000000000000000000e+00 0.000000000000000000e+00 7.273999999999999355e-01 2.637999999999999790e-01 8.800000000000000530e-03 4.413205396920875501e+03
3.170000000000000000e+02 4.765003308467858574e+02 3.981943863444997987e+04 8.969999999999999085e-01 1.436701472639368538e+00 0.000000000000000000e+00 9.000000000000001055e-02 0.000000000000000000e+00 6.373002652757079654e+19 1.000000000000000000e+00 0.000000000000000000e+00 0.000000000000000000e+00 7.273999999999999355e-01 2.637999999999999790e-01 8.800000000000000530e-03 4.711984255450131968e+03
3.180000000000000000e+02 3.316879995958954055e+02 4.068039541838439618e+04 8.949999999999999067e-01 8.743734813266417216e-01 0.000000000000000000e+00 9.000000000000001055e-02 0.000000000000000000e+00 6.582698240394652877e+19 1.000000000000000000e+00 0.000000000000000000e+00 0.000000000000000000e+00 7.273999999999999355e-01 2.637999999999999790e-01 8.800000000000000530e-03 4.793313746174194421e+03
3.220000000000000000e+02 1.968368030712370000e+02 4.998225439244595327e+04 8.949999999999999067e-01 1.216356675319249181e+00 0.000000000000000000e+00 1.000000000000000056e-01 1.570796326794896558e+00 8.457800743681508966e+19 1.000000000000000000e+00 0.000000000000000000e+00 0.000000000000000000e+00 7.273999999999999355e-01 2.637999999999999790e-01 8.800000000000000530e-03 5.651716862273103288e+03
3.230000000000000000e+02 1.988878901984502079e+02 5.280275126540575002e+04 8.949999999999999067e-01 2.115597647599248621e+00 0.000000000000000000e+00 1.000000000000000056e-01 0.000000000000000000e+00 9.037709763314655232e+19 1.000000000000000000e+00 0.000000000000000000e+00 0.000000000000000000e+00 7.273999999999999355e-01 2.637999999999999790e-01 8.800000000000000530e-03 5.905449575849814210e+03
3.240000000000000000e+02 1.502018951952080101e+02 5.574997254092273215e+04 8.969999999999999085e-01 7.701003311793594985e-01 0.000000000000000000e+00 9.000000000000001055e-02 1.570796326794896558e+00 9.652096557270401024e+19 1.000000000000000000e+00 0.000000000000000000e+00 0.000000000000000000e+00 7.273999999999999355e-01 2.637999999999999790e-01 8.800000000000000530e-03 6.167702969737179956e+03
3.280000000000000000e+02 2.748529415898149750e+02 6.947378656008074176e+04 8.949999999999999067e-01 1.981017102597766311e+00 0.000000000000000000e+00 9.000000000000001055e-02 0.000000000000000000e+00 1.260354311452892201e+20 1.000000000000000000e+00 0.000000000000000000e+00 0.000000000000000000e+00 7.273999999999999355e-01 2.637999999999999790e-01 8.800000000000000530e-03 7.355030875259778441e+03
3.310000000000000000e+02 1.284142990874326813e+02 8.459021390611722018e+04 8.949999999999999067e-01 2.053227853927051427e+00 0.000000000000000000e+00 1.667718169966658087e-02 1.570796326794896558e+00 1.590625582517594358e+20 1.000000000000000000e+00 0.000000000000000000e+00 0.000000000000000000e+00 7.273999999999999355e-01 2.637999999999999790e-01 8.800000000000000530e-03 8.609616810197974701e+03
3.340000000000000000e+02 7.700000000000001137e+02 9.663864625937133678e+04 8.949999999999999067e-01 1.569463995030282666e+00 0.000000000000000000e+00 1.000000000000000056e-01 1.570796326794896558e+00 1.885253160605613097e+20 1.000000000000000000e+00 0.000000000000000000e+00 0.000000000000000000e+00 7.273999999999999355e-01 2.637999999999999790e-01 8.800000000000000530e-03 9.577416938720127291e+03
3.350000000000000000e+02 2.687603645454358912e+02 1.040141987137017277e+05 8.949999999999999067e-01 1.063213703071302696e+00 0.000000000000000000e+00 9.000000000000001055e-02 0.000000000000000000e+00 2.054738988332064440e+20 1.000000000000000000e+00 0.000000000000000000e+00 0.000000000000000000e+00 7.273999999999999355e-01 2.637999999999999790e-01 8.800000000000000530e-03 1.015785072478869915e+04
3.360000000000000000e+02 7.700000000000001137e+02 1.095358676096165436e+05 8.949999999999999067e-01 1.280800508250127923e+00 0.000000000000000000e+00 1.000000000000000056e-01 0.000000000000000000e+00 2.191151061704287519e+20 1.000000000000000000e+00 0.000000000000000000e+00 0.000000000000000000e+00 7.273999999999999355e-01 2.637999999999999790e-01 8.800000000000000530e-03 1.058699739350405980e+04
3.380000000000000000e+02 7.700000000000001137e+02 1.267764491520845768e+05 8.949999999999999067e-01 1.703152554682075603e+00 0.000000000000000000e+00 1.000000000000000056e-01 0.000000000000000000e+00 2.601419211582652416e+20 1.000000000000000000e+00 0.000000000000000000e+00 0.000000000000000000e+00 7.273999999999999355e-01 2.637999999999999790e-01 8.800000000000000530e-03 1.190031866362132496e+04
3.400000000000000000e+02 7.700000000000001137e+02 1.416566367605696141e+05 8.949999999999999067e-01 1.885270057156494428e+00 0.000000000000000000e+00 1.000000000000000056e-01 1.570796326794896558e+00 2.982738003451919073e+20 1.000000000000000000e+00 0.000000000000000000e+00 0.000000000000000000e+00 7.273999999999999355e-01 2.637999999999999790e-01 8.800000000000000530e-03 1.300520688561698262e+04
3.410000000000000000e+02 7.700000000000001137e+02 1.484409695387141255e+05 8.949999999999999067e-01 6.852283261024294525e-01 0.000000000000000000e+00 1.000000000000000056e-01 1.570796326794896558e+00 3.166810370907949629e+20 1.000000000000000000e+00 0.000000000000000000e+00 0.000000000000000000e+00 7.273999999999999355e-01 2.637999999999999790e-01 8.800000000000000530e-03 1.350114961325008517e+04
3.430000000000000000e+02 7.700000000000001137e+02 1.682243056264802290e+05 8.949999999999999067e-01 2.101540224296997827e+00 0.000000000000000000e+00 1.000000000000000056e-01 0.000000000000000000e+00 3.685403882185795174e+20 1.000000000000000000e+00 0.000000000000000000e+00 0.000000000000000000e+00 7.273999999999999355e-01 2.637999999999999790e-01 8.800000000000000530e-03 1.492240145627654783e+04
3.440000000000000000e+02 7.700000000000001137e+02 1.768426585272513621e+05 8.949999999999999067e-01 1.629512178720304405e+00 0.000000000000000000e+00 1.000000000000000056e-01 0.000000000000000000e+00 3.926656081369103073e+20 1.000000000000000000e+00 0.000000000000000000e+00 0.000000000000000000e+00 7.273999999999999355e-01 2.637999999999999790e-01 8.800000000000000530e-03 1.553092606494076244e+04
3.460000000000000000e+02 7.700000000000001137e+02 2.020708624006464961e+05 8.949999999999999067e-01 8.676564494905140146e-01 0.000000000000000000e+00 1.000000000000000056e-01 0.000000000000000000e+00 4.610375764583932887e+20 1.000000000000000000e+00 0.000000000000000000e+00 0.000000000000000000e+00 7.273999999999999355e-01 2.637999999999999790e-01 8.800000000000000530e-03 1.727948044496451621e+04
3.500000000000000000e+02 7.700000000000001137e+02 2.618584491311220627e+05 8.949999999999999067e-01 1.702346643327319775e+00 0.000000000000000000e+00 1.000000000000000056e-01 0.000000000000000000e+00 6.317371241325167903e+20 1.000000000000000000e+00 0.000000000000000000e+00 0.000000000000000000e+00 7.273999999999999355e-01 2.637999999999999790e-01 8.800000000000000530e-03 2.126086829964847857e+04
3.510000000000000000e+02 7.700000000000001137e+02 2.828660895345599274e+05 8.949999999999999067e-01 1.860518068875842257e+00 0.000000000000000000e+00 1.000000000000000056e-01 1.570796326794896558e+00 6.921469742534974505e+20 1.000000000000000000e+00 0.000000000000000000e+00 0.000000000000000000e+00 7.273999999999999355e-01 2.637999999999999790e-01 8.800000000000000530e-03 2.261478344690539598e+04
3.520000000000000000e+02 7.700000000000001137e+02 3.024478568337134784e+05 8.949999999999999067e-01 1.550583208433532256e+00 0.000000000000000000e+00 1.000000000000000056e-01 1.570796326794896558e+00 7.507990307292915958e+20 1.000000000000000000e+00 0.000000000000000000e+00 0.000000000000000000e+00 7.273999999999999355e-01 2.637999999999999790e-01 8.800000000000000530e-03 2.385877454229414798e+04
3.530000000000000000e+02 7.700000000000001137e+02 3.229580823723968933e+05 8.949999999999999067e-01 8.661862456718086856e-01 0.000000000000000000e+00 1.000000000000000056e-01 1.570796326794896558e+00 8.134311972913710367e+20 1.000000000000000000e+00 0.000000000000000000e+00 0.000000000000000000e+00 7.273999999999999355e-01 2.637999999999999790e-01 8.800000000000000530e-03 2.514459531135376892e+04
3.560000000000000000e+02 7.700000000000001137e+02 4.006951716714016511e+05 8.949999999999999067e-01 1.142289694405365319e+00 0.000000000000000000e+00 1.000000000000000056e-01 0.000000000000000000e+00 1.054894113711969796e+21 1.000000000000000000e+00 0.000000000000000000e+00 0.000000000000000000e+00 7.273999999999999355e-01 2.637999999999999790e-01 8.800000000000000530e-03 2.987989118342317306e+04
3.570000000000000000e+02 7.700000000000001137e+02 4.281509641129784286e+05 8.949999999999999067e-01 2.077934217830064156e+00 0.000000000000000000e+00 1.000000000000000056e-01 1.570796326794896558e+00 1.144279728541997990e+21 1.000000000000000000e+00 0.000000000000000000e+00 0.000000000000000000e+00 7.273999999999999355e-01 2.637999999999999790e-01 8.800000000000000530e-03 3.150687030051010152e+04
3.590000000000000000e+02 7.700000000000001137e+02 4.932627710775712039e+05 8.949999999999999067e-01 1.475168771139029777e+00 0.000000000000000000e+00 1.000000000000000056e-01 0.000000000000000000e+00 1.359219985284964811e+21 1.000000000000000000e+00 0.000000000000000000e+00 0.000000000000000000e+00 7.273999999999999355e-01 2.637999999999999790e-01 8.800000000000000530e-03 3.528502218577593885e+04
3.640000000000000000e+02 7.700000000000001137e+02 3.089603924391084001e+05 8.949999999999999067e-01 1.164002427483557645e+00 0.000000000000000000e+00 1.000000000000000056e-01 0.000000000000000000e+00 9.185759769722295419e+20 1.000000000000000000e+00 0.000000000000000000e+00 0.000000000000000000e+00 7.273999999999999355e-01 2.637999999999999790e-01 8.800000000000000530e-03 2.426889320556881648e+04
