# id_num orb_a mass spin spin_angle orb_inc orb_ecc orb_arg_periapse orb_ang_mom gen galaxy time_passed gw_freq gw_strain
5.000000000000000000e+00 4.774478382119104936e+04 1.338410411162319491e+01 -2.451214252610029593e-02 2.419353161951729003e+00 3.101353807554798170e+00 1.301479727784186358e-01 1.570796326794896558e+00 -1.000000000000000000e+00 1.000000000000000000e+00 0.000000000000000000e+00 0.000000000000000000e+00 -1.000000000000000000e+00 -1.000000000000000000e+00
1.400000000000000000e+01 2.000522526059214215e+04 3.527864166814061520e+01 4.354692890934988569e-02 1.469534494777977374e+00 3.148590639396138702e+00 2.034813060740439661e-01 1.570796326794896558e+00 -1.000000000000000000e+00 1.000000000000000000e+00 0.000000000000000000e+00 0.000000000000000000e+00 -1.000000000000000000e+00 -1.000000000000000000e+00
1.600000000000000000e+01 1.557213389472412564e+04 1.061870507942500375e+01 -3.679048033536616580e-02 2.496879643604549504e+00 3.135857330638534890e+00 2.173559832271656778e-01 1.570796326794896558e+00 -1.000000000000000000e+00 1.000000000000000000e+00 0.000000000000000000e+00 0.000000000000000000e+00 -1.000000000000000000e+00 -1.000000000000000000e+00
4.600000000000000000e+01 3.479876708757979941e+04 1.253398551212285739e+01 -2.306113959638155519e-01 2.351311774669760712e+00 3.104654117630660348e+00 1.364055622052702532e-01 1.570796326794896558e+00 -1.000000000000000000e+00 1.000000000000000000e+00 0.000000000000000000e+00 0.000000000000000000e+00 -1.000000000000000000e+00 -1.000000000000000000e+00
5.300000000000000000e+01 2.350314913931211777e+04 1.556318139831601677e+01 1.167380162226494128e-01 1.549488568420422485e+00 3.137698376155276137e+00 2.427940424386839102e-01 1.570796326794896558e+00 -1.000000000000000000e+00 1.000000000000000000e+00 0.000000000000000000e+00 0.000000000000000000e+00 -1.000000000000000000e+00 -1.000000000000000000e+00
6.100000000000000000e+01 2.944515915649881208e+04 1.221515230687650622e+01 -3.532034585510364453e-03 1.606922885255574807e+00 3.138695555031968620e+00 1.619698299672925612e-01 1.570796326794896558e+00 -1.000000000000000000e+00 1.000000000000000000e+00 0.000000000000000000e+00 0.000000000000000000e+00 -1.000000000000000000e+00 -1.000000000000000000e+00
6.400000000000000000e+01 3.898385173435189790e+04 1.154415833114768830e+01 -1.301775266291577970e-01 2.979985908371102887e+00 3.168386730867689849e+00 1.726018817458375154e-01 1.570796326794896558e+00 -1.000000000000000000e+00 1.000000000000000000e+00 0.000000000000000000e+00 0.000000000000000000e+00 -1.000000000000000000e+00 -1.000000000000000000e+00
6.500000000000000000e+01 3.421635271964533604e+04 3.014303353891954629e+01 -5.665349637532016147e-02 3.059757328313446934e+00 3.104374117881390394e+00 1.771586856385421738e-01 1.570796326794896558e+00 -1.000000000000000000e+00 1.000000000000000000e+00 0.000000000000000000e+00 0.000000000000000000e+00 -1.000000000000000000e+00 -1.000000000000000000e+00
6.800000000000000000e+01 3.874975320591515629e+04 3.150927995165227458e+01 -6.930243949459528874e-02 2.525821022610416744e+00 3.186003747371318529e+00 1.374619406966062496e-01 1.570796326794896558e+00 -1.000000000000000000e+00 1.000000000000000000e+00 0.000000000000000000e+00 0.000000000000000000e+00 -1.000000000000000000e+00 -1.000000000000000000e+00
7.400000000000000000e+01 4.230728200423636736e+04 3.199652999419908284e+01 1.988514593272637521e-01 1.436909828374548226e-01 3.120053487997586750e+00 2.038593401383381742e-01 1.570796326794896558e+00 -1.000000000000000000e+00 1.000000000000000000e+00 0.000000000000000000e+00 0.000000000000000000e+00 -1.000000000000000000e+00 -1.000000000000000000e+00
1.040000000000000000e+02 1.357114684827463861e+03 1.277139698231619924e+01 1.551125246690693293e-02 7.082213861445851855e-01 3.145579700868736506e+00 1.691266865156074439e-01 1.570796326794896558e+00 -1.000000000000000000e+00 1.000000000000000000e+00 0.000000000000000000e+00 0.000000000000000000e+00 -1.000000000000000000e+00 -1.000000000000000000e+00
1.080000000000000000e+02 3.239862997177226862e+04 1.255112960114677279e+01 1.105161628109704863e-01 1.506575057488519276e+00 3.163445563655340020e+00 1.546415567616464537e-01 1.570796326794896558e+00 -1.000000000000000000e+00 1.000000000000000000e+00 0.000000000000000000e+00 0.000000000000000000e+00 -1.000000000000000000e+00 -1.000000000000000000e+00
1.190000000000000000e+02 3.801633000016612641e+04 1.961618327576815091e+01 -1.053018168069687344e-02 1.933742582879011129e+00 3.182351562252910160e+00 2.433588570607815305e-01 1.570796326794896558e+00 -1.000000000000000000e+00 1.000000000000000000e+00 0.000000000000000000e+00 0.000000000000000000e+00 -1.000000000000000000e+00 -1.000000000000000000e+00
1.310000000000000000e+02 2.322043725577262012e+04 3.087683783249172720e+01 -1.620395189772941003e-01 2.473060386782166553e+00 3.166036547916709853e+00 1.771372729726334028e-01 1.570796326794896558e+00 -1.000000000000000000e+00 1.000000000000000000e+00 0.000000000000000000e+00 0.000000000000000000e+00 -1.000000000000000000e+00 -1.000000000000000000e+00
1.340000000000000000e+02 2.102277382636894254e+04 1.506887832878542000e+01 -1.525181074221838018e-01 2.171815049351544680e+00 3.131248839253404359e+00 3.280960866985897090e-02 1.570796326794896558e+00 -1.000000000000000000e+00 1.000000000000000000e+00 0.000000000000000000e+00 0.000000000000000000e+00 -1.000000000000000000e+00 -1.000000000000000000e+00
1.400000000000000000e+02 2.768836575595896647e+04 1.034901085155669520e+01 6.725651307305031967e-02 1.215383176907657070e+00 3.139600110377032571e+00 2.742368740736129684e-01 1.570796326794896558e+00 -1.000000000000000000e+00 1.000000000000000000e+00 0.000000000000000000e+00 0.000000000000000000e+00 -1.000000000000000000e+00 -1.000000000000000000e+00
1.650000000000000000e+02 4.599798033120056971e+03 1.076674781530783420e+01 -2.146892254933675526e-01 2.136264609393267122e+00 3.139405554373403184e+00 8.431233517841166258e-02 1.570796326794896558e+00 -1.000000000000000000e+00 1.000000000000000000e+00 0.000000000000000000e+00 0.000000000000000000e+00 -1.000000000000000000e+00 -1.000000000000000000e+00
1.670000000000000000e+02 3.753419591541685804e+04 1.207313958312114721e+01 -8.810018029156777009e-02 2.748162815761394207e+00 3.106206524091556176e+00 2.191984174364099425e-01 1.570796326794896558e+00 -1.000000000000000000e+00 1.000000000000000000e+00 0.000000000000000000e+00 0.000000000000000000e+00 -1.000000000000000000e+00 -1.000000000000000000e+00
1.680000000000000000e+02 2.820453169773031277e+03 1.548536974945556643e+01 -4.186035143252850310e-02 1.599629534623601357e+00 3.140158493728096634e+00 2.928573195958891762e-01 1.570796326794896558e+00 -1.000000000000000000e+00 1.000000000000000000e+00 0.000000000000000000e+00 0.000000000000000000e+00 -1.000000000000000000e+00 -1.000000000000000000e+00
1.690000000000000000e+02 3.247868994294280128e+04 1.031770270311346138e+01 7.441470142453220082e-02 1.251392477274936077e+00 3.105965147454302411e+00 3.126194806006436094e-02 1.570796326794896558e+00 -1.000000000000000000e+00 1.000000000000000000e+00 0.000000000000000000e+00 0.000000000000000000e+00 -1.000000000000000000e+00 -1.000000000000000000e+00
1.920000000000000000e+02 3.756279880825857981e+04 1.629728321849830408e+01 -1.303838898709502592e-01 2.380116757627610546e+00 3.124585892164338130e+00 2.033630239664592845e-02 1.570796326794896558e+00 -1.000000000000000000e+00 1.000000000000000000e+00 0.000000000000000000e+00 0.000000000000000000e+00 -1.000000000000000000e+00 -1.000000000000000000e+00
2.000000000000000000e+02 1.581836152082180524e+04 2.242066148152021654e+01 7.925184301739576775e-02 1.336142745014086142e+00 3.165577995451017923e+00 2.659909808023134259e-01 1.570796326794896558e+00 -1.000000000000000000e+00 1.000000000000000000e+00 0.000000000000000000e+00 0.000000000000000000e+00 -1.000000000000000000e+00 -1.000000000000000000e+00
