# id_num orb_a mass spin spin_angle orb_inc orb_ecc orb_arg_periapse orb_ang_mom gen galaxy time_passed gw_freq gw_strain
1.000000000000000000e+01 2.763796012861507552e+04 2.479611760761871864e+01 1.613729923333874147e-02 5.194796294795137603e-01 3.119107876028560433e+00 2.583233186011746896e-01 1.570796326794896558e+00 -1.000000000000000000e+00 1.000000000000000000e+00 0.000000000000000000e+00 0.000000000000000000e+00 -1.000000000000000000e+00 -1.000000000000000000e+00
1.400000000000000000e+01 3.636817649543296284e+04 1.058426845452156329e+01 -6.900478638229282091e-02 1.720283278621723699e+00 3.134948443510671368e+00 1.666593510875369610e-01 1.570796326794896558e+00 -1.000000000000000000e+00 1.000000000000000000e+00 0.000000000000000000e+00 0.000000000000000000e+00 -1.000000000000000000e+00 -1.000000000000000000e+00
1.700000000000000000e+01 4.339512325350267929e+04 1.030040550487293771e+01 -8.367540694474910612e-02 2.693867039369176375e+00 3.091999815317242106e+00 2.041223367462695892e-01 1.570796326794896558e+00 -1.000000000000000000e+00 1.000000000000000000e+00 0.000000000000000000e+00 0.000000000000000000e+00 -1.000000000000000000e+00 -1.000000000000000000e+00
6.000000000000000000e+01 8.237605857632815969e+03 3.889236450218649566e+01 -5.061533894165936437e-02 1.848548818514166747e+00 3.132777678593889004e+00 2.057629930625175241e-01 1.570796326794896558e+00 -1.000000000000000000e+00 1.000000000000000000e+00 0.000000000000000000e+00 0.000000000000000000e+00 -1.000000000000000000e+00 -1.000000000000000000e+00
6.700000000000000000e+01 1.967646366075531841e+04 2.181852736810537507e+01 -7.449313849574962405e-03 1.954550224494117527e+00 3.168625765260562055e+00 1.796438574806090427e-01 1.570796326794896558e+00 -1.000000000000000000e+00 1.000000000000000000e+00 0.000000000000000000e+00 0.000000000000000000e+00 -1.000000000000000000e+00 -1.000000000000000000e+00
7.500000000000000000e+01 4.056490875048372254e+04 1.085848792929324169e+01 1.088154361147868343e-01 4.858454536469682394e-01 3.145453692403555657e+00 9.694331914235908287e-02 1.570796326794896558e+00 -1.000000000000000000e+00 1.000000000000000000e+00 0.000000000000000000e+00 0.000000000000000000e+00 -1.000000000000000000e+00 -1.000000000000000000e+00
8.000000000000000000e+01 6.172190404204422521e+03 1.262729910489778185e+01 -2.090580674725531218e-02 1.810144498785556832e+00 3.140698584665401860e+00 2.854192279497679285e-01 1.570796326794896558e+00 -1.000000000000000000e+00 1.000000000000000000e+00 0.000000000000000000e+00 0.000000000000000000e+00 -1.000000000000000000e+00 -1.000000000000000000e+00
8.400000000000000000e+01 1.093918208073081587e+04 1.679292111489547779e+01 -1.946484343829060215e-01 2.782669885667863774e+00 3.150289097892007728e+00 1.193099205873601465e-01 1.570796326794896558e+00 -1.000000000000000000e+00 1.000000000000000000e+00 0.000000000000000000e+00 0.000000000000000000e+00 -1.000000000000000000e+00 -1.000000000000000000e+00
1.080000000000000000e+02 4.932553186396387173e+04 3.285324266798825477e+01 1.259000081645453573e-01 1.374607142755783995e+00 3.179388746603797777e+00 2.262357054369674159e-01 1.570796326794896558e+00 -1.000000000000000000e+00 1.000000000000000000e+00 0.000000000000000000e+00 0.000000000000000000e+00 -1.000000000000000000e+00 -1.000000000000000000e+00
1.090000000000000000e+02 4.328960464281628811e+04 2.054921335012078032e+01 -5.570830111044807603e-03 2.402863014325732127e+00 3.117596799781775729e+00 1.270483940681283175e-01 1.570796326794896558e+00 -1.000000000000000000e+00 1.000000000000000000e+00 0.000000000000000000e+00 0.000000000000000000e+00 -1.000000000000000000e+00 -1.000000000000000000e+00
1.150000000000000000e+02 1.409799787443801142e+04 2.057600524845905809e+01 -1.262927128659122322e-01 1.790220060962184556e+00 3.151497427963905640e+00 9.214147560129926084e-02 1.570796326794896558e+00 -1.000000000000000000e+00 1.000000000000000000e+00 0.000000000000000000e+00 0.000000000000000000e+00 -1.000000000000000000e+00 -1.000000000000000000e+00
1.180000000000000000e+02 3.581611333011232637e+04 1.025749821939962736e+01 1.659850937277932981e-01 3.149086255392413713e-01 3.098742632528905361e+00 1.282657706332410441e-01 1.570796326794896558e+00 -1.000000000000000000e+00 1.000000000000000000e+00 0.000000000000000000e+00 0.000000000000000000e+00 -1.000000000000000000e+00 -1.000000000000000000e+00
1.210000000000000000e+02 4.943096521726042556e+04 3.059671989559623029e+01 -8.301566677861677013e-02 2.776747555892613128e+00 3.135140323790168715e+00 7.587486493493454665e-02 1.570796326794896558e+00 -1.000000000000000000e+00 1.000000000000000000e+00 0.000000000000000000e+00 0.000000000000000000e+00 -1.000000000000000000e+00 -1.000000000000000000e+00
1.350000000000000000e+02 4.934685718313972757e+03 2.062759789801695121e+01 9.363084459024079154e-02 3.620723331056420746e-01 3.128924411075162837e+00 2.221142535154041753e-01 1.570796326794896558e+00 -1.000000000000000000e+00 1.000000000000000000e+00 0.000000000000000000e+00 0.000000000000000000e+00 -1.000000000000000000e+00 -1.000000000000000000e+00
1.390000000000000000e+02 4.734633912362593401e+04 1.502230062889174178e+01 -9.687516079823019904e-03 2.955787205509579074e+00 3.094995168751793813e+00 1.457776565590049875e-03 1.570796326794896558e+00 -1.000000000000000000e+00 1.000000000000000000e+00 0.000000000000000000e+00 0.000000000000000000e+00 -1.000000000000000000e+00 -1.000000000000000000e+00
1.440000000000000000e+02 3.192999364148524910e+04 1.166885207687048442e+01 -2.837472245785603586e-02 2.975128956301212657e+00 3.122035555318170896e+00 2.726284892125813153e-01 1.570796326794896558e+00 -1.000000000000000000e+00 1.000000000000000000e+00 0.000000000000000000e+00 0.000000000000000000e+00 -1.000000000000000000e+00 -1.000000000000000000e+00
1.460000000000000000e+02 2.511853397895683884e+04 1.406240572109215492e+01 5.757596887338537611e-02 1.052756544315685411e-01 3.139421961164341468e+00 2.103963503660743750e-01 1.570796326794896558e+00 -1.000000000000000000e+00 1.000000000000000000e+00 0.000000000000000000e+00 0.000000000000000000e+00 -1.000000000000000000e+00 -1.000000000000000000e+00
1.630000000000000000e+02 1.252364492566012632e+04 1.175279472031051498e+01 -1.360655966357182493e-02 2.774661832974538722e+00 3.159089478431803322e+00 9.673192286290241415e-02 1.570796326794896558e+00 -1.000000000000000000e+00 1.000000000000000000e+00 0.000000000000000000e+00 0.000000000000000000e+00 -1.000000000000000000e+00 -1.000000000000000000e+00
1.790000000000000000e+02 1.979797800351519982e+04 2.037572334118932105e+01 -1.483972166402715287e-01 1.844497813701561961e+00 3.118906602545490792e+00 2.597897418449541251e-01 1.570796326794896558e+00 -1.000000000000000000e+00 1.000000000000000000e+00 0.000000000000000000e+00 0.000000000000000000e+00 -1.000000000000000000e+00 -1.000000000000000000e+00
1.800000000000000000e+02 4.900372972668145667e+04 1.377366839009559385e+01 -1.070771813074849164e-02 2.617215196159389023e+00 3.110993881197360089e+00 8.983802244431772499e-02 1.570796326794896558e+00 -1.000000000000000000e+00 1.000000000000000000e+00 0.000000000000000000e+00 0.000000000000000000e+00 -1.000000000000000000e+00 -1.000000000000000000e+00
1.850000000000000000e+02 1.759181868374867918e+04 1.114514997669128960e+01 1.363339534616039850e-01 8.685975108376460252e-01 3.166907250056352208e+00 2.555364469143351913e-01 1.570796326794896558e+00 -1.000000000000000000e+00 1.000000000000000000e+00 0.000000000000000000e+00 0.000000000000000000e+00 -1.000000000000000000e+00 -1.000000000000000000e+00
1.860000000000000000e+02 1.329240324903247165e+04 1.156961948685885311e+01 -6.736562715030197657e-02 2.677558031945764583e+00 3.127879879817704545e+00 1.385680412600283906e-01 1.570796326794896558e+00 -1.000000000000000000e+00 1.000000000000000000e+00 0.000000000000000000e+00 0.000000000000000000e+00 -1.000000000000000000e+00 -1.000000000000000000e+00
1.950000000000000000e+02 3.205266145414341372e+04 1.147463453202129990e+01 -1.002780559151072587e-01 2.461456125550428808e+00 3.166499695108112800e+00 1.032489353281636629e-01 1.570796326794896558e+00 -1.000000000000000000e+00 1.000000000000000000e+00 0.000000000000000000e+00 0.000000000000000000e+00 -1.000000000000000000e+00 -1.000000000000000000e+00
