# id_num orb_a mass spin spin_angle orb_inc orb_ecc orb_arg_periapse orb_ang_mom gen galaxy time_passed gw_freq gw_strain
1.000000000000000000e+00 2.485395095879186556e+03 1.127876765174707074e+01 2.999933573344631954e-02 5.177714477104985447e-01 3.137879160168144388e+00 9.000000000000001055e-02 1.570796326794896558e+00 1.000000000000000000e+00 1.000000000000000000e+00 0.000000000000000000e+00 0.000000000000000000e+00 -1.000000000000000000e+00 -1.000000000000000000e+00
3.000000000000000000e+00 4.094991163571907236e+04 1.442083976254026645e+01 -2.230081869324721244e-01 2.959579318707764362e+00 3.130906557601342399e+00 1.000000000000000021e-02 1.570796326794896558e+00 1.000000000000000000e+00 1.000000000000000000e+00 0.000000000000000000e+00 0.000000000000000000e+00 -1.000000000000000000e+00 -1.000000000000000000e+00
4.000000000000000000e+00 3.120445709614778389e+04 2.341073131960684250e+01 -1.892269081177892776e-02 2.115786808568621336e+00 3.108154229009161718e+00 1.153255572743821719e-02 1.570796326794896558e+00 1.000000000000000000e+00 1.000000000000000000e+00 0.000000000000000000e+00 0.000000000000000000e+00 -1.000000000000000000e+00 -1.000000000000000000e+00
7.000000000000000000e+00 3.636893580767575145e+02 1.051400969452862455e+01 -1.820001987884243277e-01 2.434129076751298193e+00 9.237510255921200022e-03 2.595078827586033005e-02 0.000000000000000000e+00 1.000000000000000000e+00 1.000000000000000000e+00 0.000000000000000000e+00 0.000000000000000000e+00 -1.000000000000000000e+00 -1.000000000000000000e+00
8.000000000000000000e+00 1.178888298199404380e+04 1.627229849993353739e+01 -2.105076308590454748e-01 2.446439660853632958e+00 3.118284306017523377e+00 1.000000000000000021e-02 0.000000000000000000e+00 1.000000000000000000e+00 1.000000000000000000e+00 0.000000000000000000e+00 0.000000000000000000e+00 -1.000000000000000000e+00 -1.000000000000000000e+00
1.200000000000000000e+01 2.093376008863275274e+04 1.026602717639228679e+01 1.195519245401196473e-01 1.060240216971825911e+00 3.133881099191944131e+00 1.000000000000000021e-02 1.570796326794896558e+00 1.000000000000000000e+00 1.000000000000000000e+00 0.000000000000000000e+00 0.000000000000000000e+00 -1.000000000000000000e+00 -1.000000000000000000e+00
1.300000000000000000e+01 3.769844005576184145e+02 3.918082709729337409e+01 -1.782688259129810993e-01 2.573485863364355808e+00 8.412533880012583454e-03 9.000000000000001055e-02 1.570796326794896558e+00 1.000000000000000000e+00 1.000000000000000000e+00 0.000000000000000000e+00 0.000000000000000000e+00 -1.000000000000000000e+00 -1.000000000000000000e+00
1.500000000000000000e+01 3.324242285748682480e+04 1.834553292495544241e+01 -3.718746576593400660e-02 1.286618864968718690e+00 3.166060276739186108e+00 2.746063913391109251e-02 0.000000000000000000e+00 1.000000000000000000e+00 1.000000000000000000e+00 0.000000000000000000e+00 0.000000000000000000e+00 -1.000000000000000000e+00 -1.000000000000000000e+00
1.600000000000000000e+01 5.000000000000000000e+04 2.123840892203518749e+01 -2.938714502472478673e-01 3.100000000000000089e+00 -4.902472498731765688e-02 1.067636973964946820e-02 0.000000000000000000e+00 1.000000000000000000e+00 1.000000000000000000e+00 0.000000000000000000e+00 0.000000000000000000e+00 -1.000000000000000000e+00 -1.000000000000000000e+00
1.800000000000000000e+01 4.553152767498090543e+04 1.633125474544306499e+01 -1.750974181856188028e-01 2.666390566768096271e+00 5.967733246664224875e-03 5.220221303823506520e-02 1.570796326794896558e+00 1.000000000000000000e+00 1.000000000000000000e+00 0.000000000000000000e+00 0.000000000000000000e+00 -1.000000000000000000e+00 -1.000000000000000000e+00
1.900000000000000000e+01 4.450444605186438275e+04 3.606475691332308031e+01 -5.829092982557532859e-02 1.184488256652395766e+00 3.175685281915516800e+00 1.805805350713894641e-02 1.570796326794896558e+00 1.000000000000000000e+00 1.000000000000000000e+00 0.000000000000000000e+00 0.000000000000000000e+00 -1.000000000000000000e+00 -1.000000000000000000e+00
2.100000000000000000e+01 8.008147766316999878e+03 1.272699545813640043e+01 5.275085382173780139e-03 1.428320892137969533e+00 2.330775939002129385e-02 2.951609111673586527e-02 0.000000000000000000e+00 1.000000000000000000e+00 1.000000000000000000e+00 0.000000000000000000e+00 0.000000000000000000e+00 -1.000000000000000000e+00 -1.000000000000000000e+00
2.400000000000000000e+01 5.000000000000000000e+04 3.294142351005208269e+01 8.746555989966678379e-02 1.714248542999821323e+00 -2.472099150030520817e-02 4.771410678382179138e-02 0.000000000000000000e+00 1.000000000000000000e+00 1.000000000000000000e+00 0.000000000000000000e+00 0.000000000000000000e+00 -1.000000000000000000e+00 -1.000000000000000000e+00
2.500000000000000000e+01 8.139805070523440918e+03 1.375532961204300619e+01 -1.114973007304051744e-01 2.166181139420988000e+00 3.150783976701883482e+00 9.000000000000001055e-02 0.000000000000000000e+00 1.000000000000000000e+00 1.000000000000000000e+00 0.000000000000000000e+00 0.000000000000000000e+00 -1.000000000000000000e+00 -1.000000000000000000e+00
2.800000000000000000e+01 2.450291524690369260e+04 2.715618560041089680e+01 -5.131583490227016597e-02 2.052052254413758714e+00 3.146340362210452213e+00 2.754796778976117272e-02 1.570796326794896558e+00 1.000000000000000000e+00 1.000000000000000000e+00 0.000000000000000000e+00 0.000000000000000000e+00 -1.000000000000000000e+00 -1.000000000000000000e+00
3.000000000000000000e+01 1.234414022253443181e+04 1.405879888551494439e+01 -9.828640858546754122e-03 1.388288268463657715e+00 3.162875985639608700e+00 1.000000000000000021e-02 1.570796326794896558e+00 1.000000000000000000e+00 1.000000000000000000e+00 0.000000000000000000e+00 0.000000000000000000e+00 -1.000000000000000000e+00 -1.000000000000000000e+00
3.100000000000000000e+01 4.605027010439688456e+04 1.189945252366648809e+01 -1.926562119314323696e-01 3.100000000000000089e+00 3.180549561987498830e+00 1.899353473934274616e-02 1.570796326794896558e+00 1.000000000000000000e+00 1.000000000000000000e+00 0.000000000000000000e+00 0.000000000000000000e+00 -1.000000000000000000e+00 -1.000000000000000000e+00
3.200000000000000000e+01 4.877482495563184057e+04 1.091684698350516136e+01 -1.216264454885534058e-01 3.100000000000000089e+00 6.472229234694214933e-03 1.469108311041109408e-02 1.570796326794896558e+00 1.000000000000000000e+00 1.000000000000000000e+00 0.000000000000000000e+00 0.000000000000000000e+00 -1.000000000000000000e+00 -1.000000000000000000e+00
3.300000000000000000e+01 2.520637475602294580e+04 2.176785499849971117e+01 -8.356508759547673360e-03 1.455037532739958728e+00 3.146859423551303880e+00 1.000000000000000021e-02 1.570796326794896558e+00 1.000000000000000000e+00 1.000000000000000000e+00 0.000000000000000000e+00 0.000000000000000000e+00 -1.000000000000000000e+00 -1.000000000000000000e+00
3.400000000000000000e+01 5.000000000000000000e+04 1.032270513553029723e+01 -1.963854824758028417e-01 3.033311780799544444e+00 3.147440122878504720e+00 2.491750797728196215e-02 0.000000000000000000e+00 1.000000000000000000e+00 1.000000000000000000e+00 0.000000000000000000e+00 0.000000000000000000e+00 -1.000000000000000000e+00 -1.000000000000000000e+00
3.800000000000000000e+01 3.906493705517034687e+04 3.695437511263337882e+01 -1.861535788696017935e-01 3.100000000000000089e+00 1.088717422570278752e-02 4.182268064705399468e-02 1.570796326794896558e+00 1.000000000000000000e+00 1.000000000000000000e+00 0.000000000000000000e+00 0.000000000000000000e+00 -1.000000000000000000e+00 -1.000000000000000000e+00
4.200000000000000000e+01 3.608949940058269021e+02 1.060588937251888275e+01 -1.425686087381192457e-01 2.332667494050033152e+00 -2.077224593208047351e-02 3.803644657868292256e-02 1.570796326794896558e+00 1.000000000000000000e+00 1.000000000000000000e+00 0.000000000000000000e+00 0.000000000000000000e+00 -1.000000000000000000e+00 -1.000000000000000000e+00
4.500000000000000000e+01 4.922787137244301994e+04 2.749971890627453419e+01 1.089372641186378554e-02 1.005636172999246902e+00 3.166805784122304068e+00 1.024169549936328888e-02 0.000000000000000000e+00 1.000000000000000000e+00 1.000000000000000000e+00 0.000000000000000000e+00 0.000000000000000000e+00 -1.000000000000000000e+00 -1.000000000000000000e+00
4.800000000000000000e+01 9.113115267622411920e+03 1.437570770146971277e+01 4.913755063013630457e-03 1.733382145359949389e+00 3.138751202088166270e+00 1.000000000000000021e-02 1.570796326794896558e+00 1.000000000000000000e+00 1.000000000000000000e+00 0.000000000000000000e+00 0.000000000000000000e+00 -1.000000000000000000e+00 -1.000000000000000000e+00
4.900000000000000000e+01 1.023746414906514474e+03 1.223494270728151179e+01 -1.159508016332710667e-01 2.877845018186297565e+00 -1.211969429716351458e-02 9.000000000000001055e-02 1.570796326794896558e+00 1.000000000000000000e+00 1.000000000000000000e+00 0.000000000000000000e+00 0.000000000000000000e+00 -1.000000000000000000e+00 -1.000000000000000000e+00
5.200000000000000000e+01 3.611800179387554090e+04 1.208113544140220696e+01 4.685458053030619463e-02 1.263472511075597104e+00 3.152542365702694305e+00 2.195568525003989066e-02 1.570796326794896558e+00 1.000000000000000000e+00 1.000000000000000000e+00 0.000000000000000000e+00 0.000000000000000000e+00 -1.000000000000000000e+00 -1.000000000000000000e+00
5.600000000000000000e+01 2.033827808764417568e+04 1.383740835637860833e+01 -1.860907289647370233e-01 2.606651810548344272e+00 1.516788093934819635e-02 2.804735735553916948e-02 1.570796326794896558e+00 1.000000000000000000e+00 1.000000000000000000e+00 0.000000000000000000e+00 0.000000000000000000e+00 -1.000000000000000000e+00 -1.000000000000000000e+00
5.700000000000000000e+01 3.634850054522767459e+04 3.532095694419624721e+01 -7.765253505231571596e-02 2.368112179947285512e+00 2.271814312829237292e-02 1.214316048370061088e-02 1.570796326794896558e+00 1.000000000000000000e+00 1.000000000000000000e+00 0.000000000000000000e+00 0.000000000000000000e+00 -1.000000000000000000e+00 -1.000000000000000000e+00
5.800000000000000000e+01 1.442412518700903092e+04 1.834002159157969203e+01 1.198307019099242865e-01 1.521811821309966728e+00 3.126482712106025463e+00 5.124475259549885614e-02 0.000000000000000000e+00 1.000000000000000000e+00 1.000000000000000000e+00 0.000000000000000000e+00 0.000000000000000000e+00 -1.000000000000000000e+00 -1.000000000000000000e+00
6.300000000000000000e+01 2.853697142438743867e+03 2.132838028677970144e+01 2.395262252264415692e-02 1.424491948177732059e+00 -1.372381418985700943e-02 9.000000000000001055e-02 1.570796326794896558e+00 1.000000000000000000e+00 1.000000000000000000e+00 0.000000000000000000e+00 0.000000000000000000e+00 -1.000000000000000000e+00 -1.000000000000000000e+00
6.600000000000000000e+01 3.962605956637864892e+02 1.434286569411363388e+01 -1.557277150365482810e-01 3.100000000000000089e+00 7.692330289016242190e-03 2.143140983821779227e-02 1.570796326794896558e+00 1.000000000000000000e+00 1.000000000000000000e+00 0.000000000000000000e+00 0.000000000000000000e+00 -1.000000000000000000e+00 -1.000000000000000000e+00
7.100000000000000000e+01 4.597087036430627631e+04 1.849784957458498269e+01 -3.223060919475628783e-02 2.099889505725193395e+00 2.469647447711807720e-02 3.172856263678237865e-02 0.000000000000000000e+00 1.000000000000000000e+00 1.000000000000000000e+00 0.000000000000000000e+00 0.000000000000000000e+00 -1.000000000000000000e+00 -1.000000000000000000e+00
7.200000000000000000e+01 4.796823444663850387e+04 1.387296890710596209e+01 -1.284128976097844432e-01 3.100000000000000089e+00 1.734823641201823502e-02 1.762375439721019718e-02 0.000000000000000000e+00 1.000000000000000000e+00 1.000000000000000000e+00 0.000000000000000000e+00 0.000000000000000000e+00 -1.000000000000000000e+00 -1.000000000000000000e+00
7.300000000000000000e+01 4.172145011979936271e+02 3.830670782864576296e+01 -9.889781893039618910e-02 2.887929761559812292e+00 -2.676419058191226337e-03 3.247416242580004192e-02 0.000000000000000000e+00 1.000000000000000000e+00 1.000000000000000000e+00 0.000000000000000000e+00 0.000000000000000000e+00 -1.000000000000000000e+00 -1.000000000000000000e+00
7.600000000000000000e+01 3.073097630604690494e+04 1.192962580153451313e+01 -9.457299201815316803e-03 1.094515725014611807e+00 1.562730385678256714e-02 1.746786905735292147e-02 1.570796326794896558e+00 1.000000000000000000e+00 1.000000000000000000e+00 0.000000000000000000e+00 0.000000000000000000e+00 -1.000000000000000000e+00 -1.000000000000000000e+00
7.700000000000000000e+01 3.982171879441915507e+02 1.957272629413536080e+01 -1.726199231053878180e-01 2.352814939644893411e+00 3.134911773030616633e+00 2.653514251311038866e-02 0.000000000000000000e+00 1.000000000000000000e+00 1.000000000000000000e+00 0.000000000000000000e+00 0.000000000000000000e+00 -1.000000000000000000e+00 -1.000000000000000000e+00
7.900000000000000000e+01 4.586874708111162181e+04 1.852445809410755828e+01 -3.284416304652647278e-02 9.741626479544427397e-01 3.139704661667268581e+00 1.744920793571472228e-02 0.000000000000000000e+00 1.000000000000000000e+00 1.000000000000000000e+00 0.000000000000000000e+00 0.000000000000000000e+00 -1.000000000000000000e+00 -1.000000000000000000e+00
8.200000000000000000e+01 5.000000000000000000e+04 4.054675187659174185e+01 -7.370342491190970402e-02 7.478587476751937801e-01 2.238054726254111101e-02 1.125543848204201697e-02 0.000000000000000000e+00 1.000000000000000000e+00 1.000000000000000000e+00 0.000000000000000000e+00 0.000000000000000000e+00 -1.000000000000000000e+00 -1.000000000000000000e+00
8.500000000000000000e+01 2.313798986681410679e+04 1.198190309368726858e+01 -2.391043263663000101e-02 9.312055972169454021e-01 -2.928233486697094656e-02 2.151085956254887577e-02 1.570796326794896558e+00 1.000000000000000000e+00 1.000000000000000000e+00 0.000000000000000000e+00 0.000000000000000000e+00 -1.000000000000000000e+00 -1.000000000000000000e+00
8.900000000000000000e+01 1.923062856238757740e+04 1.150439417691489830e+01 -7.877885541474849429e-02 2.881303431108081625e+00 3.162649081893538217e+00 1.000000000000000021e-02 1.570796326794896558e+00 1.000000000000000000e+00 1.000000000000000000e+00 0.000000000000000000e+00 0.000000000000000000e+00 -1.000000000000000000e+00 -1.000000000000000000e+00
9.000000000000000000e+01 4.705508182564773597e+04 1.405409679111968657e+01 -2.933568715594771226e-02 1.344220902626817704e+00 3.150775019559580503e+00 6.589354358556782920e-02 0.000000000000000000e+00 1.000000000000000000e+00 1.000000000000000000e+00 0.000000000000000000e+00 0.000000000000000000e+00 -1.000000000000000000e+00 -1.000000000000000000e+00
9.100000000000000000e+01 4.162811514747793990e+04 2.096757499775456779e+01 -1.487070346509629937e-01 3.100000000000000089e+00 3.245361918391452549e-02 2.558322158711839184e-02 1.570796326794896558e+00 1.000000000000000000e+00 1.000000000000000000e+00 0.000000000000000000e+00 0.000000000000000000e+00 -1.000000000000000000e+00 -1.000000000000000000e+00
9.200000000000000000e+01 4.303235503687516825e+02 1.536846197901047617e+01 -9.003765691185387776e-02 3.100000000000000089e+00 3.132750540225353486e+00 2.288192467461762705e-02 0.000000000000000000e+00 1.000000000000000000e+00 1.000000000000000000e+00 0.000000000000000000e+00 0.000000000000000000e+00 -1.000000000000000000e+00 -1.000000000000000000e+00
9.400000000000000000e+01 3.822159530895407079e+04 1.147806782655695557e+01 -1.433472197053836383e-01 3.100000000000000089e+00 3.164820415088712036e+00 1.603007518651746593e-02 0.000000000000000000e+00 1.000000000000000000e+00 1.000000000000000000e+00 0.000000000000000000e+00 0.000000000000000000e+00 -1.000000000000000000e+00 -1.000000000000000000e+00
9.700000000000000000e+01 3.320230321851011104e+04 1.131615707257147463e+01 3.102706295238788492e-02 8.631877645698211587e-01 3.156389959606676232e+00 3.492287504652882846e-02 0.000000000000000000e+00 1.000000000000000000e+00 1.000000000000000000e+00 0.000000000000000000e+00 0.000000000000000000e+00 -1.000000000000000000e+00 -1.000000000000000000e+00
9.800000000000000000e+01 5.000000000000000000e+04 3.645002354746252848e+01 4.787192555782010528e-02 8.431261383847993285e-01 3.110260760568764216e+00 1.695808574945930139e-02 1.570796326794896558e+00 1.000000000000000000e+00 1.000000000000000000e+00 0.000000000000000000e+00 0.000000000000000000e+00 -1.000000000000000000e+00 -1.000000000000000000e+00
1.000000000000000000e+02 2.857454863127159115e+04 1.078263449433462284e+01 -2.783326691254037200e-02 1.561677630782712933e+00 -1.428796520122762800e-02 3.091649533591105808e-02 0.000000000000000000e+00 1.000000000000000000e+00 1.000000000000000000e+00 0.000000000000000000e+00 0.000000000000000000e+00 -1.000000000000000000e+00 -1.000000000000000000e+00
1.020000000000000000e+02 4.001790132014692176e+02 1.629574793284517042e+01 -3.037435992488456138e-02 1.805204553835725312e+00 3.142124427814892762e+00 1.328282351314192394e-02 0.000000000000000000e+00 1.000000000000000000e+00 1.000000000000000000e+00 0.000000000000000000e+00 0.000000000000000000e+00 -1.000000000000000000e+00 -1.000000000000000000e+00
1.060000000000000000e+02 4.253838662454222117e+02 1.426990053434924555e+01 -1.328216610378902263e-01 2.670934693775302016e+00 -8.344288483039868573e-03 1.170966629980607632e-02 0.000000000000000000e+00 1.000000000000000000e+00 1.000000000000000000e+00 0.000000000000000000e+00 0.000000000000000000e+00 -1.000000000000000000e+00 -1.000000000000000000e+00
1.070000000000000000e+02 5.000000000000000000e+04 1.922094701578156162e+01 -6.752284036644532784e-03 1.644190474432673632e+00 2.467409137076929503e-03 2.161519055941724110e-02 1.570796326794896558e+00 1.000000000000000000e+00 1.000000000000000000e+00 0.000000000000000000e+00 0.000000000000000000e+00 -1.000000000000000000e+00 -1.000000000000000000e+00
1.110000000000000000e+02 3.972132967649923376e+04 3.362736696413156778e+01 4.977235682053787746e-02 1.123618939795534066e+00 -2.330665305689504432e-02 1.540938221096870529e-02 0.000000000000000000e+00 1.000000000000000000e+00 1.000000000000000000e+00 0.000000000000000000e+00 0.000000000000000000e+00 -1.000000000000000000e+00 -1.000000000000000000e+00
1.120000000000000000e+02 5.000000000000000000e+04 1.083408997709160992e+01 -3.453466846065816193e-02 1.578708895749255881e+00 3.140400460174877839e+00 3.107092843996993661e-02 1.570796326794896558e+00 1.000000000000000000e+00 1.000000000000000000e+00 0.000000000000000000e+00 0.000000000000000000e+00 -1.000000000000000000e+00 -1.000000000000000000e+00
1.130000000000000000e+02 3.549976362839043577e+04 1.101054017828037246e+01 -4.375640107029053760e-02 1.291268079192210427e+00 1.419708946765597425e-02 1.825385406499703544e-02 0.000000000000000000e+00 1.000000000000000000e+00 1.000000000000000000e+00 0.000000000000000000e+00 0.000000000000000000e+00 -1.000000000000000000e+00 -1.000000000000000000e+00
1.140000000000000000e+02 4.221351913474003959e+04 2.130903711404453205e+01 -1.348695130639831485e-01 3.100000000000000089e+00 -9.565997185271627595e-03 2.583298015880350004e-02 0.000000000000000000e+00 1.000000000000000000e+00 1.000000000000000000e+00 0.000000000000000000e+00 0.000000000000000000e+00 -1.000000000000000000e+00 -1.000000000000000000e+00
1.160000000000000000e+02 4.598880317970812030e+04 2.366353741266179256e+01 1.784105832283279791e-01 2.159624355384319738e+00 3.141467782115224594e+00 4.907631193789329521e-02 0.000000000000000000e+00 1.000000000000000000e+00 1.000000000000000000e+00 0.000000000000000000e+00 0.000000000000000000e+00 -1.000000000000000000e+00 -1.000000000000000000e+00
1.170000000000000000e+02 5.000000000000000000e+04 1.630628373739014947e+01 -9.973089100083729064e-02 2.602698944044267382e+00 3.152617556166226631e+00 2.410718135755954630e-02 1.570796326794896558e+00 1.000000000000000000e+00 1.000000000000000000e+00 0.000000000000000000e+00 0.000000000000000000e+00 -1.000000000000000000e+00 -1.000000000000000000e+00
1.190000000000000000e+02 4.609019748529963749e+02 1.252959286657574189e+01 -2.549503691471001476e-02 2.162251385293711525e+00 3.158499841546474229e+00 7.406020202976344724e-02 1.570796326794896558e+00 1.000000000000000000e+00 1.000000000000000000e+00 0.000000000000000000e+00 0.000000000000000000e+00 -1.000000000000000000e+00 -1.000000000000000000e+00
1.200000000000000000e+02 4.876694914074117833e+02 1.398549791162973577e+01 -1.672779365865353363e-01 2.562887076947377274e+00 3.150031186977582554e+00 1.000000000000000056e-01 1.570796326794896558e+00 1.000000000000000000e+00 1.000000000000000000e+00 0.000000000000000000e+00 0.000000000000000000e+00 -1.000000000000000000e+00 -1.000000000000000000e+00
1.270000000000000000e+02 4.481783582785065505e+02 3.299428379137931699e+01 -2.502429172794014001e-01 3.057081087913371853e+00 3.144072869737974063e+00 2.141085152028822727e-02 0.000000000000000000e+00 1.000000000000000000e+00 1.000000000000000000e+00 0.000000000000000000e+00 0.000000000000000000e+00 -1.000000000000000000e+00 -1.000000000000000000e+00
1.300000000000000000e+02 5.000000000000000000e+04 1.214395180696364385e+01 -1.075937645653668034e-01 2.985756679753339249e+00 4.654235626228817729e-02 9.339898732241941337e-02 0.000000000000000000e+00 1.000000000000000000e+00 1.000000000000000000e+00 0.000000000000000000e+00 0.000000000000000000e+00 -1.000000000000000000e+00 -1.000000000000000000e+00
1.310000000000000000e+02 4.035211924787110183e+04 1.327190190698892991e+01 -1.664020782518724761e-01 3.100000000000000089e+00 3.022343151820899420e-03 3.906205082084982655e-02 0.000000000000000000e+00 1.000000000000000000e+00 1.000000000000000000e+00 0.000000000000000000e+00 0.000000000000000000e+00 -1.000000000000000000e+00 -1.000000000000000000e+00
1.370000000000000000e+02 1.082681161912765856e+04 1.651764236242446415e+01 -2.655438106216475025e-01 3.057874285079106969e+00 3.153550997949758461e+00 1.000000000000000021e-02 0.000000000000000000e+00 1.000000000000000000e+00 1.000000000000000000e+00 0.000000000000000000e+00 0.000000000000000000e+00 -1.000000000000000000e+00 -1.000000000000000000e+00
1.400000000000000000e+02 4.582098999659430410e+04 2.472245509191101220e+01 -1.586308170147782692e-01 3.100000000000000089e+00 -1.148218656418454817e-02 1.392845522068830028e-02 0.000000000000000000e+00 1.000000000000000000e+00 1.000000000000000000e+00 0.000000000000000000e+00 0.000000000000000000e+00 -1.000000000000000000e+00 -1.000000000000000000e+00
1.410000000000000000e+02 6.101519910084867661e+03 1.137842293653638848e+01 -1.358371407334809378e-01 2.686999781015677158e+00 -2.131336201351977794e-02 9.000000000000001055e-02 0.000000000000000000e+00 1.000000000000000000e+00 1.000000000000000000e+00 0.000000000000000000e+00 0.000000000000000000e+00 -1.000000000000000000e+00 -1.000000000000000000e+00
1.420000000000000000e+02 4.753048292634300014e+04 1.075479288594072003e+01 -1.048451117467650018e-01 3.100000000000000089e+00 3.327312359026682320e-02 8.217173008116113175e-02 1.570796326794896558e+00 1.000000000000000000e+00 1.000000000000000000e+00 0.000000000000000000e+00 0.000000000000000000e+00 -1.000000000000000000e+00 -1.000000000000000000e+00
1.430000000000000000e+02 3.341118233060498460e+04 1.520803536169152004e+01 -9.066207858870915792e-02 2.561726861662942945e+00 3.861883112618155062e-02 2.208543308173936681e-02 0.000000000000000000e+00 1.000000000000000000e+00 1.000000000000000000e+00 0.000000000000000000e+00 0.000000000000000000e+00 -1.000000000000000000e+00 -1.000000000000000000e+00
1.530000000000000000e+02 4.816830475316470256e+03 1.075166213953367311e+01 -8.338281148614209992e-02 2.400968338222610132e+00 -4.853939693796533068e-03 1.224542131038955893e-02 0.000000000000000000e+00 1.000000000000000000e+00 1.000000000000000000e+00 0.000000000000000000e+00 0.000000000000000000e+00 -1.000000000000000000e+00 -1.000000000000000000e+00
1.540000000000000000e+02 2.801734397203387198e+04 1.248723892677439018e+01 -1.565732974721369686e-01 3.030200000000000227e+00 -5.333105798141008456e-03 9.296566470409892147e-02 0.000000000000000000e+00 1.000000000000000000e+00 1.000000000000000000e+00 0.000000000000000000e+00 0.000000000000000000e+00 -1.000000000000000000e+00 -1.000000000000000000e+00
1.550000000000000000e+02 5.000000000000000000e+04 1.247250518942755981e+01 -9.408244961169637266e-02 2.570754010836066694e+00 3.103675862324184909e+00 4.103196725408226470e-02 0.000000000000000000e+00 1.000000000000000000e+00 1.000000000000000000e+00 0.000000000000000000e+00 0.000000000000000000e+00 -1.000000000000000000e+00 -1.000000000000000000e+00
1.560000000000000000e+02 4.981746656602119401e+03 2.191776240657626929e+01 -2.648030803884902570e-02 1.043741576588623765e+00 5.611597286184417596e-03 9.000000000000001055e-02 0.000000000000000000e+00 1.000000000000000000e+00 1.000000000000000000e+00 0.000000000000000000e+00 0.000000000000000000e+00 -1.000000000000000000e+00 -1.000000000000000000e+00
1.600000000000000000e+02 4.975984050121984910e+04 1.047042033120943039e+01 -1.842604569737794074e-01 2.742124469254465069e+00 3.108721322840229284e+00 2.258711621263388702e-01 1.570796326794896558e+00 1.000000000000000000e+00 1.000000000000000000e+00 0.000000000000000000e+00 0.000000000000000000e+00 -1.000000000000000000e+00 -1.000000000000000000e+00
1.610000000000000000e+02 1.000923285273179863e+04 2.415137308464419874e+01 -1.840261491439262598e-01 2.096385124745499873e+00 3.124143729359592392e+00 1.000000000000000021e-02 0.000000000000000000e+00 1.000000000000000000e+00 1.000000000000000000e+00 0.000000000000000000e+00 0.000000000000000000e+00 -1.000000000000000000e+00 -1.000000000000000000e+00
1.620000000000000000e+02 6.847662659100452402e+03 1.190942643992210392e+01 1.850813101928776294e-02 7.642849637323944068e-01 3.125363508769801957e+00 9.000000000000001055e-02 1.570796326794896558e+00 1.000000000000000000e+00 1.000000000000000000e+00 0.000000000000000000e+00 0.000000000000000000e+00 -1.000000000000000000e+00 -1.000000000000000000e+00
1.670000000000000000e+02 4.427640093183031809e+02 1.401165232286690276e+01 -2.769080632851882162e-02 1.801513138404537306e+00 3.146711109335405432e+00 4.035089087187693907e-02 0.000000000000000000e+00 1.000000000000000000e+00 1.000000000000000000e+00 0.000000000000000000e+00 0.000000000000000000e+00 -1.000000000000000000e+00 -1.000000000000000000e+00
1.680000000000000000e+02 4.920376499361985339e+02 1.033537313318146644e+01 -9.407437049191448575e-02 3.100000000000000089e+00 3.146188460289124134e+00 1.332836310988944929e-02 1.570796326794896558e+00 1.000000000000000000e+00 1.000000000000000000e+00 0.000000000000000000e+00 0.000000000000000000e+00 -1.000000000000000000e+00 -1.000000000000000000e+00
1.690000000000000000e+02 4.737652318162749907e+02 1.573425453079821956e+01 -1.220045196493678985e-01 2.870170912589629530e+00 1.984813943265698228e-04 4.428628823876069875e-02 1.570796326794896558e+00 1.000000000000000000e+00 1.000000000000000000e+00 0.000000000000000000e+00 0.000000000000000000e+00 -1.000000000000000000e+00 -1.000000000000000000e+00
1.700000000000000000e+02 5.388629832507773472e+02 1.226499384404783655e+01 -8.738973085770096461e-03 1.941633010380301450e+00 3.139557605628945147e+00 1.584744579597102340e-02 1.570796326794896558e+00 1.000000000000000000e+00 1.000000000000000000e+00 0.000000000000000000e+00 0.000000000000000000e+00 -1.000000000000000000e+00 -1.000000000000000000e+00
1.770000000000000000e+02 5.000000000000000000e+04 3.282133192090125817e+01 -6.729299212416654796e-02 1.339693739341092593e+00 2.116386803982813619e-02 8.704563364387520041e-02 0.000000000000000000e+00 1.000000000000000000e+00 1.000000000000000000e+00 0.000000000000000000e+00 0.000000000000000000e+00 -1.000000000000000000e+00 -1.000000000000000000e+00
1.780000000000000000e+02 2.220183131504538323e+04 1.795737579588558219e+01 6.139248327624156898e-02 4.785947271851728746e-01 3.161412399764440107e+00 1.000000000000000021e-02 1.570796326794896558e+00 1.000000000000000000e+00 1.000000000000000000e+00 0.000000000000000000e+00 0.000000000000000000e+00 -1.000000000000000000e+00 -1.000000000000000000e+00
1.840000000000000000e+02 4.513063940889896912e+04 3.656915653615658357e+01 -6.539753583876906085e-02 6.427932679278787198e-01 3.144436984789416911e+00 1.000000000000000021e-02 1.570796326794896558e+00 1.000000000000000000e+00 1.000000000000000000e+00 0.000000000000000000e+00 0.000000000000000000e+00 -1.000000000000000000e+00 -1.000000000000000000e+00
1.900000000000000000e+02 5.000000000000000000e+04 2.159283167275923887e+01 -1.432927917220449265e-01 2.801786244955965621e+00 -4.314261758339309888e-02 4.033449340703697261e-02 1.570796326794896558e+00 1.000000000000000000e+00 1.000000000000000000e+00 0.000000000000000000e+00 0.000000000000000000e+00 -1.000000000000000000e+00 -1.000000000000000000e+00
1.910000000000000000e+02 3.187363557134662187e+04 1.149841846536380352e+01 -5.946651362900671339e-02 1.797898898887533070e+00 2.571525589683182345e-02 6.757804086958295320e-02 1.570796326794896558e+00 1.000000000000000000e+00 1.000000000000000000e+00 0.000000000000000000e+00 0.000000000000000000e+00 -1.000000000000000000e+00 -1.000000000000000000e+00
1.940000000000000000e+02 4.101118693903942039e+04 1.120987524662153234e+01 -2.144499220034402909e-02 1.179233096482643406e+00 3.112036591792909146e+00 1.851450258558443029e-02 1.570796326794896558e+00 1.000000000000000000e+00 1.000000000000000000e+00 0.000000000000000000e+00 0.000000000000000000e+00 -1.000000000000000000e+00 -1.000000000000000000e+00
1.970000000000000000e+02 1.022654645635471752e+04 1.024392470303845393e+01 1.730344825650027285e-01 1.011616628938435181e+00 -2.106551640449353530e-02 1.000000000000000021e-02 0.000000000000000000e+00 1.000000000000000000e+00 1.000000000000000000e+00 0.000000000000000000e+00 0.000000000000000000e+00 -1.000000000000000000e+00 -1.000000000000000000e+00
1.990000000000000000e+02 5.000000000000000000e+04 2.282831233856691711e+01 -1.296058096178657748e-01 2.712651169728801825e+00 3.518831299943060709e-02 5.922990080036324989e-02 0.000000000000000000e+00 1.000000000000000000e+00 1.000000000000000000e+00 0.000000000000000000e+00 0.000000000000000000e+00 -1.000000000000000000e+00 -1.000000000000000000e+00
3.650000000000000000e+02 2.646092691509859378e+02 1.280554350394815444e+01 -1.721722126285372689e-01 3.100000000000000089e+00 0.000000000000000000e+00 6.520133051930195045e-02 -1.000000000000000000e+00 1.000000000000000000e+00 1.000000000000000000e+00 4.900000000000000000e+01 0.000000000000000000e+00 -1.000000000000000000e+00 -1.000000000000000000e+00
2.200000000000000000e+01 5.000000000000000000e+04 1.612390971763440106e+01 -2.185538538408868248e-02 1.748900575774751776e+00 0.000000000000000000e+00 4.546978949772934736e-02 1.570796326794896558e+00 1.000000000000000000e+00 1.000000000000000000e+00 0.000000000000000000e+00 0.000000000000000000e+00 -1.000000000000000000e+00 -1.000000000000000000e+00
3.600000000000000000e+01 4.575769134526079870e+04 1.079535691632957750e+01 7.257754670723537416e-02 9.859046881844314436e-01 0.000000000000000000e+00 1.987864965904863057e-01 1.570796326794896558e+00 1.000000000000000000e+00 1.000000000000000000e+00 0.000000000000000000e+00 0.000000000000000000e+00 -1.000000000000000000e+00 -1.000000000000000000e+00
3.700000000000000000e+01 3.203024755262425970e+04 2.514644620341563552e+01 7.186281377019641814e-02 8.288994646825129653e-01 2.107608315990405420e-02 7.034275004426107647e-02 1.570796326794896558e+00 1.000000000000000000e+00 1.000000000000000000e+00 0.000000000000000000e+00 0.000000000000000000e+00 -1.000000000000000000e+00 -1.000000000000000000e+00
4.100000000000000000e+01 5.253135594307466363e+02 1.648688249010248796e+01 -7.152990450272306289e-02 2.021102097066379333e+00 0.000000000000000000e+00 1.288896065102966733e-02 1.570796326794896558e+00 1.000000000000000000e+00 1.000000000000000000e+00 0.000000000000000000e+00 0.000000000000000000e+00 -1.000000000000000000e+00 -1.000000000000000000e+00
4.700000000000000000e+01 4.231461237748428630e+02 1.307205869248589813e+01 -1.854791549683335872e-01 2.803015108561118129e+00 1.549631726088546158e-02 1.658363940060195857e-02 1.570796326794896558e+00 1.000000000000000000e+00 1.000000000000000000e+00 0.000000000000000000e+00 0.000000000000000000e+00 -1.000000000000000000e+00 -1.000000000000000000e+00
5.000000000000000000e+01 5.064234486481587396e+02 1.942851607942109382e+01 -6.710436408078004900e-02 1.345422405272153954e+00 3.342296450906111303e-03 5.545528427985216974e-02 1.570796326794896558e+00 1.000000000000000000e+00 1.000000000000000000e+00 0.000000000000000000e+00 0.000000000000000000e+00 -1.000000000000000000e+00 -1.000000000000000000e+00
7.800000000000000000e+01 2.655093937222823297e+04 1.190474414775398238e+01 -1.255169212059868422e-01 2.872533328956375254e+00 0.000000000000000000e+00 2.509413094087956791e-02 1.570796326794896558e+00 1.000000000000000000e+00 1.000000000000000000e+00 0.000000000000000000e+00 0.000000000000000000e+00 -1.000000000000000000e+00 -1.000000000000000000e+00
9.300000000000000000e+01 4.289340383571194252e+04 2.015731272634633697e+01 -2.458882958508533390e-01 3.100000000000000089e+00 1.375913310125175329e-02 3.422767655429496264e-02 1.570796326794896558e+00 1.000000000000000000e+00 1.000000000000000000e+00 0.000000000000000000e+00 0.000000000000000000e+00 -1.000000000000000000e+00 -1.000000000000000000e+00
1.100000000000000000e+02 7.352121691872457632e+03 1.049065613014789378e+01 -1.057813139733676105e-01 2.510680921579483194e+00 1.593103763864423331e-02 1.000000000000000021e-02 1.570796326794896558e+00 1.000000000000000000e+00 1.000000000000000000e+00 0.000000000000000000e+00 0.000000000000000000e+00 -1.000000000000000000e+00 -1.000000000000000000e+00
1.230000000000000000e+02 6.959259838878847404e+01 2.316746579092999170e+01 -1.111807572257280802e-01 2.729940286046889764e+00 0.000000000000000000e+00 2.305152703707163686e-01 1.570796326794896558e+00 1.000000000000000000e+00 1.000000000000000000e+00 0.000000000000000000e+00 0.000000000000000000e+00 -1.000000000000000000e+00 -1.000000000000000000e+00
1.240000000000000000e+02 4.204240201253868145e+04 1.466024004060023067e+01 7.918258834429348081e-02 1.237956729838372016e+00 0.000000000000000000e+00 5.949685719325667477e-02 1.570796326794896558e+00 1.000000000000000000e+00 1.000000000000000000e+00 0.000000000000000000e+00 0.000000000000000000e+00 -1.000000000000000000e+00 -1.000000000000000000e+00
1.450000000000000000e+02 3.129445890360315389e+04 1.211869435642064374e+01 -1.803944946444973885e-01 2.444333914715198564e+00 3.801833746198204911e-02 5.081206312101089334e-02 1.570796326794896558e+00 1.000000000000000000e+00 1.000000000000000000e+00 0.000000000000000000e+00 0.000000000000000000e+00 -1.000000000000000000e+00 -1.000000000000000000e+00
1.640000000000000000e+02 5.000000000000000000e+04 1.762638606006271047e+01 -7.985640145717974592e-02 1.903473433489174749e+00 0.000000000000000000e+00 2.397057318598121850e-02 1.570796326794896558e+00 1.000000000000000000e+00 1.000000000000000000e+00 0.000000000000000000e+00 0.000000000000000000e+00 -1.000000000000000000e+00 -1.000000000000000000e+00
1.660000000000000000e+02 5.000000000000000000e+04 1.484764517709175102e+01 -1.090126031491672060e-01 2.318367498969059248e+00 0.000000000000000000e+00 8.462755931098131512e-02 1.570796326794896558e+00 1.000000000000000000e+00 1.000000000000000000e+00 0.000000000000000000e+00 0.000000000000000000e+00 -1.000000000000000000e+00 -1.000000000000000000e+00
1.760000000000000000e+02 7.457376973244604415e+03 1.165855784755069635e+01 8.753990251004742373e-02 1.159878610858697368e+00 0.000000000000000000e+00 9.000000000000001055e-02 1.570796326794896558e+00 1.000000000000000000e+00 1.000000000000000000e+00 0.000000000000000000e+00 0.000000000000000000e+00 -1.000000000000000000e+00 -1.000000000000000000e+00
1.810000000000000000e+02 5.000000000000000000e+04 1.509439142750309237e+01 -2.100990054103660520e-01 2.328736283252564654e+00 3.308680613455395464e-02 8.089191868536624308e-02 1.570796326794896558e+00 1.000000000000000000e+00 1.000000000000000000e+00 0.000000000000000000e+00 0.000000000000000000e+00 -1.000000000000000000e+00 -1.000000000000000000e+00
1.830000000000000000e+02 4.075837026325616171e+04 1.137410017140813601e+01 -4.788101519595362038e-02 2.133107626196000250e+00 2.974840621562668819e-02 1.415257672782865329e-02 1.570796326794896558e+00 1.000000000000000000e+00 1.000000000000000000e+00 0.000000000000000000e+00 0.000000000000000000e+00 -1.000000000000000000e+00 -1.000000000000000000e+00
1.880000000000000000e+02 5.546607653502856010e+02 1.406786468084161790e+01 -3.266214862396775442e-02 1.077828336675371146e+00 0.000000000000000000e+00 1.838339833302735440e-02 1.570796326794896558e+00 1.000000000000000000e+00 1.000000000000000000e+00 0.000000000000000000e+00 0.000000000000000000e+00 -1.000000000000000000e+00 -1.000000000000000000e+00
1.960000000000000000e+02 6.158881149338028536e+02 1.533416584935322824e+01 3.079419920116663323e-04 1.992704625308643784e+00 0.000000000000000000e+00 1.000000000000000056e-01 1.570796326794896558e+00 1.000000000000000000e+00 1.000000000000000000e+00 0.000000000000000000e+00 0.000000000000000000e+00 -1.000000000000000000e+00 -1.000000000000000000e+00
1.980000000000000000e+02 3.420816448137792759e+04 1.426747911628776677e+01 -1.025971710603768294e-01 3.100000000000000089e+00 3.504377601483905924e-02 5.861257685842532345e-02 1.570796326794896558e+00 1.000000000000000000e+00 1.000000000000000000e+00 0.000000000000000000e+00 0.000000000000000000e+00 -1.000000000000000000e+00 -1.000000000000000000e+00
2.000000000000000000e+01 5.020077900257355168e+02 1.060643790987331592e+01 -8.600255064316530973e-02 2.843053879543510742e+00 0.000000000000000000e+00 4.105527710018868487e-02 0.000000000000000000e+00 1.000000000000000000e+00 1.000000000000000000e+00 0.000000000000000000e+00 0.000000000000000000e+00 -1.000000000000000000e+00 -1.000000000000000000e+00
4.300000000000000000e+01 6.266261480731752727e+02 2.954769926905372301e+01 1.448303627599184518e-02 1.163718828205738465e+00 0.000000000000000000e+00 8.100000000000001643e-02 0.000000000000000000e+00 1.000000000000000000e+00 1.000000000000000000e+00 0.000000000000000000e+00 0.000000000000000000e+00 -1.000000000000000000e+00 -1.000000000000000000e+00
7.000000000000000000e+01 6.010314576022626625e+02 1.144387114417857809e+01 -4.674416115308918478e-03 1.889326162348421212e+00 0.000000000000000000e+00 1.000000000000000056e-01 0.000000000000000000e+00 1.000000000000000000e+00 1.000000000000000000e+00 0.000000000000000000e+00 0.000000000000000000e+00 -1.000000000000000000e+00 -1.000000000000000000e+00
8.600000000000000000e+01 6.006584737892469548e+02 1.498408434539470413e+01 -2.896672682607578930e-02 6.990226972914944659e-01 0.000000000000000000e+00 2.887496027626834660e-02 0.000000000000000000e+00 1.000000000000000000e+00 1.000000000000000000e+00 0.000000000000000000e+00 0.000000000000000000e+00 -1.000000000000000000e+00 -1.000000000000000000e+00
1.280000000000000000e+02 6.884771181959589512e+02 1.171473783630596799e+01 -3.886294268664348267e-02 1.752898621119842959e+00 0.000000000000000000e+00 9.000000000000001055e-02 0.000000000000000000e+00 1.000000000000000000e+00 1.000000000000000000e+00 0.000000000000000000e+00 0.000000000000000000e+00 -1.000000000000000000e+00 -1.000000000000000000e+00
1.340000000000000000e+02 7.700000000000001137e+02 1.059915159735365187e+01 1.103769520234061663e-02 1.905242662782279828e+00 0.000000000000000000e+00 1.000000000000000056e-01 0.000000000000000000e+00 1.000000000000000000e+00 1.000000000000000000e+00 0.000000000000000000e+00 0.000000000000000000e+00 -1.000000000000000000e+00 -1.000000000000000000e+00
1.360000000000000000e+02 7.309214646567543241e+02 2.778867821746028710e+01 8.522877863046410263e-02 2.080221717252904057e+00 0.000000000000000000e+00 1.000000000000000056e-01 0.000000000000000000e+00 1.000000000000000000e+00 1.000000000000000000e+00 0.000000000000000000e+00 0.000000000000000000e+00 -1.000000000000000000e+00 -1.000000000000000000e+00
1.480000000000000000e+02 8.201654911770372109e+02 1.113475548322560371e+01 -1.726107039902758933e-01 3.100000000000000089e+00 0.000000000000000000e+00 8.100000000000001643e-02 0.000000000000000000e+00 1.000000000000000000e+00 1.000000000000000000e+00 0.000000000000000000e+00 0.000000000000000000e+00 -1.000000000000000000e+00 -1.000000000000000000e+00
1.510000000000000000e+02 6.963751929849046292e+02 1.272282057762909346e+01 -3.319156423539711132e-02 6.696724615359207489e-01 0.000000000000000000e+00 4.684264335593680412e-02 0.000000000000000000e+00 1.000000000000000000e+00 1.000000000000000000e+00 0.000000000000000000e+00 0.000000000000000000e+00 -1.000000000000000000e+00 -1.000000000000000000e+00
1.590000000000000000e+02 1.960822958574952111e+02 1.415574815675110543e+01 -3.650108974010609075e-01 3.100000000000000089e+00 0.000000000000000000e+00 8.089002214412563951e-01 0.000000000000000000e+00 1.000000000000000000e+00 1.000000000000000000e+00 0.000000000000000000e+00 0.000000000000000000e+00 -1.000000000000000000e+00 -1.000000000000000000e+00
1.890000000000000000e+02 6.850234329872644139e+02 2.285621359162433563e+01 -9.177675427493747762e-02 3.100000000000000089e+00 0.000000000000000000e+00 2.769346881879659883e-02 0.000000000000000000e+00 1.000000000000000000e+00 1.000000000000000000e+00 0.000000000000000000e+00 0.000000000000000000e+00 -1.000000000000000000e+00 -1.000000000000000000e+00
1.930000000000000000e+02 9.362332591296600413e+02 1.986256593504705492e+01 -1.013504645804800541e-01 3.100000000000000089e+00 0.000000000000000000e+00 9.000000000000001055e-02 0.000000000000000000e+00 1.000000000000000000e+00 1.000000000000000000e+00 0.000000000000000000e+00 0.000000000000000000e+00 -1.000000000000000000e+00 -1.000000000000000000e+00
3.660000000000000000e+02 6.558961137767111040e+02 1.164222183162059743e+01 3.828379057285938303e-02 1.785173435077270110e+00 0.000000000000000000e+00 2.584031818346666995e-02 -1.000000000000000000e+00 1.000000000000000000e+00 1.000000000000000000e+00 4.900000000000000000e+01 1.000000000000000000e+05 -1.000000000000000000e+00 -1.000000000000000000e+00
3.670000000000000000e+02 3.692103891148513526e+02 1.159974260494643339e+01 -4.264066300874139182e-02 1.033330143416313796e+00 0.000000000000000000e+00 1.617023499099457667e-02 -1.000000000000000000e+00 1.000000000000000000e+00 1.000000000000000000e+00 4.900000000000000000e+01 2.000000000000000000e+05 -1.000000000000000000e+00 -1.000000000000000000e+00
3.690000000000000000e+02 7.683502356084143230e+02 3.290733556807062854e+01 -2.539033321712845237e-01 2.009511499315010052e+00 0.000000000000000000e+00 9.000000000000001055e-02 -1.000000000000000000e+00 1.000000000000000000e+00 1.000000000000000000e+00 4.900000000000000000e+01 3.000000000000000000e+05 -1.000000000000000000e+00 -1.000000000000000000e+00
8.800000000000000000e+01 9.097297546374687727e+02 2.794425144886955081e+01 -1.446660904653612467e-01 2.541393604705905140e+00 3.127561662695967470e+00 1.000000000000000056e-01 1.570796326794896558e+00 1.000000000000000000e+00 1.000000000000000000e+00 0.000000000000000000e+00 0.000000000000000000e+00 -1.000000000000000000e+00 -1.000000000000000000e+00
3.740000000000000000e+02 7.550280227646086360e+02 1.019410986738603953e+01 5.850618647360377247e-03 1.564019378558466178e+00 0.000000000000000000e+00 9.000000000000001055e-02 -1.000000000000000000e+00 1.000000000000000000e+00 1.000000000000000000e+00 4.900000000000000000e+01 4.000000000000000000e+05 -1.000000000000000000e+00 -1.000000000000000000e+00
1.820000000000000000e+02 2.722330564425508328e+03 2.104257406870875968e+01 -1.761591386945489390e-01 2.886976293384009740e+00 3.145068291804559824e+00 9.000000000000001055e-02 1.570796326794896558e+00 1.000000000000000000e+00 1.000000000000000000e+00 0.000000000000000000e+00 0.000000000000000000e+00 -1.000000000000000000e+00 -1.000000000000000000e+00
3.760000000000000000e+02 1.659030789468909643e+04 1.892467353838324584e+01 6.129285251112821797e-02 1.246046662463379251e+00 0.000000000000000000e+00 5.837959934207685025e-02 -1.000000000000000000e+00 1.000000000000000000e+00 1.000000000000000000e+00 4.900000000000000000e+01 4.300000000000000000e+05 -1.000000000000000000e+00 -1.000000000000000000e+00
3.720000000000000000e+02 2.947252592184536843e+04 2.741921795383244742e+01 6.368005306126029996e-01 0.000000000000000000e+00 0.000000000000000000e+00 8.684703437105238677e-02 -1.000000000000000000e+00 1.000000000000000000e+00 2.000000000000000000e+00 4.900000000000000000e+01 4.700000000000000000e+05 -1.000000000000000000e+00 -1.000000000000000000e+00
3.730000000000000000e+02 1.288042657793832768e+04 2.293908192174704297e+01 6.693347002525795730e-01 0.000000000000000000e+00 0.000000000000000000e+00 9.000000000000001055e-02 -1.000000000000000000e+00 1.000000000000000000e+00 2.000000000000000000e+00 4.900000000000000000e+01 5.000000000000000000e+05 -1.000000000000000000e+00 -1.000000000000000000e+00
3.790000000000000000e+02 1.015003936139680377e+03 1.325557851481458016e+01 2.363677892342964659e-01 1.787857259196278914e+00 0.000000000000000000e+00 1.000000000000000056e-01 -1.000000000000000000e+00 1.000000000000000000e+00 1.000000000000000000e+00 4.900000000000000000e+01 5.000000000000000000e+05 -1.000000000000000000e+00 -1.000000000000000000e+00
3.780000000000000000e+02 1.573082036341189814e+04 2.773936760819271541e+01 7.418300149315865122e-01 0.000000000000000000e+00 0.000000000000000000e+00 1.000000000000000021e-02 -1.000000000000000000e+00 1.000000000000000000e+00 2.000000000000000000e+00 4.900000000000000000e+01 5.200000000000000000e+05 -1.000000000000000000e+00 -1.000000000000000000e+00
3.820000000000000000e+02 1.439139929131067390e+02 1.389963311705959725e+01 3.963206350610624928e-02 1.301982633173478288e+00 0.000000000000000000e+00 9.796133724827468803e-02 -1.000000000000000000e+00 1.000000000000000000e+00 1.000000000000000000e+00 4.900000000000000000e+01 6.000000000000000000e+05 -1.000000000000000000e+00 -1.000000000000000000e+00
1.390000000000000000e+02 4.601211174374975235e+04 1.509156239170755676e+01 -2.868751607982303678e-02 3.088407205509578812e+00 3.094355214692728673e+00 5.389307845019269266e-02 1.570796326794896558e+00 1.000000000000000000e+00 1.000000000000000000e+00 0.000000000000000000e+00 0.000000000000000000e+00 -1.000000000000000000e+00 -1.000000000000000000e+00
3.800000000000000000e+02 1.432088195117054784e+04 4.153304109501307551e+01 5.618564166333218646e-01 0.000000000000000000e+00 0.000000000000000000e+00 9.000000000000001055e-02 -1.000000000000000000e+00 1.000000000000000000e+00 2.000000000000000000e+00 4.900000000000000000e+01 6.900000000000000000e+05 -1.000000000000000000e+00 -1.000000000000000000e+00
3.830000000000000000e+02 1.522888488422711089e+04 4.138032109626787047e+01 6.113425805444441252e-01 0.000000000000000000e+00 0.000000000000000000e+00 1.000000000000000021e-02 -1.000000000000000000e+00 1.000000000000000000e+00 3.000000000000000000e+00 4.900000000000000000e+01 6.900000000000000000e+05 -1.000000000000000000e+00 -1.000000000000000000e+00
3.840000000000000000e+02 8.740630622300645882e+02 1.258134207013308092e+01 3.282257365570297181e-02 3.962479542738346905e-01 0.000000000000000000e+00 9.000000000000001055e-02 -1.000000000000000000e+00 1.000000000000000000e+00 1.000000000000000000e+00 4.900000000000000000e+01 7.000000000000000000e+05 -1.000000000000000000e+00 -1.000000000000000000e+00
3.810000000000000000e+02 1.932289714208000078e+04 5.421769762015431837e+01 5.891512933856251077e-01 0.000000000000000000e+00 0.000000000000000000e+00 9.000000000000001055e-02 -1.000000000000000000e+00 1.000000000000000000e+00 4.000000000000000000e+00 4.900000000000000000e+01 7.100000000000000000e+05 -1.000000000000000000e+00 -1.000000000000000000e+00
3.860000000000000000e+02 2.634479996698410469e+04 5.117531634026519782e+01 5.957363964535742351e-01 0.000000000000000000e+00 0.000000000000000000e+00 2.615112492985257817e-02 -1.000000000000000000e+00 1.000000000000000000e+00 2.000000000000000000e+00 4.900000000000000000e+01 7.900000000000000000e+05 -1.000000000000000000e+00 -1.000000000000000000e+00
3.870000000000000000e+02 8.919637096367363256e+02 1.067416804406919084e+01 -3.190019938967632307e-02 1.920452689317051265e+00 0.000000000000000000e+00 1.000000000000000056e-01 -1.000000000000000000e+00 1.000000000000000000e+00 1.000000000000000000e+00 4.900000000000000000e+01 8.000000000000000000e+05 -1.000000000000000000e+00 -1.000000000000000000e+00
