# id_num orb_a mass spin spin_angle orb_inc orb_ecc orb_arg_periapse orb_ang_mom gen galaxy time_passed star_X star_Y star_Z radius
2.370000000000000000e+02 4.531882967041327248e+01 1.412695160894489845e+03 9.739999999999999769e-01 1.185072828732004258e+00 0.000000000000000000e+00 7.950869284639512369e-01 0.000000000000000000e+00 1.150849329724193152e+18 1.000000000000000000e+00 0.000000000000000000e+00 0.000000000000000000e+00 7.273999999999999355e-01 2.637999999999999790e-01 8.800000000000000530e-03 3.307344198557179311e+02
2.380000000000000000e+02 5.110600463703783447e+01 1.693997526141514754e+03 9.739999999999999769e-01 1.042876887398358932e+00 0.000000000000000000e+00 2.625451837230268620e-02 0.000000000000000000e+00 1.389192038642490624e+18 1.000000000000000000e+00 0.000000000000000000e+00 0.000000000000000000e+00 7.273999999999999355e-01 2.637999999999999790e-01 8.800000000000000530e-03 3.824466367910945337e+02
2.390000000000000000e+02 5.178031973997311610e+01 1.242082773145027204e+03 9.739999999999999769e-01 3.121569563889780019e-01 0.000000000000000000e+00 7.817855396921329081e-02 0.000000000000000000e+00 1.025924250233799296e+18 1.000000000000000000e+00 0.000000000000000000e+00 0.000000000000000000e+00 7.273999999999999355e-01 2.637999999999999790e-01 8.800000000000000530e-03 2.983740570155421210e+02
2.430000000000000000e+02 5.500516278386041336e+01 1.919724145941739152e+03 9.739999999999999769e-01 1.938498400202578464e-01 0.000000000000000000e+00 4.378055679426506308e-01 0.000000000000000000e+00 1.631494007378136064e+18 1.000000000000000000e+00 0.000000000000000000e+00 0.000000000000000000e+00 7.273999999999999355e-01 2.637999999999999790e-01 8.800000000000000530e-03 4.226994576745992163e+02
2.440000000000000000e+02 5.588333272341393609e+01 2.083715009192057096e+03 9.739999999999999769e-01 2.631637531334044544e-01 0.000000000000000000e+00 1.764459447474454046e-01 0.000000000000000000e+00 1.784042298095880192e+18 1.000000000000000000e+00 0.000000000000000000e+00 0.000000000000000000e+00 7.273999999999999355e-01 2.637999999999999790e-01 8.800000000000000530e-03 4.513477530099679029e+02
2.460000000000000000e+02 5.175246719931438122e+01 2.098707433391180075e+03 9.739999999999999769e-01 1.320074139639887401e+00 0.000000000000000000e+00 4.897277383837872478e-01 1.570796326794896558e+00 1.822641058906743808e+18 1.000000000000000000e+00 0.000000000000000000e+00 0.000000000000000000e+00 7.273999999999999355e-01 2.637999999999999790e-01 8.800000000000000530e-03 4.539438631922402578e+02
2.490000000000000000e+02 5.418940740443837711e+01 2.456750512851431267e+03 9.739999999999999769e-01 4.225056412747074663e-01 0.000000000000000000e+00 7.377331886338899247e-01 0.000000000000000000e+00 2.181141015809046528e+18 1.000000000000000000e+00 0.000000000000000000e+00 0.000000000000000000e+00 7.273999999999999355e-01 2.637999999999999790e-01 8.800000000000000530e-03 5.149078027216493183e+02
2.510000000000000000e+02 6.217785166936122465e+01 2.291009186359066462e+03 9.739999999999999769e-01 2.890755945448957864e-01 0.000000000000000000e+00 3.107494040270224883e-02 0.000000000000000000e+00 2.064743792550642688e+18 1.000000000000000000e+00 0.000000000000000000e+00 0.000000000000000000e+00 7.273999999999999355e-01 2.637999999999999790e-01 8.800000000000000530e-03 4.869250227140879588e+02
2.530000000000000000e+02 5.189423217669853017e+01 2.568085982868399697e+03 9.739999999999999769e-01 1.176109365375730853e+00 0.000000000000000000e+00 7.736756172311409774e-01 0.000000000000000000e+00 2.349663404445409792e+18 1.000000000000000000e+00 0.000000000000000000e+00 0.000000000000000000e+00 7.273999999999999355e-01 2.637999999999999790e-01 8.800000000000000530e-03 5.334924492134499587e+02
2.540000000000000000e+02 6.526821495932870221e+01 2.644091809671703686e+03 9.739999999999999769e-01 1.470408968551468298e+00 0.000000000000000000e+00 9.228813482671779922e-02 1.570796326794896558e+00 2.436596191582563328e+18 1.000000000000000000e+00 0.000000000000000000e+00 0.000000000000000000e+00 7.273999999999999355e-01 2.637999999999999790e-01 8.800000000000000530e-03 5.460870194446918049e+02
2.560000000000000000e+02 4.429895376959796494e+01 2.955154987023075591e+03 9.739999999999999769e-01 1.425170926170573615e-01 0.000000000000000000e+00 6.237268808615649140e-01 0.000000000000000000e+00 2.765727718051827200e+18 1.000000000000000000e+00 0.000000000000000000e+00 0.000000000000000000e+00 7.273999999999999355e-01 2.637999999999999790e-01 8.800000000000000530e-03 5.969044808609426127e+02
2.570000000000000000e+02 6.173788482576819803e+01 2.805582449474089572e+03 9.739999999999999769e-01 6.683291470472185747e-01 0.000000000000000000e+00 6.086271211038600804e-01 1.570796326794896558e+00 2.645896032679770624e+18 1.000000000000000000e+00 0.000000000000000000e+00 0.000000000000000000e+00 7.273999999999999355e-01 2.637999999999999790e-01 8.800000000000000530e-03 5.726101705851779116e+02
2.600000000000000000e+02 7.233740965315166704e+01 3.225809481693598173e+03 9.739999999999999769e-01 1.027480871577487687e+00 0.000000000000000000e+00 4.179403063520782391e-01 1.570796326794896558e+00 3.114211063673983488e+18 1.000000000000000000e+00 0.000000000000000000e+00 0.000000000000000000e+00 7.273999999999999355e-01 2.637999999999999790e-01 8.800000000000000530e-03 6.402529674171471470e+02
2.630000000000000000e+02 7.673570157261681857e+01 4.087445934807972662e+03 9.739999999999999769e-01 1.113757287721959477e+00 0.000000000000000000e+00 7.220001427303790464e-01 0.000000000000000000e+00 4.040139513199847424e+18 1.000000000000000000e+00 0.000000000000000000e+00 0.000000000000000000e+00 7.273999999999999355e-01 2.637999999999999790e-01 8.800000000000000530e-03 7.737528215069467024e+02
2.650000000000000000e+02 6.373946767417910308e+01 3.857969576607355066e+03 9.739999999999999769e-01 9.296272551895410352e-01 0.000000000000000000e+00 7.879304581638116867e-01 0.000000000000000000e+00 3.873303482618405888e+18 1.000000000000000000e+00 0.000000000000000000e+00 0.000000000000000000e+00 7.273999999999999355e-01 2.637999999999999790e-01 8.800000000000000530e-03 7.388013282066041256e+02
2.660000000000000000e+02 7.223896148849480880e+01 3.899955245006799487e+03 9.739999999999999769e-01 1.391469743509853529e+00 0.000000000000000000e+00 7.249305484307758674e-01 0.000000000000000000e+00 3.947909697742681600e+18 1.000000000000000000e+00 0.000000000000000000e+00 0.000000000000000000e+00 7.273999999999999355e-01 2.637999999999999790e-01 8.800000000000000530e-03 7.452265641727146885e+02
2.670000000000000000e+02 7.379044606751817525e+01 4.110282459971797834e+03 9.739999999999999769e-01 2.524415936980244912e-01 0.000000000000000000e+00 6.488554151129224401e-01 0.000000000000000000e+00 4.194328146651322880e+18 1.000000000000000000e+00 0.000000000000000000e+00 0.000000000000000000e+00 7.273999999999999355e-01 2.637999999999999790e-01 8.800000000000000530e-03 7.772092538979886740e+02
2.680000000000000000e+02 7.561117495167910363e+01 4.590835653973445005e+03 9.739999999999999769e-01 1.378700053165522244e+00 0.000000000000000000e+00 8.029334706013565581e-01 0.000000000000000000e+00 4.721570707049919488e+18 1.000000000000000000e+00 0.000000000000000000e+00 0.000000000000000000e+00 7.273999999999999355e-01 2.637999999999999790e-01 8.800000000000000530e-03 8.490905851745367272e+02
2.690000000000000000e+02 8.589768792083050641e+01 4.550824556746897542e+03 9.739999999999999769e-01 6.175399331861171071e-01 0.000000000000000000e+00 5.168378793619818889e-01 0.000000000000000000e+00 4.720287140259325952e+18 1.000000000000000000e+00 0.000000000000000000e+00 0.000000000000000000e+00 7.273999999999999355e-01 2.637999999999999790e-01 8.800000000000000530e-03 8.431652572032006674e+02
2.710000000000000000e+02 9.936113004813553573e+01 5.367368076097285666e+03 9.739999999999999769e-01 1.500749446252900077e+00 0.000000000000000000e+00 1.661781128201888016e-02 0.000000000000000000e+00 5.658502089664359424e+18 1.000000000000000000e+00 0.000000000000000000e+00 0.000000000000000000e+00 7.273999999999999355e-01 2.637999999999999790e-01 8.800000000000000530e-03 9.621653918987578891e+02
2.720000000000000000e+02 8.168262753853483105e+01 4.985133341770585503e+03 9.739999999999999769e-01 1.093498895249175096e+00 0.000000000000000000e+00 7.622408128290205642e-01 1.570796326794896558e+00 5.298762495470201856e+18 1.000000000000000000e+00 0.000000000000000000e+00 0.000000000000000000e+00 7.273999999999999355e-01 2.637999999999999790e-01 8.800000000000000530e-03 9.069472997476954106e+02
2.730000000000000000e+02 9.386979698807543571e+01 5.619246709416105659e+03 9.739999999999999769e-01 8.050374093545099585e-01 0.000000000000000000e+00 7.305016629537709472e-01 0.000000000000000000e+00 6.023015620868256768e+18 1.000000000000000000e+00 0.000000000000000000e+00 0.000000000000000000e+00 7.273999999999999355e-01 2.637999999999999790e-01 8.800000000000000530e-03 9.981208060647269349e+02
2.740000000000000000e+02 1.156654864759198347e+02 5.402676713797314733e+03 9.739999999999999769e-01 1.513905569770915838e+00 0.000000000000000000e+00 1.000000000000000056e-01 0.000000000000000000e+00 5.839216621858996224e+18 1.000000000000000000e+00 0.000000000000000000e+00 0.000000000000000000e+00 7.273999999999999355e-01 2.637999999999999790e-01 8.800000000000000530e-03 9.672256685552240469e+02
2.750000000000000000e+02 9.844175741352174214e+01 6.289984017035211764e+03 9.739999999999999769e-01 3.757099815481598770e-01 0.000000000000000000e+00 1.265764995857138198e-01 1.570796326794896558e+00 6.855299913623758848e+18 1.000000000000000000e+00 0.000000000000000000e+00 0.000000000000000000e+00 7.273999999999999355e-01 2.637999999999999790e-01 8.800000000000000530e-03 1.092346099412335889e+03
2.760000000000000000e+02 1.098444783668508506e+02 5.980376827930900618e+03 9.739999999999999769e-01 5.077393207533651420e-01 0.000000000000000000e+00 1.000000000000000056e-01 0.000000000000000000e+00 6.573860281062427648e+18 1.000000000000000000e+00 0.000000000000000000e+00 0.000000000000000000e+00 7.273999999999999355e-01 2.637999999999999790e-01 8.800000000000000530e-03 1.049115899224009809e+03
2.770000000000000000e+02 1.240858673701421964e+02 6.505594451087624293e+03 9.739999999999999769e-01 6.015353230304349985e-01 0.000000000000000000e+00 1.000000000000000056e-01 0.000000000000000000e+00 7.211166156332478464e+18 1.000000000000000000e+00 0.000000000000000000e+00 0.000000000000000000e+00 7.273999999999999355e-01 2.637999999999999790e-01 8.800000000000000530e-03 1.122199880008629862e+03
2.800000000000000000e+02 1.195976233263426280e+02 6.722125319786311593e+03 9.739999999999999769e-01 8.204819216724613673e-01 0.000000000000000000e+00 1.000000000000000056e-01 1.570796326794896558e+00 7.647909378939507712e+18 1.000000000000000000e+00 0.000000000000000000e+00 0.000000000000000000e+00 7.273999999999999355e-01 2.637999999999999790e-01 8.800000000000000530e-03 1.151982581680286557e+03
2.810000000000000000e+02 1.007496091220959613e+02 7.497090249439417676e+03 9.739999999999999769e-01 1.260612255072688148e+00 0.000000000000000000e+00 4.000568246972096009e-01 1.570796326794896558e+00 8.604015237879053312e+18 1.000000000000000000e+00 0.000000000000000000e+00 0.000000000000000000e+00 7.273999999999999355e-01 2.637999999999999790e-01 8.800000000000000530e-03 1.257056563021093780e+03
2.830000000000000000e+02 1.394913811643571080e+02 8.038411170304430016e+03 9.739999999999999769e-01 1.261550199854210907e+00 0.000000000000000000e+00 5.754679263132847500e-02 0.000000000000000000e+00 9.389110992358725632e+18 1.000000000000000000e+00 0.000000000000000000e+00 0.000000000000000000e+00 7.273999999999999355e-01 2.637999999999999790e-01 8.800000000000000530e-03 1.329158589589362919e+03
2.840000000000000000e+02 9.701268255823973163e+01 8.652393582292788778e+03 9.739999999999999769e-01 1.003057823478195276e+00 0.000000000000000000e+00 6.283397837357298510e-01 0.000000000000000000e+00 1.019672909532710093e+19 1.000000000000000000e+00 0.000000000000000000e+00 0.000000000000000000e+00 7.273999999999999355e-01 2.637999999999999790e-01 8.800000000000000530e-03 1.409774471221622889e+03
2.850000000000000000e+02 1.457799675460188666e+02 8.662958475823141271e+03 9.739999999999999769e-01 1.554206084931514908e+00 0.000000000000000000e+00 1.000000000000000056e-01 1.570796326794896558e+00 1.029903985732294042e+19 1.000000000000000000e+00 0.000000000000000000e+00 0.000000000000000000e+00 7.273999999999999355e-01 2.637999999999999790e-01 8.800000000000000530e-03 1.411151412694228611e+03
2.880000000000000000e+02 9.561449477940466579e+01 9.842059452195917402e+03 9.739999999999999769e-01 9.021135342002738478e-01 0.000000000000000000e+00 6.395721998478045567e-01 1.570796326794896558e+00 1.202106282544994509e+19 1.000000000000000000e+00 0.000000000000000000e+00 0.000000000000000000e+00 7.273999999999999355e-01 2.637999999999999790e-01 8.800000000000000530e-03 1.562821639420741576e+03
2.940000000000000000e+02 9.985290435756324712e+01 1.409360402978152160e+04 9.739999999999999769e-01 8.547171744557831019e-01 0.000000000000000000e+00 3.713510819287893505e-01 0.000000000000000000e+00 1.819587123738238362e+19 1.000000000000000000e+00 0.000000000000000000e+00 0.000000000000000000e+00 7.273999999999999355e-01 2.637999999999999790e-01 8.800000000000000530e-03 2.082851374031711202e+03
2.950000000000000000e+02 1.586826251077847303e+02 1.344962931499632941e+04 9.739999999999999769e-01 4.562937200534005755e-01 0.000000000000000000e+00 2.016387258314496916e-02 0.000000000000000000e+00 1.752598471541250253e+19 1.000000000000000000e+00 0.000000000000000000e+00 0.000000000000000000e+00 7.273999999999999355e-01 2.637999999999999790e-01 8.800000000000000530e-03 2.006360091300967269e+03
2.960000000000000000e+02 1.608579162134678597e+02 1.411683278345643157e+04 9.739999999999999769e-01 3.434425799355950715e-01 0.000000000000000000e+00 1.115146150519236330e-02 1.570796326794896558e+00 1.857412519556285235e+19 1.000000000000000000e+00 0.000000000000000000e+00 0.000000000000000000e+00 7.273999999999999355e-01 2.637999999999999790e-01 8.800000000000000530e-03 2.085597247830483411e+03
2.980000000000000000e+02 1.188345404262364298e+02 1.543964587856021171e+04 9.739999999999999769e-01 5.541992327310504285e-01 0.000000000000000000e+00 4.313502668441062671e-01 0.000000000000000000e+00 2.070860929912458445e+19 1.000000000000000000e+00 0.000000000000000000e+00 0.000000000000000000e+00 7.273999999999999355e-01 2.637999999999999790e-01 8.800000000000000530e-03 2.240528625181153984e+03
2.990000000000000000e+02 1.861344017051513617e+02 1.604484766255707837e+04 9.739999999999999769e-01 6.155003916474289793e-01 0.000000000000000000e+00 1.000000000000000056e-01 0.000000000000000000e+00 2.172877218535081165e+19 1.000000000000000000e+00 0.000000000000000000e+00 0.000000000000000000e+00 7.273999999999999355e-01 2.637999999999999790e-01 8.800000000000000530e-03 2.310516674890181093e+03
3.000000000000000000e+02 1.745732157904930375e+02 1.715576287576848335e+04 9.739999999999999769e-01 8.833805956301501450e-01 0.000000000000000000e+00 2.899605942625540708e-02 1.570796326794896558e+00 2.345848233507378790e+19 1.000000000000000000e+00 0.000000000000000000e+00 0.000000000000000000e+00 7.273999999999999355e-01 2.637999999999999790e-01 8.800000000000000530e-03 2.437634885818971725e+03
3.010000000000000000e+02 1.622145991739689634e+02 1.805105207291203988e+04 9.739999999999999769e-01 4.303415064991451544e-01 0.000000000000000000e+00 8.122680550283660483e-02 0.000000000000000000e+00 2.492820576384756122e+19 1.000000000000000000e+00 0.000000000000000000e+00 0.000000000000000000e+00 7.273999999999999355e-01 2.637999999999999790e-01 8.800000000000000530e-03 2.538882744618034849e+03
3.030000000000000000e+02 1.846455211321385832e+02 1.836875949197222508e+04 9.739999999999999769e-01 8.928443024951556728e-01 0.000000000000000000e+00 1.089383812653187122e-02 0.000000000000000000e+00 2.587400537514135142e+19 1.000000000000000000e+00 0.000000000000000000e+00 0.000000000000000000e+00 7.273999999999999355e-01 2.637999999999999790e-01 8.800000000000000530e-03 2.574568735031883534e+03
3.050000000000000000e+02 1.943297447802373767e+02 2.182561728134072109e+04 9.739999999999999769e-01 9.346180235618937182e-01 0.000000000000000000e+00 9.000000000000001055e-02 0.000000000000000000e+00 3.136510634261662925e+19 1.000000000000000000e+00 0.000000000000000000e+00 0.000000000000000000e+00 7.273999999999999355e-01 2.637999999999999790e-01 8.800000000000000530e-03 2.955383586803420712e+03
3.070000000000000000e+02 2.070481004620908436e+02 2.496380826439835801e+04 9.739999999999999769e-01 1.431724995071650186e+00 0.000000000000000000e+00 9.000000000000001055e-02 1.570796326794896558e+00 3.661219851976955085e+19 1.000000000000000000e+00 0.000000000000000000e+00 0.000000000000000000e+00 7.273999999999999355e-01 2.637999999999999790e-01 8.800000000000000530e-03 3.290707638865385434e+03
3.090000000000000000e+02 1.772220636986747024e+02 2.687161036292120843e+04 9.739999999999999769e-01 1.316039178953116062e+00 0.000000000000000000e+00 5.517996546930813151e-02 1.570796326794896558e+00 4.022123166055749222e+19 1.000000000000000000e+00 0.000000000000000000e+00 0.000000000000000000e+00 7.273999999999999355e-01 2.637999999999999790e-01 8.800000000000000530e-03 3.490403083233133657e+03
3.120000000000000000e+02 1.737847599427761338e+02 2.930755055345786241e+04 9.739999999999999769e-01 7.981277814152213379e-01 0.000000000000000000e+00 1.085893964708836562e-01 1.570796326794896558e+00 4.527152992509074637e+19 1.000000000000000000e+00 0.000000000000000000e+00 0.000000000000000000e+00 7.273999999999999355e-01 2.637999999999999790e-01 8.800000000000000530e-03 3.741314756863941966e+03
3.140000000000000000e+02 3.143277674693424046e+02 3.285663935346894868e+04 9.739999999999999769e-01 3.151546006759877172e-01 0.000000000000000000e+00 9.000000000000001055e-02 1.570796326794896558e+00 5.184963933937381376e+19 1.000000000000000000e+00 0.000000000000000000e+00 0.000000000000000000e+00 7.273999999999999355e-01 2.637999999999999790e-01 8.800000000000000530e-03 4.099577881933783829e+03
3.170000000000000000e+02 1.585361717128798489e+02 3.954147720746971754e+04 9.739999999999999769e-01 1.124640052665094592e+00 0.000000000000000000e+00 2.058911320946491333e-02 0.000000000000000000e+00 6.445201834598579405e+19 1.000000000000000000e+00 0.000000000000000000e+00 0.000000000000000000e+00 7.273999999999999355e-01 2.637999999999999790e-01 8.800000000000000530e-03 4.754260130598677279e+03
3.180000000000000000e+02 1.804302920882263663e+02 4.099653388592600822e+04 9.739999999999999769e-01 5.261148419192275272e-01 0.000000000000000000e+00 1.000000000000000056e-01 1.570796326794896558e+00 6.756898607846633472e+19 1.000000000000000000e+00 0.000000000000000000e+00 0.000000000000000000e+00 7.273999999999999355e-01 2.637999999999999790e-01 8.800000000000000530e-03 4.893711253677302921e+03
3.230000000000000000e+02 2.214104988817681203e+02 5.171421393566916231e+04 9.739999999999999769e-01 1.136060066192607465e+00 0.000000000000000000e+00 9.000000000000001055e-02 0.000000000000000000e+00 9.014083445108051149e+19 1.000000000000000000e+00 0.000000000000000000e+00 0.000000000000000000e+00 7.273999999999999355e-01 2.637999999999999790e-01 8.800000000000000530e-03 5.892893209058526736e+03
3.250000000000000000e+02 1.909223544670934416e+02 5.952040909916558303e+04 9.739999999999999769e-01 8.711343316362446521e-01 0.000000000000000000e+00 9.000000000000001055e-02 1.570796326794896558e+00 1.061569812683976868e+20 1.000000000000000000e+00 0.000000000000000000e+00 0.000000000000000000e+00 7.273999999999999355e-01 2.637999999999999790e-01 8.800000000000000530e-03 6.594370663111955764e+03
3.260000000000000000e+02 3.269531960599396712e+02 6.028487635978152684e+04 9.739999999999999769e-01 1.262020041195129227e+00 0.000000000000000000e+00 9.000000000000001055e-02 1.570796326794896558e+00 1.087814344250817085e+20 1.000000000000000000e+00 0.000000000000000000e+00 0.000000000000000000e+00 7.273999999999999355e-01 2.637999999999999790e-01 8.800000000000000530e-03 6.662041417403703235e+03
3.270000000000000000e+02 7.700000000000001137e+02 6.400885940926166222e+04 9.739999999999999769e-01 9.363587022087341838e-01 0.000000000000000000e+00 1.000000000000000056e-01 0.000000000000000000e+00 1.168775542667117527e+20 1.000000000000000000e+00 0.000000000000000000e+00 0.000000000000000000e+00 7.273999999999999355e-01 2.637999999999999790e-01 8.800000000000000530e-03 6.989284187937767456e+03
3.320000000000000000e+02 7.700000000000001137e+02 8.508635871502313239e+04 9.739999999999999769e-01 1.092965391819434195e+00 0.000000000000000000e+00 1.000000000000000056e-01 1.570796326794896558e+00 1.649463857323449057e+20 1.000000000000000000e+00 0.000000000000000000e+00 0.000000000000000000e+00 7.273999999999999355e-01 2.637999999999999790e-01 8.800000000000000530e-03 8.776645952451397534e+03
3.330000000000000000e+02 7.700000000000001137e+02 9.102060916196266771e+04 9.739999999999999769e-01 9.991938707392770125e-01 0.000000000000000000e+00 1.000000000000000056e-01 0.000000000000000000e+00 1.786444334764775178e+20 1.000000000000000000e+00 0.000000000000000000e+00 0.000000000000000000e+00 7.273999999999999355e-01 2.637999999999999790e-01 8.800000000000000530e-03 9.263016099829033919e+03
3.340000000000000000e+02 7.700000000000001137e+02 9.492985287251987029e+04 9.739999999999999769e-01 7.607508602088166594e-01 0.000000000000000000e+00 1.000000000000000056e-01 0.000000000000000000e+00 1.886236134929916887e+20 1.000000000000000000e+00 0.000000000000000000e+00 0.000000000000000000e+00 7.273999999999999355e-01 2.637999999999999790e-01 8.800000000000000530e-03 9.579941894151559609e+03
3.370000000000000000e+02 7.700000000000001137e+02 1.135440927776121098e+05 9.739999999999999769e-01 4.413690028445597657e-01 0.000000000000000000e+00 1.000000000000000056e-01 0.000000000000000000e+00 2.342981874130833900e+20 1.000000000000000000e+00 0.000000000000000000e+00 0.000000000000000000e+00 7.273999999999999355e-01 2.637999999999999790e-01 8.800000000000000530e-03 1.105534409418855103e+04
3.420000000000000000e+02 7.700000000000001137e+02 1.546249208508361480e+05 9.739999999999999769e-01 3.518325167326764036e-01 0.000000000000000000e+00 1.000000000000000056e-01 0.000000000000000000e+00 3.404389312143237448e+20 1.000000000000000000e+00 0.000000000000000000e+00 0.000000000000000000e+00 7.273999999999999355e-01 2.637999999999999790e-01 8.800000000000000530e-03 1.415351211461426465e+04
3.440000000000000000e+02 7.700000000000001137e+02 1.775061218880512752e+05 9.739999999999999769e-01 6.786764586968028201e-01 0.000000000000000000e+00 1.000000000000000056e-01 1.570796326794896558e+00 4.013996210792231731e+20 1.000000000000000000e+00 0.000000000000000000e+00 0.000000000000000000e+00 7.273999999999999355e-01 2.637999999999999790e-01 8.800000000000000530e-03 1.580561129865633666e+04
3.460000000000000000e+02 7.700000000000001137e+02 2.017535006755157956e+05 9.739999999999999769e-01 5.167053976716797781e-01 0.000000000000000000e+00 1.000000000000000056e-01 1.570796326794896558e+00 4.687684768379203748e+20 1.000000000000000000e+00 0.000000000000000000e+00 0.000000000000000000e+00 7.273999999999999355e-01 2.637999999999999790e-01 8.800000000000000530e-03 1.751045745028890815e+04
3.480000000000000000e+02 7.700000000000001137e+02 2.296056865677146416e+05 9.739999999999999769e-01 9.498676688960834280e-01 0.000000000000000000e+00 1.000000000000000056e-01 1.570796326794896558e+00 5.484609792125452943e+20 1.000000000000000000e+00 0.000000000000000000e+00 0.000000000000000000e+00 7.273999999999999355e-01 2.637999999999999790e-01 8.800000000000000530e-03 1.941899458419402799e+04
3.500000000000000000e+02 7.700000000000001137e+02 2.638829950954717351e+05 9.739999999999999769e-01 1.603463693058795547e+00 0.000000000000000000e+00 1.000000000000000056e-01 1.570796326794896558e+00 6.482998076625745347e+20 1.000000000000000000e+00 0.000000000000000000e+00 0.000000000000000000e+00 7.273999999999999355e-01 2.637999999999999790e-01 8.800000000000000530e-03 2.170549789797447011e+04
3.510000000000000000e+02 7.700000000000001137e+02 2.765054941199609893e+05 9.739999999999999769e-01 5.373314537688049786e-01 0.000000000000000000e+00 1.000000000000000056e-01 0.000000000000000000e+00 6.891676788957583770e+20 1.000000000000000000e+00 0.000000000000000000e+00 0.000000000000000000e+00 7.273999999999999355e-01 2.637999999999999790e-01 8.800000000000000530e-03 2.253220224748719556e+04
3.540000000000000000e+02 7.700000000000001137e+02 3.396235039162445464e+05 9.739999999999999769e-01 7.238000102450031781e-01 0.000000000000000000e+00 1.000000000000000056e-01 0.000000000000000000e+00 8.840327710370712781e+20 1.000000000000000000e+00 0.000000000000000000e+00 0.000000000000000000e+00 7.273999999999999355e-01 2.637999999999999790e-01 8.800000000000000530e-03 2.656065736018951429e+04
3.590000000000000000e+02 7.700000000000001137e+02 4.846492092605759390e+05 9.739999999999999769e-01 2.196236096747584687e-01 0.000000000000000000e+00 1.000000000000000056e-01 1.570796326794896558e+00 1.360143038900677902e+21 1.000000000000000000e+00 0.000000000000000000e+00 0.000000000000000000e+00 7.273999999999999355e-01 2.637999999999999790e-01 8.800000000000000530e-03 3.530064457540451986e+04
3.640000000000000000e+02 7.700000000000001137e+02 2.943079906528413994e+05 9.739999999999999769e-01 5.113771154183698320e-01 0.000000000000000000e+00 1.000000000000000056e-01 0.000000000000000000e+00 8.911649367914454712e+20 1.000000000000000000e+00 0.000000000000000000e+00 0.000000000000000000e+00 7.273999999999999355e-01 2.637999999999999790e-01 8.800000000000000530e-03 2.368548443030754424e+04
