# id_num orb_a mass spin spin_angle orb_inc orb_ecc orb_arg_periapse orb_ang_mom gen galaxy time_passed star_X star_Y star_Z radius
2.370000000000000000e+02 3.708528813129866819e+01 1.555301780754787387e+03 9.359999999999999432e-01 1.605219951355997265e+00 0.000000000000000000e+00 5.068878721751864935e-01 1.570796326794896558e+00 1.256200531439033600e+18 1.000000000000000000e+00 0.000000000000000000e+00 0.000000000000000000e+00 7.273999999999999355e-01 2.637999999999999790e-01 8.800000000000000530e-03 3.546955804043638523e+02
2.380000000000000000e+02 4.200205205402951947e+01 1.584503139384696624e+03 9.359999999999999432e-01 7.793335540406659545e-01 0.000000000000000000e+00 3.695762365650943071e-01 0.000000000000000000e+00 1.288527758529971456e+18 1.000000000000000000e+00 0.000000000000000000e+00 0.000000000000000000e+00 7.273999999999999355e-01 2.637999999999999790e-01 8.800000000000000530e-03 3.600132831292509650e+02
2.390000000000000000e+02 5.335397964593719422e+01 1.591188867119478118e+03 9.359999999999999432e-01 4.337314828199402283e-01 0.000000000000000000e+00 5.824979688782640219e-02 0.000000000000000000e+00 1.302551237057786624e+18 1.000000000000000000e+00 0.000000000000000000e+00 0.000000000000000000e+00 7.273999999999999355e-01 2.637999999999999790e-01 8.800000000000000530e-03 3.612280169304067954e+02
2.490000000000000000e+02 5.065069601876705718e+01 2.248192130069431641e+03 9.359999999999999432e-01 0.000000000000000000e+00 0.000000000000000000e+00 1.134746192440180546e-01 1.570796326794896558e+00 1.978308421391190528e+18 1.000000000000000000e+00 0.000000000000000000e+00 0.000000000000000000e+00 7.273999999999999355e-01 2.637999999999999790e-01 8.800000000000000530e-03 4.762892508745649138e+02
2.510000000000000000e+02 5.434064279741073022e+01 2.899086503527593322e+03 9.359999999999999432e-01 3.641408729754513907e-01 0.000000000000000000e+00 9.148025539563843858e-03 1.570796326794896558e+00 2.589911141186882048e+18 1.000000000000000000e+00 0.000000000000000000e+00 0.000000000000000000e+00 7.273999999999999355e-01 2.637999999999999790e-01 8.800000000000000530e-03 5.837312999101042124e+02
2.560000000000000000e+02 5.879049840614122502e+01 2.983711830828879101e+03 9.359999999999999432e-01 1.320307547966491635e+00 0.000000000000000000e+00 8.231224032518755229e-02 1.570796326794896558e+00 2.767405324058894848e+18 1.000000000000000000e+00 0.000000000000000000e+00 0.000000000000000000e+00 7.273999999999999355e-01 2.637999999999999790e-01 8.800000000000000530e-03 5.973234196600780024e+02
2.580000000000000000e+02 4.231576273812039091e+01 3.200565883463487353e+03 9.359999999999999432e-01 1.869314180121074198e+00 0.000000000000000000e+00 3.545644908028309783e-01 0.000000000000000000e+00 3.015403803757495808e+18 1.000000000000000000e+00 0.000000000000000000e+00 0.000000000000000000e+00 7.273999999999999355e-01 2.637999999999999790e-01 8.800000000000000530e-03 6.318084920940540314e+02
2.600000000000000000e+02 6.483932010499152909e+01 3.414007751630284474e+03 9.359999999999999432e-01 1.328537153200108012e+00 0.000000000000000000e+00 4.246037711567295092e-02 0.000000000000000000e+00 3.266307068303005696e+18 1.000000000000000000e+00 0.000000000000000000e+00 0.000000000000000000e+00 7.273999999999999355e-01 2.637999999999999790e-01 8.800000000000000530e-03 6.652971208321177983e+02
2.620000000000000000e+02 6.688143889855828661e+01 3.432723404748363009e+03 9.359999999999999432e-01 1.844449570641048419e+00 0.000000000000000000e+00 1.000000000000000056e-01 0.000000000000000000e+00 3.336154761984718336e+18 1.000000000000000000e+00 0.000000000000000000e+00 0.000000000000000000e+00 7.273999999999999355e-01 2.637999999999999790e-01 8.800000000000000530e-03 6.682132616363541047e+02
2.630000000000000000e+02 4.184735413698826534e+01 3.736411217843647592e+03 9.359999999999999432e-01 1.398563008703567867e+00 0.000000000000000000e+00 3.438089767134001606e-01 1.570796326794896558e+00 3.660055275967127040e+18 1.000000000000000000e+00 0.000000000000000000e+00 0.000000000000000000e+00 7.273999999999999355e-01 2.637999999999999790e-01 8.800000000000000530e-03 7.151016424376256282e+02
2.640000000000000000e+02 4.285291857275691996e+01 3.952625396892296976e+03 9.359999999999999432e-01 3.743344815965453654e-01 0.000000000000000000e+00 3.532245328560291164e-01 0.000000000000000000e+00 3.902083866692296192e+18 1.000000000000000000e+00 0.000000000000000000e+00 0.000000000000000000e+00 7.273999999999999355e-01 2.637999999999999790e-01 8.800000000000000530e-03 7.480188929720048918e+02
2.660000000000000000e+02 6.913554643422570223e+01 4.265384561637901243e+03 9.359999999999999432e-01 1.289626113989777778e+00 0.000000000000000000e+00 1.721325711878037706e-02 0.000000000000000000e+00 4.279909029774169600e+18 1.000000000000000000e+00 0.000000000000000000e+00 0.000000000000000000e+00 7.273999999999999355e-01 2.637999999999999790e-01 8.800000000000000530e-03 7.950063469227144424e+02
2.700000000000000000e+02 7.844259176813764611e+01 4.670219977687791470e+03 9.359999999999999432e-01 1.007165034820844518e+00 0.000000000000000000e+00 2.483479882015030699e-02 1.570796326794896558e+00 4.840866415562744832e+18 1.000000000000000000e+00 0.000000000000000000e+00 0.000000000000000000e+00 7.273999999999999355e-01 2.637999999999999790e-01 8.800000000000000530e-03 8.548184978514425438e+02
2.720000000000000000e+02 7.422489476332893332e+01 5.244225041910078289e+03 9.359999999999999432e-01 1.140375395916605861e+00 0.000000000000000000e+00 9.000000000000001055e-02 1.570796326794896558e+00 5.525393361640804352e+18 1.000000000000000000e+00 0.000000000000000000e+00 0.000000000000000000e+00 7.273999999999999355e-01 2.637999999999999790e-01 8.800000000000000530e-03 9.378839367165202248e+02
2.760000000000000000e+02 8.299289992174270481e+01 6.531255777957088867e+03 9.359999999999999432e-01 1.640323552231180093e+00 0.000000000000000000e+00 4.263797680915502181e-02 1.570796326794896558e+00 7.117933618838371328e+18 1.000000000000000000e+00 0.000000000000000000e+00 0.000000000000000000e+00 7.273999999999999355e-01 2.637999999999999790e-01 8.800000000000000530e-03 1.117895982243114304e+03
2.770000000000000000e+02 8.683750931214190416e+01 6.556262241650665601e+03 9.359999999999999432e-01 1.563081596639025683e+00 0.000000000000000000e+00 9.000000000000001055e-02 1.570796326794896558e+00 7.203954885209779200e+18 1.000000000000000000e+00 0.000000000000000000e+00 0.000000000000000000e+00 7.273999999999999355e-01 2.637999999999999790e-01 8.800000000000000530e-03 1.121318777430850560e+03
2.780000000000000000e+02 1.043878577265512035e+02 7.532914741082190631e+03 9.359999999999999432e-01 1.751792776473736657e+00 0.000000000000000000e+00 2.468684571292211957e-02 0.000000000000000000e+00 8.350546496696163328e+18 1.000000000000000000e+00 0.000000000000000000e+00 0.000000000000000000e+00 7.273999999999999355e-01 2.637999999999999790e-01 8.800000000000000530e-03 1.253067549632654845e+03
2.790000000000000000e+02 9.049753975001384276e+01 6.935277338930327460e+03 9.359999999999999432e-01 1.798484898302578294e+00 0.000000000000000000e+00 9.000000000000001055e-02 1.570796326794896558e+00 7.752105882220107776e+18 1.000000000000000000e+00 0.000000000000000000e+00 0.000000000000000000e+00 7.273999999999999355e-01 2.637999999999999790e-01 8.800000000000000530e-03 1.172884124890900694e+03
2.800000000000000000e+02 1.179021934925531383e+02 8.150965032160663213e+03 9.359999999999999432e-01 4.016825294240065625e-01 0.000000000000000000e+00 2.675471245357950029e-02 1.570796326794896558e+00 9.192046421875744768e+18 1.000000000000000000e+00 0.000000000000000000e+00 0.000000000000000000e+00 7.273999999999999355e-01 2.637999999999999790e-01 8.800000000000000530e-03 1.334661908183230253e+03
2.830000000000000000e+02 8.055932763285380815e+01 8.122284590566387124e+03 9.359999999999999432e-01 1.153092715547046065e+00 0.000000000000000000e+00 7.290000000000002034e-02 0.000000000000000000e+00 9.402659418287601664e+18 1.000000000000000000e+00 0.000000000000000000e+00 0.000000000000000000e+00 7.273999999999999355e-01 2.637999999999999790e-01 8.800000000000000530e-03 1.330903611519850301e+03
2.850000000000000000e+02 8.912817516723121969e+01 9.245493383282047944e+03 9.359999999999999432e-01 8.237933639514494200e-01 0.000000000000000000e+00 9.000000000000001055e-02 1.570796326794896558e+00 1.089560906778180608e+19 1.000000000000000000e+00 0.000000000000000000e+00 0.000000000000000000e+00 7.273999999999999355e-01 2.637999999999999790e-01 8.800000000000000530e-03 1.476209906289248920e+03
2.860000000000000000e+02 1.099538542010920708e+02 9.503557462529359327e+03 9.359999999999999432e-01 9.760178564086583464e-01 0.000000000000000000e+00 1.000000000000000056e-01 1.570796326794896558e+00 1.129888523252721050e+19 1.000000000000000000e+00 0.000000000000000000e+00 0.000000000000000000e+00 7.273999999999999355e-01 2.637999999999999790e-01 8.800000000000000530e-03 1.509082579293592062e+03
2.870000000000000000e+02 1.164363931846153406e+02 9.945157708462902519e+03 9.359999999999999432e-01 1.835990831850191185e+00 0.000000000000000000e+00 1.956510580356546347e-02 1.570796326794896558e+00 1.193432789186938061e+19 1.000000000000000000e+00 0.000000000000000000e+00 0.000000000000000000e+00 7.273999999999999355e-01 2.637999999999999790e-01 8.800000000000000530e-03 1.564924469301443878e+03
2.890000000000000000e+02 1.142747421304495248e+02 1.084838646196558511e+04 9.359999999999999432e-01 1.173334297299637230e+00 0.000000000000000000e+00 1.596864624938726732e-02 0.000000000000000000e+00 1.325216145625150259e+19 1.000000000000000000e+00 0.000000000000000000e+00 0.000000000000000000e+00 7.273999999999999355e-01 2.637999999999999790e-01 8.800000000000000530e-03 1.677629908844429110e+03
2.930000000000000000e+02 1.252093966576837971e+02 1.294331205371994656e+04 9.359999999999999432e-01 6.233871580471546103e-01 0.000000000000000000e+00 9.000000000000001055e-02 0.000000000000000000e+00 1.641101949148492390e+19 1.000000000000000000e+00 0.000000000000000000e+00 0.000000000000000000e+00 7.273999999999999355e-01 2.637999999999999790e-01 8.800000000000000530e-03 1.932147952863036835e+03
2.940000000000000000e+02 1.355117855331144767e+02 1.254016365569991103e+04 9.359999999999999432e-01 1.067046170423419982e+00 0.000000000000000000e+00 3.553119640515638167e-02 1.570796326794896558e+00 1.604625595817974579e+19 1.000000000000000000e+00 0.000000000000000000e+00 0.000000000000000000e+00 7.273999999999999355e-01 2.637999999999999790e-01 8.800000000000000530e-03 1.883851239016423051e+03
2.980000000000000000e+02 1.134642007137585011e+02 1.596736407657704513e+04 9.359999999999999432e-01 9.966882430316595931e-01 0.000000000000000000e+00 7.290000000000002034e-02 0.000000000000000000e+00 2.122702281011495731e+19 1.000000000000000000e+00 0.000000000000000000e+00 0.000000000000000000e+00 7.273999999999999355e-01 2.637999999999999790e-01 8.800000000000000530e-03 2.285549459998129805e+03
2.990000000000000000e+02 1.558449028989707301e+02 1.656597898680783692e+04 9.359999999999999432e-01 6.376376596737004521e-01 0.000000000000000000e+00 1.000000000000000056e-01 1.570796326794896558e+00 2.223441593600023757e+19 1.000000000000000000e+00 0.000000000000000000e+00 0.000000000000000000e+00 7.273999999999999355e-01 2.637999999999999790e-01 8.800000000000000530e-03 2.353844270027590028e+03
3.020000000000000000e+02 1.568278424085897313e+02 1.762224422072519519e+04 9.359999999999999432e-01 3.715872841018038053e-01 0.000000000000000000e+00 1.000000000000000056e-01 1.570796326794896558e+00 2.435724085411552870e+19 1.000000000000000000e+00 0.000000000000000000e+00 0.000000000000000000e+00 7.273999999999999355e-01 2.637999999999999790e-01 8.800000000000000530e-03 2.473164558465227856e+03
3.050000000000000000e+02 1.404005378026620576e+02 2.196398220902231697e+04 9.359999999999999432e-01 1.019139821781383848e+00 0.000000000000000000e+00 2.348848659207079456e-02 0.000000000000000000e+00 3.128265554195027968e+19 1.000000000000000000e+00 0.000000000000000000e+00 0.000000000000000000e+00 7.273999999999999355e-01 2.637999999999999790e-01 8.800000000000000530e-03 2.949666448729068634e+03
3.060000000000000000e+02 1.615686797361780691e+02 2.220455044699720384e+04 9.359999999999999432e-01 0.000000000000000000e+00 0.000000000000000000e+00 1.668699095664523055e-02 0.000000000000000000e+00 3.194589735973720474e+19 1.000000000000000000e+00 0.000000000000000000e+00 0.000000000000000000e+00 7.273999999999999355e-01 2.637999999999999790e-01 8.800000000000000530e-03 2.975484070619320391e+03
3.080000000000000000e+02 1.684775549036358484e+02 2.506415118676418206e+04 9.379999999999999449e-01 1.112289007079706238e+00 0.000000000000000000e+00 3.732800409957195281e-02 0.000000000000000000e+00 3.681418984610999910e+19 1.000000000000000000e+00 0.000000000000000000e+00 0.000000000000000000e+00 7.273999999999999355e-01 2.637999999999999790e-01 8.800000000000000530e-03 3.278283009856778790e+03
3.100000000000000000e+02 1.815684352569163593e+02 2.794801335663587452e+04 9.379999999999999449e-01 5.042963262031996408e-01 0.000000000000000000e+00 1.458823915895656950e-02 0.000000000000000000e+00 4.189913287514101350e+19 1.000000000000000000e+00 0.000000000000000000e+00 0.000000000000000000e+00 7.273999999999999355e-01 2.637999999999999790e-01 8.800000000000000530e-03 3.576718783047495890e+03
3.120000000000000000e+02 2.331602610904894277e+02 3.027458089287334224e+04 9.379999999999999449e-01 1.171830560806122357e+00 0.000000000000000000e+00 9.000000000000001055e-02 0.000000000000000000e+00 4.635527038973911040e+19 1.000000000000000000e+00 0.000000000000000000e+00 0.000000000000000000e+00 7.273999999999999355e-01 2.637999999999999790e-01 8.800000000000000530e-03 3.812997788958631190e+03
3.130000000000000000e+02 1.098508828150529268e+02 3.154841557601562090e+04 9.379999999999999449e-01 1.275605461504758065e+00 0.000000000000000000e+00 1.000000000000000056e-01 0.000000000000000000e+00 4.882005806826823680e+19 1.000000000000000000e+00 0.000000000000000000e+00 0.000000000000000000e+00 7.273999999999999355e-01 2.637999999999999790e-01 8.800000000000000530e-03 3.940815331443636296e+03
3.180000000000000000e+02 2.495316188954951144e+02 3.983325373925059830e+04 9.379999999999999449e-01 1.531874937577540896e+00 0.000000000000000000e+00 9.000000000000001055e-02 0.000000000000000000e+00 6.506604620969407283e+19 1.000000000000000000e+00 0.000000000000000000e+00 0.000000000000000000e+00 7.273999999999999355e-01 2.637999999999999790e-01 8.800000000000000530e-03 4.748983579199817541e+03
3.190000000000000000e+02 1.040155822608204801e+02 4.322661649714790110e+04 9.379999999999999449e-01 0.000000000000000000e+00 0.000000000000000000e+00 1.350851717672993217e-02 1.570796326794896558e+00 7.139691696409123226e+19 1.000000000000000000e+00 0.000000000000000000e+00 0.000000000000000000e+00 7.273999999999999355e-01 2.637999999999999790e-01 8.800000000000000530e-03 5.069965874529802022e+03
3.210000000000000000e+02 1.429459919959694219e+02 4.783305091661575716e+04 9.379999999999999449e-01 1.773052178251568023e+00 0.000000000000000000e+00 8.100000000000001643e-02 0.000000000000000000e+00 8.078354664080759194e+19 1.000000000000000000e+00 0.000000000000000000e+00 0.000000000000000000e+00 7.273999999999999355e-01 2.637999999999999790e-01 8.800000000000000530e-03 5.497769244579156293e+03
3.220000000000000000e+02 2.146347872582279876e+02 5.126164821114314691e+04 9.379999999999999449e-01 1.164870434796249743e+00 0.000000000000000000e+00 9.000000000000001055e-02 1.570796326794896558e+00 8.756383888295578829e+19 1.000000000000000000e+00 0.000000000000000000e+00 0.000000000000000000e+00 7.273999999999999355e-01 2.637999999999999790e-01 8.800000000000000530e-03 5.810828988276461132e+03
3.230000000000000000e+02 2.826721395392943350e+02 5.304808080669114133e+04 9.379999999999999449e-01 1.293954982868824155e+00 0.000000000000000000e+00 9.000000000000001055e-02 1.570796326794896558e+00 9.164838733354791731e+19 1.000000000000000000e+00 0.000000000000000000e+00 0.000000000000000000e+00 7.273999999999999355e-01 2.637999999999999790e-01 8.800000000000000530e-03 5.972274804312908600e+03
3.240000000000000000e+02 2.191181768742651172e+02 5.584415724977171340e+04 9.379999999999999449e-01 6.824700501609413106e-01 0.000000000000000000e+00 1.000000000000000056e-01 1.570796326794896558e+00 9.758569290512161178e+19 1.000000000000000000e+00 0.000000000000000000e+00 0.000000000000000000e+00 7.273999999999999355e-01 2.637999999999999790e-01 8.800000000000000530e-03 6.222805612790083615e+03
3.260000000000000000e+02 1.981169524169032741e+02 6.270048049311813520e+04 9.379999999999999449e-01 1.844456444674082762e+00 0.000000000000000000e+00 1.000000000000000056e-01 1.570796326794896558e+00 1.121571765209520210e+20 1.000000000000000000e+00 0.000000000000000000e+00 0.000000000000000000e+00 7.273999999999999355e-01 2.637999999999999790e-01 8.800000000000000530e-03 6.826855914604711870e+03
3.290000000000000000e+02 1.768319772053436338e+02 7.288595347270857019e+04 9.379999999999999449e-01 1.566883057331657669e+00 0.000000000000000000e+00 1.000000000000000056e-01 1.570796326794896558e+00 1.350649944139171430e+20 1.000000000000000000e+00 0.000000000000000000e+00 0.000000000000000000e+00 7.273999999999999355e-01 2.637999999999999790e-01 8.800000000000000530e-03 7.700503334642611662e+03
3.300000000000000000e+02 2.632029576842583651e+02 7.876925267496584274e+04 9.359999999999999432e-01 1.528752141368705297e+00 0.000000000000000000e+00 9.000000000000001055e-02 0.000000000000000000e+00 1.477232018724862689e+20 1.000000000000000000e+00 0.000000000000000000e+00 0.000000000000000000e+00 7.273999999999999355e-01 2.637999999999999790e-01 8.800000000000000530e-03 8.193876649020476179e+03
3.330000000000000000e+02 1.448979690554378408e+02 9.375715471677313326e+04 9.359999999999999432e-01 3.555744380641707725e-01 0.000000000000000000e+00 9.000000000000001055e-02 1.570796326794896558e+00 1.823854141993693348e+20 1.000000000000000000e+00 0.000000000000000000e+00 0.000000000000000000e+00 7.273999999999999355e-01 2.637999999999999790e-01 8.800000000000000530e-03 9.419060295891815258e+03
3.340000000000000000e+02 7.700000000000001137e+02 9.888364344980068563e+04 9.359999999999999432e-01 1.807473700062144584e+00 0.000000000000000000e+00 1.000000000000000056e-01 0.000000000000000000e+00 1.947426700273887478e+20 1.000000000000000000e+00 0.000000000000000000e+00 0.000000000000000000e+00 7.273999999999999355e-01 2.637999999999999790e-01 8.800000000000000530e-03 9.828870423109692638e+03
3.350000000000000000e+02 3.457586302492509844e+02 1.031816479227520031e+05 9.359999999999999432e-01 1.442975117966473153e+00 0.000000000000000000e+00 9.000000000000001055e-02 1.570796326794896558e+00 2.057574889061353718e+20 1.000000000000000000e+00 0.000000000000000000e+00 0.000000000000000000e+00 7.273999999999999355e-01 2.637999999999999790e-01 8.800000000000000530e-03 1.016918175233308830e+04
3.360000000000000000e+02 7.700000000000001137e+02 1.093151849765253428e+05 9.359999999999999432e-01 5.431565062998361393e-01 0.000000000000000000e+00 1.000000000000000056e-01 1.570796326794896558e+00 2.207287505672254259e+20 1.000000000000000000e+00 0.000000000000000000e+00 0.000000000000000000e+00 7.273999999999999355e-01 2.637999999999999790e-01 8.800000000000000530e-03 1.064997128704063289e+04
3.380000000000000000e+02 7.700000000000001137e+02 1.243425256735099974e+05 9.359999999999999432e-01 1.572685981714394776e+00 0.000000000000000000e+00 1.000000000000000056e-01 0.000000000000000000e+00 2.575347071126077112e+20 1.000000000000000000e+00 0.000000000000000000e+00 0.000000000000000000e+00 7.273999999999999355e-01 2.637999999999999790e-01 8.800000000000000530e-03 1.180591873254584243e+04
3.390000000000000000e+02 7.700000000000001137e+02 1.303970043421730370e+05 9.359999999999999432e-01 1.824630948667216090e+00 0.000000000000000000e+00 1.000000000000000056e-01 1.570796326794896558e+00 2.736038893150245028e+20 1.000000000000000000e+00 0.000000000000000000e+00 0.000000000000000000e+00 7.273999999999999355e-01 2.637999999999999790e-01 8.800000000000000530e-03 1.226360441570706826e+04
3.400000000000000000e+02 7.700000000000001137e+02 1.400959808326651982e+05 9.359999999999999432e-01 1.424487957443402397e+00 0.000000000000000000e+00 1.000000000000000056e-01 1.570796326794896558e+00 2.977879481866496901e+20 1.000000000000000000e+00 0.000000000000000000e+00 0.000000000000000000e+00 7.273999999999999355e-01 2.637999999999999790e-01 8.800000000000000530e-03 1.298806886295745790e+04
3.410000000000000000e+02 7.700000000000001137e+02 1.512223348137603025e+05 9.359999999999999432e-01 1.135004638774022023e+00 0.000000000000000000e+00 1.000000000000000056e-01 1.570796326794896558e+00 3.256669440930841231e+20 1.000000000000000000e+00 0.000000000000000000e+00 0.000000000000000000e+00 7.273999999999999355e-01 2.637999999999999790e-01 8.800000000000000530e-03 1.380691950758431085e+04
3.430000000000000000e+02 7.700000000000001137e+02 1.662465647984680545e+05 9.359999999999999432e-01 9.511072079168947369e-01 0.000000000000000000e+00 1.000000000000000056e-01 0.000000000000000000e+00 3.676606188507229061e+20 1.000000000000000000e+00 0.000000000000000000e+00 0.000000000000000000e+00 7.273999999999999355e-01 2.637999999999999790e-01 8.800000000000000530e-03 1.489382291258465193e+04
3.440000000000000000e+02 7.700000000000001137e+02 1.792135638900370104e+05 9.359999999999999432e-01 1.750472952511337832e+00 0.000000000000000000e+00 1.000000000000000056e-01 1.570796326794896558e+00 4.016633158695446118e+20 1.000000000000000000e+00 0.000000000000000000e+00 0.000000000000000000e+00 7.273999999999999355e-01 2.637999999999999790e-01 8.800000000000000530e-03 1.581614882225195652e+04
3.450000000000000000e+02 7.700000000000001137e+02 1.892713328611724719e+05 9.359999999999999432e-01 1.561884108730746679e+00 0.000000000000000000e+00 1.000000000000000056e-01 1.570796326794896558e+00 4.299766190047146803e+20 1.000000000000000000e+00 0.000000000000000000e+00 0.000000000000000000e+00 7.273999999999999355e-01 2.637999999999999790e-01 8.800000000000000530e-03 1.652235366341351255e+04
3.510000000000000000e+02 7.700000000000001137e+02 2.829359547230844037e+05 9.359999999999999432e-01 4.724704331074692787e-01 0.000000000000000000e+00 1.000000000000000056e-01 0.000000000000000000e+00 6.988763570474807460e+20 1.000000000000000000e+00 0.000000000000000000e+00 0.000000000000000000e+00 7.273999999999999355e-01 2.637999999999999790e-01 8.800000000000000530e-03 2.279053675302987904e+04
3.520000000000000000e+02 7.700000000000001137e+02 2.975137542052169447e+05 9.359999999999999432e-01 1.230974491282243788e+00 0.000000000000000000e+00 1.000000000000000056e-01 0.000000000000000000e+00 7.455529604654103265e+20 1.000000000000000000e+00 0.000000000000000000e+00 0.000000000000000000e+00 7.273999999999999355e-01 2.637999999999999790e-01 8.800000000000000530e-03 2.372518896893601050e+04
3.530000000000000000e+02 7.700000000000001137e+02 3.202549640260795131e+05 9.359999999999999432e-01 1.401580986977517984e+00 0.000000000000000000e+00 1.000000000000000056e-01 0.000000000000000000e+00 8.142413692385642414e+20 1.000000000000000000e+00 0.000000000000000000e+00 0.000000000000000000e+00 7.273999999999999355e-01 2.637999999999999790e-01 8.800000000000000530e-03 2.516522036780043345e+04
3.550000000000000000e+02 7.700000000000001137e+02 3.673311117248679511e+05 9.359999999999999432e-01 8.106900337694661340e-01 0.000000000000000000e+00 1.000000000000000056e-01 1.570796326794896558e+00 9.617675189274902528e+20 1.000000000000000000e+00 0.000000000000000000e+00 0.000000000000000000e+00 7.273999999999999355e-01 2.637999999999999790e-01 8.800000000000000530e-03 2.808343404348243712e+04
3.570000000000000000e+02 7.700000000000001137e+02 4.223230299156075343e+05 9.359999999999999432e-01 8.213825390772464541e-01 0.000000000000000000e+00 1.000000000000000056e-01 0.000000000000000000e+00 1.139387327272458256e+21 1.000000000000000000e+00 0.000000000000000000e+00 0.000000000000000000e+00 7.273999999999999355e-01 2.637999999999999790e-01 8.800000000000000530e-03 3.139929185146696909e+04
3.580000000000000000e+02 7.700000000000001137e+02 4.573685031561112846e+05 9.359999999999999432e-01 5.597025400955043528e-01 0.000000000000000000e+00 1.000000000000000056e-01 0.000000000000000000e+00 1.252792411478718153e+21 1.000000000000000000e+00 0.000000000000000000e+00 0.000000000000000000e+00 7.273999999999999355e-01 2.637999999999999790e-01 8.800000000000000530e-03 3.346702009322171943e+04
3.590000000000000000e+02 7.700000000000001137e+02 4.865741507282988750e+05 9.359999999999999432e-01 5.745723931348016844e-01 0.000000000000000000e+00 1.000000000000000056e-01 0.000000000000000000e+00 1.353359635738507870e+21 1.000000000000000000e+00 0.000000000000000000e+00 0.000000000000000000e+00 7.273999999999999355e-01 2.637999999999999790e-01 8.800000000000000530e-03 3.516602401335199829e+04
3.630000000000000000e+02 7.700000000000001137e+02 6.532182720812358893e+05 9.359999999999999432e-01 3.763458939767931888e-01 0.000000000000000000e+00 1.000000000000000056e-01 1.570796326794896558e+00 1.934487099628837405e+21 1.000000000000000000e+00 0.000000000000000000e+00 0.000000000000000000e+00 7.273999999999999355e-01 2.637999999999999790e-01 8.800000000000000530e-03 4.450929355552446941e+04
3.640000000000000000e+02 7.700000000000001137e+02 3.071003613802687032e+05 9.359999999999999432e-01 9.372013234794468461e-01 0.000000000000000000e+00 1.000000000000000056e-01 1.570796326794896558e+00 9.216597132817302815e+20 1.000000000000000000e+00 0.000000000000000000e+00 0.000000000000000000e+00 7.273999999999999355e-01 2.637999999999999790e-01 8.800000000000000530e-03 2.433482927295345144e+04
