# id_num orb_a mass spin spin_angle orb_inc orb_ecc orb_arg_periapse orb_ang_mom gen galaxy time_passed star_X star_Y star_Z radius
2.410000000000000000e+02 3.900293313535136974e+01 1.585740016081649856e+03 9.619999999999999662e-01 1.449723494558132764e+00 0.000000000000000000e+00 7.097603346516928591e-01 0.000000000000000000e+00 1.324774491661853184e+18 1.000000000000000000e+00 0.000000000000000000e+00 0.000000000000000000e+00 7.273999999999999355e-01 2.637999999999999790e-01 8.800000000000000530e-03 3.619655970648071843e+02
2.440000000000000000e+02 4.559225057848264129e+01 2.195096247617687368e+03 9.619999999999999662e-01 0.000000000000000000e+00 0.000000000000000000e+00 5.619873790521567880e-01 1.570796326794896558e+00 1.873601787069804288e+18 1.000000000000000000e+00 0.000000000000000000e+00 0.000000000000000000e+00 7.273999999999999355e-01 2.637999999999999790e-01 8.800000000000000530e-03 4.695096905088417998e+02
2.460000000000000000e+02 5.885111321537386431e+01 2.584287230584571262e+03 9.619999999999999662e-01 7.911091314417262321e-01 0.000000000000000000e+00 6.161957127963858111e-02 1.570796326794896558e+00 2.238013641096662784e+18 1.000000000000000000e+00 0.000000000000000000e+00 0.000000000000000000e+00 7.273999999999999355e-01 2.637999999999999790e-01 8.800000000000000530e-03 5.350006772898574354e+02
2.490000000000000000e+02 6.139821817097351442e+01 2.135036236209047274e+03 9.619999999999999662e-01 1.344904083551940799e+00 0.000000000000000000e+00 5.689980977127938322e-02 0.000000000000000000e+00 1.890394362336440832e+18 1.000000000000000000e+00 0.000000000000000000e+00 0.000000000000000000e+00 7.273999999999999355e-01 2.637999999999999790e-01 8.800000000000000530e-03 4.592042583559342006e+02
2.500000000000000000e+02 4.502771659447827091e+01 2.348560216451652650e+03 9.619999999999999662e-01 2.805837534053879923e-01 0.000000000000000000e+00 6.069942376750498969e-01 0.000000000000000000e+00 2.094656371598881024e+18 1.000000000000000000e+00 0.000000000000000000e+00 0.000000000000000000e+00 7.273999999999999355e-01 2.637999999999999790e-01 8.800000000000000530e-03 4.955906068168023921e+02
2.520000000000000000e+02 4.670742340032395390e+01 2.360123954200787011e+03 9.619999999999999662e-01 1.609098238368622313e+00 0.000000000000000000e+00 4.886984490705255091e-01 1.570796326794896558e+00 2.136232864373640448e+18 1.000000000000000000e+00 0.000000000000000000e+00 0.000000000000000000e+00 7.273999999999999355e-01 2.637999999999999790e-01 8.800000000000000530e-03 4.975417813500386615e+02
2.540000000000000000e+02 4.827539385400416450e+01 2.783168548601650400e+03 9.619999999999999662e-01 2.268717796433077361e-01 0.000000000000000000e+00 5.290022599049394314e-01 1.570796326794896558e+00 2.557639011696131072e+18 1.000000000000000000e+00 0.000000000000000000e+00 0.000000000000000000e+00 7.273999999999999355e-01 2.637999999999999790e-01 8.800000000000000530e-03 5.676927042426538037e+02
2.590000000000000000e+02 4.728816268313089921e+01 3.049404153849491195e+03 9.619999999999999662e-01 4.875671041620521229e-01 0.000000000000000000e+00 5.896023505868918102e-01 1.570796326794896558e+00 2.912397670172754944e+18 1.000000000000000000e+00 0.000000000000000000e+00 0.000000000000000000e+00 7.273999999999999355e-01 2.637999999999999790e-01 8.800000000000000530e-03 6.107362477507002723e+02
2.600000000000000000e+02 8.420490354692213941e+01 3.472952597629428510e+03 9.619999999999999662e-01 1.660111391708028572e+00 0.000000000000000000e+00 3.486057728654855248e-02 0.000000000000000000e+00 3.342638709031893504e+18 1.000000000000000000e+00 0.000000000000000000e+00 0.000000000000000000e+00 7.273999999999999355e-01 2.637999999999999790e-01 8.800000000000000530e-03 6.777051579390055167e+02
2.640000000000000000e+02 4.685818031073261380e+01 4.099826406519470765e+03 9.619999999999999662e-01 1.618173245410071126e-01 0.000000000000000000e+00 3.890493009202308783e-01 1.570796326794896558e+00 4.072854483560565760e+18 1.000000000000000000e+00 0.000000000000000000e+00 0.000000000000000000e+00 7.273999999999999355e-01 2.637999999999999790e-01 8.800000000000000530e-03 7.739164558132443972e+02
2.650000000000000000e+02 9.435910602841880745e+01 4.140424630264057669e+03 9.619999999999999662e-01 4.954683670755103408e-01 0.000000000000000000e+00 1.000000000000000056e-01 0.000000000000000000e+00 4.146474521394214912e+18 1.000000000000000000e+00 0.000000000000000000e+00 0.000000000000000000e+00 7.273999999999999355e-01 2.637999999999999790e-01 8.800000000000000530e-03 7.800413283975431114e+02
2.670000000000000000e+02 9.749058891526640025e+01 4.215421823349966871e+03 9.619999999999999662e-01 2.761092159860635831e-01 0.000000000000000000e+00 9.000000000000001055e-02 1.570796326794896558e+00 4.289009229694151680e+18 1.000000000000000000e+00 0.000000000000000000e+00 0.000000000000000000e+00 7.273999999999999355e-01 2.637999999999999790e-01 8.800000000000000530e-03 7.913243653717815960e+02
2.690000000000000000e+02 9.361386258842097163e+01 4.649121751534008581e+03 9.619999999999999662e-01 1.552904307976829656e+00 0.000000000000000000e+00 1.192278888980237775e-02 0.000000000000000000e+00 4.808275996082470912e+18 1.000000000000000000e+00 0.000000000000000000e+00 0.000000000000000000e+00 7.273999999999999355e-01 2.637999999999999790e-01 8.800000000000000530e-03 8.558121388401399372e+02
2.700000000000000000e+02 1.066429372891700638e+02 5.126128305987535896e+03 9.619999999999999662e-01 1.665743036765738871e+00 0.000000000000000000e+00 4.158557162901724280e-02 1.570796326794896558e+00 5.344645780234405888e+18 1.000000000000000000e+00 0.000000000000000000e+00 0.000000000000000000e+00 7.273999999999999355e-01 2.637999999999999790e-01 8.800000000000000530e-03 9.253654583871494879e+02
2.720000000000000000e+02 1.125790869082057242e+02 5.520255090732690405e+03 9.619999999999999662e-01 6.763763741334092305e-01 0.000000000000000000e+00 3.653976590590907181e-02 0.000000000000000000e+00 5.851379509221270528e+18 1.000000000000000000e+00 0.000000000000000000e+00 0.000000000000000000e+00 7.273999999999999355e-01 2.637999999999999790e-01 8.800000000000000530e-03 9.818587709424209606e+02
2.730000000000000000e+02 1.036132755234318239e+02 5.556935036835210667e+03 9.619999999999999662e-01 5.312108501681064299e-01 0.000000000000000000e+00 1.489959486075073669e-02 0.000000000000000000e+00 5.940112286945713152e+18 1.000000000000000000e+00 0.000000000000000000e+00 0.000000000000000000e+00 7.273999999999999355e-01 2.637999999999999790e-01 8.800000000000000530e-03 9.870745675789571578e+02
2.740000000000000000e+02 5.809153886447472814e+01 5.971879366182809463e+03 9.619999999999999662e-01 1.640224447724977219e-01 0.000000000000000000e+00 3.737128049332923418e-01 1.570796326794896558e+00 6.436841557108702208e+18 1.000000000000000000e+00 0.000000000000000000e+00 0.000000000000000000e+00 7.273999999999999355e-01 2.637999999999999790e-01 8.800000000000000530e-03 1.045611924646771513e+03
2.780000000000000000e+02 6.732695246277874901e+01 6.827604065406091649e+03 9.619999999999999662e-01 1.638152205261759198e+00 0.000000000000000000e+00 2.621040881353684307e-02 1.570796326794896558e+00 7.612997406892258304e+18 1.000000000000000000e+00 0.000000000000000000e+00 0.000000000000000000e+00 7.273999999999999355e-01 2.637999999999999790e-01 8.800000000000000530e-03 1.163848280126105237e+03
2.790000000000000000e+02 1.176594970451576927e+02 7.396637393411347148e+03 9.619999999999999662e-01 3.630404146586614367e-01 0.000000000000000000e+00 9.000000000000001055e-02 1.570796326794896558e+00 8.317780657229594624e+18 1.000000000000000000e+00 0.000000000000000000e+00 0.000000000000000000e+00 7.273999999999999355e-01 2.637999999999999790e-01 8.800000000000000530e-03 1.240821098538848901e+03
2.810000000000000000e+02 1.160548716856275036e+02 7.460700519399273617e+03 9.619999999999999662e-01 1.604176435058954908e+00 0.000000000000000000e+00 2.840535408613576590e-02 0.000000000000000000e+00 8.537045928728750080e+18 1.000000000000000000e+00 0.000000000000000000e+00 0.000000000000000000e+00 7.273999999999999355e-01 2.637999999999999790e-01 8.800000000000000530e-03 1.249411193044471702e+03
2.820000000000000000e+02 1.270208141333451124e+02 7.791182915057274840e+03 9.619999999999999662e-01 3.020698883756751107e-01 0.000000000000000000e+00 9.000000000000001055e-02 1.570796326794896558e+00 8.994184996370433024e+18 1.000000000000000000e+00 0.000000000000000000e+00 0.000000000000000000e+00 7.273999999999999355e-01 2.637999999999999790e-01 8.800000000000000530e-03 1.293494024830998114e+03
2.870000000000000000e+02 1.288150740207358069e+02 1.015505450136066611e+04 9.619999999999999662e-01 1.438733250894511650e+00 0.000000000000000000e+00 9.000000000000001055e-02 1.570796326794896558e+00 1.225393240401743667e+19 1.000000000000000000e+00 0.000000000000000000e+00 0.000000000000000000e+00 7.273999999999999355e-01 2.637999999999999790e-01 8.800000000000000530e-03 1.598922865980257939e+03
2.880000000000000000e+02 1.413239218792315057e+02 9.976403267977715586e+03 9.619999999999999662e-01 3.964150430854606055e-01 0.000000000000000000e+00 1.150442085067233770e-02 0.000000000000000000e+00 1.214867918064557670e+19 1.000000000000000000e+00 0.000000000000000000e+00 0.000000000000000000e+00 7.273999999999999355e-01 2.637999999999999790e-01 8.800000000000000530e-03 1.576379952994089081e+03
2.930000000000000000e+02 1.446681505694552641e+02 1.254212897324805635e+04 9.619999999999999662e-01 1.995690624353290699e-01 0.000000000000000000e+00 4.485420215251615522e-02 1.570796326794896558e+00 1.599547325061125325e+19 1.000000000000000000e+00 0.000000000000000000e+00 0.000000000000000000e+00 7.273999999999999355e-01 2.637999999999999790e-01 8.800000000000000530e-03 1.893122496731779393e+03
2.970000000000000000e+02 1.352330455331128860e+02 1.455868588771011855e+04 9.619999999999999662e-01 1.427713183410913578e+00 0.000000000000000000e+00 1.264673831040692524e-02 0.000000000000000000e+00 1.928338971572162970e+19 1.000000000000000000e+00 0.000000000000000000e+00 0.000000000000000000e+00 7.273999999999999355e-01 2.637999999999999790e-01 8.800000000000000530e-03 2.132943970449106473e+03
2.990000000000000000e+02 1.436719059071031666e+02 1.590465192243181082e+04 9.619999999999999662e-01 1.016296126591811788e+00 0.000000000000000000e+00 1.912025028497088205e-02 1.570796326794896558e+00 2.147492647983983821e+19 1.000000000000000000e+00 0.000000000000000000e+00 0.000000000000000000e+00 7.273999999999999355e-01 2.637999999999999790e-01 8.800000000000000530e-03 2.289291214507978111e+03
3.000000000000000000e+02 1.567275921243632695e+02 1.607428018757799146e+04 9.619999999999999662e-01 1.123194132148970903e+00 0.000000000000000000e+00 5.021212187316730080e-02 0.000000000000000000e+00 2.192018060735310234e+19 1.000000000000000000e+00 0.000000000000000000e+00 0.000000000000000000e+00 7.273999999999999355e-01 2.637999999999999790e-01 8.800000000000000530e-03 2.308803296416493595e+03
3.020000000000000000e+02 1.390967120562412163e+02 1.905480726020316797e+04 9.619999999999999662e-01 7.661411754604237068e-01 0.000000000000000000e+00 4.110293888129240569e-02 0.000000000000000000e+00 2.649485594980058726e+19 1.000000000000000000e+00 0.000000000000000000e+00 0.000000000000000000e+00 7.273999999999999355e-01 2.637999999999999790e-01 8.800000000000000530e-03 2.645363486001233923e+03
3.030000000000000000e+02 1.908466182630872936e+02 1.931209336731755320e+04 9.619999999999999662e-01 4.003674967918788297e-01 0.000000000000000000e+00 1.575823599098683317e-02 0.000000000000000000e+00 2.712056723867902771e+19 1.000000000000000000e+00 0.000000000000000000e+00 0.000000000000000000e+00 7.273999999999999355e-01 2.637999999999999790e-01 8.800000000000000530e-03 2.673900167382895688e+03
3.050000000000000000e+02 2.711267823506145760e+02 2.156939448746669223e+04 9.619999999999999662e-01 1.025302931505388093e+00 0.000000000000000000e+00 9.000000000000001055e-02 1.570796326794896558e+00 3.090766264537463194e+19 1.000000000000000000e+00 0.000000000000000000e+00 0.000000000000000000e+00 7.273999999999999355e-01 2.637999999999999790e-01 8.800000000000000530e-03 2.921137965658732355e+03
3.060000000000000000e+02 1.799112951849733122e+02 2.220660429194554672e+04 9.619999999999999662e-01 1.528937029915995893e+00 0.000000000000000000e+00 1.000000000000000056e-01 1.570796326794896558e+00 3.214668653827501670e+19 1.000000000000000000e+00 0.000000000000000000e+00 0.000000000000000000e+00 7.273999999999999355e-01 2.637999999999999790e-01 8.800000000000000530e-03 2.989974121700435262e+03
3.070000000000000000e+02 1.921894017714557208e+02 2.307048638739839589e+04 9.619999999999999662e-01 1.301999280362228006e+00 0.000000000000000000e+00 1.141159141055159316e-02 0.000000000000000000e+00 3.373884572851496141e+19 1.000000000000000000e+00 0.000000000000000000e+00 0.000000000000000000e+00 7.273999999999999355e-01 2.637999999999999790e-01 8.800000000000000530e-03 3.082670504595695093e+03
3.080000000000000000e+02 1.745022619154043184e+02 2.545739552179776729e+04 9.639999999999999680e-01 1.396068885826883932e+00 0.000000000000000000e+00 3.560104366704006096e-02 0.000000000000000000e+00 3.761003659778375680e+19 1.000000000000000000e+00 0.000000000000000000e+00 0.000000000000000000e+00 7.273999999999999355e-01 2.637999999999999790e-01 8.800000000000000530e-03 3.335284479830804685e+03
3.100000000000000000e+02 1.542354424268896764e+02 2.764982534018130900e+04 9.619999999999999662e-01 1.714497838590255951e-01 0.000000000000000000e+00 9.000000000000001055e-02 1.570796326794896558e+00 4.170356260733456384e+19 1.000000000000000000e+00 0.000000000000000000e+00 0.000000000000000000e+00 7.273999999999999355e-01 2.637999999999999790e-01 8.800000000000000530e-03 3.563162428365924825e+03
3.120000000000000000e+02 1.513141420685160767e+02 3.003355141054321939e+04 9.619999999999999662e-01 7.540419931382463803e-01 0.000000000000000000e+00 9.000000000000001055e-02 0.000000000000000000e+00 4.625760399920195994e+19 1.000000000000000000e+00 0.000000000000000000e+00 0.000000000000000000e+00 7.273999999999999355e-01 2.637999999999999790e-01 8.800000000000000530e-03 3.806861338173073364e+03
3.140000000000000000e+02 2.341871014011287286e+02 3.361678716701790108e+04 9.619999999999999662e-01 3.382203131222887293e-01 0.000000000000000000e+00 1.000000000000000056e-01 1.570796326794896558e+00 5.289718654323045990e+19 1.000000000000000000e+00 0.000000000000000000e+00 0.000000000000000000e+00 7.273999999999999355e-01 2.637999999999999790e-01 8.800000000000000530e-03 4.166071029151155017e+03
3.160000000000000000e+02 1.981844016288372643e+02 3.695032230602337950e+04 9.619999999999999662e-01 8.069129225892882618e-01 0.000000000000000000e+00 1.000000000000000056e-01 0.000000000000000000e+00 5.940363618738896896e+19 1.000000000000000000e+00 0.000000000000000000e+00 0.000000000000000000e+00 7.273999999999999355e-01 2.637999999999999790e-01 8.800000000000000530e-03 4.493412522207338043e+03
3.180000000000000000e+02 2.143281004359350561e+02 4.168029489809842198e+04 9.619999999999999662e-01 5.890857064267257526e-01 0.000000000000000000e+00 8.100000000000001643e-02 1.570796326794896558e+00 6.849848766724644864e+19 1.000000000000000000e+00 0.000000000000000000e+00 0.000000000000000000e+00 7.273999999999999355e-01 2.637999999999999790e-01 8.800000000000000530e-03 4.947961741428216556e+03
3.190000000000000000e+02 1.806251700883092326e+02 4.231915921433419862e+04 9.619999999999999662e-01 9.907735458748676560e-01 0.000000000000000000e+00 1.000000000000000056e-01 0.000000000000000000e+00 7.031403298798998323e+19 1.000000000000000000e+00 0.000000000000000000e+00 0.000000000000000000e+00 7.273999999999999355e-01 2.637999999999999790e-01 8.800000000000000530e-03 5.008542127407532462e+03
3.210000000000000000e+02 3.247382880850600486e+02 4.579696772098853398e+04 9.619999999999999662e-01 1.273445060247482052e+00 0.000000000000000000e+00 9.000000000000001055e-02 0.000000000000000000e+00 7.781038471578758349e+19 1.000000000000000000e+00 0.000000000000000000e+00 0.000000000000000000e+00 7.273999999999999355e-01 2.637999999999999790e-01 8.800000000000000530e-03 5.335204681309547595e+03
3.220000000000000000e+02 2.287590622837056173e+02 5.007562484465025045e+04 9.619999999999999662e-01 8.406152700340636663e-01 0.000000000000000000e+00 9.000000000000001055e-02 1.570796326794896558e+00 8.604478281952216678e+19 1.000000000000000000e+00 0.000000000000000000e+00 0.000000000000000000e+00 7.273999999999999355e-01 2.637999999999999790e-01 8.800000000000000530e-03 5.730371895925455647e+03
3.260000000000000000e+02 3.006413117150111134e+02 6.215215926508396660e+04 9.619999999999999662e-01 6.189422373378377085e-01 0.000000000000000000e+00 9.000000000000001055e-02 1.570796326794896558e+00 1.118326201492138066e+20 1.000000000000000000e+00 0.000000000000000000e+00 0.000000000000000000e+00 7.273999999999999355e-01 2.637999999999999790e-01 8.800000000000000530e-03 6.811561522447299467e+03
3.270000000000000000e+02 2.653103251524331085e+02 6.451655947939086764e+04 9.619999999999999662e-01 3.672032537996925972e-01 0.000000000000000000e+00 1.000000000000000056e-01 0.000000000000000000e+00 1.174483578130549637e+20 1.000000000000000000e+00 0.000000000000000000e+00 0.000000000000000000e+00 7.273999999999999355e-01 2.637999999999999790e-01 8.800000000000000530e-03 7.018085680581271845e+03
3.290000000000000000e+02 1.960222943018260366e+02 7.456836694048230129e+04 9.619999999999999662e-01 6.085581455146387153e-01 0.000000000000000000e+00 9.000000000000001055e-02 0.000000000000000000e+00 1.390216529337993298e+20 1.000000000000000000e+00 0.000000000000000000e+00 0.000000000000000000e+00 7.273999999999999355e-01 2.637999999999999790e-01 8.800000000000000530e-03 7.879985387644381262e+03
3.300000000000000000e+02 6.781227602432745698e+02 7.667389108956203563e+04 9.619999999999999662e-01 6.546099490854746517e-01 0.000000000000000000e+00 9.000000000000001055e-02 0.000000000000000000e+00 1.446523876194910863e+20 1.000000000000000000e+00 0.000000000000000000e+00 0.000000000000000000e+00 7.273999999999999355e-01 2.637999999999999790e-01 8.800000000000000530e-03 8.057488779382762914e+03
3.310000000000000000e+02 2.910120439216449881e+02 8.007229246540392342e+04 9.619999999999999662e-01 1.578662401585685382e+00 0.000000000000000000e+00 9.000000000000001055e-02 1.570796326794896558e+00 1.529142810294447309e+20 1.000000000000000000e+00 0.000000000000000000e+00 0.000000000000000000e+00 7.273999999999999355e-01 2.637999999999999790e-01 8.800000000000000530e-03 8.341948733404473387e+03
3.320000000000000000e+02 1.761513019031998226e+02 8.551467621692044486e+04 9.619999999999999662e-01 7.958968800281513989e-01 0.000000000000000000e+00 2.287679245496101327e-02 1.570796326794896558e+00 1.652822150604513608e+20 1.000000000000000000e+00 0.000000000000000000e+00 0.000000000000000000e+00 7.273999999999999355e-01 2.637999999999999790e-01 8.800000000000000530e-03 8.792537536452142376e+03
3.390000000000000000e+02 7.700000000000001137e+02 1.315090264491799753e+05 9.619999999999999662e-01 6.614717109359893321e-01 0.000000000000000000e+00 1.000000000000000056e-01 0.000000000000000000e+00 2.775922759542879355e+20 1.000000000000000000e+00 0.000000000000000000e+00 0.000000000000000000e+00 7.273999999999999355e-01 2.637999999999999790e-01 8.800000000000000530e-03 1.240641077965286058e+04
3.400000000000000000e+02 7.700000000000001137e+02 1.396773476199044671e+05 9.619999999999999662e-01 1.295883378274654163e+00 0.000000000000000000e+00 1.000000000000000056e-01 1.570796326794896558e+00 2.986689520088160666e+20 1.000000000000000000e+00 0.000000000000000000e+00 0.000000000000000000e+00 7.273999999999999355e-01 2.637999999999999790e-01 8.800000000000000530e-03 1.301914578284875279e+04
3.420000000000000000e+02 7.700000000000001137e+02 1.577053064215077902e+05 9.619999999999999662e-01 1.406856218895674360e+00 0.000000000000000000e+00 1.000000000000000056e-01 1.570796326794896558e+00 3.461968165056911114e+20 1.000000000000000000e+00 0.000000000000000000e+00 0.000000000000000000e+00 7.273999999999999355e-01 2.637999999999999790e-01 8.800000000000000530e-03 1.434692248162936812e+04
3.440000000000000000e+02 7.700000000000001137e+02 1.742911504258408386e+05 9.619999999999999662e-01 1.209516297056431489e+00 0.000000000000000000e+00 1.000000000000000056e-01 0.000000000000000000e+00 3.929430761143390700e+20 1.000000000000000000e+00 0.000000000000000000e+00 0.000000000000000000e+00 7.273999999999999355e-01 2.637999999999999790e-01 8.800000000000000530e-03 1.554182361079152179e+04
3.460000000000000000e+02 7.700000000000001137e+02 2.008726038987038773e+05 9.619999999999999662e-01 1.658014189621541679e+00 0.000000000000000000e+00 1.000000000000000056e-01 0.000000000000000000e+00 4.653965880378558382e+20 1.000000000000000000e+00 0.000000000000000000e+00 0.000000000000000000e+00 7.273999999999999355e-01 2.637999999999999790e-01 8.800000000000000530e-03 1.741078184767016501e+04
3.490000000000000000e+02 7.700000000000001137e+02 2.445193972699617152e+05 9.619999999999999662e-01 3.832233011377699228e-01 0.000000000000000000e+00 1.000000000000000056e-01 0.000000000000000000e+00 5.905952465858972877e+20 1.000000000000000000e+00 0.000000000000000000e+00 0.000000000000000000e+00 7.273999999999999355e-01 2.637999999999999790e-01 8.800000000000000530e-03 2.037663000898503014e+04
3.530000000000000000e+02 7.700000000000001137e+02 3.183692111287345761e+05 9.619999999999999662e-01 8.472816952004399438e-01 0.000000000000000000e+00 1.000000000000000056e-01 1.570796326794896558e+00 8.143153585468078817e+20 1.000000000000000000e+00 0.000000000000000000e+00 0.000000000000000000e+00 7.273999999999999355e-01 2.637999999999999790e-01 8.800000000000000530e-03 2.516671642321310719e+04
3.550000000000000000e+02 7.700000000000001137e+02 3.654178512439699261e+05 9.619999999999999662e-01 4.481880260829163576e-01 0.000000000000000000e+00 1.000000000000000056e-01 1.570796326794896558e+00 9.624744119441719296e+20 1.000000000000000000e+00 0.000000000000000000e+00 0.000000000000000000e+00 7.273999999999999355e-01 2.637999999999999790e-01 8.800000000000000530e-03 2.810046548731415896e+04
3.570000000000000000e+02 7.700000000000001137e+02 4.226164577469881042e+05 9.619999999999999662e-01 0.000000000000000000e+00 0.000000000000000000e+00 1.000000000000000056e-01 1.570796326794896558e+00 1.146991619326255301e+21 1.000000000000000000e+00 0.000000000000000000e+00 0.000000000000000000e+00 7.273999999999999355e-01 2.637999999999999790e-01 8.800000000000000530e-03 3.156740127707969077e+04
3.590000000000000000e+02 7.700000000000001137e+02 4.867989266297289287e+05 9.619999999999999662e-01 1.466132471907533263e+00 0.000000000000000000e+00 1.000000000000000056e-01 0.000000000000000000e+00 1.362080222042991100e+21 1.000000000000000000e+00 0.000000000000000000e+00 0.000000000000000000e+00 7.273999999999999355e-01 2.637999999999999790e-01 8.800000000000000530e-03 3.534771917806578858e+04
3.610000000000000000e+02 7.700000000000001137e+02 5.603213073624187382e+05 9.619999999999999662e-01 3.378303293853950340e-01 0.000000000000000000e+00 1.000000000000000056e-01 0.000000000000000000e+00 1.617302258056302166e+21 1.000000000000000000e+00 0.000000000000000000e+00 0.000000000000000000e+00 7.273999999999999355e-01 2.637999999999999790e-01 8.800000000000000530e-03 3.955773499053770502e+04
3.630000000000000000e+02 7.700000000000001137e+02 6.491294654926849762e+05 9.619999999999999662e-01 1.256710912861216167e+00 0.000000000000000000e+00 1.000000000000000056e-01 0.000000000000000000e+00 1.933815692751370977e+21 1.000000000000000000e+00 0.000000000000000000e+00 0.000000000000000000e+00 7.273999999999999355e-01 2.637999999999999790e-01 8.800000000000000530e-03 4.449864277708145528e+04
3.640000000000000000e+02 7.700000000000001137e+02 3.048748190579865477e+05 9.619999999999999662e-01 1.221451770345488796e+00 0.000000000000000000e+00 1.000000000000000056e-01 0.000000000000000000e+00 9.204797701970254889e+20 1.000000000000000000e+00 0.000000000000000000e+00 0.000000000000000000e+00 7.273999999999999355e-01 2.637999999999999790e-01 8.800000000000000530e-03 2.430966370526574610e+04
