# id_num orb_a mass spin spin_angle orb_inc orb_ecc orb_arg_periapse orb_ang_mom gen galaxy time_passed star_X star_Y star_Z radius
2.380000000000000000e+02 4.263636820408042638e+01 1.514965531931419946e+03 9.279999999999999361e-01 1.926342086362343275e+00 0.000000000000000000e+00 2.492783230983083298e-01 1.570796326794896558e+00 1.229857576602432512e+18 1.000000000000000000e+00 0.000000000000000000e+00 0.000000000000000000e+00 7.273999999999999355e-01 2.637999999999999790e-01 8.800000000000000530e-03 3.468062869448490915e+02
2.390000000000000000e+02 5.392951428966208738e+01 1.700029170855939128e+03 9.279999999999999361e-01 1.474751782711398507e+00 0.000000000000000000e+00 1.464779879705047951e-02 1.570796326794896558e+00 1.389866799524586752e+18 1.000000000000000000e+00 0.000000000000000000e+00 0.000000000000000000e+00 7.273999999999999355e-01 2.637999999999999790e-01 8.800000000000000530e-03 3.803030943026518571e+02
2.410000000000000000e+02 5.618361471888477610e+01 1.992665569646673703e+03 9.279999999999999361e-01 1.929691191971286690e+00 0.000000000000000000e+00 4.755730755214832017e-02 0.000000000000000000e+00 1.651904242697628160e+18 1.000000000000000000e+00 0.000000000000000000e+00 0.000000000000000000e+00 7.273999999999999355e-01 2.637999999999999790e-01 8.800000000000000530e-03 4.318294863993048693e+02
2.430000000000000000e+02 6.367487733209051015e+01 1.850389967175830407e+03 9.279999999999999361e-01 7.815664672439045502e-01 0.000000000000000000e+00 7.937710871437249349e-02 0.000000000000000000e+00 1.555647054134946048e+18 1.000000000000000000e+00 0.000000000000000000e+00 0.000000000000000000e+00 7.273999999999999355e-01 2.637999999999999790e-01 8.800000000000000530e-03 4.069821598303913106e+02
2.440000000000000000e+02 4.189611384242616055e+01 2.178117524869593126e+03 9.279999999999999361e-01 7.941427924845952946e-01 0.000000000000000000e+00 4.603984125006702066e-01 0.000000000000000000e+00 1.845156611213053696e+18 1.000000000000000000e+00 0.000000000000000000e+00 0.000000000000000000e+00 7.273999999999999355e-01 2.637999999999999790e-01 8.800000000000000530e-03 4.636922183578323597e+02
2.450000000000000000e+02 4.239835037506712467e+01 2.001045806732667870e+03 9.279999999999999361e-01 1.245998437237775924e+00 0.000000000000000000e+00 6.453240155314128312e-01 1.570796326794896558e+00 1.707168653079629824e+18 1.000000000000000000e+00 0.000000000000000000e+00 0.000000000000000000e+00 7.273999999999999355e-01 2.637999999999999790e-01 8.800000000000000530e-03 4.332817377638364746e+02
2.460000000000000000e+02 4.309971213583124694e+01 1.883082250956814050e+03 9.279999999999999361e-01 1.205753733373079672e+00 0.000000000000000000e+00 6.260461309218839920e-01 0.000000000000000000e+00 1.618648425466981376e+18 1.000000000000000000e+00 0.000000000000000000e+00 0.000000000000000000e+00 7.273999999999999355e-01 2.637999999999999790e-01 8.800000000000000530e-03 4.127244449649188027e+02
2.480000000000000000e+02 4.974996235337400918e+01 1.958342625233627587e+03 9.279999999999999361e-01 1.854242189462630419e+00 0.000000000000000000e+00 5.267139849493068793e-01 1.570796326794896558e+00 1.708294081052883456e+18 1.000000000000000000e+00 0.000000000000000000e+00 0.000000000000000000e+00 7.273999999999999355e-01 2.637999999999999790e-01 8.800000000000000530e-03 4.258686801152932730e+02
2.510000000000000000e+02 4.774619685393363255e+01 2.928685377305549537e+03 9.279999999999999361e-01 5.977173160644003724e-01 0.000000000000000000e+00 5.603105428955131861e-01 0.000000000000000000e+00 2.610811330558830080e+18 1.000000000000000000e+00 0.000000000000000000e+00 0.000000000000000000e+00 7.273999999999999355e-01 2.637999999999999790e-01 8.800000000000000530e-03 5.876286141200390603e+02
2.520000000000000000e+02 6.282459440675819451e+01 2.829358885083356654e+03 9.279999999999999361e-01 5.739059743360498400e-01 0.000000000000000000e+00 3.030979176710081949e-02 1.570796326794896558e+00 2.542087351414392320e+18 1.000000000000000000e+00 0.000000000000000000e+00 0.000000000000000000e+00 7.273999999999999355e-01 2.637999999999999790e-01 8.800000000000000530e-03 5.716302338803291150e+02
2.530000000000000000e+02 4.961160395897270803e+01 2.681906479080080771e+03 9.279999999999999361e-01 1.494247466435809857e+00 0.000000000000000000e+00 4.193514102674547050e-01 1.570796326794896558e+00 2.428321353383220736e+18 1.000000000000000000e+00 0.000000000000000000e+00 0.000000000000000000e+00 7.273999999999999355e-01 2.637999999999999790e-01 8.800000000000000530e-03 5.476708975959001009e+02
2.580000000000000000e+02 4.920690209493213985e+01 3.530744366619116590e+03 9.279999999999999361e-01 1.730800858011055432e+00 0.000000000000000000e+00 3.766679459434531529e-01 1.570796326794896558e+00 3.320101500941035520e+18 1.000000000000000000e+00 0.000000000000000000e+00 0.000000000000000000e+00 7.273999999999999355e-01 2.637999999999999790e-01 8.800000000000000530e-03 6.824294809754256903e+02
2.590000000000000000e+02 7.318152442116026180e+01 2.923427346748380842e+03 9.279999999999999361e-01 1.804176496793881368e+00 0.000000000000000000e+00 2.339304210735295222e-02 1.570796326794896558e+00 2.770779151463717376e+18 1.000000000000000000e+00 0.000000000000000000e+00 0.000000000000000000e+00 7.273999999999999355e-01 2.637999999999999790e-01 8.800000000000000530e-03 5.867844608066519640e+02
2.620000000000000000e+02 7.752629761484612914e+01 3.850283404463583338e+03 9.279999999999999361e-01 1.448504549140974706e+00 0.000000000000000000e+00 1.174083491751000061e-02 0.000000000000000000e+00 3.735187958730509824e+18 1.000000000000000000e+00 0.000000000000000000e+00 0.000000000000000000e+00 7.273999999999999355e-01 2.637999999999999790e-01 8.800000000000000530e-03 7.314066727257644516e+02
2.670000000000000000e+02 9.951970798448004984e+01 4.446087846814325530e+03 9.279999999999999361e-01 1.575176617259389067e+00 0.000000000000000000e+00 9.000000000000001055e-02 0.000000000000000000e+00 4.489489166504775680e+18 1.000000000000000000e+00 0.000000000000000000e+00 0.000000000000000000e+00 7.273999999999999355e-01 2.637999999999999790e-01 8.800000000000000530e-03 8.206296261225687658e+02
2.680000000000000000e+02 1.012933637389090080e+02 4.390769044952024160e+03 9.279999999999999361e-01 9.508461336336440084e-01 0.000000000000000000e+00 9.000000000000001055e-02 0.000000000000000000e+00 4.468628323401953280e+18 1.000000000000000000e+00 0.000000000000000000e+00 0.000000000000000000e+00 7.273999999999999355e-01 2.637999999999999790e-01 8.800000000000000530e-03 8.124511078564654554e+02
2.690000000000000000e+02 1.039526296504457434e+02 4.346604529127305796e+03 9.279999999999999361e-01 9.118691883763589967e-01 0.000000000000000000e+00 1.003362397111440610e-02 0.000000000000000000e+00 4.459787824657617408e+18 1.000000000000000000e+00 0.000000000000000000e+00 0.000000000000000000e+00 7.273999999999999355e-01 2.637999999999999790e-01 8.800000000000000530e-03 8.059068789345823234e+02
2.700000000000000000e+02 7.635659644272220703e+01 4.918321931089732061e+03 9.279999999999999361e-01 9.155189914249574068e-01 0.000000000000000000e+00 1.354948025584427201e-02 1.570796326794896558e+00 5.089216109251573760e+18 1.000000000000000000e+00 0.000000000000000000e+00 0.000000000000000000e+00 7.273999999999999355e-01 2.637999999999999790e-01 8.800000000000000530e-03 8.896482361465476743e+02
2.710000000000000000e+02 1.111857231175590925e+02 5.005688947968187676e+03 9.279999999999999361e-01 1.625955830091563969e+00 0.000000000000000000e+00 9.000000000000001055e-02 0.000000000000000000e+00 5.222154288350103552e+18 1.000000000000000000e+00 0.000000000000000000e+00 0.000000000000000000e+00 7.273999999999999355e-01 2.637999999999999790e-01 8.800000000000000530e-03 9.022686080618035476e+02
2.770000000000000000e+02 1.069884243489417912e+02 6.814117498161910589e+03 9.279999999999999361e-01 6.595705952335270128e-01 0.000000000000000000e+00 9.000000000000001055e-02 0.000000000000000000e+00 7.473832120968388608e+18 1.000000000000000000e+00 0.000000000000000000e+00 0.000000000000000000e+00 7.273999999999999355e-01 2.637999999999999790e-01 8.800000000000000530e-03 1.154761921768624461e+03
2.780000000000000000e+02 9.820856655999263296e+01 6.868009943723569450e+03 9.299999999999999378e-01 1.306781149792823671e+00 0.000000000000000000e+00 1.038946795125830769e-02 0.000000000000000000e+00 7.597739580824471552e+18 1.000000000000000000e+00 0.000000000000000000e+00 0.000000000000000000e+00 7.273999999999999355e-01 2.637999999999999790e-01 8.800000000000000530e-03 1.162062515501840835e+03
2.790000000000000000e+02 1.085224518706621950e+02 7.020036691086489554e+03 9.279999999999999361e-01 1.887248789263729520e+00 0.000000000000000000e+00 1.255488051651592989e-02 1.570796326794896558e+00 7.832736150373936128e+18 1.000000000000000000e+00 0.000000000000000000e+00 0.000000000000000000e+00 7.273999999999999355e-01 2.637999999999999790e-01 8.800000000000000530e-03 1.182595619112099257e+03
2.810000000000000000e+02 1.177713061091889841e+02 7.728983154070743694e+03 9.299999999999999378e-01 8.416390913900739790e-01 0.000000000000000000e+00 8.100000000000001643e-02 0.000000000000000000e+00 8.774364927229447168e+18 1.000000000000000000e+00 0.000000000000000000e+00 0.000000000000000000e+00 7.273999999999999355e-01 2.637999999999999790e-01 8.800000000000000530e-03 1.277210995696608734e+03
2.880000000000000000e+02 1.200216717394692125e+02 1.015410860643524211e+04 9.299999999999999378e-01 5.920826263618855778e-01 0.000000000000000000e+00 4.907318621080455912e-02 0.000000000000000000e+00 1.227149377584406733e+19 1.000000000000000000e+00 0.000000000000000000e+00 0.000000000000000000e+00 7.273999999999999355e-01 2.637999999999999790e-01 8.800000000000000530e-03 1.588832824645543042e+03
2.890000000000000000e+02 1.459380557451836466e+02 1.022701161060178129e+04 9.279999999999999361e-01 1.190305884148171733e+00 0.000000000000000000e+00 1.000000000000000056e-01 1.570796326794896558e+00 1.247108178408002765e+19 1.000000000000000000e+00 0.000000000000000000e+00 0.000000000000000000e+00 7.273999999999999355e-01 2.637999999999999790e-01 8.800000000000000530e-03 1.597952109535524642e+03
2.900000000000000000e+02 1.266521885767024997e+02 1.032268024588347907e+04 9.279999999999999361e-01 1.541958058755962035e+00 0.000000000000000000e+00 3.020956278032306888e-02 1.570796326794896558e+00 1.270363456826296320e+19 1.000000000000000000e+00 0.000000000000000000e+00 0.000000000000000000e+00 7.273999999999999355e-01 2.637999999999999790e-01 8.800000000000000530e-03 1.609899405951994368e+03
2.910000000000000000e+02 1.369545482990876337e+02 1.209326292098898739e+04 9.299999999999999378e-01 1.194713964565991882e+00 0.000000000000000000e+00 2.077471130422994458e-02 1.570796326794896558e+00 1.502248601586991718e+19 1.000000000000000000e+00 0.000000000000000000e+00 0.000000000000000000e+00 7.273999999999999355e-01 2.637999999999999790e-01 8.800000000000000530e-03 1.827256671570082972e+03
2.920000000000000000e+02 1.684899722597604352e+02 1.170300729837937251e+04 9.279999999999999361e-01 1.814034388415501242e+00 0.000000000000000000e+00 2.010854501787802395e-02 1.570796326794896558e+00 1.467313478008226816e+19 1.000000000000000000e+00 0.000000000000000000e+00 0.000000000000000000e+00 7.273999999999999355e-01 2.637999999999999790e-01 8.800000000000000530e-03 1.779929253810909358e+03
2.930000000000000000e+02 1.579629585212941265e+02 1.344553702471349061e+04 9.279999999999999361e-01 1.569833400606911455e+00 0.000000000000000000e+00 1.091939876602049907e-02 1.570796326794896558e+00 1.701563688644892672e+19 1.000000000000000000e+00 0.000000000000000000e+00 0.000000000000000000e+00 7.273999999999999355e-01 2.637999999999999790e-01 8.800000000000000530e-03 1.988965648952740594e+03
2.950000000000000000e+02 1.653673876506610156e+02 1.381607002006456059e+04 9.279999999999999361e-01 1.440074724761192249e+00 0.000000000000000000e+00 3.381134797625951621e-02 0.000000000000000000e+00 1.781506379599138611e+19 1.000000000000000000e+00 0.000000000000000000e+00 0.000000000000000000e+00 7.273999999999999355e-01 2.637999999999999790e-01 8.800000000000000530e-03 2.032695757189174628e+03
2.960000000000000000e+02 1.830724551636948831e+02 1.444537479729136248e+04 9.279999999999999361e-01 1.446159042247166182e+00 0.000000000000000000e+00 5.529241373994760178e-02 0.000000000000000000e+00 1.880348009412040294e+19 1.000000000000000000e+00 0.000000000000000000e+00 0.000000000000000000e+00 7.273999999999999355e-01 2.637999999999999790e-01 8.800000000000000530e-03 2.106433784977180949e+03
2.980000000000000000e+02 1.649413824622909601e+02 1.556188208837140701e+04 9.299999999999999378e-01 1.101403646929908442e+00 0.000000000000000000e+00 3.304815509155788894e-02 0.000000000000000000e+00 2.065167416561808998e+19 1.000000000000000000e+00 0.000000000000000000e+00 0.000000000000000000e+00 7.273999999999999355e-01 2.637999999999999790e-01 8.800000000000000530e-03 2.235704785938854911e+03
3.000000000000000000e+02 2.083184562775722100e+02 1.684267695607517089e+04 9.279999999999999361e-01 1.138753270830867415e+00 0.000000000000000000e+00 1.000000000000000056e-01 1.570796326794896558e+00 2.279064763694873395e+19 1.000000000000000000e+00 0.000000000000000000e+00 0.000000000000000000e+00 7.273999999999999355e-01 2.637999999999999790e-01 8.800000000000000530e-03 2.381736187922602767e+03
3.030000000000000000e+02 1.737145447986022475e+02 1.952155659915443175e+04 9.279999999999999361e-01 1.885229816604045761e+00 0.000000000000000000e+00 1.121169438616004439e-02 0.000000000000000000e+00 2.720826360690093670e+19 1.000000000000000000e+00 0.000000000000000000e+00 0.000000000000000000e+00 7.273999999999999355e-01 2.637999999999999790e-01 8.800000000000000530e-03 2.680256238935452984e+03
3.040000000000000000e+02 1.426007659386986006e+02 2.020255930306933442e+04 9.279999999999999361e-01 1.052806632644609497e+00 0.000000000000000000e+00 2.672868396758948384e-02 0.000000000000000000e+00 2.843487992219769242e+19 1.000000000000000000e+00 0.000000000000000000e+00 0.000000000000000000e+00 7.273999999999999355e-01 2.637999999999999790e-01 8.800000000000000530e-03 2.754798719453194735e+03
3.070000000000000000e+02 2.188890636481630736e+02 2.377351545310991060e+04 9.279999999999999361e-01 1.576861881108339691e+00 0.000000000000000000e+00 8.100000000000001643e-02 1.570796326794896558e+00 3.449566061287323648e+19 1.000000000000000000e+00 0.000000000000000000e+00 0.000000000000000000e+00 7.273999999999999355e-01 2.637999999999999790e-01 8.800000000000000530e-03 3.137902792135607797e+03
3.080000000000000000e+02 3.997696804245305202e+02 2.522330876774159697e+04 9.279999999999999361e-01 1.431674185470978689e+00 0.000000000000000000e+00 9.000000000000001055e-02 1.570796326794896558e+00 3.697900228084451738e+19 1.000000000000000000e+00 0.000000000000000000e+00 0.000000000000000000e+00 7.273999999999999355e-01 2.637999999999999790e-01 8.800000000000000530e-03 3.290079598952933338e+03
3.090000000000000000e+02 3.678512090632016793e+02 2.660547583943614882e+04 9.279999999999999361e-01 1.818324509176116432e+00 0.000000000000000000e+00 9.000000000000001055e-02 1.570796326794896558e+00 3.940357239479141990e+19 1.000000000000000000e+00 0.000000000000000000e+00 0.000000000000000000e+00 7.273999999999999355e-01 2.637999999999999790e-01 8.800000000000000530e-03 3.433535838052841882e+03
3.100000000000000000e+02 3.193420894516510771e+02 2.731116212287217058e+04 9.279999999999999361e-01 1.306990853052494739e+00 0.000000000000000000e+00 9.000000000000001055e-02 1.570796326794896558e+00 4.087557091798632038e+19 1.000000000000000000e+00 0.000000000000000000e+00 0.000000000000000000e+00 7.273999999999999355e-01 2.637999999999999790e-01 8.800000000000000530e-03 3.506201768328226080e+03
3.110000000000000000e+02 2.678745912967186200e+02 2.769459396498705973e+04 9.279999999999999361e-01 7.397678483293860241e-01 0.000000000000000000e+00 1.000000000000000056e-01 1.570796326794896558e+00 4.188396382829978419e+19 1.000000000000000000e+00 0.000000000000000000e+00 0.000000000000000000e+00 7.273999999999999355e-01 2.637999999999999790e-01 8.800000000000000530e-03 3.545526714676112988e+03
3.120000000000000000e+02 2.158353163701016513e+02 3.076133959731411960e+04 9.279999999999999361e-01 1.313245601650858685e+00 0.000000000000000000e+00 9.000000000000001055e-02 1.570796326794896558e+00 4.701204509572558029e+19 1.000000000000000000e+00 0.000000000000000000e+00 0.000000000000000000e+00 7.273999999999999355e-01 2.637999999999999790e-01 8.800000000000000530e-03 3.856283512753260766e+03
3.130000000000000000e+02 2.099839448090202723e+02 3.182169366639076543e+04 9.279999999999999361e-01 1.802083708762618919e+00 0.000000000000000000e+00 9.000000000000001055e-02 1.570796326794896558e+00 4.915225433948384461e+19 1.000000000000000000e+00 0.000000000000000000e+00 0.000000000000000000e+00 7.273999999999999355e-01 2.637999999999999790e-01 8.800000000000000530e-03 3.962263855404703918e+03
3.140000000000000000e+02 1.426825545415918555e+02 3.416760401178405300e+04 9.279999999999999361e-01 1.105311915907601028e+00 0.000000000000000000e+00 1.853020188851842165e-02 0.000000000000000000e+00 5.333932260995856794e+19 1.000000000000000000e+00 0.000000000000000000e+00 0.000000000000000000e+00 7.273999999999999355e-01 2.637999999999999790e-01 8.800000000000000530e-03 4.194269963651699982e+03
3.150000000000000000e+02 1.699449725526073109e+02 3.352384321519488003e+04 9.279999999999999361e-01 9.853601223086858596e-01 0.000000000000000000e+00 9.000000000000001055e-02 1.570796326794896558e+00 5.290610517827406234e+19 1.000000000000000000e+00 0.000000000000000000e+00 0.000000000000000000e+00 7.273999999999999355e-01 2.637999999999999790e-01 8.800000000000000530e-03 4.130929668403667165e+03
3.160000000000000000e+02 1.986219929931912702e+02 3.646405446407110139e+04 9.279999999999999361e-01 1.394558794596387541e+00 0.000000000000000000e+00 1.258007880852066510e-02 1.570796326794896558e+00 5.816884548366814413e+19 1.000000000000000000e+00 0.000000000000000000e+00 0.000000000000000000e+00 7.273999999999999355e-01 2.637999999999999790e-01 8.800000000000000530e-03 4.418315510007359990e+03
3.180000000000000000e+02 1.672519296161089812e+02 4.123015487882818707e+04 9.279999999999999361e-01 7.839314610058317756e-01 0.000000000000000000e+00 1.000000000000000056e-01 0.000000000000000000e+00 6.723187406657548288e+19 1.000000000000000000e+00 0.000000000000000000e+00 0.000000000000000000e+00 7.273999999999999355e-01 2.637999999999999790e-01 8.800000000000000530e-03 4.874574734717638421e+03
3.190000000000000000e+02 1.575249305582604791e+02 4.267244062972463871e+04 9.279999999999999361e-01 1.819488063463514882e+00 0.000000000000000000e+00 1.885028841187380566e-02 1.570796326794896558e+00 7.035587480425175450e+19 1.000000000000000000e+00 0.000000000000000000e+00 0.000000000000000000e+00 7.273999999999999355e-01 2.637999999999999790e-01 8.800000000000000530e-03 5.010519382511124604e+03
3.210000000000000000e+02 1.654306401776187840e+02 4.755950877122850943e+04 9.279999999999999361e-01 4.592987096873727415e-01 0.000000000000000000e+00 1.000000000000000056e-01 0.000000000000000000e+00 8.018736783698924339e+19 1.000000000000000000e+00 0.000000000000000000e+00 0.000000000000000000e+00 7.273999999999999355e-01 2.637999999999999790e-01 8.800000000000000530e-03 5.464553074733313224e+03
3.220000000000000000e+02 7.700000000000001137e+02 5.156974921276111127e+04 9.279999999999999361e-01 1.471749653990886531e+00 0.000000000000000000e+00 1.000000000000000056e-01 1.570796326794896558e+00 8.793065848074154803e+19 1.000000000000000000e+00 0.000000000000000000e+00 0.000000000000000000e+00 7.273999999999999355e-01 2.637999999999999790e-01 8.800000000000000530e-03 5.830164057609762494e+03
3.240000000000000000e+02 7.700000000000001137e+02 5.612377964602209249e+04 9.279999999999999361e-01 4.382810844058723232e-01 0.000000000000000000e+00 1.000000000000000056e-01 1.570796326794896558e+00 9.790554900074417357e+19 1.000000000000000000e+00 0.000000000000000000e+00 0.000000000000000000e+00 7.273999999999999355e-01 2.637999999999999790e-01 8.800000000000000530e-03 6.238530301683865218e+03
3.290000000000000000e+02 7.700000000000001137e+02 7.473361572701080877e+04 9.279999999999999361e-01 4.042803516886203097e-01 0.000000000000000000e+00 1.000000000000000056e-01 1.570796326794896558e+00 1.382493898772335821e+20 1.000000000000000000e+00 0.000000000000000000e+00 0.000000000000000000e+00 7.273999999999999355e-01 2.637999999999999790e-01 8.800000000000000530e-03 7.844721966644367058e+03
3.330000000000000000e+02 7.700000000000001137e+02 8.944488088468191563e+04 9.279999999999999361e-01 4.424405992382817732e-01 0.000000000000000000e+00 1.000000000000000056e-01 0.000000000000000000e+00 1.736811510452497613e+20 1.000000000000000000e+00 0.000000000000000000e+00 0.000000000000000000e+00 7.273999999999999355e-01 2.637999999999999790e-01 8.800000000000000530e-03 9.057516883537115064e+03
3.350000000000000000e+02 7.700000000000001137e+02 1.023463904082935042e+05 9.279999999999999361e-01 1.750865984497747885e+00 0.000000000000000000e+00 1.000000000000000056e-01 0.000000000000000000e+00 2.037388582236135424e+20 1.000000000000000000e+00 0.000000000000000000e+00 0.000000000000000000e+00 7.273999999999999355e-01 2.637999999999999790e-01 8.800000000000000530e-03 1.008841140729675681e+04
3.360000000000000000e+02 7.700000000000001137e+02 1.093375752355596051e+05 9.279999999999999361e-01 1.735142011240582205e+00 0.000000000000000000e+00 1.000000000000000056e-01 0.000000000000000000e+00 2.204010390768755343e+20 1.000000000000000000e+00 0.000000000000000000e+00 0.000000000000000000e+00 7.273999999999999355e-01 2.637999999999999790e-01 8.800000000000000530e-03 1.063604854603227250e+04
3.390000000000000000e+02 7.700000000000001137e+02 1.332843358149545675e+05 9.279999999999999361e-01 1.249989093117676697e+00 0.000000000000000000e+00 1.000000000000000056e-01 0.000000000000000000e+00 2.791563021567736545e+20 1.000000000000000000e+00 0.000000000000000000e+00 0.000000000000000000e+00 7.273999999999999355e-01 2.637999999999999790e-01 8.800000000000000530e-03 1.246200869465204050e+04
3.420000000000000000e+02 7.700000000000001137e+02 1.570585539270030567e+05 9.279999999999999361e-01 5.307012122529125575e-01 0.000000000000000000e+00 1.000000000000000056e-01 1.570796326794896558e+00 3.421468644249257247e+20 1.000000000000000000e+00 0.000000000000000000e+00 0.000000000000000000e+00 7.273999999999999355e-01 2.637999999999999790e-01 8.800000000000000530e-03 1.421065303140746619e+04
3.440000000000000000e+02 7.700000000000001137e+02 1.763243941057941411e+05 9.279999999999999361e-01 1.894033438445850814e+00 0.000000000000000000e+00 1.000000000000000056e-01 1.570796326794896558e+00 3.944865659405143245e+20 1.000000000000000000e+00 0.000000000000000000e+00 0.000000000000000000e+00 7.273999999999999355e-01 2.637999999999999790e-01 8.800000000000000530e-03 1.558887161506483062e+04
3.490000000000000000e+02 7.700000000000001137e+02 2.450726759466629301e+05 9.279999999999999361e-01 1.861444128767244077e+00 0.000000000000000000e+00 1.000000000000000056e-01 0.000000000000000000e+00 5.873906695462229770e+20 1.000000000000000000e+00 0.000000000000000000e+00 0.000000000000000000e+00 7.273999999999999355e-01 2.637999999999999790e-01 8.800000000000000530e-03 2.028619867614996474e+04
3.510000000000000000e+02 7.700000000000001137e+02 2.785078501821305836e+05 9.279999999999999361e-01 1.443157062349803788e+00 0.000000000000000000e+00 1.000000000000000056e-01 0.000000000000000000e+00 6.867707097964934595e+20 1.000000000000000000e+00 0.000000000000000000e+00 0.000000000000000000e+00 7.273999999999999355e-01 2.637999999999999790e-01 8.800000000000000530e-03 2.247163711322029849e+04
3.520000000000000000e+02 7.700000000000001137e+02 3.017669879499065573e+05 9.279999999999999361e-01 1.872924723319266738e+00 0.000000000000000000e+00 1.000000000000000056e-01 0.000000000000000000e+00 7.549082876855816028e+20 1.000000000000000000e+00 0.000000000000000000e+00 0.000000000000000000e+00 7.273999999999999355e-01 2.637999999999999790e-01 8.800000000000000530e-03 2.396084571058348229e+04
3.530000000000000000e+02 7.700000000000001137e+02 3.198487713759480393e+05 9.279999999999999361e-01 1.027744211757266379e+00 0.000000000000000000e+00 1.000000000000000056e-01 0.000000000000000000e+00 8.118095436790097510e+20 1.000000000000000000e+00 0.000000000000000000e+00 0.000000000000000000e+00 7.273999999999999355e-01 2.637999999999999790e-01 8.800000000000000530e-03 2.510270426345164014e+04
3.620000000000000000e+02 7.700000000000001137e+02 6.123862737788754748e+05 9.279999999999999361e-01 1.042379773699306122e+00 0.000000000000000000e+00 1.000000000000000056e-01 1.570796326794896558e+00 1.781836289282499936e+21 1.000000000000000000e+00 0.000000000000000000e+00 0.000000000000000000e+00 7.273999999999999355e-01 2.637999999999999790e-01 8.800000000000000530e-03 4.220706161860097927e+04
3.630000000000000000e+02 7.700000000000001137e+02 6.554389508296079002e+05 9.279999999999999361e-01 1.825438444500327773e+00 0.000000000000000000e+00 1.000000000000000056e-01 0.000000000000000000e+00 1.937759265300201603e+21 1.000000000000000000e+00 0.000000000000000000e+00 0.000000000000000000e+00 7.273999999999999355e-01 2.637999999999999790e-01 8.800000000000000530e-03 4.456465590237212746e+04
