# id_num orb_a mass spin spin_angle orb_inc orb_ecc orb_arg_periapse orb_ang_mom gen galaxy time_passed gw_freq gw_strain
0.000000000000000000e+00 3.951444856779369002e+04 1.132504207562299392e+01 -1.540424511686674935e-01 3.100000000000000089e+00 3.112358258346458850e+00 1.020462997251395283e-02 0.000000000000000000e+00 1.000000000000000000e+00 1.000000000000000000e+00 0.000000000000000000e+00 0.000000000000000000e+00 -1.000000000000000000e+00 -1.000000000000000000e+00
2.000000000000000000e+00 3.953879890737783717e+04 3.521795046783267225e+01 -9.321923457700789784e-03 8.898329816583038232e-01 3.114308472308181308e+00 1.011581788847222899e-02 0.000000000000000000e+00 1.000000000000000000e+00 1.000000000000000000e+00 0.000000000000000000e+00 0.000000000000000000e+00 -1.000000000000000000e+00 -1.000000000000000000e+00
3.000000000000000000e+00 2.152339901211249162e+04 2.604301158687367490e+01 1.711776867234693911e-01 3.682123930435912129e-01 3.133006460108407776e+00 6.493131244583148776e-02 1.570796326794896558e+00 1.000000000000000000e+00 1.000000000000000000e+00 0.000000000000000000e+00 0.000000000000000000e+00 -1.000000000000000000e+00 -1.000000000000000000e+00
6.000000000000000000e+00 3.699247347749929986e+02 1.892834594660593694e+01 -1.462510445305881812e-01 2.983942459161210703e+00 3.145282867626199241e+00 4.421790269534244672e-02 0.000000000000000000e+00 1.000000000000000000e+00 1.000000000000000000e+00 0.000000000000000000e+00 0.000000000000000000e+00 -1.000000000000000000e+00 -1.000000000000000000e+00
8.000000000000000000e+00 2.080394374946794414e+04 1.173555732483908187e+01 7.974570541373701693e-02 1.189972927255700030e+00 3.149144781793300929e+00 8.713130626930103151e-02 0.000000000000000000e+00 1.000000000000000000e+00 1.000000000000000000e+00 0.000000000000000000e+00 0.000000000000000000e+00 -1.000000000000000000e+00 -1.000000000000000000e+00
1.300000000000000000e+01 2.952969144562556903e+04 2.396478740989699929e+01 -3.599987968237274710e-02 1.782124970615782455e+00 2.774541595389228357e-02 3.356183350328630771e-02 0.000000000000000000e+00 1.000000000000000000e+00 1.000000000000000000e+00 0.000000000000000000e+00 0.000000000000000000e+00 -1.000000000000000000e+00 -1.000000000000000000e+00
1.600000000000000000e+01 3.018839949170193722e+04 4.045888127264205991e+01 -8.298213953330473014e-02 2.821486722995268703e+00 3.088768821122536267e-03 4.406904104603460298e-02 1.570796326794896558e+00 1.000000000000000000e+00 1.000000000000000000e+00 0.000000000000000000e+00 0.000000000000000000e+00 -1.000000000000000000e+00 -1.000000000000000000e+00
1.700000000000000000e+01 2.712243199684277715e+04 2.044312364399801751e+01 1.438616108991073173e-01 1.008686589909709497e+00 3.119925084441714791e+00 1.000000000000000056e-01 0.000000000000000000e+00 1.000000000000000000e+00 1.000000000000000000e+00 0.000000000000000000e+00 0.000000000000000000e+00 -1.000000000000000000e+00 -1.000000000000000000e+00
1.800000000000000000e+01 3.406555596410349972e+04 1.076268970096607092e+01 2.291834281917486116e-02 1.522966307830591282e+00 3.166735517012932544e+00 1.376143893845492017e-01 0.000000000000000000e+00 1.000000000000000000e+00 1.000000000000000000e+00 0.000000000000000000e+00 0.000000000000000000e+00 -1.000000000000000000e+00 -1.000000000000000000e+00
2.100000000000000000e+01 5.000000000000000000e+04 1.145790645598856372e+01 1.139253762083887178e-01 8.610763577402097413e-01 3.181287686264639980e+00 1.517765495565940106e-02 1.570796326794896558e+00 1.000000000000000000e+00 1.000000000000000000e+00 0.000000000000000000e+00 0.000000000000000000e+00 -1.000000000000000000e+00 -1.000000000000000000e+00
2.400000000000000000e+01 1.722351951441750498e+04 1.395311029023531368e+01 -1.128343957307811479e-01 2.433154335639657440e+00 2.141448169382506594e-02 2.785336888925714002e-02 1.570796326794896558e+00 1.000000000000000000e+00 1.000000000000000000e+00 0.000000000000000000e+00 0.000000000000000000e+00 -1.000000000000000000e+00 -1.000000000000000000e+00
2.800000000000000000e+01 5.000000000000000000e+04 2.770005802566649322e+01 -1.393402877639268456e-01 3.100000000000000089e+00 3.179607484657374972e+00 4.466104713095957884e-02 1.570796326794896558e+00 1.000000000000000000e+00 1.000000000000000000e+00 0.000000000000000000e+00 0.000000000000000000e+00 -1.000000000000000000e+00 -1.000000000000000000e+00
2.900000000000000000e+01 3.746486654905248201e+02 1.555364521993676696e+01 -5.854387358894477117e-02 8.461968298596932447e-01 4.735486163250948038e-03 3.933359570029802688e-02 0.000000000000000000e+00 1.000000000000000000e+00 1.000000000000000000e+00 0.000000000000000000e+00 0.000000000000000000e+00 -1.000000000000000000e+00 -1.000000000000000000e+00
3.100000000000000000e+01 2.953547448453884863e+04 1.390489835405886154e+01 2.301021045920881303e-02 6.807356120147131096e-01 -1.334893550283436890e-02 2.931602734130302201e-02 1.570796326794896558e+00 1.000000000000000000e+00 1.000000000000000000e+00 0.000000000000000000e+00 0.000000000000000000e+00 -1.000000000000000000e+00 -1.000000000000000000e+00
3.300000000000000000e+01 1.629666078087364258e+04 1.256241983566112985e+01 -2.075014996032500669e-01 2.322626152365371954e+00 -2.326635336600224591e-02 6.676245269429779972e-02 1.570796326794896558e+00 1.000000000000000000e+00 1.000000000000000000e+00 0.000000000000000000e+00 0.000000000000000000e+00 -1.000000000000000000e+00 -1.000000000000000000e+00
3.400000000000000000e+01 1.392188447740314950e+04 1.447415596521298653e+01 -1.936356575412472719e-02 1.612979095842197896e+00 3.161067501635762333e+00 3.094392534155942370e-02 0.000000000000000000e+00 1.000000000000000000e+00 1.000000000000000000e+00 0.000000000000000000e+00 0.000000000000000000e+00 -1.000000000000000000e+00 -1.000000000000000000e+00
3.500000000000000000e+01 4.052448514320906838e+02 1.107290803301630433e+01 -6.324473839473405447e-03 1.774345816318870783e+00 -1.133102666666208937e-02 4.822220598961762805e-02 0.000000000000000000e+00 1.000000000000000000e+00 1.000000000000000000e+00 0.000000000000000000e+00 0.000000000000000000e+00 -1.000000000000000000e+00 -1.000000000000000000e+00
3.800000000000000000e+01 1.966720176979822281e+04 1.175681022271917442e+01 3.948785413445619896e-02 1.403826966508832985e+00 3.178241676456998732e+00 2.111996553763355322e-02 0.000000000000000000e+00 1.000000000000000000e+00 1.000000000000000000e+00 0.000000000000000000e+00 0.000000000000000000e+00 -1.000000000000000000e+00 -1.000000000000000000e+00
4.600000000000000000e+01 4.154304762970220395e+02 2.500699744072421993e+01 5.747818274081706140e-03 1.101986115033228186e+00 1.546790168484540873e-02 2.924368104860370840e-02 0.000000000000000000e+00 1.000000000000000000e+00 1.000000000000000000e+00 0.000000000000000000e+00 0.000000000000000000e+00 -1.000000000000000000e+00 -1.000000000000000000e+00
4.900000000000000000e+01 3.195913568919066165e+04 1.870099122716496254e+01 -2.459965585220807993e-02 1.033797089829708860e+00 1.253172524474827076e-02 6.378200155114920056e-02 0.000000000000000000e+00 1.000000000000000000e+00 1.000000000000000000e+00 0.000000000000000000e+00 0.000000000000000000e+00 -1.000000000000000000e+00 -1.000000000000000000e+00
5.000000000000000000e+01 4.511535529829294546e+02 2.473346612153691026e+01 -2.271838842034255845e-01 2.300852352473788276e+00 9.970231603870824411e-03 3.678105966696160189e-02 1.570796326794896558e+00 1.000000000000000000e+00 1.000000000000000000e+00 0.000000000000000000e+00 0.000000000000000000e+00 -1.000000000000000000e+00 -1.000000000000000000e+00
5.700000000000000000e+01 2.263631123463175027e+04 1.117038621135068155e+01 -1.381539494932769452e-02 1.357947501065678964e+00 2.165220577162513607e-02 1.000000000000000021e-02 0.000000000000000000e+00 1.000000000000000000e+00 1.000000000000000000e+00 0.000000000000000000e+00 0.000000000000000000e+00 -1.000000000000000000e+00 -1.000000000000000000e+00
5.900000000000000000e+01 2.299445636693487540e+04 1.354397388271195268e+01 -6.300275868457637374e-02 2.085083694562117174e+00 -2.693625700068836074e-02 7.601053298938058311e-02 0.000000000000000000e+00 1.000000000000000000e+00 1.000000000000000000e+00 0.000000000000000000e+00 0.000000000000000000e+00 -1.000000000000000000e+00 -1.000000000000000000e+00
6.200000000000000000e+01 1.446475322482230877e+04 1.342669452092669680e+01 -6.498467574209215725e-02 1.994025530869611984e+00 3.116570943580274200e+00 5.973091954627844646e-02 1.570796326794896558e+00 1.000000000000000000e+00 1.000000000000000000e+00 0.000000000000000000e+00 0.000000000000000000e+00 -1.000000000000000000e+00 -1.000000000000000000e+00
6.400000000000000000e+01 8.746481767754527255e+02 1.664650498626315311e+01 7.185941358847079165e-03 1.910998557602989534e+00 3.125698662216622736e+00 9.000000000000001055e-02 0.000000000000000000e+00 1.000000000000000000e+00 1.000000000000000000e+00 0.000000000000000000e+00 0.000000000000000000e+00 -1.000000000000000000e+00 -1.000000000000000000e+00
6.600000000000000000e+01 3.992296970945130306e+04 1.461883386694331044e+01 6.548286174210393717e-02 1.352976665828886205e+00 -3.167932203778830308e-02 1.040627726209014323e-02 0.000000000000000000e+00 1.000000000000000000e+00 1.000000000000000000e+00 0.000000000000000000e+00 0.000000000000000000e+00 -1.000000000000000000e+00 -1.000000000000000000e+00
6.700000000000000000e+01 1.757458626082204501e+04 1.275681137000134413e+01 -2.039628441203744091e-01 2.521530593000891329e+00 3.156927169374732056e+00 6.960832045584608441e-02 1.570796326794896558e+00 1.000000000000000000e+00 1.000000000000000000e+00 0.000000000000000000e+00 0.000000000000000000e+00 -1.000000000000000000e+00 -1.000000000000000000e+00
6.800000000000000000e+01 4.924817259327689953e+02 1.378370072022183024e+01 -7.628657642343279754e-03 8.928287344219287824e-01 3.130648397783210690e+00 4.219499893574898963e-02 1.570796326794896558e+00 1.000000000000000000e+00 1.000000000000000000e+00 0.000000000000000000e+00 0.000000000000000000e+00 -1.000000000000000000e+00 -1.000000000000000000e+00
7.500000000000000000e+01 1.394086350906134976e+04 1.097193282622132848e+01 -1.576043654076682565e-01 3.100000000000000089e+00 1.377087797116825427e-02 1.000000000000000021e-02 0.000000000000000000e+00 1.000000000000000000e+00 1.000000000000000000e+00 0.000000000000000000e+00 0.000000000000000000e+00 -1.000000000000000000e+00 -1.000000000000000000e+00
7.600000000000000000e+01 4.849219752438733053e+02 1.033023299988070498e+01 -1.425668924555916761e-01 2.974762755561821237e+00 9.042989154286296821e-03 1.970456246899535482e-02 0.000000000000000000e+00 1.000000000000000000e+00 1.000000000000000000e+00 0.000000000000000000e+00 0.000000000000000000e+00 -1.000000000000000000e+00 -1.000000000000000000e+00
7.700000000000000000e+01 2.878190549922879291e+04 1.755785722565913076e+01 -1.650115053851725355e-01 2.648011653087389394e+00 3.158400276466184486e+00 1.154116436117520565e-02 1.570796326794896558e+00 1.000000000000000000e+00 1.000000000000000000e+00 0.000000000000000000e+00 0.000000000000000000e+00 -1.000000000000000000e+00 -1.000000000000000000e+00
7.800000000000000000e+01 1.759507739213267268e+04 1.104951783772614249e+01 -1.265145287153068288e-01 2.556245775492051564e+00 3.130624351328776367e+00 1.148341021303423727e-02 1.570796326794896558e+00 1.000000000000000000e+00 1.000000000000000000e+00 0.000000000000000000e+00 0.000000000000000000e+00 -1.000000000000000000e+00 -1.000000000000000000e+00
8.100000000000000000e+01 4.337193202870308596e+04 3.011644245219844152e+01 -6.751814865575178626e-02 2.489427515751934550e+00 3.159161213998074924e+00 1.294918636259337515e-02 0.000000000000000000e+00 1.000000000000000000e+00 1.000000000000000000e+00 0.000000000000000000e+00 0.000000000000000000e+00 -1.000000000000000000e+00 -1.000000000000000000e+00
8.400000000000000000e+01 4.509073836185883556e+04 1.077217159686077430e+01 -4.979028413527263747e-02 1.045877650658723956e+00 3.183107690989541716e+00 5.251916703024890609e-02 0.000000000000000000e+00 1.000000000000000000e+00 1.000000000000000000e+00 0.000000000000000000e+00 0.000000000000000000e+00 -1.000000000000000000e+00 -1.000000000000000000e+00
8.600000000000000000e+01 1.889624339367693028e+04 1.259957135262742334e+01 -9.488360961581662756e-02 2.340400208811099780e+00 3.164167919242565574e+00 2.174961502846219433e-02 1.570796326794896558e+00 1.000000000000000000e+00 1.000000000000000000e+00 0.000000000000000000e+00 0.000000000000000000e+00 -1.000000000000000000e+00 -1.000000000000000000e+00
8.700000000000000000e+01 4.029951579849920904e+02 1.100273239007856496e+01 -5.000620363802461832e-02 1.571589819198127680e+00 3.162504722924513345e+00 5.379404750351580999e-02 0.000000000000000000e+00 1.000000000000000000e+00 1.000000000000000000e+00 0.000000000000000000e+00 0.000000000000000000e+00 -1.000000000000000000e+00 -1.000000000000000000e+00
8.900000000000000000e+01 3.875731764078234119e+04 1.279111825587293794e+01 2.068184331192750303e-02 1.666658353108846136e+00 3.971222834407343860e-02 1.314632398763380394e-01 1.570796326794896558e+00 1.000000000000000000e+00 1.000000000000000000e+00 0.000000000000000000e+00 0.000000000000000000e+00 -1.000000000000000000e+00 -1.000000000000000000e+00
9.300000000000000000e+01 4.612031885243780494e+02 1.200581043552015181e+01 -1.458593880844754054e-01 2.361268809763768406e+00 2.845233430580861294e-03 1.955880645389334108e-02 0.000000000000000000e+00 1.000000000000000000e+00 1.000000000000000000e+00 0.000000000000000000e+00 0.000000000000000000e+00 -1.000000000000000000e+00 -1.000000000000000000e+00
9.800000000000000000e+01 2.252378269379543417e+04 1.313276987695669540e+01 -8.046255497864532313e-02 2.314341842861233456e+00 3.140767799747203437e+00 1.679638473526796905e-02 0.000000000000000000e+00 1.000000000000000000e+00 1.000000000000000000e+00 0.000000000000000000e+00 0.000000000000000000e+00 -1.000000000000000000e+00 -1.000000000000000000e+00
9.900000000000000000e+01 3.744766948235061864e+04 1.210402840028532623e+01 -1.897911474737511150e-01 2.629423132834008747e+00 3.129577265692943477e+00 2.777250724442448943e-02 1.570796326794896558e+00 1.000000000000000000e+00 1.000000000000000000e+00 0.000000000000000000e+00 0.000000000000000000e+00 -1.000000000000000000e+00 -1.000000000000000000e+00
1.000000000000000000e+02 5.000000000000000000e+04 1.055653913896179397e+01 1.869195533423885502e-02 1.616524320370979595e+00 3.150873507527382156e+00 6.321435637284091025e-02 0.000000000000000000e+00 1.000000000000000000e+00 1.000000000000000000e+00 0.000000000000000000e+00 0.000000000000000000e+00 -1.000000000000000000e+00 -1.000000000000000000e+00
1.010000000000000000e+02 1.084018749435156678e+04 1.145017114767539645e+01 -1.395267017719946379e-01 2.184874516572336667e+00 3.164369458342326524e+00 9.000000000000001055e-02 1.570796326794896558e+00 1.000000000000000000e+00 1.000000000000000000e+00 0.000000000000000000e+00 0.000000000000000000e+00 -1.000000000000000000e+00 -1.000000000000000000e+00
1.060000000000000000e+02 2.425861521632036238e+04 1.037391391459772017e+01 -6.477319889551619303e-02 3.100000000000000089e+00 1.122245802048078486e-02 1.115556625550511230e-02 0.000000000000000000e+00 1.000000000000000000e+00 1.000000000000000000e+00 0.000000000000000000e+00 0.000000000000000000e+00 -1.000000000000000000e+00 -1.000000000000000000e+00
1.070000000000000000e+02 5.194351517708369647e+04 2.992185461719802930e+01 -6.401814618459485129e-02 3.100000000000000089e+00 3.185855379570395218e+00 1.000000000000000056e-01 0.000000000000000000e+00 1.000000000000000000e+00 1.000000000000000000e+00 0.000000000000000000e+00 0.000000000000000000e+00 -1.000000000000000000e+00 -1.000000000000000000e+00
1.080000000000000000e+02 2.744899127397861230e+04 1.123440937494008196e+01 2.896937836860075111e-02 1.913934713431882040e+00 -2.813761945707319787e-02 5.717119263569147430e-02 0.000000000000000000e+00 1.000000000000000000e+00 1.000000000000000000e+00 0.000000000000000000e+00 0.000000000000000000e+00 -1.000000000000000000e+00 -1.000000000000000000e+00
1.110000000000000000e+02 2.119310839666668107e+04 2.733724471361234265e+01 2.041490277455246249e-02 3.792527073028948981e-01 2.446078541867916303e-02 2.282614918155914663e-02 0.000000000000000000e+00 1.000000000000000000e+00 1.000000000000000000e+00 0.000000000000000000e+00 0.000000000000000000e+00 -1.000000000000000000e+00 -1.000000000000000000e+00
1.140000000000000000e+02 5.966396974857450459e+02 2.005732805742658797e+01 -1.357262755958809353e-01 2.445127001964803259e+00 3.142673891825119359e+00 5.212804301433503901e-02 1.570796326794896558e+00 1.000000000000000000e+00 1.000000000000000000e+00 0.000000000000000000e+00 0.000000000000000000e+00 -1.000000000000000000e+00 -1.000000000000000000e+00
1.150000000000000000e+02 4.211374186985095730e+04 1.886327127997045849e+01 -5.806204049958023361e-02 5.588123121142823946e-01 2.970387219096511794e-02 1.517266867514227568e-02 0.000000000000000000e+00 1.000000000000000000e+00 1.000000000000000000e+00 0.000000000000000000e+00 0.000000000000000000e+00 -1.000000000000000000e+00 -1.000000000000000000e+00
1.170000000000000000e+02 2.563924127784369557e+04 1.262145427556377442e+01 -4.301932634435515039e-03 1.615406318439267075e+00 -1.375408156221041671e-02 1.711277649651481852e-02 1.570796326794896558e+00 1.000000000000000000e+00 1.000000000000000000e+00 0.000000000000000000e+00 0.000000000000000000e+00 -1.000000000000000000e+00 -1.000000000000000000e+00
1.180000000000000000e+02 4.812999122959085071e+04 1.464804030466741658e+01 -2.063061772229546897e-01 3.100000000000000089e+00 -1.353248385371909508e-02 2.047806621912079059e-02 0.000000000000000000e+00 1.000000000000000000e+00 1.000000000000000000e+00 0.000000000000000000e+00 0.000000000000000000e+00 -1.000000000000000000e+00 -1.000000000000000000e+00
1.190000000000000000e+02 4.532749503839851968e+04 1.630199816395404966e+01 -1.056453448351282187e-01 3.100000000000000089e+00 3.124440408976199901e+00 4.106307043155527081e-02 0.000000000000000000e+00 1.000000000000000000e+00 1.000000000000000000e+00 0.000000000000000000e+00 0.000000000000000000e+00 -1.000000000000000000e+00 -1.000000000000000000e+00
1.220000000000000000e+02 3.392511395650218037e+04 1.959824258005405540e+01 -1.008102949385373676e-01 2.311119468107632802e+00 3.166880791818670549e+00 7.930730484341098896e-02 1.570796326794896558e+00 1.000000000000000000e+00 1.000000000000000000e+00 0.000000000000000000e+00 0.000000000000000000e+00 -1.000000000000000000e+00 -1.000000000000000000e+00
1.230000000000000000e+02 4.940053831503664128e+02 1.929508042127104872e+01 1.559779008290058944e-02 1.854976559523130675e+00 3.144525077528352419e+00 1.730645389027750738e-02 0.000000000000000000e+00 1.000000000000000000e+00 1.000000000000000000e+00 0.000000000000000000e+00 0.000000000000000000e+00 -1.000000000000000000e+00 -1.000000000000000000e+00
1.240000000000000000e+02 1.017660877933004122e+04 1.167976494658146080e+01 2.484837097049112653e-02 1.357445317320611355e+00 -4.489755753558771594e-03 1.000000000000000021e-02 1.570796326794896558e+00 1.000000000000000000e+00 1.000000000000000000e+00 0.000000000000000000e+00 0.000000000000000000e+00 -1.000000000000000000e+00 -1.000000000000000000e+00
1.250000000000000000e+02 3.033491221258182486e+04 1.055177105379503466e+01 -7.664377050742902930e-02 3.100000000000000089e+00 3.179256223865098541e+00 1.000000000000000021e-02 0.000000000000000000e+00 1.000000000000000000e+00 1.000000000000000000e+00 0.000000000000000000e+00 0.000000000000000000e+00 -1.000000000000000000e+00 -1.000000000000000000e+00
1.260000000000000000e+02 5.138619566894607260e+02 1.348125555108295615e+01 -3.175969484966976314e-02 1.140793173749587108e+00 5.122343112016014641e-04 2.305531395468583475e-02 1.570796326794896558e+00 1.000000000000000000e+00 1.000000000000000000e+00 0.000000000000000000e+00 0.000000000000000000e+00 -1.000000000000000000e+00 -1.000000000000000000e+00
1.280000000000000000e+02 3.130836612530091952e+04 1.497786186210781878e+01 4.733584707809437853e-02 1.888987121388846502e+00 -1.060799295534272692e-02 1.101585382657189853e-02 0.000000000000000000e+00 1.000000000000000000e+00 1.000000000000000000e+00 0.000000000000000000e+00 0.000000000000000000e+00 -1.000000000000000000e+00 -1.000000000000000000e+00
1.300000000000000000e+02 3.838950034433357359e+04 3.286726912964398650e+01 -1.026654807490242904e-01 3.100000000000000089e+00 3.111936737556570520e+00 1.663486681935728156e-02 1.570796326794896558e+00 1.000000000000000000e+00 1.000000000000000000e+00 0.000000000000000000e+00 0.000000000000000000e+00 -1.000000000000000000e+00 -1.000000000000000000e+00
1.310000000000000000e+02 1.498913675068883276e+04 1.205859318913241118e+01 1.494483082822679887e-02 5.070798152394689895e-01 2.410258761358987332e-03 2.823683502715247998e-02 0.000000000000000000e+00 1.000000000000000000e+00 1.000000000000000000e+00 0.000000000000000000e+00 0.000000000000000000e+00 -1.000000000000000000e+00 -1.000000000000000000e+00
1.330000000000000000e+02 3.339883710806596355e+04 3.722792974957432932e+01 6.773293396242180409e-02 1.267608180266590612e+00 3.119632901403329495e+00 1.000000000000000021e-02 0.000000000000000000e+00 1.000000000000000000e+00 1.000000000000000000e+00 0.000000000000000000e+00 0.000000000000000000e+00 -1.000000000000000000e+00 -1.000000000000000000e+00
1.340000000000000000e+02 4.875314690906294709e+04 3.039566563687893108e+01 -2.087939229243990225e-01 2.597746383407330661e+00 2.196118900238135108e-02 1.742705937482764283e-02 0.000000000000000000e+00 1.000000000000000000e+00 1.000000000000000000e+00 0.000000000000000000e+00 0.000000000000000000e+00 -1.000000000000000000e+00 -1.000000000000000000e+00
1.410000000000000000e+02 2.873413508548621394e+04 2.457320626778331274e+01 -1.837434669063381931e-01 2.675944190065795425e+00 2.040742640769051611e-02 4.334023692311058523e-02 0.000000000000000000e+00 1.000000000000000000e+00 1.000000000000000000e+00 0.000000000000000000e+00 0.000000000000000000e+00 -1.000000000000000000e+00 -1.000000000000000000e+00
1.420000000000000000e+02 2.488142990737625951e+04 1.278997130934502025e+01 8.808935986507132609e-02 8.598492926617966603e-01 -4.657468682175822453e-03 7.182795501192229537e-02 1.570796326794896558e+00 1.000000000000000000e+00 1.000000000000000000e+00 0.000000000000000000e+00 0.000000000000000000e+00 -1.000000000000000000e+00 -1.000000000000000000e+00
1.430000000000000000e+02 4.447129566956861527e+04 1.191795552608869890e+01 -1.396936923792920504e-01 2.046876712713041613e+00 3.099382276832733929e+00 1.278182442583479864e-02 0.000000000000000000e+00 1.000000000000000000e+00 1.000000000000000000e+00 0.000000000000000000e+00 0.000000000000000000e+00 -1.000000000000000000e+00 -1.000000000000000000e+00
1.440000000000000000e+02 2.602178584269962812e+04 1.723389636522984603e+01 -3.946253228504631450e-02 5.767100554969352144e-01 3.157074162238890924e+00 1.583706503990862588e-02 1.570796326794896558e+00 1.000000000000000000e+00 1.000000000000000000e+00 0.000000000000000000e+00 0.000000000000000000e+00 -1.000000000000000000e+00 -1.000000000000000000e+00
1.480000000000000000e+02 5.000000000000000000e+04 1.596294687365415577e+01 -1.109067862193524323e-01 3.100000000000000089e+00 3.159225293395658607e+00 4.567935885894113673e-02 0.000000000000000000e+00 1.000000000000000000e+00 1.000000000000000000e+00 0.000000000000000000e+00 0.000000000000000000e+00 -1.000000000000000000e+00 -1.000000000000000000e+00
1.510000000000000000e+02 2.040894961821256948e+04 2.278572673044497776e+01 4.588708161870592994e-02 1.114036170092047806e+00 -1.323770672681595477e-02 2.520496941259951079e-02 1.570796326794896558e+00 1.000000000000000000e+00 1.000000000000000000e+00 0.000000000000000000e+00 0.000000000000000000e+00 -1.000000000000000000e+00 -1.000000000000000000e+00
1.530000000000000000e+02 1.261858883128631533e+04 1.379126148791890749e+01 -8.181370072098284596e-02 2.979465521676195383e+00 -2.534740038630127479e-02 5.186420083984654567e-02 0.000000000000000000e+00 1.000000000000000000e+00 1.000000000000000000e+00 0.000000000000000000e+00 0.000000000000000000e+00 -1.000000000000000000e+00 -1.000000000000000000e+00
1.550000000000000000e+02 3.649116271380396938e+04 3.228042226467698583e+01 6.368581485140011392e-03 7.411484049592945711e-01 -2.305902578661493327e-02 1.000000000000000021e-02 1.570796326794896558e+00 1.000000000000000000e+00 1.000000000000000000e+00 0.000000000000000000e+00 0.000000000000000000e+00 -1.000000000000000000e+00 -1.000000000000000000e+00
1.560000000000000000e+02 5.942827995676130968e+02 1.643988869262280872e+01 -1.615054123320074642e-01 3.014052652200293281e+00 3.126838370268225642e+00 1.000000000000000056e-01 1.570796326794896558e+00 1.000000000000000000e+00 1.000000000000000000e+00 0.000000000000000000e+00 0.000000000000000000e+00 -1.000000000000000000e+00 -1.000000000000000000e+00
1.580000000000000000e+02 4.895966042384513275e+04 2.127242606456891139e+01 1.876447437894395165e-01 5.656173670599362602e-01 8.074887472561692245e-03 1.949798029809189301e-02 0.000000000000000000e+00 1.000000000000000000e+00 1.000000000000000000e+00 0.000000000000000000e+00 0.000000000000000000e+00 -1.000000000000000000e+00 -1.000000000000000000e+00
1.610000000000000000e+02 3.655685281964552996e+04 1.427467949188674545e+01 -9.217906467583097951e-02 3.100000000000000089e+00 3.132411433107707754e+00 3.066087976642203200e-02 1.570796326794896558e+00 1.000000000000000000e+00 1.000000000000000000e+00 0.000000000000000000e+00 0.000000000000000000e+00 -1.000000000000000000e+00 -1.000000000000000000e+00
1.630000000000000000e+02 3.795461594817536388e+04 1.453867224684010040e+01 -1.524508278250589766e-01 3.100000000000000089e+00 3.107021362020552235e+00 3.615716459214778078e-02 1.570796326794896558e+00 1.000000000000000000e+00 1.000000000000000000e+00 0.000000000000000000e+00 0.000000000000000000e+00 -1.000000000000000000e+00 -1.000000000000000000e+00
1.670000000000000000e+02 4.546555698213049618e+04 1.077767604961784365e+01 -9.040179321601030105e-02 2.814332926433352533e+00 3.574588898889700158e-03 8.852877101729179909e-02 1.570796326794896558e+00 1.000000000000000000e+00 1.000000000000000000e+00 0.000000000000000000e+00 0.000000000000000000e+00 -1.000000000000000000e+00 -1.000000000000000000e+00
1.690000000000000000e+02 4.210154549246251554e+04 1.017139848746900199e+01 -5.999660049094443504e-02 1.255889081012720787e+00 3.187286263394513597e+00 3.021155411874798177e-02 0.000000000000000000e+00 1.000000000000000000e+00 1.000000000000000000e+00 0.000000000000000000e+00 0.000000000000000000e+00 -1.000000000000000000e+00 -1.000000000000000000e+00
1.700000000000000000e+02 1.711043919318195549e+04 1.019019363815841572e+01 1.777043942886921690e-02 4.566540374626228416e-01 3.131557770011420772e+00 1.000000000000000056e-01 1.570796326794896558e+00 1.000000000000000000e+00 1.000000000000000000e+00 0.000000000000000000e+00 0.000000000000000000e+00 -1.000000000000000000e+00 -1.000000000000000000e+00
1.730000000000000000e+02 4.798520348603851744e+04 1.053684969618393197e+01 -1.445386068516710254e-01 3.100000000000000089e+00 3.107250048156084965e+00 3.825890080368656715e-02 1.570796326794896558e+00 1.000000000000000000e+00 1.000000000000000000e+00 0.000000000000000000e+00 0.000000000000000000e+00 -1.000000000000000000e+00 -1.000000000000000000e+00
1.740000000000000000e+02 2.764615763815787432e+04 1.300921511636402883e+01 -1.021601658048111316e-01 3.100000000000000089e+00 3.150758760895914889e+00 4.500779687904654658e-02 1.570796326794896558e+00 1.000000000000000000e+00 1.000000000000000000e+00 0.000000000000000000e+00 0.000000000000000000e+00 -1.000000000000000000e+00 -1.000000000000000000e+00
1.750000000000000000e+02 2.954468891451562376e+04 1.703806486796941400e+01 5.302914578553062641e-02 1.757294822526394684e+00 3.169101446137198054e-03 1.003057317454197211e-02 0.000000000000000000e+00 1.000000000000000000e+00 1.000000000000000000e+00 0.000000000000000000e+00 0.000000000000000000e+00 -1.000000000000000000e+00 -1.000000000000000000e+00
1.770000000000000000e+02 4.079013635539848474e+04 3.768015102104511271e+01 -1.964894320062015864e-01 3.054547063447397459e+00 3.129050922179556604e+00 3.015953515171220303e-02 1.570796326794896558e+00 1.000000000000000000e+00 1.000000000000000000e+00 0.000000000000000000e+00 0.000000000000000000e+00 -1.000000000000000000e+00 -1.000000000000000000e+00
1.790000000000000000e+02 6.167207008552755951e+02 1.161396076076233363e+01 -3.213102812319300061e-01 3.100000000000000089e+00 3.135878247154873844e+00 1.000000000000000056e-01 0.000000000000000000e+00 1.000000000000000000e+00 1.000000000000000000e+00 0.000000000000000000e+00 0.000000000000000000e+00 -1.000000000000000000e+00 -1.000000000000000000e+00
1.800000000000000000e+02 2.552736704873982308e+04 1.074946988138553117e+01 1.761437070705957619e-01 1.700159048596301847e+00 -2.261312328386011136e-02 2.944909402153386355e-02 0.000000000000000000e+00 1.000000000000000000e+00 1.000000000000000000e+00 0.000000000000000000e+00 0.000000000000000000e+00 -1.000000000000000000e+00 -1.000000000000000000e+00
1.820000000000000000e+02 3.691085209651394689e+04 1.530792559177263001e+01 -1.541901315413213014e-01 3.100000000000000089e+00 3.154066926860024545e+00 7.046779715701723124e-02 0.000000000000000000e+00 1.000000000000000000e+00 1.000000000000000000e+00 0.000000000000000000e+00 0.000000000000000000e+00 -1.000000000000000000e+00 -1.000000000000000000e+00
1.830000000000000000e+02 4.081773659298548591e+04 3.477873589057394810e+01 -7.275246392836731690e-02 2.789628051378707951e+00 3.151786697026654149e+00 2.483524151529375307e-02 1.570796326794896558e+00 1.000000000000000000e+00 1.000000000000000000e+00 0.000000000000000000e+00 0.000000000000000000e+00 -1.000000000000000000e+00 -1.000000000000000000e+00
1.840000000000000000e+02 5.810991180241531993e+02 1.514842380728702054e+01 2.162719115404979076e-02 1.676249302045847989e+00 3.153161012395854446e+00 6.454146738779742432e-02 0.000000000000000000e+00 1.000000000000000000e+00 1.000000000000000000e+00 0.000000000000000000e+00 0.000000000000000000e+00 -1.000000000000000000e+00 -1.000000000000000000e+00
1.850000000000000000e+02 2.571645849245525824e+04 1.072038605342346429e+01 -6.215283246697478337e-02 3.100000000000000089e+00 -1.152603702267307982e-02 7.088083802601853611e-02 1.570796326794896558e+00 1.000000000000000000e+00 1.000000000000000000e+00 0.000000000000000000e+00 0.000000000000000000e+00 -1.000000000000000000e+00 -1.000000000000000000e+00
1.860000000000000000e+02 2.131862532661562000e+04 1.015294457602016998e+01 -2.434799388929998094e-03 9.408537959703274778e-01 -6.413358792559823406e-03 1.000000000000000021e-02 1.570796326794896558e+00 1.000000000000000000e+00 1.000000000000000000e+00 0.000000000000000000e+00 0.000000000000000000e+00 -1.000000000000000000e+00 -1.000000000000000000e+00
1.880000000000000000e+02 4.305273866056730185e+04 1.405748508129476271e+01 -2.375876949371149432e-02 1.635051433634446827e+00 -7.890506079692577446e-03 7.489814464640046077e-02 0.000000000000000000e+00 1.000000000000000000e+00 1.000000000000000000e+00 0.000000000000000000e+00 0.000000000000000000e+00 -1.000000000000000000e+00 -1.000000000000000000e+00
1.920000000000000000e+02 3.936231256437153934e+04 1.332705136681002145e+01 -3.140333317162340848e-02 1.821890769674433086e+00 3.153362831283599288e+00 8.681586249329807659e-02 1.570796326794896558e+00 1.000000000000000000e+00 1.000000000000000000e+00 0.000000000000000000e+00 0.000000000000000000e+00 -1.000000000000000000e+00 -1.000000000000000000e+00
1.950000000000000000e+02 5.000000000000000000e+04 2.050929768759742799e+01 -2.394943018112843935e-02 9.614641462848882991e-01 3.216604655960050244e-03 3.497119785664183633e-02 0.000000000000000000e+00 1.000000000000000000e+00 1.000000000000000000e+00 0.000000000000000000e+00 0.000000000000000000e+00 -1.000000000000000000e+00 -1.000000000000000000e+00
1.960000000000000000e+02 4.037187467685622687e+04 1.905226161825618902e+01 -1.815474562050248541e-01 2.048772231573011915e+00 3.021259860772039507e-02 2.053419514100638874e-02 0.000000000000000000e+00 1.000000000000000000e+00 1.000000000000000000e+00 0.000000000000000000e+00 0.000000000000000000e+00 -1.000000000000000000e+00 -1.000000000000000000e+00
1.980000000000000000e+02 4.611626334046568809e+04 1.362454158478026400e+01 -2.064615024500504326e-01 2.934184942302910937e+00 1.675126525943782755e-03 5.593218096925673538e-02 0.000000000000000000e+00 1.000000000000000000e+00 1.000000000000000000e+00 0.000000000000000000e+00 0.000000000000000000e+00 -1.000000000000000000e+00 -1.000000000000000000e+00
1.990000000000000000e+02 3.218142849072337049e+04 1.094616045619278566e+01 1.233947825907995011e-01 1.511739667315113556e+00 1.608414673274213835e-02 3.868918154736600279e-02 0.000000000000000000e+00 1.000000000000000000e+00 1.000000000000000000e+00 0.000000000000000000e+00 0.000000000000000000e+00 -1.000000000000000000e+00 -1.000000000000000000e+00
3.650000000000000000e+02 5.874667128474508218e+02 1.226849450852285095e+01 1.673190521684366494e-01 5.199245953908806506e-01 0.000000000000000000e+00 6.891397849504177220e-02 -1.000000000000000000e+00 1.000000000000000000e+00 1.000000000000000000e+00 1.000000000000000000e+01 0.000000000000000000e+00 -1.000000000000000000e+00 -1.000000000000000000e+00
1.100000000000000000e+01 2.227841501386771051e+04 2.269073766115131718e+01 4.855574218079715398e-02 5.952677801901256061e-01 9.738816006251271168e-03 6.930034290964209864e-02 1.570796326794896558e+00 1.000000000000000000e+00 1.000000000000000000e+00 0.000000000000000000e+00 0.000000000000000000e+00 -1.000000000000000000e+00 -1.000000000000000000e+00
4.000000000000000000e+01 4.225955740565010638e+04 1.437289013173524310e+01 -2.165584192370805239e-01 2.601058264460578417e+00 0.000000000000000000e+00 3.895755143670760756e-02 1.570796326794896558e+00 1.000000000000000000e+00 1.000000000000000000e+00 0.000000000000000000e+00 0.000000000000000000e+00 -1.000000000000000000e+00 -1.000000000000000000e+00
4.800000000000000000e+01 2.273166431228980946e+04 1.979844933883365954e+01 -2.575537885672552624e-02 1.749003692305205693e+00 7.463933469850175979e-03 1.000000000000000056e-01 1.570796326794896558e+00 1.000000000000000000e+00 1.000000000000000000e+00 0.000000000000000000e+00 0.000000000000000000e+00 -1.000000000000000000e+00 -1.000000000000000000e+00
5.400000000000000000e+01 3.695223641629354825e+04 1.728239148394297331e+01 -2.490469836012996208e-01 2.038863426358830111e+00 0.000000000000000000e+00 9.521517627753128821e-02 1.570796326794896558e+00 1.000000000000000000e+00 1.000000000000000000e+00 0.000000000000000000e+00 0.000000000000000000e+00 -1.000000000000000000e+00 -1.000000000000000000e+00
5.500000000000000000e+01 8.940434764262610770e+03 2.211396029891915305e+01 -2.166994383100237509e-01 2.191154326285082110e+00 0.000000000000000000e+00 1.000000000000000056e-01 1.570796326794896558e+00 1.000000000000000000e+00 1.000000000000000000e+00 0.000000000000000000e+00 0.000000000000000000e+00 -1.000000000000000000e+00 -1.000000000000000000e+00
6.100000000000000000e+01 4.858612378693936762e+02 1.101967364939604010e+01 -1.067036313177200935e-01 2.096074287717793361e+00 0.000000000000000000e+00 3.085693391125042886e-02 1.570796326794896558e+00 1.000000000000000000e+00 1.000000000000000000e+00 0.000000000000000000e+00 0.000000000000000000e+00 -1.000000000000000000e+00 -1.000000000000000000e+00
7.200000000000000000e+01 4.299335047555547499e+04 3.679544499960796600e+01 -1.673735379546607560e-01 2.435995484232912567e+00 0.000000000000000000e+00 1.132618290378051111e-02 1.570796326794896558e+00 1.000000000000000000e+00 1.000000000000000000e+00 0.000000000000000000e+00 0.000000000000000000e+00 -1.000000000000000000e+00 -1.000000000000000000e+00
7.300000000000000000e+01 4.645673544501176366e+04 2.145200870997132014e+01 -1.796206619207631472e-01 2.450645195814142419e+00 0.000000000000000000e+00 2.357508425771936283e-02 1.570796326794896558e+00 1.000000000000000000e+00 1.000000000000000000e+00 0.000000000000000000e+00 0.000000000000000000e+00 -1.000000000000000000e+00 -1.000000000000000000e+00
7.400000000000000000e+01 7.153941919059992642e+02 1.105376733523499944e+01 1.302682297212353069e-01 1.624655796383287498e+00 5.544847270889020734e-03 1.000000000000000056e-01 1.570796326794896558e+00 1.000000000000000000e+00 1.000000000000000000e+00 0.000000000000000000e+00 0.000000000000000000e+00 -1.000000000000000000e+00 -1.000000000000000000e+00
8.300000000000000000e+01 7.266615314186318528e+02 2.447543558050325885e+01 -1.477204605036784579e-01 2.213538496405087930e+00 0.000000000000000000e+00 9.000000000000001055e-02 1.570796326794896558e+00 1.000000000000000000e+00 1.000000000000000000e+00 0.000000000000000000e+00 0.000000000000000000e+00 -1.000000000000000000e+00 -1.000000000000000000e+00
8.800000000000000000e+01 2.321170319581735748e+04 1.186307216467648118e+01 -1.436249391361474059e-01 3.100000000000000089e+00 2.096075876700820642e-03 1.085805412338509274e-02 1.570796326794896558e+00 1.000000000000000000e+00 1.000000000000000000e+00 0.000000000000000000e+00 0.000000000000000000e+00 -1.000000000000000000e+00 -1.000000000000000000e+00
9.200000000000000000e+01 3.591548045067064959e+04 1.819206543741896098e+01 6.441221978891625843e-02 1.578454255775492809e+00 0.000000000000000000e+00 7.769659496232078633e-02 1.570796326794896558e+00 1.000000000000000000e+00 1.000000000000000000e+00 0.000000000000000000e+00 0.000000000000000000e+00 -1.000000000000000000e+00 -1.000000000000000000e+00
9.600000000000000000e+01 7.425533532006789983e+02 2.498583194893260639e+01 -1.095482149133106403e-01 2.106939593307791903e+00 3.026671468101540044e-03 9.000000000000001055e-02 1.570796326794896558e+00 1.000000000000000000e+00 1.000000000000000000e+00 0.000000000000000000e+00 0.000000000000000000e+00 -1.000000000000000000e+00 -1.000000000000000000e+00
1.040000000000000000e+02 5.000000000000000000e+04 2.072588270338622962e+01 -6.693645184411359250e-02 2.225400653479938207e+00 0.000000000000000000e+00 5.181795346630149735e-02 1.570796326794896558e+00 1.000000000000000000e+00 1.000000000000000000e+00 0.000000000000000000e+00 0.000000000000000000e+00 -1.000000000000000000e+00 -1.000000000000000000e+00
1.160000000000000000e+02 1.653785472465948624e+04 1.362610422361798435e+01 -1.750699469832471544e-02 1.101547023165889483e+00 1.637001306583655072e-02 5.257574638735756922e-02 1.570796326794896558e+00 1.000000000000000000e+00 1.000000000000000000e+00 0.000000000000000000e+00 0.000000000000000000e+00 -1.000000000000000000e+00 -1.000000000000000000e+00
1.200000000000000000e+02 3.861646113312543457e+04 1.061307328795305516e+01 -2.225857692481681971e-01 3.100000000000000089e+00 1.926089179630272041e-02 1.224312568006105141e-02 1.570796326794896558e+00 1.000000000000000000e+00 1.000000000000000000e+00 0.000000000000000000e+00 0.000000000000000000e+00 -1.000000000000000000e+00 -1.000000000000000000e+00
1.270000000000000000e+02 1.821478297273093995e+04 1.070432949089311592e+01 -2.437778575130597758e-01 3.072080000000000144e+00 1.217896282107790509e-02 1.000000000000000021e-02 1.570796326794896558e+00 1.000000000000000000e+00 1.000000000000000000e+00 0.000000000000000000e+00 0.000000000000000000e+00 -1.000000000000000000e+00 -1.000000000000000000e+00
1.370000000000000000e+02 7.662365596086885944e+02 1.126304635255108799e+01 -2.071972455864433404e-01 3.100000000000000089e+00 1.050631139123260876e-03 2.483343611925073122e-02 1.570796326794896558e+00 1.000000000000000000e+00 1.000000000000000000e+00 0.000000000000000000e+00 0.000000000000000000e+00 -1.000000000000000000e+00 -1.000000000000000000e+00
1.490000000000000000e+02 2.650647851983087094e+04 1.026908011518788832e+01 -1.909267094025569877e-02 9.450970733268249102e-01 0.000000000000000000e+00 3.822149922587210480e-02 1.570796326794896558e+00 1.000000000000000000e+00 1.000000000000000000e+00 0.000000000000000000e+00 0.000000000000000000e+00 -1.000000000000000000e+00 -1.000000000000000000e+00
1.500000000000000000e+02 3.274864900743215549e+04 2.079654442832987371e+01 -2.609091141772253986e-01 2.763574063366355915e+00 3.547682260000637605e-02 5.552997532200878300e-02 1.570796326794896558e+00 1.000000000000000000e+00 1.000000000000000000e+00 0.000000000000000000e+00 0.000000000000000000e+00 -1.000000000000000000e+00 -1.000000000000000000e+00
1.540000000000000000e+02 1.185182491283238051e+04 1.445411665080633767e+01 -2.182533140786135917e-01 2.674043015832719750e+00 1.963330341428183579e-02 1.000000000000000021e-02 1.570796326794896558e+00 1.000000000000000000e+00 1.000000000000000000e+00 0.000000000000000000e+00 0.000000000000000000e+00 -1.000000000000000000e+00 -1.000000000000000000e+00
1.590000000000000000e+02 5.000000000000000000e+04 2.141863111347105786e+01 -2.315843486560179715e-02 4.463585467271588558e-01 0.000000000000000000e+00 8.602448283820766928e-02 1.570796326794896558e+00 1.000000000000000000e+00 1.000000000000000000e+00 0.000000000000000000e+00 0.000000000000000000e+00 -1.000000000000000000e+00 -1.000000000000000000e+00
1.600000000000000000e+02 3.120904849964490131e+04 1.773891095029052778e+01 -3.366752564639645395e-02 1.874600855865845572e+00 0.000000000000000000e+00 3.768228240605023954e-02 1.570796326794896558e+00 1.000000000000000000e+00 1.000000000000000000e+00 0.000000000000000000e+00 0.000000000000000000e+00 -1.000000000000000000e+00 -1.000000000000000000e+00
1.620000000000000000e+02 3.871797597218957526e+04 1.183072889280216167e+01 -1.122400151554265590e-01 3.100000000000000089e+00 0.000000000000000000e+00 1.447739435970455714e-02 1.570796326794896558e+00 1.000000000000000000e+00 1.000000000000000000e+00 0.000000000000000000e+00 0.000000000000000000e+00 -1.000000000000000000e+00 -1.000000000000000000e+00
1.810000000000000000e+02 1.245113092461229201e+02 1.793621348838282969e+01 2.851713340750830494e-02 1.434647996900104916e+00 7.132115551136510023e-02 8.675158902766474944e-02 1.570796326794896558e+00 1.000000000000000000e+00 1.000000000000000000e+00 0.000000000000000000e+00 0.000000000000000000e+00 -1.000000000000000000e+00 -1.000000000000000000e+00
1.900000000000000000e+02 1.906041632956732428e+04 1.632130581866187669e+01 1.139446901961258529e-01 5.841712132299520244e-01 2.931519968608991677e-03 7.485911896702758528e-02 1.570796326794896558e+00 1.000000000000000000e+00 1.000000000000000000e+00 0.000000000000000000e+00 0.000000000000000000e+00 -1.000000000000000000e+00 -1.000000000000000000e+00
1.940000000000000000e+02 7.597864943663537360e+02 1.555533478106067591e+01 -9.107153771359081940e-02 2.935364942640358965e+00 9.184209331115900793e-03 1.000000000000000056e-01 1.570796326794896558e+00 1.000000000000000000e+00 1.000000000000000000e+00 0.000000000000000000e+00 0.000000000000000000e+00 -1.000000000000000000e+00 -1.000000000000000000e+00
2.000000000000000000e+02 2.726192906363311340e+04 1.309905895470608428e+01 -4.376958007108813775e-02 1.099805323512685895e+00 3.070890176655736298e-02 1.210094969148405725e-02 1.570796326794896558e+00 1.000000000000000000e+00 1.000000000000000000e+00 0.000000000000000000e+00 0.000000000000000000e+00 -1.000000000000000000e+00 -1.000000000000000000e+00
4.000000000000000000e+00 7.030811723224940124e+02 1.548835345803314922e+01 -7.039409381713253311e-02 3.051552835209966563e+00 0.000000000000000000e+00 9.000000000000001055e-02 0.000000000000000000e+00 1.000000000000000000e+00 1.000000000000000000e+00 0.000000000000000000e+00 0.000000000000000000e+00 -1.000000000000000000e+00 -1.000000000000000000e+00
9.000000000000000000e+00 8.705390305431420757e+02 1.320488598704814187e+01 -4.300228949154432517e-02 1.698070274233734356e+00 0.000000000000000000e+00 2.009425857583867214e-02 0.000000000000000000e+00 1.000000000000000000e+00 1.000000000000000000e+00 0.000000000000000000e+00 0.000000000000000000e+00 -1.000000000000000000e+00 -1.000000000000000000e+00
2.700000000000000000e+01 8.150136834714104452e+02 1.612624498131482653e+01 -7.620074704856999448e-02 2.136595587617352354e+00 0.000000000000000000e+00 9.000000000000001055e-02 0.000000000000000000e+00 1.000000000000000000e+00 1.000000000000000000e+00 0.000000000000000000e+00 0.000000000000000000e+00 -1.000000000000000000e+00 -1.000000000000000000e+00
3.600000000000000000e+01 7.270399200690553698e+03 1.751532045509429025e+01 3.897482871708707330e-02 1.872788272210151206e+00 0.000000000000000000e+00 2.965192690131777248e-02 0.000000000000000000e+00 1.000000000000000000e+00 1.000000000000000000e+00 0.000000000000000000e+00 0.000000000000000000e+00 -1.000000000000000000e+00 -1.000000000000000000e+00
3.700000000000000000e+01 7.451105204421276085e+02 1.380210055762646526e+01 -2.232484190216334763e-01 2.499439084909692355e+00 0.000000000000000000e+00 8.100000000000001643e-02 0.000000000000000000e+00 1.000000000000000000e+00 1.000000000000000000e+00 0.000000000000000000e+00 0.000000000000000000e+00 -1.000000000000000000e+00 -1.000000000000000000e+00
5.600000000000000000e+01 6.441082325233403935e+03 1.068213086037977178e+01 1.183961956847957853e-02 1.288070626895144954e+00 0.000000000000000000e+00 9.000000000000001055e-02 0.000000000000000000e+00 1.000000000000000000e+00 1.000000000000000000e+00 0.000000000000000000e+00 0.000000000000000000e+00 -1.000000000000000000e+00 -1.000000000000000000e+00
5.800000000000000000e+01 2.352355309082488475e+03 1.102654414801844140e+01 -8.472153761144424200e-02 3.100000000000000089e+00 0.000000000000000000e+00 9.000000000000001055e-02 0.000000000000000000e+00 1.000000000000000000e+00 1.000000000000000000e+00 0.000000000000000000e+00 0.000000000000000000e+00 -1.000000000000000000e+00 -1.000000000000000000e+00
7.000000000000000000e+01 8.775086453099071150e+03 1.465055649711639063e+01 5.284110069773031819e-03 1.682721665947708889e+00 0.000000000000000000e+00 3.193717563408138976e-02 0.000000000000000000e+00 1.000000000000000000e+00 1.000000000000000000e+00 0.000000000000000000e+00 0.000000000000000000e+00 -1.000000000000000000e+00 -1.000000000000000000e+00
9.100000000000000000e+01 5.657231052581436415e+03 1.362339343452103968e+01 6.283938017250348396e-02 1.146287835328275717e+00 0.000000000000000000e+00 9.000000000000001055e-02 0.000000000000000000e+00 1.000000000000000000e+00 1.000000000000000000e+00 0.000000000000000000e+00 0.000000000000000000e+00 -1.000000000000000000e+00 -1.000000000000000000e+00
1.050000000000000000e+02 1.090887951202386648e+04 1.340951378871711697e+01 9.318257396659990199e-02 1.317851576411311676e+00 0.000000000000000000e+00 1.000000000000000056e-01 0.000000000000000000e+00 1.000000000000000000e+00 1.000000000000000000e+00 0.000000000000000000e+00 0.000000000000000000e+00 -1.000000000000000000e+00 -1.000000000000000000e+00
1.640000000000000000e+02 3.308556398379850634e+03 1.348061792617395049e+01 -2.301743827270721354e-01 2.065215977376686052e+00 0.000000000000000000e+00 9.000000000000001055e-02 0.000000000000000000e+00 1.000000000000000000e+00 1.000000000000000000e+00 0.000000000000000000e+00 0.000000000000000000e+00 -1.000000000000000000e+00 -1.000000000000000000e+00
1.660000000000000000e+02 6.447419264799606026e+03 1.038039024013449385e+01 -1.715021793150672824e-01 3.093020000000000103e+00 0.000000000000000000e+00 9.000000000000001055e-02 0.000000000000000000e+00 1.000000000000000000e+00 1.000000000000000000e+00 0.000000000000000000e+00 0.000000000000000000e+00 -1.000000000000000000e+00 -1.000000000000000000e+00
1.680000000000000000e+02 9.656166040065492780e+03 1.298005271838631458e+01 -9.296947507867746319e-02 2.523931304794452934e+00 0.000000000000000000e+00 1.000000000000000021e-02 0.000000000000000000e+00 1.000000000000000000e+00 1.000000000000000000e+00 0.000000000000000000e+00 0.000000000000000000e+00 -1.000000000000000000e+00 -1.000000000000000000e+00
3.660000000000000000e+02 9.155759577810946439e+02 3.379374138010825845e+01 4.978598251864654878e-02 1.060020050150940030e+00 0.000000000000000000e+00 1.000000000000000056e-01 -1.000000000000000000e+00 1.000000000000000000e+00 1.000000000000000000e+00 1.000000000000000000e+01 1.000000000000000000e+05 -1.000000000000000000e+00 -1.000000000000000000e+00
3.670000000000000000e+02 1.061189752452188202e+02 1.088015221695548895e+01 -1.829011113984486958e-02 7.758665859359110684e-01 0.000000000000000000e+00 8.324911031287977881e-02 -1.000000000000000000e+00 1.000000000000000000e+00 1.000000000000000000e+00 1.000000000000000000e+01 2.000000000000000000e+05 -1.000000000000000000e+00 -1.000000000000000000e+00
3.680000000000000000e+02 6.845958875257352361e+01 3.328995190935751936e+01 -1.508342786026308779e-01 2.135416630768021573e+00 0.000000000000000000e+00 8.480002178978376937e-02 -1.000000000000000000e+00 1.000000000000000000e+00 1.000000000000000000e+00 1.000000000000000000e+01 3.000000000000000000e+05 -1.000000000000000000e+00 -1.000000000000000000e+00
3.690000000000000000e+02 3.822619470805639139e+02 2.270739327280143272e+01 -2.698027826541027005e-02 2.942147957731849672e+00 0.000000000000000000e+00 1.903922673417071665e-02 -1.000000000000000000e+00 1.000000000000000000e+00 1.000000000000000000e+00 1.000000000000000000e+01 4.000000000000000000e+05 -1.000000000000000000e+00 -1.000000000000000000e+00
3.710000000000000000e+02 2.077271415519238644e+02 1.621878037932783201e+01 -1.605710284930926546e-01 1.750574108009089969e+00 0.000000000000000000e+00 8.876436785931866857e-02 -1.000000000000000000e+00 1.000000000000000000e+00 1.000000000000000000e+00 1.000000000000000000e+01 5.000000000000000000e+05 -1.000000000000000000e+00 -1.000000000000000000e+00
1.320000000000000000e+02 2.863393125539548055e+04 1.321398899571027385e+01 2.474669646771526094e-02 1.086731286242352823e+00 3.127237514549463082e+00 4.349762050691977772e-02 1.570796326794896558e+00 1.000000000000000000e+00 1.000000000000000000e+00 0.000000000000000000e+00 0.000000000000000000e+00 -1.000000000000000000e+00 -1.000000000000000000e+00
3.740000000000000000e+02 7.115484004293787166e+02 1.445356790809609748e+01 3.265356871016079077e-01 6.553186064897337237e-01 0.000000000000000000e+00 1.000000000000000056e-01 -1.000000000000000000e+00 1.000000000000000000e+00 1.000000000000000000e+00 1.000000000000000000e+01 6.000000000000000000e+05 -1.000000000000000000e+00 -1.000000000000000000e+00
1.210000000000000000e+02 1.703206926731279600e+04 1.610003769833800291e+01 -1.104262332383539325e-01 1.941385719777149577e+00 3.158321154895243232e+00 9.000000000000001055e-02 1.570796326794896558e+00 1.000000000000000000e+00 1.000000000000000000e+00 0.000000000000000000e+00 0.000000000000000000e+00 -1.000000000000000000e+00 -1.000000000000000000e+00
