# id_num orb_a mass spin spin_angle orb_inc orb_ecc orb_arg_periapse orb_ang_mom gen galaxy time_passed star_X star_Y star_Z radius
2.370000000000000000e+02 4.623756577169002213e+01 1.617738279370857072e+03 9.439999999999999503e-01 1.771413847886286641e+00 0.000000000000000000e+00 3.432788652283152997e-01 1.570796326794896558e+00 1.308606616719884288e+18 1.000000000000000000e+00 0.000000000000000000e+00 0.000000000000000000e+00 7.273999999999999355e-01 2.637999999999999790e-01 8.800000000000000530e-03 3.665809841110558409e+02
2.380000000000000000e+02 5.226892526094177782e+01 1.605764292850378979e+03 9.439999999999999503e-01 1.245527513792505481e+00 0.000000000000000000e+00 1.887139222709126873e-01 1.570796326794896558e+00 1.308181531898825728e+18 1.000000000000000000e+00 0.000000000000000000e+00 0.000000000000000000e+00 7.273999999999999355e-01 2.637999999999999790e-01 8.800000000000000530e-03 3.644087195868704612e+02
2.390000000000000000e+02 5.315492477382666436e+01 1.697864923113334498e+03 9.439999999999999503e-01 6.102742683677272462e-01 0.000000000000000000e+00 4.351211792342339624e-02 1.570796326794896558e+00 1.392850437786712576e+18 1.000000000000000000e+00 0.000000000000000000e+00 0.000000000000000000e+00 7.273999999999999355e-01 2.637999999999999790e-01 8.800000000000000530e-03 3.810358444035145453e+02
2.420000000000000000e+02 5.571426581931452660e+01 1.695350146784655180e+03 9.439999999999999503e-01 6.675421672462852341e-01 0.000000000000000000e+00 2.152717324532366430e-02 0.000000000000000000e+00 1.420815081951200768e+18 1.000000000000000000e+00 0.000000000000000000e+00 0.000000000000000000e+00 7.273999999999999355e-01 2.637999999999999790e-01 8.800000000000000530e-03 3.805842834253401179e+02
2.460000000000000000e+02 6.042789785621156540e+01 2.354099786001891971e+03 9.439999999999999503e-01 9.628268907073852523e-01 0.000000000000000000e+00 1.004050166456614546e-02 1.570796326794896558e+00 2.030007091005614080e+18 1.000000000000000000e+00 0.000000000000000000e+00 0.000000000000000000e+00 7.273999999999999355e-01 2.637999999999999790e-01 8.800000000000000530e-03 4.948837772260656038e+02
2.470000000000000000e+02 4.321974923964589976e+01 1.833167584021258335e+03 9.439999999999999503e-01 1.561730294537305941e+00 0.000000000000000000e+00 6.220532087015957501e-01 0.000000000000000000e+00 1.592951608428769280e+18 1.000000000000000000e+00 0.000000000000000000e+00 0.000000000000000000e+00 7.273999999999999355e-01 2.637999999999999790e-01 8.800000000000000530e-03 4.051399389916214204e+02
2.480000000000000000e+02 3.981978136924882961e+01 1.884711672549772857e+03 9.439999999999999503e-01 1.436493307362528116e+00 0.000000000000000000e+00 3.255651060416464571e-01 1.570796326794896558e+00 1.649471563690239744e+18 1.000000000000000000e+00 0.000000000000000000e+00 0.000000000000000000e+00 7.273999999999999355e-01 2.637999999999999790e-01 8.800000000000000530e-03 4.142278163266670958e+02
2.510000000000000000e+02 5.962672155011497921e+01 2.647160551276355818e+03 9.439999999999999503e-01 1.419950558056829015e+00 0.000000000000000000e+00 1.578579153320752992e-01 1.570796326794896558e+00 2.369488631949739008e+18 1.000000000000000000e+00 0.000000000000000000e+00 0.000000000000000000e+00 7.273999999999999355e-01 2.637999999999999790e-01 8.800000000000000530e-03 5.435851062571280181e+02
2.520000000000000000e+02 6.806582534392870798e+01 2.650722241780495096e+03 9.439999999999999503e-01 1.491030291583356648e+00 0.000000000000000000e+00 6.325174919401678475e-02 0.000000000000000000e+00 2.389675239286156800e+18 1.000000000000000000e+00 0.000000000000000000e+00 0.000000000000000000e+00 7.273999999999999355e-01 2.637999999999999790e-01 8.800000000000000530e-03 5.441701320668145172e+02
2.530000000000000000e+02 4.829849826964238702e+01 2.546146616279610043e+03 9.439999999999999503e-01 3.750457172715987997e-01 0.000000000000000000e+00 5.524855416158281907e-01 0.000000000000000000e+00 2.313704844498628096e+18 1.000000000000000000e+00 0.000000000000000000e+00 0.000000000000000000e+00 7.273999999999999355e-01 2.637999999999999790e-01 8.800000000000000530e-03 5.269265112622937295e+02
2.540000000000000000e+02 6.246405309814527129e+01 2.596558341495751392e+03 9.439999999999999503e-01 1.662674045996244354e+00 0.000000000000000000e+00 1.727183690366148050e-01 0.000000000000000000e+00 2.376828926913730048e+18 1.000000000000000000e+00 0.000000000000000000e+00 0.000000000000000000e+00 7.273999999999999355e-01 2.637999999999999790e-01 8.800000000000000530e-03 5.352563044165846122e+02
2.550000000000000000e+02 7.267462165878035307e+01 2.988557202534246699e+03 9.439999999999999503e-01 9.640354640286645793e-01 0.000000000000000000e+00 1.022974789572527431e-02 1.570796326794896558e+00 2.756116905476891648e+18 1.000000000000000000e+00 0.000000000000000000e+00 0.000000000000000000e+00 7.273999999999999355e-01 2.637999999999999790e-01 8.800000000000000530e-03 5.989803585473550811e+02
2.580000000000000000e+02 5.419098659311721633e+01 3.278619832551559284e+03 9.439999999999999503e-01 1.007903614160435390e+00 0.000000000000000000e+00 3.027587100200723746e-01 1.570796326794896558e+00 3.095526687006807552e+18 1.000000000000000000e+00 0.000000000000000000e+00 0.000000000000000000e+00 7.273999999999999355e-01 2.637999999999999790e-01 8.800000000000000530e-03 6.450541482533510589e+02
2.610000000000000000e+02 8.385311581119930224e+01 3.411658924077346910e+03 9.439999999999999503e-01 1.814571511618809252e+00 0.000000000000000000e+00 2.745883295944508834e-02 0.000000000000000000e+00 3.295352063505972224e+18 1.000000000000000000e+00 0.000000000000000000e+00 0.000000000000000000e+00 7.273999999999999355e-01 2.637999999999999790e-01 8.800000000000000530e-03 6.659104166668195148e+02
2.630000000000000000e+02 5.415457828248335659e+01 3.839647241361312808e+03 9.439999999999999503e-01 8.022786395989590646e-01 0.000000000000000000e+00 3.228720431259120560e-01 1.570796326794896558e+00 3.767155586700104704e+18 1.000000000000000000e+00 0.000000000000000000e+00 0.000000000000000000e+00 7.273999999999999355e-01 2.637999999999999790e-01 8.800000000000000530e-03 7.319415212055397433e+02
2.640000000000000000e+02 5.470273699845844817e+01 4.024028642504306845e+03 9.439999999999999503e-01 1.773333793351477672e+00 0.000000000000000000e+00 4.679673886901929425e-01 0.000000000000000000e+00 3.980222125687582208e+18 1.000000000000000000e+00 0.000000000000000000e+00 0.000000000000000000e+00 7.273999999999999355e-01 2.637999999999999790e-01 8.800000000000000530e-03 7.599275226041064570e+02
2.660000000000000000e+02 8.835722507594780950e+01 4.670309146418569071e+03 9.439999999999999503e-01 1.494360132089019189e+00 0.000000000000000000e+00 9.000000000000001055e-02 1.570796326794896558e+00 4.693899460458339328e+18 1.000000000000000000e+00 0.000000000000000000e+00 0.000000000000000000e+00 7.273999999999999355e-01 2.637999999999999790e-01 8.800000000000000530e-03 8.560907933192654582e+02
2.690000000000000000e+02 6.285152859580439610e+01 4.618442848818504899e+03 9.439999999999999503e-01 1.572415046800809346e+00 0.000000000000000000e+00 9.923310667900182847e-02 1.570796326794896558e+00 4.757498590461957120e+18 1.000000000000000000e+00 0.000000000000000000e+00 0.000000000000000000e+00 7.273999999999999355e-01 2.637999999999999790e-01 8.800000000000000530e-03 8.484764294793278623e+02
2.730000000000000000e+02 9.396885774002689118e+01 5.676508127312168654e+03 9.439999999999999503e-01 1.783847749433906671e+00 0.000000000000000000e+00 3.704930683248017220e-02 1.570796326794896558e+00 6.042930972585716736e+18 1.000000000000000000e+00 0.000000000000000000e+00 0.000000000000000000e+00 7.273999999999999355e-01 2.637999999999999790e-01 8.800000000000000530e-03 1.000710218183947177e+03
2.740000000000000000e+02 9.182442856435130807e+01 5.545438390657372111e+03 9.439999999999999503e-01 1.057417475498093618e+00 0.000000000000000000e+00 1.571124377010844203e-02 0.000000000000000000e+00 5.952941327238371328e+18 1.000000000000000000e+00 0.000000000000000000e+00 0.000000000000000000e+00 7.273999999999999355e-01 2.637999999999999790e-01 8.800000000000000530e-03 9.821821360552114584e+02
2.750000000000000000e+02 1.128151160553426280e+02 5.825148873279357758e+03 9.439999999999999503e-01 1.350877179826478258e+00 0.000000000000000000e+00 1.476502391796009547e-02 1.570796326794896558e+00 6.306274127999035392e+18 1.000000000000000000e+00 0.000000000000000000e+00 0.000000000000000000e+00 7.273999999999999355e-01 2.637999999999999790e-01 8.800000000000000530e-03 1.021618965039049613e+03
2.760000000000000000e+02 1.059704019438726448e+02 6.567191413166347047e+03 9.459999999999999520e-01 1.606344335766283660e+00 0.000000000000000000e+00 9.000000000000001055e-02 1.570796326794896558e+00 7.169833215320309760e+18 1.000000000000000000e+00 0.000000000000000000e+00 0.000000000000000000e+00 7.273999999999999355e-01 2.637999999999999790e-01 8.800000000000000530e-03 1.124467902055904688e+03
2.770000000000000000e+02 1.002751795784296291e+02 6.362004936577803164e+03 9.439999999999999503e-01 1.461134462680691914e+00 0.000000000000000000e+00 3.065364574070451528e-02 1.570796326794896558e+00 7.005034835721367552e+18 1.000000000000000000e+00 0.000000000000000000e+00 0.000000000000000000e+00 7.273999999999999355e-01 2.637999999999999790e-01 8.800000000000000530e-03 1.096272511635670753e+03
2.780000000000000000e+02 1.123512728369871212e+02 6.961083383478826363e+03 9.439999999999999503e-01 5.777482644097710063e-01 0.000000000000000000e+00 3.440523460785251120e-02 0.000000000000000000e+00 7.730832087948568576e+18 1.000000000000000000e+00 0.000000000000000000e+00 0.000000000000000000e+00 7.273999999999999355e-01 2.637999999999999790e-01 8.800000000000000530e-03 1.178107150566237578e+03
2.790000000000000000e+02 1.117614333118976333e+02 7.262302669373892968e+03 9.439999999999999503e-01 3.748529938283231000e-01 0.000000000000000000e+00 1.032935999095341804e-02 1.570796326794896558e+00 8.134318298033074176e+18 1.000000000000000000e+00 0.000000000000000000e+00 0.000000000000000000e+00 7.273999999999999355e-01 2.637999999999999790e-01 8.800000000000000530e-03 1.218716803389264896e+03
2.800000000000000000e+02 1.363840315241014878e+02 7.728143775499271214e+03 9.439999999999999503e-01 1.335323387458093203e+00 0.000000000000000000e+00 1.000000000000000056e-01 1.570796326794896558e+00 8.731448449498141696e+18 1.000000000000000000e+00 0.000000000000000000e+00 0.000000000000000000e+00 7.273999999999999355e-01 2.637999999999999790e-01 8.800000000000000530e-03 1.280865351265952086e+03
2.810000000000000000e+02 1.184065348561201603e+02 6.913811773489989719e+03 9.439999999999999503e-01 6.977293196094879191e-01 0.000000000000000000e+00 9.000000000000001055e-02 1.570796326794896558e+00 7.879176224609982464e+18 1.000000000000000000e+00 0.000000000000000000e+00 0.000000000000000000e+00 7.273999999999999355e-01 2.637999999999999790e-01 8.800000000000000530e-03 1.171702521783300199e+03
2.840000000000000000e+02 1.263267568439879227e+02 8.522220072151319982e+03 9.439999999999999503e-01 6.427101853163729173e-01 0.000000000000000000e+00 1.777485493723049773e-02 0.000000000000000000e+00 9.975529962717353984e+18 1.000000000000000000e+00 0.000000000000000000e+00 0.000000000000000000e+00 7.273999999999999355e-01 2.637999999999999790e-01 8.800000000000000530e-03 1.385114000664713558e+03
2.850000000000000000e+02 1.340515023911320043e+02 8.926246957959943757e+03 9.439999999999999503e-01 7.196305329593524203e-01 0.000000000000000000e+00 4.566058038678416642e-02 1.570796326794896558e+00 1.053771121931295130e+19 1.000000000000000000e+00 0.000000000000000000e+00 0.000000000000000000e+00 7.273999999999999355e-01 2.637999999999999790e-01 8.800000000000000530e-03 1.437402651457214461e+03
2.860000000000000000e+02 1.339605102343701333e+02 8.865115515508519820e+03 9.439999999999999503e-01 0.000000000000000000e+00 0.000000000000000000e+00 1.617850856456420558e-02 1.570796326794896558e+00 1.056200216755635405e+19 1.000000000000000000e+00 0.000000000000000000e+00 0.000000000000000000e+00 7.273999999999999355e-01 2.637999999999999790e-01 8.800000000000000530e-03 1.429521996440005523e+03
2.890000000000000000e+02 1.401554448211569763e+02 9.968698897126836528e+03 9.439999999999999503e-01 1.669194591785932991e+00 0.000000000000000000e+00 9.000000000000001055e-02 0.000000000000000000e+00 1.220169333508903731e+19 1.000000000000000000e+00 0.000000000000000000e+00 0.000000000000000000e+00 7.273999999999999355e-01 2.637999999999999790e-01 8.800000000000000530e-03 1.570196864868826879e+03
2.900000000000000000e+02 1.485510171286612717e+02 1.112177716386039720e+04 9.439999999999999503e-01 1.811836401220385806e+00 0.000000000000000000e+00 5.812311480300205724e-02 0.000000000000000000e+00 1.374113060892773376e+19 1.000000000000000000e+00 0.000000000000000000e+00 0.000000000000000000e+00 7.273999999999999355e-01 2.637999999999999790e-01 8.800000000000000530e-03 1.713888933631573309e+03
2.930000000000000000e+02 1.448647070275484054e+02 1.242101000209488484e+04 9.439999999999999503e-01 6.954339125424353618e-01 0.000000000000000000e+00 1.196903592390782638e-02 1.570796326794896558e+00 1.577826135607128883e+19 1.000000000000000000e+00 0.000000000000000000e+00 0.000000000000000000e+00 7.273999999999999355e-01 2.637999999999999790e-01 8.800000000000000530e-03 1.872271611714439814e+03
2.940000000000000000e+02 1.751787703587827707e+02 1.315766746605911976e+04 9.439999999999999503e-01 1.456070970567040490e+00 0.000000000000000000e+00 1.000000000000000056e-01 1.570796326794896558e+00 1.686902162398030848e+19 1.000000000000000000e+00 0.000000000000000000e+00 0.000000000000000000e+00 7.273999999999999355e-01 2.637999999999999790e-01 8.800000000000000530e-03 1.960588487648983573e+03
2.950000000000000000e+02 1.688768246257535850e+02 1.419722418948166887e+04 9.439999999999999503e-01 8.807951193186960293e-01 0.000000000000000000e+00 1.347329403517382243e-02 1.570796326794896558e+00 1.837547595056125747e+19 1.000000000000000000e+00 0.000000000000000000e+00 0.000000000000000000e+00 7.273999999999999355e-01 2.637999999999999790e-01 8.800000000000000530e-03 2.083560307844680665e+03
2.980000000000000000e+02 1.709061682298611800e+02 1.512468797065905164e+04 9.439999999999999503e-01 9.431178437183673768e-01 0.000000000000000000e+00 1.186572648908161380e-02 0.000000000000000000e+00 2.014685836809928704e+19 1.000000000000000000e+00 0.000000000000000000e+00 0.000000000000000000e+00 7.273999999999999355e-01 2.637999999999999790e-01 8.800000000000000530e-03 2.191757302153955607e+03
3.000000000000000000e+02 1.645534985711900333e+02 1.677648068881888685e+04 9.439999999999999503e-01 9.620601862696830375e-01 0.000000000000000000e+00 2.315737229124932225e-02 0.000000000000000000e+00 2.278187793700213965e+19 1.000000000000000000e+00 0.000000000000000000e+00 0.000000000000000000e+00 7.273999999999999355e-01 2.637999999999999790e-01 8.800000000000000530e-03 2.381244622077854274e+03
3.030000000000000000e+02 1.790979613590205304e+02 1.873037989586592084e+04 9.439999999999999503e-01 1.639942219874882312e+00 0.000000000000000000e+00 2.422529988307874430e-02 0.000000000000000000e+00 2.619968882368250266e+19 1.000000000000000000e+00 0.000000000000000000e+00 0.000000000000000000e+00 7.273999999999999355e-01 2.637999999999999790e-01 8.800000000000000530e-03 2.600642119052633916e+03
3.040000000000000000e+02 1.764725777461662517e+02 1.966663899578835844e+04 9.439999999999999503e-01 5.686892659749086532e-01 0.000000000000000000e+00 1.074739267639274014e-02 0.000000000000000000e+00 2.778466059538950554e+19 1.000000000000000000e+00 0.000000000000000000e+00 0.000000000000000000e+00 7.273999999999999355e-01 2.637999999999999790e-01 8.800000000000000530e-03 2.704129212691813336e+03
3.050000000000000000e+02 2.172744711294261606e+02 2.206244777170656016e+04 9.439999999999999503e-01 1.413104023139794663e+00 0.000000000000000000e+00 1.000000000000000056e-01 1.570796326794896558e+00 3.148773515263909069e+19 1.000000000000000000e+00 0.000000000000000000e+00 0.000000000000000000e+00 7.273999999999999355e-01 2.637999999999999790e-01 8.800000000000000530e-03 2.964601191852606462e+03
3.090000000000000000e+02 1.091384617490435147e+02 2.630715998615078570e+04 9.439999999999999503e-01 1.269132930879617982e+00 0.000000000000000000e+00 9.000000000000001055e-02 1.570796326794896558e+00 3.910875598675112755e+19 1.000000000000000000e+00 0.000000000000000000e+00 0.000000000000000000e+00 7.273999999999999355e-01 2.637999999999999790e-01 8.800000000000000530e-03 3.412734445622106705e+03
3.100000000000000000e+02 1.553965079818556489e+02 2.667859201666367881e+04 9.439999999999999503e-01 2.868880513508116348e-01 0.000000000000000000e+00 1.019065499308515789e-02 0.000000000000000000e+00 4.007514352758716826e+19 1.000000000000000000e+00 0.000000000000000000e+00 0.000000000000000000e+00 7.273999999999999355e-01 2.637999999999999790e-01 8.800000000000000530e-03 3.451227971688429534e+03
3.110000000000000000e+02 2.115117897085418122e+02 2.847155219186416070e+04 9.439999999999999503e-01 8.499120538064511843e-01 0.000000000000000000e+00 9.000000000000001055e-02 0.000000000000000000e+00 4.321904961050795213e+19 1.000000000000000000e+00 0.000000000000000000e+00 0.000000000000000000e+00 7.273999999999999355e-01 2.637999999999999790e-01 8.800000000000000530e-03 3.635567719628569193e+03
3.120000000000000000e+02 4.274163752099705675e+02 3.092286242541246975e+04 9.439999999999999503e-01 3.214742257264867065e-01 0.000000000000000000e+00 9.000000000000001055e-02 1.570796326794896558e+00 4.743653123982944666e+19 1.000000000000000000e+00 0.000000000000000000e+00 0.000000000000000000e+00 7.273999999999999355e-01 2.637999999999999790e-01 8.800000000000000530e-03 3.883891364050427001e+03
3.140000000000000000e+02 2.213535862038912683e+02 3.382898951492100605e+04 9.439999999999999503e-01 8.354374582737165156e-01 0.000000000000000000e+00 9.000000000000001055e-02 0.000000000000000000e+00 5.301585343684523622e+19 1.000000000000000000e+00 0.000000000000000000e+00 0.000000000000000000e+00 7.273999999999999355e-01 2.637999999999999790e-01 8.800000000000000530e-03 4.173251359352668260e+03
3.240000000000000000e+02 1.742244004660770997e+02 5.549256124635713059e+04 9.439999999999999503e-01 7.015303620698801756e-01 0.000000000000000000e+00 1.331647934270749692e-02 0.000000000000000000e+00 9.717414534659227648e+19 1.000000000000000000e+00 0.000000000000000000e+00 0.000000000000000000e+00 7.273999999999999355e-01 2.637999999999999790e-01 8.800000000000000530e-03 6.200563210579306542e+03
3.260000000000000000e+02 2.347855277269040357e+02 6.434603990931185399e+04 9.439999999999999503e-01 6.773975057198613481e-01 0.000000000000000000e+00 9.000000000000001055e-02 1.570796326794896558e+00 1.153030167992479908e+20 1.000000000000000000e+00 0.000000000000000000e+00 0.000000000000000000e+00 7.273999999999999355e-01 2.637999999999999790e-01 8.800000000000000530e-03 6.980086142466406272e+03
3.280000000000000000e+02 4.018617639425025345e+02 6.822341614317725180e+04 9.439999999999999503e-01 1.556300289877193599e+00 0.000000000000000000e+00 9.000000000000001055e-02 0.000000000000000000e+00 1.251846521974570680e+20 1.000000000000000000e+00 0.000000000000000000e+00 0.000000000000000000e+00 7.273999999999999355e-01 2.637999999999999790e-01 8.800000000000000530e-03 7.314591765877567013e+03
3.290000000000000000e+02 1.155728691786894160e+02 7.456598424823903770e+04 9.439999999999999503e-01 1.770583597082600047e+00 0.000000000000000000e+00 1.500946352969992348e-02 1.570796326794896558e+00 1.384533626490502840e+20 1.000000000000000000e+00 0.000000000000000000e+00 0.000000000000000000e+00 7.273999999999999355e-01 2.637999999999999790e-01 8.800000000000000530e-03 7.853729280781912166e+03
3.330000000000000000e+02 7.700000000000001137e+02 9.275361090453411452e+04 9.439999999999999503e-01 3.462082884784672965e-01 0.000000000000000000e+00 1.000000000000000056e-01 1.570796326794896558e+00 1.807772175172839670e+20 1.000000000000000000e+00 0.000000000000000000e+00 0.000000000000000000e+00 7.273999999999999355e-01 2.637999999999999790e-01 8.800000000000000530e-03 9.352075058385313241e+03
3.340000000000000000e+02 7.700000000000001137e+02 9.649994300976929662e+04 9.439999999999999503e-01 4.632997095302234802e-01 0.000000000000000000e+00 1.000000000000000056e-01 0.000000000000000000e+00 1.904310729643512955e+20 1.000000000000000000e+00 0.000000000000000000e+00 0.000000000000000000e+00 7.273999999999999355e-01 2.637999999999999790e-01 8.800000000000000530e-03 9.653059178429191888e+03
3.350000000000000000e+02 7.700000000000001137e+02 1.043546367255455843e+05 9.439999999999999503e-01 5.626206989091345756e-01 0.000000000000000000e+00 1.000000000000000056e-01 1.570796326794896558e+00 2.085086203322318848e+20 1.000000000000000000e+00 0.000000000000000000e+00 0.000000000000000000e+00 7.273999999999999355e-01 2.637999999999999790e-01 8.800000000000000530e-03 1.027667740055876311e+04
3.380000000000000000e+02 7.700000000000001137e+02 1.200786553104991326e+05 9.439999999999999503e-01 1.427322735722156066e+00 0.000000000000000000e+00 1.000000000000000056e-01 1.570796326794896558e+00 2.492142940738631762e+20 1.000000000000000000e+00 0.000000000000000000e+00 0.000000000000000000e+00 7.273999999999999355e-01 2.637999999999999790e-01 8.800000000000000530e-03 1.149783245452893243e+04
3.390000000000000000e+02 7.700000000000001137e+02 1.321303541330800508e+05 9.439999999999999503e-01 1.551901970529730113e+00 0.000000000000000000e+00 1.000000000000000056e-01 1.570796326794896558e+00 2.777807710600622244e+20 1.000000000000000000e+00 0.000000000000000000e+00 0.000000000000000000e+00 7.273999999999999355e-01 2.637999999999999790e-01 8.800000000000000530e-03 1.241210390010646006e+04
3.400000000000000000e+02 7.700000000000001137e+02 1.396094743673627672e+05 9.439999999999999503e-01 3.659374280283310688e-01 0.000000000000000000e+00 1.000000000000000056e-01 1.570796326794896558e+00 2.973470475860529644e+20 1.000000000000000000e+00 0.000000000000000000e+00 0.000000000000000000e+00 7.273999999999999355e-01 2.637999999999999790e-01 8.800000000000000530e-03 1.297105308566628992e+04
3.410000000000000000e+02 7.700000000000001137e+02 1.466865927614738466e+05 9.439999999999999503e-01 6.751002097198965934e-01 0.000000000000000000e+00 1.000000000000000056e-01 1.570796326794896558e+00 3.165269282430126653e+20 1.000000000000000000e+00 0.000000000000000000e+00 0.000000000000000000e+00 7.273999999999999355e-01 2.637999999999999790e-01 8.800000000000000530e-03 1.349446464691611072e+04
3.430000000000000000e+02 7.700000000000001137e+02 1.666194063693862408e+05 9.439999999999999503e-01 1.213467393413327988e+00 0.000000000000000000e+00 1.000000000000000056e-01 0.000000000000000000e+00 3.692180501183507333e+20 1.000000000000000000e+00 0.000000000000000000e+00 0.000000000000000000e+00 7.273999999999999355e-01 2.637999999999999790e-01 8.800000000000000530e-03 1.494251806093039522e+04
3.470000000000000000e+02 7.700000000000001137e+02 2.161969870956543018e+05 9.439999999999999503e-01 8.515973621681026673e-01 0.000000000000000000e+00 1.000000000000000056e-01 0.000000000000000000e+00 5.058018639835437466e+20 1.000000000000000000e+00 0.000000000000000000e+00 0.000000000000000000e+00 7.273999999999999355e-01 2.637999999999999790e-01 8.800000000000000530e-03 1.840445803367671397e+04
3.480000000000000000e+02 7.700000000000001137e+02 2.289647794896995765e+05 9.439999999999999503e-01 1.023763416675387061e+00 0.000000000000000000e+00 1.000000000000000056e-01 1.570796326794896558e+00 5.431935812070819758e+20 1.000000000000000000e+00 0.000000000000000000e+00 0.000000000000000000e+00 7.273999999999999355e-01 2.637999999999999790e-01 8.800000000000000530e-03 1.926895971928188010e+04
3.500000000000000000e+02 7.700000000000001137e+02 2.617965689358195232e+05 9.439999999999999503e-01 1.126315041363053382e+00 0.000000000000000000e+00 1.000000000000000056e-01 0.000000000000000000e+00 6.387988306935693967e+20 1.000000000000000000e+00 0.000000000000000000e+00 0.000000000000000000e+00 7.273999999999999355e-01 2.637999999999999790e-01 8.800000000000000530e-03 2.144936717011767905e+04
3.510000000000000000e+02 7.700000000000001137e+02 2.771664843340730295e+05 9.439999999999999503e-01 1.735967981541772343e+00 0.000000000000000000e+00 1.000000000000000056e-01 1.570796326794896558e+00 6.859875404931798139e+20 1.000000000000000000e+00 0.000000000000000000e+00 0.000000000000000000e+00 7.273999999999999355e-01 2.637999999999999790e-01 8.800000000000000530e-03 2.245101053566287010e+04
3.530000000000000000e+02 7.700000000000001137e+02 3.182961123035633354e+05 9.439999999999999503e-01 1.097097576037576294e+00 0.000000000000000000e+00 1.000000000000000056e-01 1.570796326794896558e+00 8.109064752787753533e+20 1.000000000000000000e+00 0.000000000000000000e+00 0.000000000000000000e+00 7.273999999999999355e-01 2.637999999999999790e-01 8.800000000000000530e-03 2.507889461481536273e+04
3.560000000000000000e+02 7.700000000000001137e+02 3.936586817067177035e+05 9.439999999999999503e-01 1.260741335845072530e+00 0.000000000000000000e+00 1.000000000000000056e-01 1.570796326794896558e+00 1.048287192321431437e+21 1.000000000000000000e+00 0.000000000000000000e+00 0.000000000000000000e+00 7.273999999999999355e-01 2.637999999999999790e-01 8.800000000000000530e-03 2.972618595129997266e+04
3.580000000000000000e+02 7.700000000000001137e+02 4.556934103146162233e+05 9.439999999999999503e-01 5.047346468526451302e-01 0.000000000000000000e+00 1.000000000000000056e-01 0.000000000000000000e+00 1.250744540705481032e+21 1.000000000000000000e+00 0.000000000000000000e+00 0.000000000000000000e+00 7.273999999999999355e-01 2.637999999999999790e-01 8.800000000000000530e-03 3.341808211820138968e+04
3.610000000000000000e+02 7.700000000000001137e+02 5.673533168694535270e+05 9.439999999999999503e-01 1.414170992119309300e+00 0.000000000000000000e+00 1.000000000000000056e-01 0.000000000000000000e+00 1.631176602000490496e+21 1.000000000000000000e+00 0.000000000000000000e+00 0.000000000000000000e+00 7.273999999999999355e-01 2.637999999999999790e-01 8.800000000000000530e-03 3.982228734014129441e+04
3.630000000000000000e+02 7.700000000000001137e+02 6.569794433471324155e+05 9.439999999999999503e-01 1.373931043212448522e+00 0.000000000000000000e+00 1.000000000000000056e-01 0.000000000000000000e+00 1.949533623179717640e+21 1.000000000000000000e+00 0.000000000000000000e+00 0.000000000000000000e+00 7.273999999999999355e-01 2.637999999999999790e-01 8.800000000000000530e-03 4.478006790879166510e+04
