# id_num orb_a mass spin spin_angle orb_inc orb_ecc orb_arg_periapse orb_ang_mom gen galaxy time_passed gw_freq gw_strain
2.000000000000000000e+00 4.379281517000318672e+03 1.163878815444727621e+01 -5.304031500297495122e-03 2.342696075123759325e+00 3.123974155919570617e+00 1.541461108265132218e-01 1.570796326794896558e+00 -1.000000000000000000e+00 1.000000000000000000e+00 0.000000000000000000e+00 0.000000000000000000e+00 -1.000000000000000000e+00 -1.000000000000000000e+00
5.000000000000000000e+00 3.228172760435255987e+04 1.456860459013805098e+01 -1.073724827201958387e-01 2.111091131533084475e+00 3.174151817969622424e+00 1.436299558835623519e-02 1.570796326794896558e+00 -1.000000000000000000e+00 1.000000000000000000e+00 0.000000000000000000e+00 0.000000000000000000e+00 -1.000000000000000000e+00 -1.000000000000000000e+00
8.000000000000000000e+00 1.506852205326418516e+04 1.237846915422246497e+01 -7.347600529970020611e-02 2.706989176531545915e+00 3.133992539891508500e+00 2.415966396437774916e-02 1.570796326794896558e+00 -1.000000000000000000e+00 1.000000000000000000e+00 0.000000000000000000e+00 0.000000000000000000e+00 -1.000000000000000000e+00 -1.000000000000000000e+00
1.100000000000000000e+01 4.866692331718730566e+04 1.884551125511797665e+01 -4.193085268806121674e-02 2.216587607109907765e+00 3.156278101247584011e+00 7.021007899642214833e-02 1.570796326794896558e+00 -1.000000000000000000e+00 1.000000000000000000e+00 0.000000000000000000e+00 0.000000000000000000e+00 -1.000000000000000000e+00 -1.000000000000000000e+00
1.700000000000000000e+01 2.684010380612537483e+04 1.032201543698086077e+01 -1.656381858611551128e-01 2.905878913764615490e+00 3.110099947489510797e+00 1.539971680393701498e-02 1.570796326794896558e+00 -1.000000000000000000e+00 1.000000000000000000e+00 0.000000000000000000e+00 0.000000000000000000e+00 -1.000000000000000000e+00 -1.000000000000000000e+00
1.900000000000000000e+01 3.786159036591220502e+04 1.626359583814530296e+01 -7.715695448173263971e-02 1.710763622779334359e+00 3.094219186410315903e+00 2.498063645524529197e-01 1.570796326794896558e+00 -1.000000000000000000e+00 1.000000000000000000e+00 0.000000000000000000e+00 0.000000000000000000e+00 -1.000000000000000000e+00 -1.000000000000000000e+00
2.700000000000000000e+01 1.213761391333596839e+04 2.174401211981169979e+01 -1.116450345346061968e-01 2.685629587149532149e+00 3.144701072578921064e+00 3.970547060801647016e-02 1.570796326794896558e+00 -1.000000000000000000e+00 1.000000000000000000e+00 0.000000000000000000e+00 0.000000000000000000e+00 -1.000000000000000000e+00 -1.000000000000000000e+00
4.200000000000000000e+01 2.533377020876185998e+04 1.178159015956628153e+01 -3.762824750055160372e-02 2.267252392828150498e+00 3.165706979369093066e+00 1.762723177108391215e-01 1.570796326794896558e+00 -1.000000000000000000e+00 1.000000000000000000e+00 0.000000000000000000e+00 0.000000000000000000e+00 -1.000000000000000000e+00 -1.000000000000000000e+00
5.600000000000000000e+01 4.130636841421644931e+04 1.107406005908532265e+01 1.568000292622580413e-03 4.000954459966702959e-01 3.130295914932311518e+00 2.620426866181407299e-01 1.570796326794896558e+00 -1.000000000000000000e+00 1.000000000000000000e+00 0.000000000000000000e+00 0.000000000000000000e+00 -1.000000000000000000e+00 -1.000000000000000000e+00
6.800000000000000000e+01 4.062631302612183936e+04 1.608267731764169284e+01 -1.794754674153019591e-01 2.331265904684167278e+00 3.140107019704283520e+00 1.168731524357380092e-01 1.570796326794896558e+00 -1.000000000000000000e+00 1.000000000000000000e+00 0.000000000000000000e+00 0.000000000000000000e+00 -1.000000000000000000e+00 -1.000000000000000000e+00
7.400000000000000000e+01 4.798279067531566398e+04 1.572978083804251881e+01 1.577498229428172805e-01 2.408162397579871883e-01 3.156748998750798396e+00 1.127403748221203206e-01 1.570796326794896558e+00 -1.000000000000000000e+00 1.000000000000000000e+00 0.000000000000000000e+00 0.000000000000000000e+00 -1.000000000000000000e+00 -1.000000000000000000e+00
7.900000000000000000e+01 3.956868817709528957e+04 1.075821033512659675e+01 -1.852368181094514801e-02 2.118600487682467559e+00 3.158290948615715354e+00 2.563375957105930216e-03 1.570796326794896558e+00 -1.000000000000000000e+00 1.000000000000000000e+00 0.000000000000000000e+00 0.000000000000000000e+00 -1.000000000000000000e+00 -1.000000000000000000e+00
8.700000000000000000e+01 1.074827594313749250e+04 1.810187908337681151e+01 -5.014711505277152925e-02 1.932979169772795380e+00 3.122905124047949510e+00 8.364386052376793224e-02 1.570796326794896558e+00 -1.000000000000000000e+00 1.000000000000000000e+00 0.000000000000000000e+00 0.000000000000000000e+00 -1.000000000000000000e+00 -1.000000000000000000e+00
8.800000000000000000e+01 3.479404270486581663e+04 1.585357906939039729e+01 2.363028287915239223e-02 5.520103085062830761e-01 3.154036959241239391e+00 2.605988025760764826e-01 1.570796326794896558e+00 -1.000000000000000000e+00 1.000000000000000000e+00 0.000000000000000000e+00 0.000000000000000000e+00 -1.000000000000000000e+00 -1.000000000000000000e+00
9.400000000000000000e+01 1.765091365211498487e+04 1.241253307378512361e+01 -1.067778789074449036e-01 2.405913540821119856e+00 3.132549352739919968e+00 3.439611446203039158e-02 1.570796326794896558e+00 -1.000000000000000000e+00 1.000000000000000000e+00 0.000000000000000000e+00 0.000000000000000000e+00 -1.000000000000000000e+00 -1.000000000000000000e+00
9.700000000000000000e+01 3.231618530684820507e+04 1.625239403896291890e+01 -4.512549102185175499e-03 2.821290081096056834e+00 3.105809282305146191e+00 8.237702732802699990e-02 1.570796326794896558e+00 -1.000000000000000000e+00 1.000000000000000000e+00 0.000000000000000000e+00 0.000000000000000000e+00 -1.000000000000000000e+00 -1.000000000000000000e+00
1.080000000000000000e+02 1.662423161917012112e+04 1.214405373531166177e+01 -7.496605293842482920e-02 1.880909206143643875e+00 3.125370586057732769e+00 1.258770328973616015e-01 1.570796326794896558e+00 -1.000000000000000000e+00 1.000000000000000000e+00 0.000000000000000000e+00 0.000000000000000000e+00 -1.000000000000000000e+00 -1.000000000000000000e+00
1.150000000000000000e+02 2.800635408039916456e+03 1.275802035374557519e+01 1.488610960157344121e-01 7.799420919972981092e-02 3.147785649328683988e+00 1.977868848894324405e-01 1.570796326794896558e+00 -1.000000000000000000e+00 1.000000000000000000e+00 0.000000000000000000e+00 0.000000000000000000e+00 -1.000000000000000000e+00 -1.000000000000000000e+00
1.170000000000000000e+02 3.082773048972665129e+04 3.709580135984181481e+01 -5.079017225848564410e-02 1.921238318841410386e+00 3.128801568735034788e+00 2.746124931832870653e-01 1.570796326794896558e+00 -1.000000000000000000e+00 1.000000000000000000e+00 0.000000000000000000e+00 0.000000000000000000e+00 -1.000000000000000000e+00 -1.000000000000000000e+00
1.190000000000000000e+02 2.921891360750657623e+04 1.212458427560358132e+01 -6.464288042677271418e-02 1.607400344805865355e+00 3.161994524010588226e+00 1.116242389696044113e-01 1.570796326794896558e+00 -1.000000000000000000e+00 1.000000000000000000e+00 0.000000000000000000e+00 0.000000000000000000e+00 -1.000000000000000000e+00 -1.000000000000000000e+00
1.300000000000000000e+02 3.855761582906255353e+04 2.394587129922954105e+01 -1.241382082730388414e-01 3.074371373674855690e+00 3.167274611042991239e+00 6.000322834652473862e-04 1.570796326794896558e+00 -1.000000000000000000e+00 1.000000000000000000e+00 0.000000000000000000e+00 0.000000000000000000e+00 -1.000000000000000000e+00 -1.000000000000000000e+00
1.310000000000000000e+02 4.592890061134746793e+04 1.255853758958306088e+01 -7.609088937281759113e-02 3.059355277055071376e+00 3.170806544785092829e+00 2.466576315616051396e-01 1.570796326794896558e+00 -1.000000000000000000e+00 1.000000000000000000e+00 0.000000000000000000e+00 0.000000000000000000e+00 -1.000000000000000000e+00 -1.000000000000000000e+00
1.320000000000000000e+02 1.590154984797792349e+04 2.106308658958429092e+01 4.651046445190436945e-02 1.139772348587654527e+00 3.125291078290004076e+00 2.767030786103434961e-02 1.570796326794896558e+00 -1.000000000000000000e+00 1.000000000000000000e+00 0.000000000000000000e+00 0.000000000000000000e+00 -1.000000000000000000e+00 -1.000000000000000000e+00
1.360000000000000000e+02 5.807754174773162958e+03 1.803236756313634004e+01 1.080468072628662513e-01 8.897859602026603199e-01 3.123180458009103155e+00 1.996900741293890502e-01 1.570796326794896558e+00 -1.000000000000000000e+00 1.000000000000000000e+00 0.000000000000000000e+00 0.000000000000000000e+00 -1.000000000000000000e+00 -1.000000000000000000e+00
1.410000000000000000e+02 1.677443242692852073e+04 1.060798341856363436e+01 -1.909624196066733171e-01 2.115382928258593864e+00 3.115971476052182609e+00 1.712116050177181492e-01 1.570796326794896558e+00 -1.000000000000000000e+00 1.000000000000000000e+00 0.000000000000000000e+00 0.000000000000000000e+00 -1.000000000000000000e+00 -1.000000000000000000e+00
1.590000000000000000e+02 3.591991677959496883e+04 1.282147039250233078e+01 -3.890414579013661694e-02 3.100369435384674244e+00 3.139581904552029457e+00 2.045535322525399505e-02 1.570796326794896558e+00 -1.000000000000000000e+00 1.000000000000000000e+00 0.000000000000000000e+00 0.000000000000000000e+00 -1.000000000000000000e+00 -1.000000000000000000e+00
1.800000000000000000e+02 2.625311022916067304e+04 1.782004777031164622e+01 -2.922508626097405915e-02 1.996064699880243820e+00 3.119087849742055329e+00 1.281295045572047320e-01 1.570796326794896558e+00 -1.000000000000000000e+00 1.000000000000000000e+00 0.000000000000000000e+00 0.000000000000000000e+00 -1.000000000000000000e+00 -1.000000000000000000e+00
1.960000000000000000e+02 1.483072878687668890e+04 1.338159761395658442e+01 -1.731564418779197312e-01 2.672334124615860951e+00 3.145369788444971615e+00 1.734732704884206500e-01 1.570796326794896558e+00 -1.000000000000000000e+00 1.000000000000000000e+00 0.000000000000000000e+00 0.000000000000000000e+00 -1.000000000000000000e+00 -1.000000000000000000e+00
1.970000000000000000e+02 3.782637444526555919e+04 1.256104014126890611e+01 -1.522377070117518494e-02 1.867982326559570305e+00 3.111853769523504454e+00 4.335834224722927982e-02 1.570796326794896558e+00 -1.000000000000000000e+00 1.000000000000000000e+00 0.000000000000000000e+00 0.000000000000000000e+00 -1.000000000000000000e+00 -1.000000000000000000e+00
