# id_num orb_a mass spin spin_angle orb_inc orb_ecc orb_arg_periapse orb_ang_mom gen galaxy time_passed gw_freq gw_strain
6.000000000000000000e+00 1.969991333841129381e+04 1.461011515188649845e+01 7.908648118754518785e-02 1.013029230440547712e+00 3.161606239379193717e+00 3.444300398964988963e-02 1.570796326794896558e+00 -1.000000000000000000e+00 1.000000000000000000e+00 0.000000000000000000e+00 0.000000000000000000e+00 -1.000000000000000000e+00 -1.000000000000000000e+00
7.000000000000000000e+00 5.807481544711984498e+03 1.418828355863187340e+01 -1.180298604172202587e-01 1.589253712452432188e+00 3.145482639023825744e+00 7.270858503652924409e-02 1.570796326794896558e+00 -1.000000000000000000e+00 1.000000000000000000e+00 0.000000000000000000e+00 0.000000000000000000e+00 -1.000000000000000000e+00 -1.000000000000000000e+00
2.600000000000000000e+01 6.694500009795887308e+03 1.159799537952657644e+01 1.407387010326179022e-01 1.273526779617383919e+00 3.133917132397999517e+00 2.512460087035441880e-01 1.570796326794896558e+00 -1.000000000000000000e+00 1.000000000000000000e+00 0.000000000000000000e+00 0.000000000000000000e+00 -1.000000000000000000e+00 -1.000000000000000000e+00
5.600000000000000000e+01 2.021259696689192788e+04 1.041286603738456762e+01 -2.179671291649644960e-01 2.384548010938472462e+00 3.108063585977972387e+00 1.368598799406178512e-01 1.570796326794896558e+00 -1.000000000000000000e+00 1.000000000000000000e+00 0.000000000000000000e+00 0.000000000000000000e+00 -1.000000000000000000e+00 -1.000000000000000000e+00
6.000000000000000000e+01 1.309021094210426236e+04 2.890418823224942813e+01 1.932191100986216121e-03 1.385401169543831745e+00 3.132198740628560962e+00 1.991610689468653883e-01 1.570796326794896558e+00 -1.000000000000000000e+00 1.000000000000000000e+00 0.000000000000000000e+00 0.000000000000000000e+00 -1.000000000000000000e+00 -1.000000000000000000e+00
6.100000000000000000e+01 3.706363395676369692e+04 1.139961090017715506e+01 4.173498491306450175e-02 8.776886754594626083e-01 3.170553842299186798e+00 1.191929152939711634e-01 1.570796326794896558e+00 -1.000000000000000000e+00 1.000000000000000000e+00 0.000000000000000000e+00 0.000000000000000000e+00 -1.000000000000000000e+00 -1.000000000000000000e+00
8.800000000000000000e+01 3.200320710679929107e+03 3.603168617229029280e+01 -1.691517202940124864e-01 1.577348368404970946e+00 3.130955885877084732e+00 6.361192775256088727e-02 1.570796326794896558e+00 -1.000000000000000000e+00 1.000000000000000000e+00 0.000000000000000000e+00 0.000000000000000000e+00 -1.000000000000000000e+00 -1.000000000000000000e+00
9.100000000000000000e+01 2.594184790649350543e+04 1.838285382483324781e+01 -1.599719640983492674e-01 2.759340176307442327e+00 3.132233648296584683e+00 1.953360629745809485e-01 1.570796326794896558e+00 -1.000000000000000000e+00 1.000000000000000000e+00 0.000000000000000000e+00 0.000000000000000000e+00 -1.000000000000000000e+00 -1.000000000000000000e+00
9.600000000000000000e+01 3.632227826173033827e+04 1.098339948895746332e+01 -1.605286317071423219e-01 2.239751858788167738e+00 3.123329431347295682e+00 1.980147155035797135e-01 1.570796326794896558e+00 -1.000000000000000000e+00 1.000000000000000000e+00 0.000000000000000000e+00 0.000000000000000000e+00 -1.000000000000000000e+00 -1.000000000000000000e+00
1.050000000000000000e+02 3.431409751628984668e+04 1.114349648536074433e+01 -6.998661807935789569e-02 2.932101554957114775e+00 3.161220881319340759e+00 1.362111008149023972e-01 1.570796326794896558e+00 -1.000000000000000000e+00 1.000000000000000000e+00 0.000000000000000000e+00 0.000000000000000000e+00 -1.000000000000000000e+00 -1.000000000000000000e+00
1.100000000000000000e+02 2.254478658303476550e+04 1.516796610454376015e+01 -4.955471486743289605e-02 2.880711249424874332e+00 3.162371759280808714e+00 2.227848318088145041e-01 1.570796326794896558e+00 -1.000000000000000000e+00 1.000000000000000000e+00 0.000000000000000000e+00 0.000000000000000000e+00 -1.000000000000000000e+00 -1.000000000000000000e+00
1.250000000000000000e+02 3.169849379792857872e+04 1.188910931916409019e+01 -1.188650698101148262e-01 2.664222291549740884e+00 3.152744657736837208e+00 2.251554320713706758e-01 1.570796326794896558e+00 -1.000000000000000000e+00 1.000000000000000000e+00 0.000000000000000000e+00 0.000000000000000000e+00 -1.000000000000000000e+00 -1.000000000000000000e+00
1.410000000000000000e+02 4.254949868508589134e+04 1.288921478627484696e+01 -1.244243191841923751e-01 2.307622391673185280e+00 3.158939051466808312e+00 1.579599758201271353e-01 1.570796326794896558e+00 -1.000000000000000000e+00 1.000000000000000000e+00 0.000000000000000000e+00 0.000000000000000000e+00 -1.000000000000000000e+00 -1.000000000000000000e+00
1.500000000000000000e+02 1.317957075413248276e+04 1.224537534933525862e+01 -1.173215037273987460e-01 2.504015754749596034e+00 3.132280744055209176e+00 5.557611230804129082e-02 1.570796326794896558e+00 -1.000000000000000000e+00 1.000000000000000000e+00 0.000000000000000000e+00 0.000000000000000000e+00 -1.000000000000000000e+00 -1.000000000000000000e+00
1.690000000000000000e+02 2.455822081526096008e+04 1.112483069157575066e+01 6.342254342672316858e-02 7.141864952089323204e-02 3.134617069989265925e+00 2.950281036598594864e-01 1.570796326794896558e+00 -1.000000000000000000e+00 1.000000000000000000e+00 0.000000000000000000e+00 0.000000000000000000e+00 -1.000000000000000000e+00 -1.000000000000000000e+00
1.780000000000000000e+02 3.747455321969719080e+04 1.086068934924590579e+01 1.228766394080626177e-02 5.000589081158943738e-01 3.147586658081296118e+00 1.368930583959821201e-01 1.570796326794896558e+00 -1.000000000000000000e+00 1.000000000000000000e+00 0.000000000000000000e+00 0.000000000000000000e+00 -1.000000000000000000e+00 -1.000000000000000000e+00
1.810000000000000000e+02 2.519351079898677199e+04 1.462180216405810818e+01 -5.976130078774558735e-02 2.723077616648348354e+00 3.173176730979086368e+00 5.057200599300710336e-02 1.570796326794896558e+00 -1.000000000000000000e+00 1.000000000000000000e+00 0.000000000000000000e+00 0.000000000000000000e+00 -1.000000000000000000e+00 -1.000000000000000000e+00
1.850000000000000000e+02 1.055973843370450231e+04 1.444750436670481086e+01 -1.884609690202621729e-02 2.678195755670595091e+00 3.163990318157152704e+00 1.400078289357600536e-01 1.570796326794896558e+00 -1.000000000000000000e+00 1.000000000000000000e+00 0.000000000000000000e+00 0.000000000000000000e+00 -1.000000000000000000e+00 -1.000000000000000000e+00
1.900000000000000000e+02 4.828645239348115138e+04 2.511064917778419670e+01 -1.706358692718412673e-02 3.048491316283905128e+00 3.189103734787325006e+00 1.983016105782989535e-01 1.570796326794896558e+00 -1.000000000000000000e+00 1.000000000000000000e+00 0.000000000000000000e+00 0.000000000000000000e+00 -1.000000000000000000e+00 -1.000000000000000000e+00
