# id_num orb_a mass spin spin_angle orb_inc orb_ecc orb_arg_periapse orb_ang_mom gen galaxy time_passed gw_freq gw_strain
1.000000000000000000e+00 3.285056214672815986e+04 3.286098855811831498e+01 3.000253447364965853e-02 8.937372561685856809e-01 3.174674105023525428e+00 7.668219268499511243e-02 1.570796326794896558e+00 1.000000000000000000e+00 1.000000000000000000e+00 0.000000000000000000e+00 0.000000000000000000e+00 -1.000000000000000000e+00 -1.000000000000000000e+00
4.000000000000000000e+00 3.452860378783215856e+04 1.053443094495348831e+01 -2.176662451655539399e-02 9.774726027133630035e-01 -3.105563859187496917e-02 1.020459545522143727e-02 1.570796326794896558e+00 1.000000000000000000e+00 1.000000000000000000e+00 0.000000000000000000e+00 0.000000000000000000e+00 -1.000000000000000000e+00 -1.000000000000000000e+00
1.000000000000000000e+01 4.459686259143884854e+03 1.058087874888020252e+01 -2.900763429305542110e-02 7.011531453481998355e-01 3.130446453749341718e+00 9.000000000000001055e-02 0.000000000000000000e+00 1.000000000000000000e+00 1.000000000000000000e+00 0.000000000000000000e+00 0.000000000000000000e+00 -1.000000000000000000e+00 -1.000000000000000000e+00
1.300000000000000000e+01 4.297721119038709730e+04 3.624635064236836257e+01 -9.676806673028258421e-02 2.289310324088355664e+00 3.129095567316053650e+00 3.715099078612488920e-02 1.570796326794896558e+00 1.000000000000000000e+00 1.000000000000000000e+00 0.000000000000000000e+00 0.000000000000000000e+00 -1.000000000000000000e+00 -1.000000000000000000e+00
1.400000000000000000e+01 6.738784282771889593e+03 1.491312051967496188e+01 -2.559558050431046672e-01 2.359650417322688210e+00 3.148831833288382231e+00 9.000000000000001055e-02 1.570796326794896558e+00 1.000000000000000000e+00 1.000000000000000000e+00 0.000000000000000000e+00 0.000000000000000000e+00 -1.000000000000000000e+00 -1.000000000000000000e+00
1.700000000000000000e+01 1.917516249847018116e+04 1.412759569206169274e+01 -1.050276167327700710e-01 1.935391461891951881e+00 -1.369750981130646479e-02 1.000000000000000021e-02 0.000000000000000000e+00 1.000000000000000000e+00 1.000000000000000000e+00 0.000000000000000000e+00 0.000000000000000000e+00 -1.000000000000000000e+00 -1.000000000000000000e+00
2.100000000000000000e+01 1.072623513173701576e+04 1.744959582984206392e+01 4.303973310535108565e-02 1.196234028907237956e+00 -6.353157689207582400e-04 3.516660080301071967e-02 0.000000000000000000e+00 1.000000000000000000e+00 1.000000000000000000e+00 0.000000000000000000e+00 0.000000000000000000e+00 -1.000000000000000000e+00 -1.000000000000000000e+00
2.300000000000000000e+01 5.000000000000000000e+04 1.492575832649276890e+01 -1.202390222340937037e-01 3.100000000000000089e+00 -1.794465223042007902e-03 1.286937084126029730e-02 1.570796326794896558e+00 1.000000000000000000e+00 1.000000000000000000e+00 0.000000000000000000e+00 0.000000000000000000e+00 -1.000000000000000000e+00 -1.000000000000000000e+00
2.400000000000000000e+01 3.589927407969249202e+02 1.708803549321619997e+01 -1.577442649315015932e-01 2.251758559817548910e+00 3.137832533499453458e+00 9.000000000000001055e-02 1.570796326794896558e+00 1.000000000000000000e+00 1.000000000000000000e+00 0.000000000000000000e+00 0.000000000000000000e+00 -1.000000000000000000e+00 -1.000000000000000000e+00
2.800000000000000000e+01 3.359710108064681117e+04 1.329658866912683557e+01 -2.964808320493614868e-01 3.100000000000000089e+00 -4.241898637273915085e-02 4.929781471287796035e-02 0.000000000000000000e+00 1.000000000000000000e+00 1.000000000000000000e+00 0.000000000000000000e+00 0.000000000000000000e+00 -1.000000000000000000e+00 -1.000000000000000000e+00
3.000000000000000000e+01 3.612825856289878720e+04 2.204536812137245860e+01 -1.072916486253418233e-01 3.100000000000000089e+00 -3.717274476920544302e-02 8.288731295711827818e-02 1.570796326794896558e+00 1.000000000000000000e+00 1.000000000000000000e+00 0.000000000000000000e+00 0.000000000000000000e+00 -1.000000000000000000e+00 -1.000000000000000000e+00
3.300000000000000000e+01 2.876844982051225816e+04 2.347659768796927438e+01 -1.813595876225170267e-01 2.376305354966993022e+00 3.361120562107463433e-02 1.000000000000000021e-02 1.570796326794896558e+00 1.000000000000000000e+00 1.000000000000000000e+00 0.000000000000000000e+00 0.000000000000000000e+00 -1.000000000000000000e+00 -1.000000000000000000e+00
3.400000000000000000e+01 4.597777598647429841e+04 1.740891010417674778e+01 -9.808096933466158018e-02 2.665219654128226701e+00 6.792660156667379434e-03 5.177324956346925078e-02 1.570796326794896558e+00 1.000000000000000000e+00 1.000000000000000000e+00 0.000000000000000000e+00 0.000000000000000000e+00 -1.000000000000000000e+00 -1.000000000000000000e+00
3.500000000000000000e+01 3.785296062981271348e+02 1.922446213676314386e+01 -4.756993136403214056e-02 1.042291585149608180e+00 -9.700260967894568792e-03 2.146482089026308798e-02 1.570796326794896558e+00 1.000000000000000000e+00 1.000000000000000000e+00 0.000000000000000000e+00 0.000000000000000000e+00 -1.000000000000000000e+00 -1.000000000000000000e+00
3.900000000000000000e+01 2.402289441589664784e+04 1.924355147316409287e+01 5.078262544769160391e-02 2.120181307801022097e+00 3.111788745395388300e+00 3.535465784445010473e-02 1.570796326794896558e+00 1.000000000000000000e+00 1.000000000000000000e+00 0.000000000000000000e+00 0.000000000000000000e+00 -1.000000000000000000e+00 -1.000000000000000000e+00
4.200000000000000000e+01 3.658424820241860971e+02 2.049900225301169954e+01 -1.713802225472002283e-01 3.100000000000000089e+00 3.129048506487301928e+00 1.294779849734682860e-02 0.000000000000000000e+00 1.000000000000000000e+00 1.000000000000000000e+00 0.000000000000000000e+00 0.000000000000000000e+00 -1.000000000000000000e+00 -1.000000000000000000e+00
4.400000000000000000e+01 2.041002794313140475e+04 2.040125445856911668e+01 -3.076651501106011238e-02 1.383296311298109371e+00 -4.068626830205022971e-02 1.000000000000000021e-02 0.000000000000000000e+00 1.000000000000000000e+00 1.000000000000000000e+00 0.000000000000000000e+00 0.000000000000000000e+00 -1.000000000000000000e+00 -1.000000000000000000e+00
4.800000000000000000e+01 4.552265858314903198e+03 1.269189010578701193e+01 -1.150534616146093175e-01 2.409508263627580416e+00 3.157861700914172065e+00 9.000000000000001055e-02 1.570796326794896558e+00 1.000000000000000000e+00 1.000000000000000000e+00 0.000000000000000000e+00 0.000000000000000000e+00 -1.000000000000000000e+00 -1.000000000000000000e+00
4.900000000000000000e+01 3.168681959160186352e+02 1.031483639087633009e+01 2.373610731524609940e-02 1.925778702436748979e+00 3.141515666736128143e+00 5.142357869762011202e-02 0.000000000000000000e+00 1.000000000000000000e+00 1.000000000000000000e+00 0.000000000000000000e+00 0.000000000000000000e+00 -1.000000000000000000e+00 -1.000000000000000000e+00
5.100000000000000000e+01 1.735204159541946865e+04 1.124481263780558749e+01 -4.294604500193362900e-02 3.000126915339678568e+00 3.168404630173929259e+00 7.129371997261024774e-02 0.000000000000000000e+00 1.000000000000000000e+00 1.000000000000000000e+00 0.000000000000000000e+00 0.000000000000000000e+00 -1.000000000000000000e+00 -1.000000000000000000e+00
5.800000000000000000e+01 1.851496997931412625e+04 1.678201812346387101e+01 -8.072665343398102711e-02 1.843471240303536263e+00 3.130523059284355369e+00 1.000000000000000021e-02 1.570796326794896558e+00 1.000000000000000000e+00 1.000000000000000000e+00 0.000000000000000000e+00 0.000000000000000000e+00 -1.000000000000000000e+00 -1.000000000000000000e+00
5.900000000000000000e+01 4.086239331394975807e+02 1.473643215553464714e+01 2.443011008874323986e-02 1.059663725414979218e+00 9.826270563940914596e-03 3.583325667697941780e-02 0.000000000000000000e+00 1.000000000000000000e+00 1.000000000000000000e+00 0.000000000000000000e+00 0.000000000000000000e+00 -1.000000000000000000e+00 -1.000000000000000000e+00
6.000000000000000000e+01 5.000000000000000000e+04 3.023301248270288255e+01 -2.004997889064475403e-01 3.100000000000000089e+00 -4.982575868315387846e-03 7.097581493478861969e-02 1.570796326794896558e+00 1.000000000000000000e+00 1.000000000000000000e+00 0.000000000000000000e+00 0.000000000000000000e+00 -1.000000000000000000e+00 -1.000000000000000000e+00
6.300000000000000000e+01 5.000000000000000000e+04 2.048501188810606521e+01 1.582534798616111460e-02 1.152584217132080147e+00 3.301546372355954051e-02 4.313330426438676674e-02 0.000000000000000000e+00 1.000000000000000000e+00 1.000000000000000000e+00 0.000000000000000000e+00 0.000000000000000000e+00 -1.000000000000000000e+00 -1.000000000000000000e+00
6.500000000000000000e+01 4.559669268042891781e+04 1.319789966510541390e+01 -1.409023387040138908e-01 2.439718523782781201e+00 3.184550198642207341e+00 1.257799751897678738e-02 1.570796326794896558e+00 1.000000000000000000e+00 1.000000000000000000e+00 0.000000000000000000e+00 0.000000000000000000e+00 -1.000000000000000000e+00 -1.000000000000000000e+00
6.900000000000000000e+01 3.942748494423723855e+02 1.908163243889142180e+01 -9.942394939773251117e-02 3.100000000000000089e+00 -5.934268479449508228e-03 2.641413222770076438e-02 1.570796326794896558e+00 1.000000000000000000e+00 1.000000000000000000e+00 0.000000000000000000e+00 0.000000000000000000e+00 -1.000000000000000000e+00 -1.000000000000000000e+00
7.200000000000000000e+01 5.000000000000000000e+04 1.750943050049929539e+01 3.051143944715684064e-02 1.530354018581278952e+00 1.675019593837531046e-02 7.263891254090301675e-02 0.000000000000000000e+00 1.000000000000000000e+00 1.000000000000000000e+00 0.000000000000000000e+00 0.000000000000000000e+00 -1.000000000000000000e+00 -1.000000000000000000e+00
7.500000000000000000e+01 4.456066361076684075e+02 1.110449369814057441e+01 -2.590591439492933440e-02 1.063274548135727970e+00 3.146815257022556711e+00 2.510985168700780035e-02 1.570796326794896558e+00 1.000000000000000000e+00 1.000000000000000000e+00 0.000000000000000000e+00 0.000000000000000000e+00 -1.000000000000000000e+00 -1.000000000000000000e+00
7.600000000000000000e+01 3.861745317237712879e+04 1.343037394254885442e+01 -8.230279180859179089e-02 2.746856850544673989e+00 -2.281753343567101411e-02 5.703248379529447798e-02 0.000000000000000000e+00 1.000000000000000000e+00 1.000000000000000000e+00 0.000000000000000000e+00 0.000000000000000000e+00 -1.000000000000000000e+00 -1.000000000000000000e+00
8.300000000000000000e+01 2.686949801213302999e+04 2.272009053235607468e+01 -2.152281824356299944e-01 3.100000000000000089e+00 3.162741927572367828e+00 1.875649591323434034e-02 0.000000000000000000e+00 1.000000000000000000e+00 1.000000000000000000e+00 0.000000000000000000e+00 0.000000000000000000e+00 -1.000000000000000000e+00 -1.000000000000000000e+00
8.400000000000000000e+01 4.446110435051377863e+04 3.592174145688399278e+01 -1.437842851892049689e-01 2.491467620225321866e+00 3.126905810372337502e+00 3.790630419114769667e-02 1.570796326794896558e+00 1.000000000000000000e+00 1.000000000000000000e+00 0.000000000000000000e+00 0.000000000000000000e+00 -1.000000000000000000e+00 -1.000000000000000000e+00
8.800000000000000000e+01 2.280761497696962033e+04 1.534222326304697326e+01 -7.284683684815977667e-02 6.010282129359842962e-01 3.172457756511627203e+00 9.000000000000001055e-02 0.000000000000000000e+00 1.000000000000000000e+00 1.000000000000000000e+00 0.000000000000000000e+00 0.000000000000000000e+00 -1.000000000000000000e+00 -1.000000000000000000e+00
8.900000000000000000e+01 1.569357291416944645e+04 1.717799632800604570e+01 -2.246644683353362509e-02 1.287667947369098398e+00 -2.203203610480224464e-02 9.000000000000001055e-02 1.570796326794896558e+00 1.000000000000000000e+00 1.000000000000000000e+00 0.000000000000000000e+00 0.000000000000000000e+00 -1.000000000000000000e+00 -1.000000000000000000e+00
9.000000000000000000e+01 4.400331808354603140e+02 1.230169588892249699e+01 -1.729176891925629234e-01 2.387337672085845686e+00 3.127101361500388421e+00 3.585571500405500267e-02 1.570796326794896558e+00 1.000000000000000000e+00 1.000000000000000000e+00 0.000000000000000000e+00 0.000000000000000000e+00 -1.000000000000000000e+00 -1.000000000000000000e+00
9.400000000000000000e+01 2.737729836663559036e+04 1.411349673309941899e+01 -6.528582050265932524e-02 7.647282839137897748e-01 -2.357636377437515723e-02 3.204268342599251446e-02 1.570796326794896558e+00 1.000000000000000000e+00 1.000000000000000000e+00 0.000000000000000000e+00 0.000000000000000000e+00 -1.000000000000000000e+00 -1.000000000000000000e+00
9.800000000000000000e+01 4.359962275766098969e+02 1.059566467195338824e+01 -3.038613497433376165e-02 9.771993658660296234e-01 3.131452854567655653e+00 1.173692990370091803e-02 0.000000000000000000e+00 1.000000000000000000e+00 1.000000000000000000e+00 0.000000000000000000e+00 0.000000000000000000e+00 -1.000000000000000000e+00 -1.000000000000000000e+00
1.080000000000000000e+02 3.012454509487260293e+04 1.511460893920137316e+01 -1.420981851452969569e-01 3.100000000000000089e+00 1.697142293975266100e-02 8.292679250839185556e-02 1.570796326794896558e+00 1.000000000000000000e+00 1.000000000000000000e+00 0.000000000000000000e+00 0.000000000000000000e+00 -1.000000000000000000e+00 -1.000000000000000000e+00
1.090000000000000000e+02 3.052425838283862686e+04 1.119164753855658034e+01 7.563334936592883140e-02 9.877180453589616826e-01 -2.464390344513526544e-03 1.071600429914091636e-02 0.000000000000000000e+00 1.000000000000000000e+00 1.000000000000000000e+00 0.000000000000000000e+00 0.000000000000000000e+00 -1.000000000000000000e+00 -1.000000000000000000e+00
1.110000000000000000e+02 4.586974677432655881e+04 1.103359600038660382e+01 8.642785576342207343e-02 1.322634556095110936e+00 3.102182328620350482e+00 1.388772334704678132e-02 1.570796326794896558e+00 1.000000000000000000e+00 1.000000000000000000e+00 0.000000000000000000e+00 0.000000000000000000e+00 -1.000000000000000000e+00 -1.000000000000000000e+00
1.170000000000000000e+02 4.781089291902911646e+04 1.049756988774257138e+01 -1.485802119254955034e-01 2.235825554927638237e+00 4.697232903135122040e-02 2.740976061786492071e-02 1.570796326794896558e+00 1.000000000000000000e+00 1.000000000000000000e+00 0.000000000000000000e+00 0.000000000000000000e+00 -1.000000000000000000e+00 -1.000000000000000000e+00
1.180000000000000000e+02 4.396564067154627651e+02 1.201734167369555095e+01 -8.346877870623499451e-02 9.726445154228633427e-01 -4.208031671543707025e-03 2.396860741255658553e-02 0.000000000000000000e+00 1.000000000000000000e+00 1.000000000000000000e+00 0.000000000000000000e+00 0.000000000000000000e+00 -1.000000000000000000e+00 -1.000000000000000000e+00
1.190000000000000000e+02 3.897394538645395369e+04 1.153915988342017052e+01 8.238204013007244253e-02 1.084645988088334567e+00 -6.218534586311712242e-03 1.000000000000000056e-01 0.000000000000000000e+00 1.000000000000000000e+00 1.000000000000000000e+00 0.000000000000000000e+00 0.000000000000000000e+00 -1.000000000000000000e+00 -1.000000000000000000e+00
1.230000000000000000e+02 4.075925861492525291e+04 1.415533081887591571e+01 -1.830621501770915427e-02 5.609869234053168618e-01 3.166255584983734828e+00 6.553984407393459444e-02 0.000000000000000000e+00 1.000000000000000000e+00 1.000000000000000000e+00 0.000000000000000000e+00 0.000000000000000000e+00 -1.000000000000000000e+00 -1.000000000000000000e+00
1.240000000000000000e+02 5.000000000000000000e+04 3.726405077093590279e+01 -2.021678615879943242e-01 3.100000000000000089e+00 3.151739785606081590e+00 3.900606005320682995e-02 1.570796326794896558e+00 1.000000000000000000e+00 1.000000000000000000e+00 0.000000000000000000e+00 0.000000000000000000e+00 -1.000000000000000000e+00 -1.000000000000000000e+00
1.250000000000000000e+02 1.408795267312392753e+04 1.396253380635196173e+01 -6.357871729986226683e-02 2.025206156760722909e+00 9.863290661301975237e-03 3.645443383548966493e-02 1.570796326794896558e+00 1.000000000000000000e+00 1.000000000000000000e+00 0.000000000000000000e+00 0.000000000000000000e+00 -1.000000000000000000e+00 -1.000000000000000000e+00
1.260000000000000000e+02 2.982359690340296947e+04 1.123505272696957213e+01 -2.491737534023538980e-01 3.100000000000000089e+00 7.715482865298424128e-03 3.052498902847693152e-02 0.000000000000000000e+00 1.000000000000000000e+00 1.000000000000000000e+00 0.000000000000000000e+00 0.000000000000000000e+00 -1.000000000000000000e+00 -1.000000000000000000e+00
1.290000000000000000e+02 2.865952521962991159e+04 1.517242448994557869e+01 -7.687676140026054872e-02 2.863805746454954448e+00 -2.792895864945898338e-02 1.000000000000000056e-01 0.000000000000000000e+00 1.000000000000000000e+00 1.000000000000000000e+00 0.000000000000000000e+00 0.000000000000000000e+00 -1.000000000000000000e+00 -1.000000000000000000e+00
1.310000000000000000e+02 3.492374661039554485e+04 2.885821007854988096e+01 6.301942340434076376e-03 1.445491000940165138e+00 -7.674850508667919839e-03 3.938185977647930269e-02 0.000000000000000000e+00 1.000000000000000000e+00 1.000000000000000000e+00 0.000000000000000000e+00 0.000000000000000000e+00 -1.000000000000000000e+00 -1.000000000000000000e+00
1.320000000000000000e+02 3.523938104143712553e+04 1.763651091784628022e+01 -5.527230848290336229e-02 1.127372020022765930e+00 -1.120522359850017156e-02 5.067913794631988961e-02 1.570796326794896558e+00 1.000000000000000000e+00 1.000000000000000000e+00 0.000000000000000000e+00 0.000000000000000000e+00 -1.000000000000000000e+00 -1.000000000000000000e+00
1.330000000000000000e+02 1.444365928506913406e+04 1.714261263372791433e+01 -7.146232443431445314e-02 1.799488603093679195e+00 3.131423436498266266e+00 2.981163477178060128e-02 1.570796326794896558e+00 1.000000000000000000e+00 1.000000000000000000e+00 0.000000000000000000e+00 0.000000000000000000e+00 -1.000000000000000000e+00 -1.000000000000000000e+00
1.350000000000000000e+02 3.706439422711052612e+04 1.796616894867218761e+01 -1.765180719306963519e-02 8.821841438327681084e-01 3.935424615619903532e-02 9.507039698268687777e-02 0.000000000000000000e+00 1.000000000000000000e+00 1.000000000000000000e+00 0.000000000000000000e+00 0.000000000000000000e+00 -1.000000000000000000e+00 -1.000000000000000000e+00
1.380000000000000000e+02 4.589278856202106545e+04 2.930127950932529757e+01 -5.162809671764131969e-02 1.150665752335166658e+00 3.151758885489266859e+00 6.823100355736493039e-02 0.000000000000000000e+00 1.000000000000000000e+00 1.000000000000000000e+00 0.000000000000000000e+00 0.000000000000000000e+00 -1.000000000000000000e+00 -1.000000000000000000e+00
1.450000000000000000e+02 4.887385200870234985e+04 1.961766889815625703e+01 -1.072021985485622358e-01 3.100000000000000089e+00 3.150909358161631424e+00 7.136421686297010625e-02 0.000000000000000000e+00 1.000000000000000000e+00 1.000000000000000000e+00 0.000000000000000000e+00 0.000000000000000000e+00 -1.000000000000000000e+00 -1.000000000000000000e+00
1.460000000000000000e+02 4.167338593448706092e+02 3.580205804977777007e+01 -5.574171717741064486e-02 1.607200611108767552e+00 3.139654364307531420e+00 3.461214869906147074e-02 0.000000000000000000e+00 1.000000000000000000e+00 1.000000000000000000e+00 0.000000000000000000e+00 0.000000000000000000e+00 -1.000000000000000000e+00 -1.000000000000000000e+00
1.470000000000000000e+02 4.229775937120407434e+02 1.352477356780823037e+01 -2.227800254177838835e-01 3.100000000000000089e+00 3.131494935998441864e+00 1.671459484644779656e-02 1.570796326794896558e+00 1.000000000000000000e+00 1.000000000000000000e+00 0.000000000000000000e+00 0.000000000000000000e+00 -1.000000000000000000e+00 -1.000000000000000000e+00
1.490000000000000000e+02 5.000000000000000000e+04 3.912858496876406633e+01 5.841172793129414953e-02 1.811955369429392837e+00 -2.680475262710213524e-02 8.478561832250348929e-02 1.570796326794896558e+00 1.000000000000000000e+00 1.000000000000000000e+00 0.000000000000000000e+00 0.000000000000000000e+00 -1.000000000000000000e+00 -1.000000000000000000e+00
1.510000000000000000e+02 5.000000000000000000e+04 1.727810854611707470e+01 -5.918268178976431038e-02 1.375616910098718115e+00 -3.109342031811388601e-02 4.574714567040833596e-02 0.000000000000000000e+00 1.000000000000000000e+00 1.000000000000000000e+00 0.000000000000000000e+00 0.000000000000000000e+00 -1.000000000000000000e+00 -1.000000000000000000e+00
1.520000000000000000e+02 5.000000000000000000e+04 1.292620374222491009e+01 -7.588304103821386093e-03 1.297274453205311762e+00 1.231949781073364038e-02 5.402483271242131124e-02 1.570796326794896558e+00 1.000000000000000000e+00 1.000000000000000000e+00 0.000000000000000000e+00 0.000000000000000000e+00 -1.000000000000000000e+00 -1.000000000000000000e+00
1.570000000000000000e+02 4.454920121834394376e+04 1.045474009239247870e+01 -3.825060188728558741e-02 1.915362777588091037e+00 2.428717381763582234e-02 9.592068468782810609e-02 1.570796326794896558e+00 1.000000000000000000e+00 1.000000000000000000e+00 0.000000000000000000e+00 0.000000000000000000e+00 -1.000000000000000000e+00 -1.000000000000000000e+00
1.590000000000000000e+02 2.750660180756883346e+04 1.907479575464253330e+01 -1.007708623873636161e-01 2.975613405444422988e+00 1.174578698387549434e-02 1.000000000000000021e-02 0.000000000000000000e+00 1.000000000000000000e+00 1.000000000000000000e+00 0.000000000000000000e+00 0.000000000000000000e+00 -1.000000000000000000e+00 -1.000000000000000000e+00
1.610000000000000000e+02 2.958901602730120430e+03 1.375947988876190031e+01 -1.061329797854511647e-01 3.100000000000000089e+00 3.138237873315202098e+00 9.000000000000001055e-02 1.570796326794896558e+00 1.000000000000000000e+00 1.000000000000000000e+00 0.000000000000000000e+00 0.000000000000000000e+00 -1.000000000000000000e+00 -1.000000000000000000e+00
1.660000000000000000e+02 5.000000000000000000e+04 1.253498663279173897e+01 -1.767132315680398635e-01 2.803519371633443225e+00 3.293113170446028675e-03 1.569238747968066533e-02 1.570796326794896558e+00 1.000000000000000000e+00 1.000000000000000000e+00 0.000000000000000000e+00 0.000000000000000000e+00 -1.000000000000000000e+00 -1.000000000000000000e+00
1.690000000000000000e+02 3.862948033069965459e+04 3.697994539077351561e+01 -9.545994550254824351e-02 2.446908811028647435e+00 -3.208421205807866078e-02 5.764412368600153186e-02 0.000000000000000000e+00 1.000000000000000000e+00 1.000000000000000000e+00 0.000000000000000000e+00 0.000000000000000000e+00 -1.000000000000000000e+00 -1.000000000000000000e+00
1.710000000000000000e+02 4.338755193245567352e+04 1.641306425101968713e+01 -1.620207118405901370e-01 2.142013454783125326e+00 3.124634699515164815e+00 5.590115201363327069e-02 1.570796326794896558e+00 1.000000000000000000e+00 1.000000000000000000e+00 0.000000000000000000e+00 0.000000000000000000e+00 -1.000000000000000000e+00 -1.000000000000000000e+00
1.730000000000000000e+02 3.130942549792589125e+04 1.174224477935031530e+01 -1.559821040769948652e-01 2.209872777166603353e+00 -1.251749445430312777e-03 1.000000000000000021e-02 1.570796326794896558e+00 1.000000000000000000e+00 1.000000000000000000e+00 0.000000000000000000e+00 0.000000000000000000e+00 -1.000000000000000000e+00 -1.000000000000000000e+00
1.740000000000000000e+02 3.377760109793698939e+04 1.145402200365969847e+01 -2.286189970221510215e-01 2.208082963514470087e+00 3.159410193029111333e-04 1.142271638856343953e-02 1.570796326794896558e+00 1.000000000000000000e+00 1.000000000000000000e+00 0.000000000000000000e+00 0.000000000000000000e+00 -1.000000000000000000e+00 -1.000000000000000000e+00
1.870000000000000000e+02 2.660653369528593248e+04 1.525602250874472077e+01 -3.382323009387897678e-02 1.276574728348895071e+00 3.115414732009283760e+00 9.037334579660474820e-02 1.570796326794896558e+00 1.000000000000000000e+00 1.000000000000000000e+00 0.000000000000000000e+00 0.000000000000000000e+00 -1.000000000000000000e+00 -1.000000000000000000e+00
1.900000000000000000e+02 2.655615509848004876e+04 1.660091342414774473e+01 -1.627842994928775655e-01 3.100000000000000089e+00 1.410173536465507893e-03 2.301081711980991137e-02 0.000000000000000000e+00 1.000000000000000000e+00 1.000000000000000000e+00 0.000000000000000000e+00 0.000000000000000000e+00 -1.000000000000000000e+00 -1.000000000000000000e+00
1.910000000000000000e+02 4.355961196492854651e+04 1.327321631612739949e+01 -1.426704812330099326e-01 2.865666574275441913e+00 2.529716260105067255e-02 2.649166775400226687e-02 0.000000000000000000e+00 1.000000000000000000e+00 1.000000000000000000e+00 0.000000000000000000e+00 0.000000000000000000e+00 -1.000000000000000000e+00 -1.000000000000000000e+00
1.930000000000000000e+02 4.561658662878643327e+02 1.470582539450079196e+01 4.385525949621608272e-03 7.942299498164606675e-01 3.979394911724411926e-03 1.380426568231511719e-02 1.570796326794896558e+00 1.000000000000000000e+00 1.000000000000000000e+00 0.000000000000000000e+00 0.000000000000000000e+00 -1.000000000000000000e+00 -1.000000000000000000e+00
1.940000000000000000e+02 3.298092508220997115e+04 2.085175189081476432e+01 -5.974734730344781475e-02 1.911535658989950814e+00 2.689702501940022250e-02 6.902803933061504860e-02 1.570796326794896558e+00 1.000000000000000000e+00 1.000000000000000000e+00 0.000000000000000000e+00 0.000000000000000000e+00 -1.000000000000000000e+00 -1.000000000000000000e+00
1.990000000000000000e+02 3.030102800574144203e+04 1.032443306358949542e+01 1.232359781894460382e-01 1.770589432104297201e+00 2.950518594062035913e-02 2.651433965498722206e-02 1.570796326794896558e+00 1.000000000000000000e+00 1.000000000000000000e+00 0.000000000000000000e+00 0.000000000000000000e+00 -1.000000000000000000e+00 -1.000000000000000000e+00
3.650000000000000000e+02 4.569960225766255348e+02 3.539667840555937062e+01 -1.235386253461776135e-01 3.100000000000000089e+00 0.000000000000000000e+00 1.184977755466164011e-02 -1.000000000000000000e+00 1.000000000000000000e+00 1.000000000000000000e+00 8.000000000000000000e+00 0.000000000000000000e+00 -1.000000000000000000e+00 -1.000000000000000000e+00
7.000000000000000000e+00 3.673213650486840197e+04 1.890008060202542239e+01 8.810274578296239945e-02 1.450752117399895402e+00 2.796872433308034839e-02 3.422741762087604805e-02 1.570796326794896558e+00 1.000000000000000000e+00 1.000000000000000000e+00 0.000000000000000000e+00 0.000000000000000000e+00 -1.000000000000000000e+00 -1.000000000000000000e+00
9.000000000000000000e+00 4.578721034043066902e+04 2.727479613477727582e+01 -2.183204362732534543e-01 3.100000000000000089e+00 1.720636982559120218e-02 5.830030740249875915e-02 1.570796326794896558e+00 1.000000000000000000e+00 1.000000000000000000e+00 0.000000000000000000e+00 0.000000000000000000e+00 -1.000000000000000000e+00 -1.000000000000000000e+00
1.500000000000000000e+01 4.348513642024043406e+02 1.253352623050464665e+01 -7.604638656775689065e-02 9.432285865051892593e-01 0.000000000000000000e+00 1.975291360971139290e-02 1.570796326794896558e+00 1.000000000000000000e+00 1.000000000000000000e+00 0.000000000000000000e+00 0.000000000000000000e+00 -1.000000000000000000e+00 -1.000000000000000000e+00
3.600000000000000000e+01 4.587456452237818303e+04 1.618994442437994863e+01 -2.614817324295415357e-01 2.332028755326766678e+00 1.975318640172230023e-02 5.064722954858659476e-02 1.570796326794896558e+00 1.000000000000000000e+00 1.000000000000000000e+00 0.000000000000000000e+00 0.000000000000000000e+00 -1.000000000000000000e+00 -1.000000000000000000e+00
3.800000000000000000e+01 2.242222993001036957e+04 1.295248037940061714e+01 -3.749753513937771621e-02 1.333658469801868529e+00 0.000000000000000000e+00 2.903522681047712370e-02 1.570796326794896558e+00 1.000000000000000000e+00 1.000000000000000000e+00 0.000000000000000000e+00 0.000000000000000000e+00 -1.000000000000000000e+00 -1.000000000000000000e+00
5.600000000000000000e+01 3.557387909679793665e+04 1.036355971682645993e+01 -6.782396686299538291e-02 1.923726923321360305e+00 0.000000000000000000e+00 9.679405225052728490e-02 1.570796326794896558e+00 1.000000000000000000e+00 1.000000000000000000e+00 0.000000000000000000e+00 0.000000000000000000e+00 -1.000000000000000000e+00 -1.000000000000000000e+00
6.400000000000000000e+01 4.906890480325792305e+04 1.063321334754672165e+01 -1.390644851395035630e-01 3.100000000000000089e+00 1.203057121542346758e-02 1.795997340772152034e-02 1.570796326794896558e+00 1.000000000000000000e+00 1.000000000000000000e+00 0.000000000000000000e+00 0.000000000000000000e+00 -1.000000000000000000e+00 -1.000000000000000000e+00
6.700000000000000000e+01 5.030686654488168870e+02 2.384916051875012499e+01 -5.939624825611704989e-02 1.121436111266692404e+00 2.108194968071908093e-03 1.455429075308148877e-02 1.570796326794896558e+00 1.000000000000000000e+00 1.000000000000000000e+00 0.000000000000000000e+00 0.000000000000000000e+00 -1.000000000000000000e+00 -1.000000000000000000e+00
7.000000000000000000e+01 5.000000000000000000e+04 1.498864821842159145e+01 -9.206605229098616117e-02 2.310092544835535833e+00 0.000000000000000000e+00 1.491353375642933722e-02 1.570796326794896558e+00 1.000000000000000000e+00 1.000000000000000000e+00 0.000000000000000000e+00 0.000000000000000000e+00 -1.000000000000000000e+00 -1.000000000000000000e+00
9.700000000000000000e+01 5.023335971584955360e+02 1.667048777882799726e+01 -1.662009005341288925e-02 1.398864366035010409e+00 0.000000000000000000e+00 1.180877219452540483e-02 1.570796326794896558e+00 1.000000000000000000e+00 1.000000000000000000e+00 0.000000000000000000e+00 0.000000000000000000e+00 -1.000000000000000000e+00 -1.000000000000000000e+00
1.010000000000000000e+02 2.790697006408236484e+04 1.665078765737204947e+01 -1.714209600350187768e-01 2.713011166938698704e+00 6.159601847444660244e-03 3.221992784612521393e-02 1.570796326794896558e+00 1.000000000000000000e+00 1.000000000000000000e+00 0.000000000000000000e+00 0.000000000000000000e+00 -1.000000000000000000e+00 -1.000000000000000000e+00
1.140000000000000000e+02 5.260954690721931684e+02 1.119587913166833104e+01 -6.452384957248807895e-02 1.066448765385359376e+00 0.000000000000000000e+00 1.000000000000000056e-01 1.570796326794896558e+00 1.000000000000000000e+00 1.000000000000000000e+00 0.000000000000000000e+00 0.000000000000000000e+00 -1.000000000000000000e+00 -1.000000000000000000e+00
1.200000000000000000e+02 4.562394761262087559e+04 1.270009058281511649e+01 -8.817093157511124435e-02 3.100000000000000089e+00 3.362440677045392800e-03 6.177101756243633113e-02 1.570796326794896558e+00 1.000000000000000000e+00 1.000000000000000000e+00 0.000000000000000000e+00 0.000000000000000000e+00 -1.000000000000000000e+00 -1.000000000000000000e+00
1.340000000000000000e+02 5.136227730652764194e+02 3.230233487845200102e+01 7.557188762653804792e-02 1.583811489214010271e+00 8.489368599196482970e-03 8.100000000000001643e-02 1.570796326794896558e+00 1.000000000000000000e+00 1.000000000000000000e+00 0.000000000000000000e+00 0.000000000000000000e+00 -1.000000000000000000e+00 -1.000000000000000000e+00
1.430000000000000000e+02 2.344961779636926804e+04 1.036127871472182171e+01 -1.440286919561688250e-01 2.452463195366002768e+00 0.000000000000000000e+00 1.150150972768757170e-02 1.570796326794896558e+00 1.000000000000000000e+00 1.000000000000000000e+00 0.000000000000000000e+00 0.000000000000000000e+00 -1.000000000000000000e+00 -1.000000000000000000e+00
1.540000000000000000e+02 5.000000000000000000e+04 1.205851117578341558e+01 -1.225826379064593047e-01 3.100000000000000089e+00 3.327267179460381696e-02 4.010031424618597934e-02 1.570796326794896558e+00 1.000000000000000000e+00 1.000000000000000000e+00 0.000000000000000000e+00 0.000000000000000000e+00 -1.000000000000000000e+00 -1.000000000000000000e+00
1.550000000000000000e+02 7.000000000000000000e+02 2.269438395442084300e+01 -1.317521877616312231e-02 1.146811836143843966e+00 1.441289641963878349e-02 2.520753660603707036e-02 1.570796326794896558e+00 1.000000000000000000e+00 1.000000000000000000e+00 0.000000000000000000e+00 0.000000000000000000e+00 -1.000000000000000000e+00 -1.000000000000000000e+00
1.580000000000000000e+02 4.831950753101859277e+02 1.344127697118117304e+01 -6.048060108001672430e-02 0.000000000000000000e+00 0.000000000000000000e+00 2.730893812576275573e-02 1.570796326794896558e+00 1.000000000000000000e+00 1.000000000000000000e+00 0.000000000000000000e+00 0.000000000000000000e+00 -1.000000000000000000e+00 -1.000000000000000000e+00
1.600000000000000000e+02 5.000000000000000000e+04 3.782215480539577612e+01 7.807066319236941054e-02 1.855162404261545328e+00 0.000000000000000000e+00 1.172556771188015302e-02 1.570796326794896558e+00 1.000000000000000000e+00 1.000000000000000000e+00 0.000000000000000000e+00 0.000000000000000000e+00 -1.000000000000000000e+00 -1.000000000000000000e+00
1.620000000000000000e+02 4.839575924461866089e+04 3.167530862541040548e+01 -6.986697938714825362e-02 1.991650547370516389e+00 0.000000000000000000e+00 1.952873942766093773e-02 1.570796326794896558e+00 1.000000000000000000e+00 1.000000000000000000e+00 0.000000000000000000e+00 0.000000000000000000e+00 -1.000000000000000000e+00 -1.000000000000000000e+00
1.680000000000000000e+02 5.000000000000000000e+04 3.501794402618308055e+01 -6.605611357307029918e-02 6.437912072869887981e-01 9.885847083107831071e-03 8.626850677517909627e-02 1.570796326794896558e+00 1.000000000000000000e+00 1.000000000000000000e+00 0.000000000000000000e+00 0.000000000000000000e+00 -1.000000000000000000e+00 -1.000000000000000000e+00
1.700000000000000000e+02 1.059608103707974806e+04 1.040604599936033559e+01 -3.037031601073288817e-02 7.909012597545456158e-01 0.000000000000000000e+00 1.000000000000000021e-02 1.570796326794896558e+00 1.000000000000000000e+00 1.000000000000000000e+00 0.000000000000000000e+00 0.000000000000000000e+00 -1.000000000000000000e+00 -1.000000000000000000e+00
1.770000000000000000e+02 3.291739922860467050e+04 1.421244014996855221e+01 -1.618326056355293419e-01 3.100000000000000089e+00 2.637773849577033231e-03 1.000000000000000021e-02 1.570796326794896558e+00 1.000000000000000000e+00 1.000000000000000000e+00 0.000000000000000000e+00 0.000000000000000000e+00 -1.000000000000000000e+00 -1.000000000000000000e+00
1.800000000000000000e+02 6.001573932831678349e+02 1.900159700299619914e+01 -6.776098243034732460e-02 2.112066743368803401e+00 6.212603768105395829e-03 9.000000000000001055e-02 1.570796326794896558e+00 1.000000000000000000e+00 1.000000000000000000e+00 0.000000000000000000e+00 0.000000000000000000e+00 -1.000000000000000000e+00 -1.000000000000000000e+00
1.890000000000000000e+02 4.174783976650688419e+04 1.640639146882011090e+01 -2.032751988771133722e-01 2.965374424834634759e+00 0.000000000000000000e+00 3.475638461525867862e-02 1.570796326794896558e+00 1.000000000000000000e+00 1.000000000000000000e+00 0.000000000000000000e+00 0.000000000000000000e+00 -1.000000000000000000e+00 -1.000000000000000000e+00
6.000000000000000000e+00 1.646415235879856846e+04 2.736663596393710662e+01 -1.925416692723816714e-01 2.548277557288363138e+00 0.000000000000000000e+00 1.000000000000000021e-02 0.000000000000000000e+00 1.000000000000000000e+00 1.000000000000000000e+00 0.000000000000000000e+00 0.000000000000000000e+00 -1.000000000000000000e+00 -1.000000000000000000e+00
1.200000000000000000e+01 5.869831117430004497e+02 1.119913205115147470e+01 -1.916487652107888018e-01 2.791532383079167623e+00 0.000000000000000000e+00 3.760052653181217980e-02 0.000000000000000000e+00 1.000000000000000000e+00 1.000000000000000000e+00 0.000000000000000000e+00 0.000000000000000000e+00 -1.000000000000000000e+00 -1.000000000000000000e+00
1.900000000000000000e+01 4.874084153147832694e+03 1.553110818003450078e+01 -5.301860152815110472e-02 1.583265734734309982e+00 0.000000000000000000e+00 9.000000000000001055e-02 0.000000000000000000e+00 1.000000000000000000e+00 1.000000000000000000e+00 0.000000000000000000e+00 0.000000000000000000e+00 -1.000000000000000000e+00 -1.000000000000000000e+00
2.000000000000000000e+01 5.647698655738947309e+03 2.135358912089881755e+01 9.385993162732303441e-02 5.142691278062155869e-01 0.000000000000000000e+00 9.000000000000001055e-02 0.000000000000000000e+00 1.000000000000000000e+00 1.000000000000000000e+00 0.000000000000000000e+00 0.000000000000000000e+00 -1.000000000000000000e+00 -1.000000000000000000e+00
5.000000000000000000e+01 7.931258197555241622e+02 1.471780028936445106e+01 -1.644530473292523665e-01 2.203992591290259817e+00 0.000000000000000000e+00 1.366655285995606317e-02 0.000000000000000000e+00 1.000000000000000000e+00 1.000000000000000000e+00 0.000000000000000000e+00 0.000000000000000000e+00 -1.000000000000000000e+00 -1.000000000000000000e+00
6.100000000000000000e+01 8.031837661318829760e+02 3.876226549234718988e+01 -1.035502248780904161e-01 2.345567010070400915e+00 0.000000000000000000e+00 1.000000000000000056e-01 0.000000000000000000e+00 1.000000000000000000e+00 1.000000000000000000e+00 0.000000000000000000e+00 0.000000000000000000e+00 -1.000000000000000000e+00 -1.000000000000000000e+00
6.800000000000000000e+01 6.296582194124047192e+02 1.487577181077979205e+01 -1.961883072741656409e-01 2.695573274896351013e+00 0.000000000000000000e+00 1.000000000000000056e-01 0.000000000000000000e+00 1.000000000000000000e+00 1.000000000000000000e+00 0.000000000000000000e+00 0.000000000000000000e+00 -1.000000000000000000e+00 -1.000000000000000000e+00
7.700000000000000000e+01 8.316528901674570307e+02 3.746511213150601094e+01 -2.819705836262602350e-02 1.777536511609406844e+00 0.000000000000000000e+00 1.000000000000000056e-01 0.000000000000000000e+00 1.000000000000000000e+00 1.000000000000000000e+00 0.000000000000000000e+00 0.000000000000000000e+00 -1.000000000000000000e+00 -1.000000000000000000e+00
9.100000000000000000e+01 8.363421224843465325e+02 1.239862090323288513e+01 -1.361953643874907194e-01 2.480246005790055719e+00 0.000000000000000000e+00 1.380345076595668706e-02 0.000000000000000000e+00 1.000000000000000000e+00 1.000000000000000000e+00 0.000000000000000000e+00 0.000000000000000000e+00 -1.000000000000000000e+00 -1.000000000000000000e+00
1.390000000000000000e+02 1.154794537612468275e+03 1.074649433703414125e+01 -1.874209454970211519e-01 2.901351452127623354e+00 0.000000000000000000e+00 9.000000000000001055e-02 0.000000000000000000e+00 1.000000000000000000e+00 1.000000000000000000e+00 0.000000000000000000e+00 0.000000000000000000e+00 -1.000000000000000000e+00 -1.000000000000000000e+00
1.760000000000000000e+02 1.189435290187950386e+03 1.499111556544590229e+01 -2.558841649522180517e-01 2.425298748424138395e+00 0.000000000000000000e+00 9.000000000000001055e-02 0.000000000000000000e+00 1.000000000000000000e+00 1.000000000000000000e+00 0.000000000000000000e+00 0.000000000000000000e+00 -1.000000000000000000e+00 -1.000000000000000000e+00
3.660000000000000000e+02 6.158308828074343637e+02 1.580053112898374756e+01 -9.626258269708333482e-02 2.242498244907527472e+00 0.000000000000000000e+00 2.208328055972741052e-02 -1.000000000000000000e+00 1.000000000000000000e+00 1.000000000000000000e+00 8.000000000000000000e+00 1.000000000000000000e+05 -1.000000000000000000e+00 -1.000000000000000000e+00
3.670000000000000000e+02 1.840920385119255229e+02 1.112123995301467971e+01 4.866752173660891800e-02 9.210966653353611644e-01 0.000000000000000000e+00 8.726629551147792319e-02 -1.000000000000000000e+00 1.000000000000000000e+00 1.000000000000000000e+00 8.000000000000000000e+00 2.000000000000000000e+05 -1.000000000000000000e+00 -1.000000000000000000e+00
3.680000000000000000e+02 1.239405177799820734e+02 1.149169962511031962e+01 1.253822249535573030e-02 4.890512853470635468e-01 0.000000000000000000e+00 8.287382677833367295e-02 -1.000000000000000000e+00 1.000000000000000000e+00 1.000000000000000000e+00 8.000000000000000000e+00 3.000000000000000000e+05 -1.000000000000000000e+00 -1.000000000000000000e+00
3.710000000000000000e+02 4.557317415560683730e+04 4.718382922383969458e+01 5.395158484277807753e-01 0.000000000000000000e+00 0.000000000000000000e+00 5.651755398346759718e-02 -1.000000000000000000e+00 1.000000000000000000e+00 2.000000000000000000e+00 8.000000000000000000e+00 4.500000000000000000e+05 -1.000000000000000000e+00 -1.000000000000000000e+00
3.700000000000000000e+02 1.506447543349964144e+04 2.484531295588829991e+01 6.847348712850469532e-01 0.000000000000000000e+00 0.000000000000000000e+00 9.000000000000001055e-02 -1.000000000000000000e+00 1.000000000000000000e+00 2.000000000000000000e+00 8.000000000000000000e+00 5.000000000000000000e+05 -1.000000000000000000e+00 -1.000000000000000000e+00
3.740000000000000000e+02 8.134997663366901861e+02 3.602922305178368134e+01 5.401003656187060298e-02 1.627215058430528050e+00 0.000000000000000000e+00 9.000000000000001055e-02 -1.000000000000000000e+00 1.000000000000000000e+00 1.000000000000000000e+00 8.000000000000000000e+00 5.000000000000000000e+05 -1.000000000000000000e+00 -1.000000000000000000e+00
3.720000000000000000e+02 9.193223601598067035e+03 4.747625145764789067e+01 5.292504069991739168e-01 0.000000000000000000e+00 0.000000000000000000e+00 9.000000000000001055e-02 -1.000000000000000000e+00 1.000000000000000000e+00 2.000000000000000000e+00 8.000000000000000000e+00 5.100000000000000000e+05 -1.000000000000000000e+00 -1.000000000000000000e+00
3.770000000000000000e+02 8.043430332007865218e+02 4.021629719194471164e+01 -4.433831253003807371e-02 2.132120233518300267e+00 0.000000000000000000e+00 9.000000000000001055e-02 -1.000000000000000000e+00 1.000000000000000000e+00 1.000000000000000000e+00 8.000000000000000000e+00 6.000000000000000000e+05 -1.000000000000000000e+00 -1.000000000000000000e+00
3.760000000000000000e+02 1.422404037754100864e+04 2.606639631436070914e+01 6.648971633845949247e-01 0.000000000000000000e+00 0.000000000000000000e+00 1.043614807752238187e-02 -1.000000000000000000e+00 1.000000000000000000e+00 2.000000000000000000e+00 8.000000000000000000e+00 6.600000000000000000e+05 -1.000000000000000000e+00 -1.000000000000000000e+00
3.790000000000000000e+02 4.172067107988503267e+04 4.351629341565313780e+01 5.061208903337722775e-01 0.000000000000000000e+00 0.000000000000000000e+00 4.275198876426272027e-02 -1.000000000000000000e+00 1.000000000000000000e+00 2.000000000000000000e+00 8.000000000000000000e+00 7.300000000000000000e+05 -1.000000000000000000e+00 -1.000000000000000000e+00
3.860000000000000000e+02 4.741979277446121705e+04 5.935092522251500213e+01 6.471633232276705616e-01 0.000000000000000000e+00 0.000000000000000000e+00 2.716538770792319146e-02 -1.000000000000000000e+00 1.000000000000000000e+00 2.000000000000000000e+00 8.000000000000000000e+00 7.400000000000000000e+05 -1.000000000000000000e+00 -1.000000000000000000e+00
3.830000000000000000e+02 6.366763243238546238e+03 3.693805827346030668e+01 6.536223474128201039e-01 0.000000000000000000e+00 0.000000000000000000e+00 9.000000000000001055e-02 -1.000000000000000000e+00 1.000000000000000000e+00 2.000000000000000000e+00 8.000000000000000000e+00 7.700000000000000000e+05 -1.000000000000000000e+00 -1.000000000000000000e+00
3.890000000000000000e+02 9.133488723324384409e+03 2.656261593801216847e+01 6.714770258074403975e-01 0.000000000000000000e+00 0.000000000000000000e+00 1.000000000000000021e-02 -1.000000000000000000e+00 1.000000000000000000e+00 2.000000000000000000e+00 8.000000000000000000e+00 7.900000000000000000e+05 -1.000000000000000000e+00 -1.000000000000000000e+00
3.900000000000000000e+02 5.373327937798958374e+02 1.026831505937952294e+01 4.186037646375271454e-02 1.209420151724931225e+00 0.000000000000000000e+00 6.988738875280929574e-02 -1.000000000000000000e+00 1.000000000000000000e+00 1.000000000000000000e+00 8.000000000000000000e+00 8.000000000000000000e+05 -1.000000000000000000e+00 -1.000000000000000000e+00
3.870000000000000000e+02 7.978936348167114375e+03 3.272187979238582756e+01 8.488413650800993304e-01 0.000000000000000000e+00 0.000000000000000000e+00 9.000000000000001055e-02 -1.000000000000000000e+00 1.000000000000000000e+00 3.000000000000000000e+00 8.000000000000000000e+00 8.200000000000000000e+05 -1.000000000000000000e+00 -1.000000000000000000e+00
3.920000000000000000e+02 2.266896621540321576e+04 3.754413672650648692e+01 8.444907546183566538e-01 0.000000000000000000e+00 0.000000000000000000e+00 1.000000000000000021e-02 -1.000000000000000000e+00 1.000000000000000000e+00 3.000000000000000000e+00 8.000000000000000000e+00 8.500000000000000000e+05 -1.000000000000000000e+00 -1.000000000000000000e+00
