# id_num orb_a mass spin spin_angle orb_inc orb_ecc orb_arg_periapse orb_ang_mom gen galaxy time_passed gw_freq gw_strain
0.000000000000000000e+00 4.756423743154181284e+04 1.061802015779946373e+01 -2.534581220941199003e-02 2.604149330363438430e+00 3.167796156502152183e+00 6.438667024283999119e-02 1.570796326794896558e+00 -1.000000000000000000e+00 1.000000000000000000e+00 0.000000000000000000e+00 0.000000000000000000e+00 -1.000000000000000000e+00 -1.000000000000000000e+00
2.000000000000000000e+00 5.006685933788596230e+03 2.268820571121067786e+01 -2.236071349527234478e-02 2.858879150555823756e+00 3.147807290324385665e+00 2.732230008787620013e-01 1.570796326794896558e+00 -1.000000000000000000e+00 1.000000000000000000e+00 0.000000000000000000e+00 0.000000000000000000e+00 -1.000000000000000000e+00 -1.000000000000000000e+00
1.300000000000000000e+01 4.386243095152809838e+04 3.154583106295765660e+01 -1.747813258634562869e-02 2.312707364307689417e+00 3.131906107276185125e+00 2.795129019952008465e-01 1.570796326794896558e+00 -1.000000000000000000e+00 1.000000000000000000e+00 0.000000000000000000e+00 0.000000000000000000e+00 -1.000000000000000000e+00 -1.000000000000000000e+00
1.600000000000000000e+01 4.654874684401338163e+04 2.001644518647249527e+01 -1.570259657643897355e-01 2.832533788903364602e+00 3.146866802508275551e+00 1.896872847125822203e-05 1.570796326794896558e+00 -1.000000000000000000e+00 1.000000000000000000e+00 0.000000000000000000e+00 0.000000000000000000e+00 -1.000000000000000000e+00 -1.000000000000000000e+00
3.000000000000000000e+01 2.585082171779201963e+04 1.795623842993224883e+01 -1.795836010017523021e-01 2.249931028710437708e+00 3.101966148427040881e+00 7.123016773226188703e-02 1.570796326794896558e+00 -1.000000000000000000e+00 1.000000000000000000e+00 0.000000000000000000e+00 0.000000000000000000e+00 -1.000000000000000000e+00 -1.000000000000000000e+00
4.500000000000000000e+01 2.740644835745049204e+04 3.067713223321429794e+01 1.313483903478029902e-01 7.179082651209148791e-01 3.138820197235090426e+00 4.019216893160687532e-02 1.570796326794896558e+00 -1.000000000000000000e+00 1.000000000000000000e+00 0.000000000000000000e+00 0.000000000000000000e+00 -1.000000000000000000e+00 -1.000000000000000000e+00
4.600000000000000000e+01 4.841817218374706863e+04 1.007966737531760160e+01 1.165675072182206090e-01 1.258266790773437949e+00 3.142397286269502654e+00 6.294922738135755313e-02 1.570796326794896558e+00 -1.000000000000000000e+00 1.000000000000000000e+00 0.000000000000000000e+00 0.000000000000000000e+00 -1.000000000000000000e+00 -1.000000000000000000e+00
4.900000000000000000e+01 1.811242685847658868e+04 2.691217939866319853e+01 1.473126445803139579e-03 6.605561899184730912e-01 3.170550945476589888e+00 1.867061967288806499e-03 1.570796326794896558e+00 -1.000000000000000000e+00 1.000000000000000000e+00 0.000000000000000000e+00 0.000000000000000000e+00 -1.000000000000000000e+00 -1.000000000000000000e+00
5.400000000000000000e+01 1.195909401462808637e+04 1.168436897638035710e+01 5.312243278661785140e-02 1.319349913661677087e+00 3.136326876158618937e+00 1.048551213596310150e-01 1.570796326794896558e+00 -1.000000000000000000e+00 1.000000000000000000e+00 0.000000000000000000e+00 0.000000000000000000e+00 -1.000000000000000000e+00 -1.000000000000000000e+00
5.500000000000000000e+01 1.265942983387901404e+04 1.707327063324762406e+01 5.142895557539630541e-03 9.523280451049412898e-01 3.162330466522469852e+00 2.043503713091675000e-01 1.570796326794896558e+00 -1.000000000000000000e+00 1.000000000000000000e+00 0.000000000000000000e+00 0.000000000000000000e+00 -1.000000000000000000e+00 -1.000000000000000000e+00
7.200000000000000000e+01 1.328783263619192985e+04 1.635235392750169581e+01 -1.209093072631870977e-02 1.786579926803109508e+00 3.165038646055597038e+00 4.567963724337858328e-02 1.570796326794896558e+00 -1.000000000000000000e+00 1.000000000000000000e+00 0.000000000000000000e+00 0.000000000000000000e+00 -1.000000000000000000e+00 -1.000000000000000000e+00
7.400000000000000000e+01 9.876030401737698412e+03 2.473349082747609984e+01 7.346804950086339991e-02 4.020964232964155949e-01 3.123001048629875598e+00 2.372806142834252008e-01 1.570796326794896558e+00 -1.000000000000000000e+00 1.000000000000000000e+00 0.000000000000000000e+00 0.000000000000000000e+00 -1.000000000000000000e+00 -1.000000000000000000e+00
7.600000000000000000e+01 4.537319975468402117e+04 1.374297725785046431e+01 1.470278648984659278e-02 2.919171002858215735e-01 3.175278880996950992e+00 1.148411527809221622e-01 1.570796326794896558e+00 -1.000000000000000000e+00 1.000000000000000000e+00 0.000000000000000000e+00 0.000000000000000000e+00 -1.000000000000000000e+00 -1.000000000000000000e+00
7.900000000000000000e+01 1.192479568006196132e+04 1.317722661207271706e+01 -4.365988716474131226e-03 2.472789212242599621e+00 3.121072334813579374e+00 6.234181601450648758e-02 1.570796326794896558e+00 -1.000000000000000000e+00 1.000000000000000000e+00 0.000000000000000000e+00 0.000000000000000000e+00 -1.000000000000000000e+00 -1.000000000000000000e+00
8.300000000000000000e+01 1.112074638504850736e+04 1.012775461548975287e+01 -5.759441679561314725e-02 2.926493083290044872e+00 3.148213196083273768e+00 5.098813799213229581e-02 1.570796326794896558e+00 -1.000000000000000000e+00 1.000000000000000000e+00 0.000000000000000000e+00 0.000000000000000000e+00 -1.000000000000000000e+00 -1.000000000000000000e+00
9.000000000000000000e+01 4.678795068664982682e+04 1.103753768848876859e+01 6.324349838681990466e-02 9.297806934641188459e-01 3.118262444058386595e+00 1.508641810952076889e-01 1.570796326794896558e+00 -1.000000000000000000e+00 1.000000000000000000e+00 0.000000000000000000e+00 0.000000000000000000e+00 -1.000000000000000000e+00 -1.000000000000000000e+00
9.400000000000000000e+01 2.592945846731000711e+04 1.326787823700056279e+01 -9.158743313956353325e-04 2.878915510157958657e+00 3.172763159675759503e+00 2.377571225830699686e-01 1.570796326794896558e+00 -1.000000000000000000e+00 1.000000000000000000e+00 0.000000000000000000e+00 0.000000000000000000e+00 -1.000000000000000000e+00 -1.000000000000000000e+00
9.800000000000000000e+01 2.594479358907993810e+04 2.821287745394245405e+01 7.030354716055146891e-02 7.681004844121833708e-01 3.108299486845643500e+00 2.462345569915258825e-01 1.570796326794896558e+00 -1.000000000000000000e+00 1.000000000000000000e+00 0.000000000000000000e+00 0.000000000000000000e+00 -1.000000000000000000e+00 -1.000000000000000000e+00
1.000000000000000000e+02 1.910562237468604872e+04 1.076229037590637994e+01 -1.050973137292149622e-03 2.032384830027675893e+00 3.118718666126329531e+00 9.326256117691922309e-02 1.570796326794896558e+00 -1.000000000000000000e+00 1.000000000000000000e+00 0.000000000000000000e+00 0.000000000000000000e+00 -1.000000000000000000e+00 -1.000000000000000000e+00
1.470000000000000000e+02 2.944616379283580682e+04 3.593234350198723348e+01 1.435851131470065323e-01 1.903401312375077037e-01 3.179184058079002284e+00 2.249042747211643656e-02 1.570796326794896558e+00 -1.000000000000000000e+00 1.000000000000000000e+00 0.000000000000000000e+00 0.000000000000000000e+00 -1.000000000000000000e+00 -1.000000000000000000e+00
1.530000000000000000e+02 7.316433463051954277e+03 2.397798756760099437e+01 1.014941892519048844e-01 4.678781134369526806e-01 3.129303720844567316e+00 8.870593928207633552e-03 1.570796326794896558e+00 -1.000000000000000000e+00 1.000000000000000000e+00 0.000000000000000000e+00 0.000000000000000000e+00 -1.000000000000000000e+00 -1.000000000000000000e+00
1.640000000000000000e+02 9.852100860659262253e+03 1.177789287848032984e+01 -1.026454477722971853e-01 2.086529039375816463e+00 3.120838027044548824e+00 1.812475883176407898e-01 1.570796326794896558e+00 -1.000000000000000000e+00 1.000000000000000000e+00 0.000000000000000000e+00 0.000000000000000000e+00 -1.000000000000000000e+00 -1.000000000000000000e+00
1.650000000000000000e+02 4.076871003375423606e+04 1.033612267662912920e+01 -5.313582166026829118e-02 1.801036208577984965e+00 3.138439246804181959e+00 1.247720242983355321e-01 1.570796326794896558e+00 -1.000000000000000000e+00 1.000000000000000000e+00 0.000000000000000000e+00 0.000000000000000000e+00 -1.000000000000000000e+00 -1.000000000000000000e+00
1.790000000000000000e+02 2.059354476203951094e+02 2.035464985812764382e+01 -6.392259311848472181e-02 2.458175595843934857e+00 3.155705871204391944e+00 2.945224424478467551e-01 1.570796326794896558e+00 -1.000000000000000000e+00 1.000000000000000000e+00 0.000000000000000000e+00 0.000000000000000000e+00 -1.000000000000000000e+00 -1.000000000000000000e+00
1.800000000000000000e+02 1.947913916667413332e+03 1.127749886299942972e+01 -2.371615677101466049e-02 1.850954643357167750e+00 3.130208674004149039e+00 9.199485346998523272e-02 1.570796326794896558e+00 -1.000000000000000000e+00 1.000000000000000000e+00 0.000000000000000000e+00 0.000000000000000000e+00 -1.000000000000000000e+00 -1.000000000000000000e+00
1.940000000000000000e+02 1.499727367750354642e+04 1.245398435900434642e+01 9.836893848932970474e-02 1.545514819848360144e+00 3.145137223877093380e+00 1.967943858379379296e-01 1.570796326794896558e+00 -1.000000000000000000e+00 1.000000000000000000e+00 0.000000000000000000e+00 0.000000000000000000e+00 -1.000000000000000000e+00 -1.000000000000000000e+00
1.970000000000000000e+02 2.841309663739262396e+04 2.934256588459841453e+01 -9.943741037358094781e-02 2.519830692804822192e+00 3.135104265906922372e+00 7.766751131090059157e-02 1.570796326794896558e+00 -1.000000000000000000e+00 1.000000000000000000e+00 0.000000000000000000e+00 0.000000000000000000e+00 -1.000000000000000000e+00 -1.000000000000000000e+00
