# id_num orb_a mass spin spin_angle orb_inc orb_ecc orb_arg_periapse orb_ang_mom gen galaxy time_passed gw_freq gw_strain
0.000000000000000000e+00 4.756266409820851550e+04 1.061802015779946373e+01 -2.534581220941199003e-02 2.604149330363438430e+00 3.164363675639894957e+00 5.652000357617335824e-02 1.570796326794896558e+00 -1.000000000000000000e+00 1.000000000000000000e+00 0.000000000000000000e+00 0.000000000000000000e+00 -1.000000000000000000e+00 -1.000000000000000000e+00
2.000000000000000000e+00 5.005112600455264328e+03 2.268820571121067786e+01 -2.236071349527234478e-02 2.858879150555823756e+00 3.144374809462130660e+00 2.653563342120959789e-01 1.570796326794896558e+00 -1.000000000000000000e+00 1.000000000000000000e+00 0.000000000000000000e+00 0.000000000000000000e+00 -1.000000000000000000e+00 -1.000000000000000000e+00
1.300000000000000000e+01 4.386085761819482286e+04 3.154583106295765660e+01 -1.747813258634562869e-02 2.312707364307689417e+00 3.128473626413931896e+00 2.716462353285348796e-01 1.570796326794896558e+00 -1.000000000000000000e+00 1.000000000000000000e+00 0.000000000000000000e+00 0.000000000000000000e+00 -1.000000000000000000e+00 -1.000000000000000000e+00
3.000000000000000000e+01 2.584924838445869682e+04 1.795623842993224883e+01 -1.795836010017523021e-01 2.249931028710437708e+00 3.098533667564785876e+00 6.336350106559526796e-02 1.570796326794896558e+00 -1.000000000000000000e+00 1.000000000000000000e+00 0.000000000000000000e+00 0.000000000000000000e+00 -1.000000000000000000e+00 -1.000000000000000000e+00
4.500000000000000000e+01 2.740487502411715832e+04 3.067713223321429794e+01 1.313483903478029902e-01 7.179082651209148791e-01 3.135387716372833644e+00 3.232550226494025625e-02 1.570796326794896558e+00 -1.000000000000000000e+00 1.000000000000000000e+00 0.000000000000000000e+00 0.000000000000000000e+00 -1.000000000000000000e+00 -1.000000000000000000e+00
4.600000000000000000e+01 4.841659885041377856e+04 1.007966737531760160e+01 1.165675072182206090e-01 1.258266790773437949e+00 3.138964805407248981e+00 5.508256071469087856e-02 1.570796326794896558e+00 -1.000000000000000000e+00 1.000000000000000000e+00 0.000000000000000000e+00 0.000000000000000000e+00 -1.000000000000000000e+00 -1.000000000000000000e+00
5.400000000000000000e+01 1.195752068129475447e+04 1.168436897638035710e+01 5.312243278661785140e-02 1.319349913661677087e+00 3.132894395296365708e+00 9.698845469296439592e-02 1.570796326794896558e+00 -1.000000000000000000e+00 1.000000000000000000e+00 0.000000000000000000e+00 0.000000000000000000e+00 -1.000000000000000000e+00 -1.000000000000000000e+00
5.500000000000000000e+01 1.265785650054568214e+04 1.707327063324762406e+01 5.142895557539630541e-03 9.523280451049412898e-01 3.158897985660215735e+00 1.964837046425009226e-01 1.570796326794896558e+00 -1.000000000000000000e+00 1.000000000000000000e+00 0.000000000000000000e+00 0.000000000000000000e+00 -1.000000000000000000e+00 -1.000000000000000000e+00
7.200000000000000000e+01 1.328625930285859795e+04 1.635235392750169581e+01 -1.209093072631870977e-02 1.786579926803109508e+00 3.161606165193340701e+00 3.781297057671196421e-02 1.570796326794896558e+00 -1.000000000000000000e+00 1.000000000000000000e+00 0.000000000000000000e+00 0.000000000000000000e+00 -1.000000000000000000e+00 -1.000000000000000000e+00
7.400000000000000000e+01 9.874457068404366510e+03 2.473349082747609984e+01 7.346804950086339991e-02 4.020964232964155949e-01 3.119568567767621481e+00 2.294139476167584568e-01 1.570796326794896558e+00 -1.000000000000000000e+00 1.000000000000000000e+00 0.000000000000000000e+00 0.000000000000000000e+00 -1.000000000000000000e+00 -1.000000000000000000e+00
7.600000000000000000e+01 4.537162642135072383e+04 1.374297725785046431e+01 1.470278648984659278e-02 2.919171002858215735e-01 3.171846400134695543e+00 1.069744861142555292e-01 1.570796326794896558e+00 -1.000000000000000000e+00 1.000000000000000000e+00 0.000000000000000000e+00 0.000000000000000000e+00 -1.000000000000000000e+00 -1.000000000000000000e+00
7.900000000000000000e+01 1.192322234672862942e+04 1.317722661207271706e+01 -4.365988716474131226e-03 2.472789212242599621e+00 3.117639853951325257e+00 5.447514934783985463e-02 1.570796326794896558e+00 -1.000000000000000000e+00 1.000000000000000000e+00 0.000000000000000000e+00 0.000000000000000000e+00 -1.000000000000000000e+00 -1.000000000000000000e+00
8.300000000000000000e+01 1.111917305171517546e+04 1.012775461548975287e+01 -5.759441679561314725e-02 2.926493083290044872e+00 3.144780715221020095e+00 4.312147132546567674e-02 1.570796326794896558e+00 -1.000000000000000000e+00 1.000000000000000000e+00 0.000000000000000000e+00 0.000000000000000000e+00 -1.000000000000000000e+00 -1.000000000000000000e+00
9.000000000000000000e+01 4.678637735331645672e+04 1.103753768848876859e+01 6.324349838681990466e-02 9.297806934641188459e-01 3.114829963196130702e+00 1.429975144285410005e-01 1.570796326794896558e+00 -1.000000000000000000e+00 1.000000000000000000e+00 0.000000000000000000e+00 0.000000000000000000e+00 -1.000000000000000000e+00 -1.000000000000000000e+00
9.400000000000000000e+01 2.592788513397668430e+04 1.326787823700056279e+01 -9.158743313956353325e-04 2.878915510157958657e+00 3.169330678813502722e+00 2.298904559164034189e-01 1.570796326794896558e+00 -1.000000000000000000e+00 1.000000000000000000e+00 0.000000000000000000e+00 0.000000000000000000e+00 -1.000000000000000000e+00 -1.000000000000000000e+00
9.800000000000000000e+01 2.594322025574658983e+04 2.821287745394245405e+01 7.030354716055146891e-02 7.681004844121833708e-01 3.104867005983388051e+00 2.383678903248593328e-01 1.570796326794896558e+00 -1.000000000000000000e+00 1.000000000000000000e+00 0.000000000000000000e+00 0.000000000000000000e+00 -1.000000000000000000e+00 -1.000000000000000000e+00
1.000000000000000000e+02 1.910404904135272227e+04 1.076229037590637994e+01 -1.050973137292149622e-03 2.032384830027675893e+00 3.115286185264075858e+00 8.539589451025260403e-02 1.570796326794896558e+00 -1.000000000000000000e+00 1.000000000000000000e+00 0.000000000000000000e+00 0.000000000000000000e+00 -1.000000000000000000e+00 -1.000000000000000000e+00
1.470000000000000000e+02 2.944459045950246946e+04 3.593234350198723348e+01 1.435851131470065323e-01 1.903401312375077037e-01 3.175751577216750388e+00 1.462376080544979494e-02 1.570796326794896558e+00 -1.000000000000000000e+00 1.000000000000000000e+00 0.000000000000000000e+00 0.000000000000000000e+00 -1.000000000000000000e+00 -1.000000000000000000e+00
1.530000000000000000e+02 7.314860129718622375e+03 2.397798756760099437e+01 1.014941892519048844e-01 4.678781134369526806e-01 3.125871239982313643e+00 1.003927261540968081e-03 1.570796326794896558e+00 -1.000000000000000000e+00 1.000000000000000000e+00 0.000000000000000000e+00 0.000000000000000000e+00 -1.000000000000000000e+00 -1.000000000000000000e+00
1.640000000000000000e+02 9.850527527325930350e+03 1.177789287848032984e+01 -1.026454477722971853e-01 2.086529039375816463e+00 3.117405546182294707e+00 1.733809216509742401e-01 1.570796326794896558e+00 -1.000000000000000000e+00 1.000000000000000000e+00 0.000000000000000000e+00 0.000000000000000000e+00 -1.000000000000000000e+00 -1.000000000000000000e+00
1.650000000000000000e+02 4.076713670042098965e+04 1.033612267662912920e+01 -5.313582166026829118e-02 1.801036208577984965e+00 3.135006765941926066e+00 1.169053576316688853e-01 1.570796326794896558e+00 -1.000000000000000000e+00 1.000000000000000000e+00 0.000000000000000000e+00 0.000000000000000000e+00 -1.000000000000000000e+00 -1.000000000000000000e+00
1.790000000000000000e+02 2.043621142870616154e+02 2.035464985812764382e+01 -6.392259311848472181e-02 2.458175595843934857e+00 3.152273390342135162e+00 2.866557757811806773e-01 1.570796326794896558e+00 -1.000000000000000000e+00 1.000000000000000000e+00 0.000000000000000000e+00 0.000000000000000000e+00 -1.000000000000000000e+00 -1.000000000000000000e+00
1.800000000000000000e+02 1.946340583334080520e+03 1.127749886299942972e+01 -2.371615677101466049e-02 1.850954643357167750e+00 3.126776193141895810e+00 8.412818680331861365e-02 1.570796326794896558e+00 -1.000000000000000000e+00 1.000000000000000000e+00 0.000000000000000000e+00 0.000000000000000000e+00 -1.000000000000000000e+00 -1.000000000000000000e+00
1.940000000000000000e+02 1.499570034417021452e+04 1.245398435900434642e+01 9.836893848932970474e-02 1.545514819848360144e+00 3.141704743014841483e+00 1.889277191712712411e-01 1.570796326794896558e+00 -1.000000000000000000e+00 1.000000000000000000e+00 0.000000000000000000e+00 0.000000000000000000e+00 -1.000000000000000000e+00 -1.000000000000000000e+00
1.970000000000000000e+02 2.841152330405927569e+04 2.934256588459841453e+01 -9.943741037358094781e-02 2.519830692804822192e+00 3.131671785044667367e+00 6.980084464423397250e-02 1.570796326794896558e+00 -1.000000000000000000e+00 1.000000000000000000e+00 0.000000000000000000e+00 0.000000000000000000e+00 -1.000000000000000000e+00 -1.000000000000000000e+00
