# id_num orb_a mass spin spin_angle orb_inc orb_ecc orb_arg_periapse orb_ang_mom gen galaxy time_passed star_X star_Y star_Z radius
2.370000000000000000e+02 3.738872651114881762e+01 1.686262630322710493e+03 9.189999999999999281e-01 1.210944762119687823e+00 0.000000000000000000e+00 4.190240804231040728e-01 0.000000000000000000e+00 1.356090053543803392e+18 1.000000000000000000e+00 0.000000000000000000e+00 0.000000000000000000e+00 7.273999999999999355e-01 2.637999999999999790e-01 8.800000000000000530e-03 3.772122091744582235e+02
2.420000000000000000e+02 3.632155896788119520e+01 2.012179631633795680e+03 9.189999999999999281e-01 1.736897771384532829e+00 0.000000000000000000e+00 5.466071196589896708e-01 0.000000000000000000e+00 1.677053792078682624e+18 1.000000000000000000e+00 0.000000000000000000e+00 0.000000000000000000e+00 7.273999999999999355e-01 2.637999999999999790e-01 8.800000000000000530e-03 4.344891816021465729e+02
2.430000000000000000e+02 4.655021361146358316e+01 2.181903431553680548e+03 9.189999999999999281e-01 1.889281407096686793e+00 0.000000000000000000e+00 3.319625672301929065e-01 0.000000000000000000e+00 1.831484972792438784e+18 1.000000000000000000e+00 0.000000000000000000e+00 0.000000000000000000e+00 7.273999999999999355e-01 2.637999999999999790e-01 8.800000000000000530e-03 4.635685761177438735e+02
2.450000000000000000e+02 6.671229508757510018e+01 1.744659662044207153e+03 9.189999999999999281e-01 1.814070030971807856e+00 0.000000000000000000e+00 4.513823699073887113e-02 0.000000000000000000e+00 1.485537729596016384e+18 1.000000000000000000e+00 0.000000000000000000e+00 0.000000000000000000e+00 7.273999999999999355e-01 2.637999999999999790e-01 8.800000000000000530e-03 3.876271110924162713e+02
2.460000000000000000e+02 5.511125047033107194e+01 2.145492240778621181e+03 9.189999999999999281e-01 1.724949904152723423e+00 0.000000000000000000e+00 1.127061911866919508e-01 0.000000000000000000e+00 1.840733292391996160e+18 1.000000000000000000e+00 0.000000000000000000e+00 0.000000000000000000e+00 7.273999999999999355e-01 2.637999999999999790e-01 8.800000000000000530e-03 4.573694232574104603e+02
2.470000000000000000e+02 7.037604583786782086e+01 2.135663943001410189e+03 9.189999999999999281e-01 1.646996340942199266e+00 0.000000000000000000e+00 5.187876225833579907e-02 1.570796326794896558e+00 1.844795515796636928e+18 1.000000000000000000e+00 0.000000000000000000e+00 0.000000000000000000e+00 7.273999999999999355e-01 2.637999999999999790e-01 8.800000000000000530e-03 4.556925210435626354e+02
2.480000000000000000e+02 4.484173085998934027e+01 2.264662352362895490e+03 9.189999999999999281e-01 9.780355153133579726e-01 0.000000000000000000e+00 4.210919283209285657e-01 1.570796326794896558e+00 1.970461365266965248e+18 1.000000000000000000e+00 0.000000000000000000e+00 0.000000000000000000e+00 7.273999999999999355e-01 2.637999999999999790e-01 8.800000000000000530e-03 4.775824255612575939e+02
2.500000000000000000e+02 4.692014930320755894e+01 2.357554740850197959e+03 9.189999999999999281e-01 1.626454840911167210e+00 0.000000000000000000e+00 3.314723560781681067e-01 0.000000000000000000e+00 2.082086897751931136e+18 1.000000000000000000e+00 0.000000000000000000e+00 0.000000000000000000e+00 7.273999999999999355e-01 2.637999999999999790e-01 8.800000000000000530e-03 4.931908344556311476e+02
2.510000000000000000e+02 4.207996435750020225e+01 2.262335859364477528e+03 9.189999999999999281e-01 1.961526031197689202e+00 0.000000000000000000e+00 5.659425110492353195e-01 1.570796326794896558e+00 2.012820412212826368e+18 1.000000000000000000e+00 0.000000000000000000e+00 0.000000000000000000e+00 7.273999999999999355e-01 2.637999999999999790e-01 8.800000000000000530e-03 4.771898879778006517e+02
2.540000000000000000e+02 5.171688279337028860e+01 3.075499664278431283e+03 9.189999999999999281e-01 1.718333872202386425e+00 0.000000000000000000e+00 1.170182036711185786e-01 0.000000000000000000e+00 2.798452718337688576e+18 1.000000000000000000e+00 0.000000000000000000e+00 0.000000000000000000e+00 7.273999999999999355e-01 2.637999999999999790e-01 8.800000000000000530e-03 6.100678177278576868e+02
2.550000000000000000e+02 6.992254812719073698e+01 3.040151019092084425e+03 9.189999999999999281e-01 6.110253173401706261e-01 0.000000000000000000e+00 1.841998066557000435e-02 1.570796326794896558e+00 2.787262683639701504e+18 1.000000000000000000e+00 0.000000000000000000e+00 0.000000000000000000e+00 7.273999999999999355e-01 2.637999999999999790e-01 8.800000000000000530e-03 6.044518271048776796e+02
2.580000000000000000e+02 7.517374602805925576e+01 3.114875030288893868e+03 9.189999999999999281e-01 1.587512260895788341e+00 0.000000000000000000e+00 5.469527338703883412e-02 1.570796326794896558e+00 2.922452600752118272e+18 1.000000000000000000e+00 0.000000000000000000e+00 0.000000000000000000e+00 7.273999999999999355e-01 2.637999999999999790e-01 8.800000000000000530e-03 6.163083764462022600e+02
2.600000000000000000e+02 8.262284831142171981e+01 3.549648150751286721e+03 9.189999999999999281e-01 1.888763623738243247e+00 0.000000000000000000e+00 4.073677506948440719e-02 0.000000000000000000e+00 3.382313053559651328e+18 1.000000000000000000e+00 0.000000000000000000e+00 0.000000000000000000e+00 7.273999999999999355e-01 2.637999999999999790e-01 8.800000000000000530e-03 6.842169269964628029e+02
2.620000000000000000e+02 5.405651756100273531e+01 3.343055887985428853e+03 9.189999999999999281e-01 8.049174782115022797e-01 0.000000000000000000e+00 1.985972461734344663e-01 1.570796326794896558e+00 3.236514541402820096e+18 1.000000000000000000e+00 0.000000000000000000e+00 0.000000000000000000e+00 7.273999999999999355e-01 2.637999999999999790e-01 8.800000000000000530e-03 6.521694907976250306e+02
2.630000000000000000e+02 9.174142114557980676e+01 3.931325759408496197e+03 9.189999999999999281e-01 1.763800028277932697e+00 0.000000000000000000e+00 4.138795879623349133e-02 1.570796326794896558e+00 3.834764394926601728e+18 1.000000000000000000e+00 0.000000000000000000e+00 0.000000000000000000e+00 7.273999999999999355e-01 2.637999999999999790e-01 8.800000000000000530e-03 7.424663821375544330e+02
2.640000000000000000e+02 8.440207054769462047e+01 3.975685236226603138e+03 9.189999999999999281e-01 7.496036108626554784e-01 0.000000000000000000e+00 2.203214988771189098e-02 0.000000000000000000e+00 3.909669750291470848e+18 1.000000000000000000e+00 0.000000000000000000e+00 0.000000000000000000e+00 7.273999999999999355e-01 2.637999999999999790e-01 8.800000000000000530e-03 7.491610039509678245e+02
2.660000000000000000e+02 1.129705487973856606e+02 4.166471717971463477e+03 9.189999999999999281e-01 9.051893293827750764e-01 0.000000000000000000e+00 1.000000000000000056e-01 1.570796326794896558e+00 4.163677988748355584e+18 1.000000000000000000e+00 0.000000000000000000e+00 0.000000000000000000e+00 7.273999999999999355e-01 2.637999999999999790e-01 8.800000000000000530e-03 7.777863535806355912e+02
2.670000000000000000e+02 9.560592302413100185e+01 4.335024364325614442e+03 9.189999999999999281e-01 1.794894002148749168e+00 0.000000000000000000e+00 9.000000000000001055e-02 1.570796326794896558e+00 4.366871172801760768e+18 1.000000000000000000e+00 0.000000000000000000e+00 0.000000000000000000e+00 7.273999999999999355e-01 2.637999999999999790e-01 8.800000000000000530e-03 8.028581173871368719e+02
2.700000000000000000e+02 1.180306738970006109e+02 4.911518088520307174e+03 9.189999999999999281e-01 6.153500089766016368e-01 0.000000000000000000e+00 4.824477953761747984e-02 0.000000000000000000e+00 5.069434653590260736e+18 1.000000000000000000e+00 0.000000000000000000e+00 0.000000000000000000e+00 7.273999999999999355e-01 2.637999999999999790e-01 8.800000000000000530e-03 8.871931231294968256e+02
2.710000000000000000e+02 1.150453101261593503e+02 4.667563696712898491e+03 9.189999999999999281e-01 5.432360743239899037e-01 0.000000000000000000e+00 4.316996244128859517e-02 1.570796326794896558e+00 4.859210046919816192e+18 1.000000000000000000e+00 0.000000000000000000e+00 0.000000000000000000e+00 7.273999999999999355e-01 2.637999999999999790e-01 8.800000000000000530e-03 8.517610397771221642e+02
2.730000000000000000e+02 1.277188380361676536e+02 5.276980590679749184e+03 9.189999999999999281e-01 1.061219316716129679e+00 0.000000000000000000e+00 9.000000000000001055e-02 0.000000000000000000e+00 5.585521708870081536e+18 1.000000000000000000e+00 0.000000000000000000e+00 0.000000000000000000e+00 7.273999999999999355e-01 2.637999999999999790e-01 8.800000000000000530e-03 9.396237077755315568e+02
2.750000000000000000e+02 1.333193043384879388e+02 6.126927143957115732e+03 9.189999999999999281e-01 9.309455835747455499e-01 0.000000000000000000e+00 2.884768210234334163e-02 0.000000000000000000e+00 6.593538676030367744e+18 1.000000000000000000e+00 0.000000000000000000e+00 0.000000000000000000e+00 7.273999999999999355e-01 2.637999999999999790e-01 8.800000000000000530e-03 1.058862923162344714e+03
2.760000000000000000e+02 1.360966296175119226e+02 5.987408038589418538e+03 9.189999999999999281e-01 1.648996939970894804e+00 0.000000000000000000e+00 1.968726936980673067e-02 1.570796326794896558e+00 6.497955440149590016e+18 1.000000000000000000e+00 0.000000000000000000e+00 0.000000000000000000e+00 7.273999999999999355e-01 2.637999999999999790e-01 8.800000000000000530e-03 1.039529105225894227e+03
2.770000000000000000e+02 1.223825233845405336e+02 6.100043202027630286e+03 9.189999999999999281e-01 1.119837502141225904e+00 0.000000000000000000e+00 1.729197531627789386e-02 1.570796326794896558e+00 6.676657271350496256e+18 1.000000000000000000e+00 0.000000000000000000e+00 0.000000000000000000e+00 7.273999999999999355e-01 2.637999999999999790e-01 8.800000000000000530e-03 1.055144397221587951e+03
2.780000000000000000e+02 1.311413410605659067e+02 6.895383858469412189e+03 9.189999999999999281e-01 1.934869147813605084e+00 0.000000000000000000e+00 2.466991313519911744e-02 1.570796326794896558e+00 7.612486382569990144e+18 1.000000000000000000e+00 0.000000000000000000e+00 0.000000000000000000e+00 7.273999999999999355e-01 2.637999999999999790e-01 8.800000000000000530e-03 1.163837447407242507e+03
2.800000000000000000e+02 1.299009585358256231e+02 7.392496146813346968e+03 9.189999999999999281e-01 6.684768545848250865e-01 0.000000000000000000e+00 1.119938753412774018e-02 1.570796326794896558e+00 8.303827764786809856e+18 1.000000000000000000e+00 0.000000000000000000e+00 0.000000000000000000e+00 7.273999999999999355e-01 2.637999999999999790e-01 8.800000000000000530e-03 1.230491035307047241e+03
2.810000000000000000e+02 1.281100762644712461e+02 7.766520798435816687e+03 9.189999999999999281e-01 5.700456882249577140e-01 0.000000000000000000e+00 6.000650083962560943e-02 0.000000000000000000e+00 8.801023502931409920e+18 1.000000000000000000e+00 0.000000000000000000e+00 0.000000000000000000e+00 7.273999999999999355e-01 2.637999999999999790e-01 8.800000000000000530e-03 1.280049535166425812e+03
2.840000000000000000e+02 1.423610450751966994e+02 8.021402472168055283e+03 9.189999999999999281e-01 1.332764437512333311e+00 0.000000000000000000e+00 1.696081212600883056e-02 0.000000000000000000e+00 9.332640482407000064e+18 1.000000000000000000e+00 0.000000000000000000e+00 0.000000000000000000e+00 7.273999999999999355e-01 2.637999999999999790e-01 8.800000000000000530e-03 1.313547597906210740e+03
2.850000000000000000e+02 1.499416874723941362e+02 9.237633169962045940e+03 9.189999999999999281e-01 1.121194264433337917e+00 0.000000000000000000e+00 4.215593418005730147e-02 1.570796326794896558e+00 1.084252364085319680e+19 1.000000000000000000e+00 0.000000000000000000e+00 0.000000000000000000e+00 7.273999999999999355e-01 2.637999999999999790e-01 8.800000000000000530e-03 1.470598566676232167e+03
2.910000000000000000e+02 1.748897250582103311e+02 1.154609074364459229e+04 9.189999999999999281e-01 1.413543414542803633e+00 0.000000000000000000e+00 1.000000000000000056e-01 0.000000000000000000e+00 1.430856765684147814e+19 1.000000000000000000e+00 0.000000000000000000e+00 0.000000000000000000e+00 7.273999999999999355e-01 2.637999999999999790e-01 8.800000000000000530e-03 1.757897472348543033e+03
2.930000000000000000e+02 1.522767992833419441e+02 1.320196460836764527e+04 9.189999999999999281e-01 5.775489747873376878e-01 0.000000000000000000e+00 5.035686635848502651e-02 1.570796326794896558e+00 1.666811515946675200e+19 1.000000000000000000e+00 0.000000000000000000e+00 0.000000000000000000e+00 7.273999999999999355e-01 2.637999999999999790e-01 8.800000000000000530e-03 1.956844968251735054e+03
2.990000000000000000e+02 1.673034788500699221e+02 1.658955825743305832e+04 9.189999999999999281e-01 6.069368301015686251e-01 0.000000000000000000e+00 1.306190909090102631e-02 0.000000000000000000e+00 2.217968456387918234e+19 1.000000000000000000e+00 0.000000000000000000e+00 0.000000000000000000e+00 7.273999999999999355e-01 2.637999999999999790e-01 8.800000000000000530e-03 2.349164482678253989e+03
3.000000000000000000e+02 1.773397546800918576e+02 1.743046174164163676e+04 9.189999999999999281e-01 4.931533232924552035e-01 0.000000000000000000e+00 9.000000000000001055e-02 1.570796326794896558e+00 2.353211114736107520e+19 1.000000000000000000e+00 0.000000000000000000e+00 0.000000000000000000e+00 7.273999999999999355e-01 2.637999999999999790e-01 8.800000000000000530e-03 2.443952057011634679e+03
3.030000000000000000e+02 1.929033777409274819e+02 2.028542097850042046e+04 9.189999999999999281e-01 1.945003928259756432e+00 0.000000000000000000e+00 8.100000000000001643e-02 1.570796326794896558e+00 2.820788735228384870e+19 1.000000000000000000e+00 0.000000000000000000e+00 0.000000000000000000e+00 7.273999999999999355e-01 2.637999999999999790e-01 8.800000000000000530e-03 2.759261037686509553e+03
3.040000000000000000e+02 1.866239600886922574e+02 2.236397168498870451e+04 9.189999999999999281e-01 1.323667381890251571e+00 0.000000000000000000e+00 3.382341937280741728e-02 1.570796326794896558e+00 3.140857624675986227e+19 1.000000000000000000e+00 0.000000000000000000e+00 0.000000000000000000e+00 7.273999999999999355e-01 2.637999999999999790e-01 8.800000000000000530e-03 2.983216109245151074e+03
3.060000000000000000e+02 2.403346861272125352e+02 2.301298503251478178e+04 9.189999999999999281e-01 5.124932712635377197e-01 0.000000000000000000e+00 1.000000000000000056e-01 1.570796326794896558e+00 3.298247545648612147e+19 1.000000000000000000e+00 0.000000000000000000e+00 0.000000000000000000e+00 7.273999999999999355e-01 2.637999999999999790e-01 8.800000000000000530e-03 3.052276918640037820e+03
3.070000000000000000e+02 1.863507548127767848e+02 2.374119832736551325e+04 9.189999999999999281e-01 1.167742929671118812e+00 0.000000000000000000e+00 8.100000000000001643e-02 1.570796326794896558e+00 3.437369546104003789e+19 1.000000000000000000e+00 0.000000000000000000e+00 0.000000000000000000e+00 7.273999999999999355e-01 2.637999999999999790e-01 8.800000000000000530e-03 3.129303438714059666e+03
3.090000000000000000e+02 2.350044229963171745e+02 2.559720636354703674e+04 9.209999999999999298e-01 8.061695616792330377e-01 0.000000000000000000e+00 9.000000000000001055e-02 0.000000000000000000e+00 3.783078125673938944e+19 1.000000000000000000e+00 0.000000000000000000e+00 0.000000000000000000e+00 7.273999999999999355e-01 2.637999999999999790e-01 8.800000000000000530e-03 3.323530160864655500e+03
3.100000000000000000e+02 1.500223500846952334e+02 2.792673738530215269e+04 9.189999999999999281e-01 5.613333440815361230e-01 0.000000000000000000e+00 2.440678652678184013e-02 0.000000000000000000e+00 4.170731057360288973e+19 1.000000000000000000e+00 0.000000000000000000e+00 0.000000000000000000e+00 7.273999999999999355e-01 2.637999999999999790e-01 8.800000000000000530e-03 3.563376646451305078e+03
3.110000000000000000e+02 1.909258308590493129e+02 2.912120033126884664e+04 9.189999999999999281e-01 1.029084890871715841e+00 0.000000000000000000e+00 2.240545700276378241e-02 1.570796326794896558e+00 4.394194495935524864e+19 1.000000000000000000e+00 0.000000000000000000e+00 0.000000000000000000e+00 7.273999999999999355e-01 2.637999999999999790e-01 8.800000000000000530e-03 3.684792071189352555e+03
3.140000000000000000e+02 1.628969183231327804e+02 3.334901585122287361e+04 9.189999999999999281e-01 1.240740893987274607e+00 0.000000000000000000e+00 1.000000000000000056e-01 1.570796326794896558e+00 5.194961550941288038e+19 1.000000000000000000e+00 0.000000000000000000e+00 0.000000000000000000e+00 7.273999999999999355e-01 2.637999999999999790e-01 8.800000000000000530e-03 4.106879744707395730e+03
3.170000000000000000e+02 1.426825545415918555e+02 3.863132275133895746e+04 9.209999999999999298e-01 1.843248335063333743e+00 0.000000000000000000e+00 1.853020188851842165e-02 1.570796326794896558e+00 6.217135761217042022e+19 1.000000000000000000e+00 0.000000000000000000e+00 0.000000000000000000e+00 7.273999999999999355e-01 2.637999999999999790e-01 8.800000000000000530e-03 4.619524040836367021e+03
3.190000000000000000e+02 3.326929661395291191e+02 4.454455372493620962e+04 9.189999999999999281e-01 1.059639789973948698e+00 0.000000000000000000e+00 9.000000000000001055e-02 0.000000000000000000e+00 7.327407519475933184e+19 1.000000000000000000e+00 0.000000000000000000e+00 0.000000000000000000e+00 7.273999999999999355e-01 2.637999999999999790e-01 8.800000000000000530e-03 5.177036874681210975e+03
3.200000000000000000e+02 3.556068179794353341e+02 4.560853439464564144e+04 9.189999999999999281e-01 1.440036643376270353e+00 0.000000000000000000e+00 9.000000000000001055e-02 0.000000000000000000e+00 7.587311524764978381e+19 1.000000000000000000e+00 0.000000000000000000e+00 0.000000000000000000e+00 7.273999999999999355e-01 2.637999999999999790e-01 8.800000000000000530e-03 5.275728793015136944e+03
3.270000000000000000e+02 7.700000000000001137e+02 6.656770537685818272e+04 9.189999999999999281e-01 1.883184580676462438e+00 0.000000000000000000e+00 1.000000000000000056e-01 0.000000000000000000e+00 1.199877295521934213e+20 1.000000000000000000e+00 0.000000000000000000e+00 0.000000000000000000e+00 7.273999999999999355e-01 2.637999999999999790e-01 8.800000000000000530e-03 7.139313253598954361e+03
3.290000000000000000e+02 2.297066600389651683e+02 7.346818707592607825e+04 9.189999999999999281e-01 1.089327291459175839e+00 0.000000000000000000e+00 1.000000000000000056e-01 0.000000000000000000e+00 1.355985118948629053e+20 1.000000000000000000e+00 0.000000000000000000e+00 0.000000000000000000e+00 7.273999999999999355e-01 2.637999999999999790e-01 8.800000000000000530e-03 7.725472076177643430e+03
3.350000000000000000e+02 7.700000000000001137e+02 1.034592673599333066e+05 9.189999999999999281e-01 1.769524507044158534e+00 0.000000000000000000e+00 1.000000000000000056e-01 1.570796326794896558e+00 2.054840798320664904e+20 1.000000000000000000e+00 0.000000000000000000e+00 0.000000000000000000e+00 7.273999999999999355e-01 2.637999999999999790e-01 8.800000000000000530e-03 1.015923689668970110e+04
3.360000000000000000e+02 7.700000000000001137e+02 1.089832792645581503e+05 9.189999999999999281e-01 9.358022693197621811e-01 0.000000000000000000e+00 1.000000000000000056e-01 1.570796326794896558e+00 2.192020602577081467e+20 1.000000000000000000e+00 0.000000000000000000e+00 0.000000000000000000e+00 7.273999999999999355e-01 2.637999999999999790e-01 8.800000000000000530e-03 1.059091459152898278e+04
3.400000000000000000e+02 7.700000000000001137e+02 1.390728701688425499e+05 9.189999999999999281e-01 1.378631152313811281e+00 0.000000000000000000e+00 1.000000000000000056e-01 1.570796326794896558e+00 2.944276639796276756e+20 1.000000000000000000e+00 0.000000000000000000e+00 0.000000000000000000e+00 7.273999999999999355e-01 2.637999999999999790e-01 8.800000000000000530e-03 1.287180650669521492e+04
3.440000000000000000e+02 7.700000000000001137e+02 1.785327912810130510e+05 9.189999999999999281e-01 8.965386236530803465e-01 0.000000000000000000e+00 1.000000000000000056e-01 1.570796326794896558e+00 3.985237057271360389e+20 1.000000000000000000e+00 0.000000000000000000e+00 0.000000000000000000e+00 7.273999999999999355e-01 2.637999999999999790e-01 8.800000000000000530e-03 1.571882086195784541e+04
3.460000000000000000e+02 7.700000000000001137e+02 2.035714201233894855e+05 9.189999999999999281e-01 1.674289760002793059e+00 0.000000000000000000e+00 1.000000000000000056e-01 1.570796326794896558e+00 4.669872641257793782e+20 1.000000000000000000e+00 0.000000000000000000e+00 0.000000000000000000e+00 7.273999999999999355e-01 2.637999999999999790e-01 8.800000000000000530e-03 1.745898587427063467e+04
3.490000000000000000e+02 7.700000000000001137e+02 2.485511930491268577e+05 9.189999999999999281e-01 1.736290378770363851e+00 0.000000000000000000e+00 1.000000000000000056e-01 1.570796326794896558e+00 5.943625123283210076e+20 1.000000000000000000e+00 0.000000000000000000e+00 0.000000000000000000e+00 7.273999999999999355e-01 2.637999999999999790e-01 8.800000000000000530e-03 2.048227770919008617e+04
3.500000000000000000e+02 7.700000000000001137e+02 2.642256627880746382e+05 9.189999999999999281e-01 5.338729075238567434e-01 0.000000000000000000e+00 1.000000000000000056e-01 1.570796326794896558e+00 6.408429966466006385e+20 1.000000000000000000e+00 0.000000000000000000e+00 0.000000000000000000e+00 7.273999999999999355e-01 2.637999999999999790e-01 8.800000000000000530e-03 2.150926475723360272e+04
3.510000000000000000e+02 7.700000000000001137e+02 2.815326071834621252e+05 9.189999999999999281e-01 1.839898958053791223e+00 0.000000000000000000e+00 1.000000000000000056e-01 1.570796326794896558e+00 6.926571309934381629e+20 1.000000000000000000e+00 0.000000000000000000e+00 0.000000000000000000e+00 7.273999999999999355e-01 2.637999999999999790e-01 8.800000000000000530e-03 2.262916506359802224e+04
3.520000000000000000e+02 7.700000000000001137e+02 3.006892994972486049e+05 9.189999999999999281e-01 6.490413172901635663e-01 0.000000000000000000e+00 1.000000000000000056e-01 1.570796326794896558e+00 7.504617016863779717e+20 1.000000000000000000e+00 0.000000000000000000e+00 0.000000000000000000e+00 7.273999999999999355e-01 2.637999999999999790e-01 8.800000000000000530e-03 2.385283188123936634e+04
3.550000000000000000e+02 7.700000000000001137e+02 3.663311118373296922e+05 9.189999999999999281e-01 1.870472014246979731e+00 0.000000000000000000e+00 1.000000000000000056e-01 0.000000000000000000e+00 9.553377881881564938e+20 1.000000000000000000e+00 0.000000000000000000e+00 0.000000000000000000e+00 7.273999999999999355e-01 2.637999999999999790e-01 8.800000000000000530e-03 2.793473860101123137e+04
3.570000000000000000e+02 7.700000000000001137e+02 4.277757875373677816e+05 9.189999999999999281e-01 8.746497414059438702e-01 0.000000000000000000e+00 1.000000000000000056e-01 0.000000000000000000e+00 1.149482707368130249e+21 1.000000000000000000e+00 0.000000000000000000e+00 0.000000000000000000e+00 7.273999999999999355e-01 2.637999999999999790e-01 8.800000000000000530e-03 3.162412574198545917e+04
3.580000000000000000e+02 7.700000000000001137e+02 4.558150947276564548e+05 9.189999999999999281e-01 1.567128218132147754e+00 0.000000000000000000e+00 1.000000000000000056e-01 0.000000000000000000e+00 1.243488225324746670e+21 1.000000000000000000e+00 0.000000000000000000e+00 0.000000000000000000e+00 7.273999999999999355e-01 2.637999999999999790e-01 8.800000000000000530e-03 3.327181794848771096e+04
3.620000000000000000e+02 7.700000000000001137e+02 6.097478426796520362e+05 9.189999999999999281e-01 6.449981923797248884e-01 0.000000000000000000e+00 1.000000000000000056e-01 1.570796326794896558e+00 1.770144669743955313e+21 1.000000000000000000e+00 0.000000000000000000e+00 0.000000000000000000e+00 7.273999999999999355e-01 2.637999999999999790e-01 8.800000000000000530e-03 4.199192523300802713e+04
3.640000000000000000e+02 7.700000000000001137e+02 3.069135368880690075e+05 9.189999999999999281e-01 4.602245697868403429e-01 0.000000000000000000e+00 1.000000000000000056e-01 1.570796326794896558e+00 9.174470314769254973e+20 1.000000000000000000e+00 0.000000000000000000e+00 0.000000000000000000e+00 7.273999999999999355e-01 2.637999999999999790e-01 8.800000000000000530e-03 2.424702184917411068e+04
