# id_num orb_a mass spin spin_angle orb_inc orb_ecc orb_arg_periapse orb_ang_mom gen galaxy time_passed gw_freq gw_strain
5.000000000000000000e+00 1.360925009305485037e+04 1.091166280791301268e+01 -8.042814503112705182e-02 2.705966204406823561e+00 3.164140671417382755e+00 9.000000000000001055e-02 1.570796326794896558e+00 1.000000000000000000e+00 1.000000000000000000e+00 0.000000000000000000e+00 0.000000000000000000e+00 -1.000000000000000000e+00 -1.000000000000000000e+00
7.000000000000000000e+00 1.868415901051365290e+04 1.925626263637647639e+01 8.382907390417218552e-02 1.102327645189841610e+00 3.115146384830139503e+00 5.330410387208116968e-02 1.570796326794896558e+00 1.000000000000000000e+00 1.000000000000000000e+00 0.000000000000000000e+00 0.000000000000000000e+00 -1.000000000000000000e+00 -1.000000000000000000e+00
9.000000000000000000e+00 4.157038098516113678e+04 1.154626811819889376e+01 -1.023724064271974710e-02 4.386789113125326156e-01 4.278902503521893330e-02 4.268443270067925205e-02 1.570796326794896558e+00 1.000000000000000000e+00 1.000000000000000000e+00 0.000000000000000000e+00 0.000000000000000000e+00 -1.000000000000000000e+00 -1.000000000000000000e+00
1.000000000000000000e+01 4.698081772687725675e+02 1.111111407781496929e+01 -5.109368081960840441e-02 3.100000000000000089e+00 3.131440741508181080e+00 4.941241574679021420e-02 0.000000000000000000e+00 1.000000000000000000e+00 1.000000000000000000e+00 0.000000000000000000e+00 0.000000000000000000e+00 -1.000000000000000000e+00 -1.000000000000000000e+00
1.100000000000000000e+01 2.744239660898979491e+04 1.965594524619094230e+01 -1.527146054173053324e-01 2.050583572766718543e+00 3.136041333536220499e+00 6.548272047133527063e-02 1.570796326794896558e+00 1.000000000000000000e+00 1.000000000000000000e+00 0.000000000000000000e+00 0.000000000000000000e+00 -1.000000000000000000e+00 -1.000000000000000000e+00
1.200000000000000000e+01 3.552905009670487925e+04 1.016551353613534658e+01 -1.233094487464765354e-01 2.467342673391326624e+00 2.493870282039693451e-02 3.578222710502570320e-02 1.570796326794896558e+00 1.000000000000000000e+00 1.000000000000000000e+00 0.000000000000000000e+00 0.000000000000000000e+00 -1.000000000000000000e+00 -1.000000000000000000e+00
1.300000000000000000e+01 5.165280748797586057e+02 1.052288898664906291e+01 -1.506210716013859086e-01 2.098857280856036400e+00 3.128763769560919616e+00 2.169168538129747151e-02 1.570796326794896558e+00 1.000000000000000000e+00 1.000000000000000000e+00 0.000000000000000000e+00 0.000000000000000000e+00 -1.000000000000000000e+00 -1.000000000000000000e+00
1.400000000000000000e+01 1.181812006824861965e+04 1.077797975074642522e+01 1.208818155440323228e-01 1.359670119764000873e+00 3.132086294987176167e+00 6.871353598141680119e-02 1.570796326794896558e+00 1.000000000000000000e+00 1.000000000000000000e+00 0.000000000000000000e+00 0.000000000000000000e+00 -1.000000000000000000e+00 -1.000000000000000000e+00
1.500000000000000000e+01 3.801246027530372521e+04 3.403992865987691374e+01 1.164399243549671392e-01 2.871845113500836599e-01 -3.725004127858139169e-02 1.643607143838912016e-02 1.570796326794896558e+00 1.000000000000000000e+00 1.000000000000000000e+00 0.000000000000000000e+00 0.000000000000000000e+00 -1.000000000000000000e+00 -1.000000000000000000e+00
1.600000000000000000e+01 4.181160898767510662e+04 1.167075748020405257e+01 8.775825272947708477e-02 1.424441167271083719e+00 3.104093153822104156e+00 1.603369516738039485e-02 1.570796326794896558e+00 1.000000000000000000e+00 1.000000000000000000e+00 0.000000000000000000e+00 0.000000000000000000e+00 -1.000000000000000000e+00 -1.000000000000000000e+00
1.700000000000000000e+01 2.569091816419308088e+04 1.359698263123567585e+01 -7.196441893798119493e-02 2.503389086356955229e+00 3.172138830193528491e+00 7.064980849573321287e-02 0.000000000000000000e+00 1.000000000000000000e+00 1.000000000000000000e+00 0.000000000000000000e+00 0.000000000000000000e+00 -1.000000000000000000e+00 -1.000000000000000000e+00
1.800000000000000000e+01 1.399519576989532834e+04 1.042627454590661173e+01 1.042297526401523428e-02 1.485311651955957934e+00 3.132027479596142694e+00 9.000000000000001055e-02 1.570796326794896558e+00 1.000000000000000000e+00 1.000000000000000000e+00 0.000000000000000000e+00 0.000000000000000000e+00 -1.000000000000000000e+00 -1.000000000000000000e+00
1.900000000000000000e+01 5.474680215285509348e+02 1.201278105435459587e+01 5.856940254488253450e-02 9.769849161719915687e-01 3.127373292287495499e+00 1.364811695555289382e-02 1.570796326794896558e+00 1.000000000000000000e+00 1.000000000000000000e+00 0.000000000000000000e+00 0.000000000000000000e+00 -1.000000000000000000e+00 -1.000000000000000000e+00
2.000000000000000000e+01 5.000000000000000000e+04 1.594288676348208611e+01 -6.244701676848453398e-02 2.555218467577050845e+00 3.133750481277522759e+00 3.243206163955405369e-02 0.000000000000000000e+00 1.000000000000000000e+00 1.000000000000000000e+00 0.000000000000000000e+00 0.000000000000000000e+00 -1.000000000000000000e+00 -1.000000000000000000e+00
2.100000000000000000e+01 4.136118946063672047e+04 3.068677950927535392e+01 1.198018880574423517e-01 9.879846119068539378e-01 3.131995547155083770e+00 2.888607830987905897e-02 0.000000000000000000e+00 1.000000000000000000e+00 1.000000000000000000e+00 0.000000000000000000e+00 0.000000000000000000e+00 -1.000000000000000000e+00 -1.000000000000000000e+00
2.300000000000000000e+01 1.648224441922825281e+04 1.463781011220399897e+01 -1.134405220975890360e-01 1.943047274573913352e+00 3.156592672749106043e+00 1.000000000000000021e-02 1.570796326794896558e+00 1.000000000000000000e+00 1.000000000000000000e+00 0.000000000000000000e+00 0.000000000000000000e+00 -1.000000000000000000e+00 -1.000000000000000000e+00
2.400000000000000000e+01 2.151712471291542533e+04 2.079100196823707947e+01 5.235847446650003512e-02 9.251554256865892611e-01 3.148238184989259558e+00 6.086150673727898364e-02 0.000000000000000000e+00 1.000000000000000000e+00 1.000000000000000000e+00 0.000000000000000000e+00 0.000000000000000000e+00 -1.000000000000000000e+00 -1.000000000000000000e+00
2.600000000000000000e+01 5.564742322791067863e+02 1.318000451049150179e+01 -1.560929488521896058e-01 3.078986026335546189e+00 -9.737360762564133826e-03 9.000000000000001055e-02 1.570796326794896558e+00 1.000000000000000000e+00 1.000000000000000000e+00 0.000000000000000000e+00 0.000000000000000000e+00 -1.000000000000000000e+00 -1.000000000000000000e+00
2.700000000000000000e+01 3.180929905184296877e+04 1.661739302805688467e+01 -7.479156725121072213e-02 3.009324394700125360e+00 3.157298534564875414e+00 3.139730068484740400e-02 1.570796326794896558e+00 1.000000000000000000e+00 1.000000000000000000e+00 0.000000000000000000e+00 0.000000000000000000e+00 -1.000000000000000000e+00 -1.000000000000000000e+00
2.900000000000000000e+01 1.714112014578983508e+04 3.598117416518817180e+01 -7.376588669344237570e-02 3.054663408867474228e+00 -1.848866882294118719e-02 1.000000000000000021e-02 0.000000000000000000e+00 1.000000000000000000e+00 1.000000000000000000e+00 0.000000000000000000e+00 0.000000000000000000e+00 -1.000000000000000000e+00 -1.000000000000000000e+00
3.100000000000000000e+01 3.756692873211886763e+04 3.489496814405136149e+01 3.969293788044110649e-02 1.621581471790405793e+00 3.183540996187683714e+00 4.447048124970597732e-02 1.570796326794896558e+00 1.000000000000000000e+00 1.000000000000000000e+00 0.000000000000000000e+00 0.000000000000000000e+00 -1.000000000000000000e+00 -1.000000000000000000e+00
3.500000000000000000e+01 4.687500366582935385e+04 1.890189417370767799e+01 -6.059856236239651028e-02 3.100000000000000089e+00 3.124057431913325633e+00 2.259936186992593798e-01 0.000000000000000000e+00 1.000000000000000000e+00 1.000000000000000000e+00 0.000000000000000000e+00 0.000000000000000000e+00 -1.000000000000000000e+00 -1.000000000000000000e+00
3.700000000000000000e+01 4.240459721875426476e+04 2.758666829367876261e+01 -7.556910231091198277e-03 1.149556267146735200e+00 3.160021366496436723e+00 2.053729145968376246e-01 0.000000000000000000e+00 1.000000000000000000e+00 1.000000000000000000e+00 0.000000000000000000e+00 0.000000000000000000e+00 -1.000000000000000000e+00 -1.000000000000000000e+00
3.800000000000000000e+01 1.924902294542763775e+04 1.191648150499947612e+01 4.723076878541756368e-03 1.147811394577718636e+00 2.861067612634571669e-02 6.871281799262531076e-02 1.570796326794896558e+00 1.000000000000000000e+00 1.000000000000000000e+00 0.000000000000000000e+00 0.000000000000000000e+00 -1.000000000000000000e+00 -1.000000000000000000e+00
4.100000000000000000e+01 2.183203717054787194e+04 1.524269611100021216e+01 8.163350118472378902e-02 1.506805105909461817e+00 3.160218231782298659e+00 5.624336117357853215e-02 1.570796326794896558e+00 1.000000000000000000e+00 1.000000000000000000e+00 0.000000000000000000e+00 0.000000000000000000e+00 -1.000000000000000000e+00 -1.000000000000000000e+00
4.300000000000000000e+01 5.877318635880370721e+02 2.451124102303746710e+01 -1.320017959991619527e-01 2.194305713422656012e+00 5.700461768091824935e-03 9.000000000000001055e-02 0.000000000000000000e+00 1.000000000000000000e+00 1.000000000000000000e+00 0.000000000000000000e+00 0.000000000000000000e+00 -1.000000000000000000e+00 -1.000000000000000000e+00
4.400000000000000000e+01 6.485020247315799224e+02 1.302501690375923893e+01 -9.038802180253013852e-02 2.682703917731838139e+00 1.455167638717633303e-03 5.512811559464077249e-02 0.000000000000000000e+00 1.000000000000000000e+00 1.000000000000000000e+00 0.000000000000000000e+00 0.000000000000000000e+00 -1.000000000000000000e+00 -1.000000000000000000e+00
4.600000000000000000e+01 4.338163356289611693e+04 1.189661853045181772e+01 -3.998664965696464152e-02 3.100000000000000089e+00 3.151566607458048175e+00 1.655678365563000715e-02 1.570796326794896558e+00 1.000000000000000000e+00 1.000000000000000000e+00 0.000000000000000000e+00 0.000000000000000000e+00 -1.000000000000000000e+00 -1.000000000000000000e+00
4.700000000000000000e+01 8.646024922233811594e+03 3.739998852681596730e+01 -5.495832131809583881e-02 3.093020000000000103e+00 8.870467478542280390e-03 1.000000000000000056e-01 1.570796326794896558e+00 1.000000000000000000e+00 1.000000000000000000e+00 0.000000000000000000e+00 0.000000000000000000e+00 -1.000000000000000000e+00 -1.000000000000000000e+00
4.900000000000000000e+01 1.349495644550061843e+04 2.069149249536492974e+01 -5.151624051823656264e-02 2.664163281935934435e+00 3.165716783446594018e+00 1.556565921487845262e-02 1.570796326794896558e+00 1.000000000000000000e+00 1.000000000000000000e+00 0.000000000000000000e+00 0.000000000000000000e+00 -1.000000000000000000e+00 -1.000000000000000000e+00
5.300000000000000000e+01 4.503269101151353243e+04 3.507171538916816189e+01 -4.238669029829671836e-02 3.100000000000000089e+00 -3.178610012463362750e-02 6.679408064734738970e-02 0.000000000000000000e+00 1.000000000000000000e+00 1.000000000000000000e+00 0.000000000000000000e+00 0.000000000000000000e+00 -1.000000000000000000e+00 -1.000000000000000000e+00
5.400000000000000000e+01 2.305781172698109367e+04 2.905572603661854103e+01 -4.911679741399999771e-02 2.483319755654048056e+00 2.378517634625246582e-02 1.000000000000000021e-02 0.000000000000000000e+00 1.000000000000000000e+00 1.000000000000000000e+00 0.000000000000000000e+00 0.000000000000000000e+00 -1.000000000000000000e+00 -1.000000000000000000e+00
5.500000000000000000e+01 2.269229562938617892e+04 3.514725296279464573e+01 -6.201306697336264606e-02 2.135039061207093081e+00 1.816891413270286040e-02 6.113249764150842369e-02 0.000000000000000000e+00 1.000000000000000000e+00 1.000000000000000000e+00 0.000000000000000000e+00 0.000000000000000000e+00 -1.000000000000000000e+00 -1.000000000000000000e+00
5.800000000000000000e+01 5.000000000000000000e+04 3.915788872842198742e+01 6.580981745267566740e-02 3.873901289857084040e-01 1.188810477494808837e-02 1.208763792085970623e-01 0.000000000000000000e+00 1.000000000000000000e+00 1.000000000000000000e+00 0.000000000000000000e+00 0.000000000000000000e+00 -1.000000000000000000e+00 -1.000000000000000000e+00
5.900000000000000000e+01 2.179416567901171584e+04 2.254249361512031413e+01 -3.412342382489231274e-01 1.991997943361316192e+00 1.971935919783117039e-02 1.000000000000000056e-01 0.000000000000000000e+00 1.000000000000000000e+00 1.000000000000000000e+00 0.000000000000000000e+00 0.000000000000000000e+00 -1.000000000000000000e+00 -1.000000000000000000e+00
6.400000000000000000e+01 2.562871848161820162e+04 1.195510995594822745e+01 -9.102561171822029507e-02 3.100000000000000089e+00 3.145317196619086708e+00 1.000000000000000021e-02 1.570796326794896558e+00 1.000000000000000000e+00 1.000000000000000000e+00 0.000000000000000000e+00 0.000000000000000000e+00 -1.000000000000000000e+00 -1.000000000000000000e+00
6.600000000000000000e+01 2.642168716185417725e+04 2.299429886794007416e+01 4.556139492988195427e-02 4.936744564082798936e-01 2.591751596955935849e-02 6.082642260490815633e-02 1.570796326794896558e+00 1.000000000000000000e+00 1.000000000000000000e+00 0.000000000000000000e+00 0.000000000000000000e+00 -1.000000000000000000e+00 -1.000000000000000000e+00
6.700000000000000000e+01 3.603201881571543481e+02 1.386537949071371756e+01 -9.370919388739816502e-02 3.031684782368239350e+00 2.893047770488646128e-02 1.267410548434627811e-02 1.570796326794896558e+00 1.000000000000000000e+00 1.000000000000000000e+00 0.000000000000000000e+00 0.000000000000000000e+00 -1.000000000000000000e+00 -1.000000000000000000e+00
6.900000000000000000e+01 7.011595152829146400e+02 2.787145104673174956e+01 2.339829287933153923e-02 0.000000000000000000e+00 2.137352244478897545e-02 9.000000000000001055e-02 0.000000000000000000e+00 1.000000000000000000e+00 1.000000000000000000e+00 0.000000000000000000e+00 0.000000000000000000e+00 -1.000000000000000000e+00 -1.000000000000000000e+00
7.000000000000000000e+01 2.033296643676940585e+04 2.541411807294718628e+01 -1.357182366286047159e-02 1.460913243025611541e+00 3.152622612304655902e+00 2.143542862243127262e-02 1.570796326794896558e+00 1.000000000000000000e+00 1.000000000000000000e+00 0.000000000000000000e+00 0.000000000000000000e+00 -1.000000000000000000e+00 -1.000000000000000000e+00
7.300000000000000000e+01 3.154113977344610976e+04 1.062889202730438498e+01 8.254196922040298035e-02 9.992394384270297802e-01 3.760236345999964230e-02 1.285420559241106341e-02 0.000000000000000000e+00 1.000000000000000000e+00 1.000000000000000000e+00 0.000000000000000000e+00 0.000000000000000000e+00 -1.000000000000000000e+00 -1.000000000000000000e+00
7.900000000000000000e+01 1.163253686151712827e+04 1.765003611628233315e+01 -5.779373752461183789e-02 1.894926529704453966e+00 -1.086560643630697480e-02 1.000000000000000021e-02 0.000000000000000000e+00 1.000000000000000000e+00 1.000000000000000000e+00 0.000000000000000000e+00 0.000000000000000000e+00 -1.000000000000000000e+00 -1.000000000000000000e+00
8.200000000000000000e+01 1.636872384576976583e+04 1.204915727797616398e+01 -1.409187757916495129e-02 4.588879704848173868e-01 3.158404782086373874e+00 1.000000000000000056e-01 1.570796326794896558e+00 1.000000000000000000e+00 1.000000000000000000e+00 0.000000000000000000e+00 0.000000000000000000e+00 -1.000000000000000000e+00 -1.000000000000000000e+00
8.400000000000000000e+01 2.741724117381520045e+04 1.122194972396645340e+01 -9.558986095855565024e-02 2.315578915389628900e+00 -3.614305035408842126e-02 1.609553212003911882e-01 1.570796326794896558e+00 1.000000000000000000e+00 1.000000000000000000e+00 0.000000000000000000e+00 0.000000000000000000e+00 -1.000000000000000000e+00 -1.000000000000000000e+00
8.500000000000000000e+01 1.110338782851945143e+04 1.082067258259508868e+01 1.021070160205699295e-01 1.261271389349091221e+00 3.137651552463114779e+00 1.000000000000000056e-01 0.000000000000000000e+00 1.000000000000000000e+00 1.000000000000000000e+00 0.000000000000000000e+00 0.000000000000000000e+00 -1.000000000000000000e+00 -1.000000000000000000e+00
8.700000000000000000e+01 5.000000000000000000e+04 2.243951113990397062e+01 -1.558585850099158121e-01 2.430452846394401067e+00 2.891416960328198685e-02 2.094414273899831147e-01 1.570796326794896558e+00 1.000000000000000000e+00 1.000000000000000000e+00 0.000000000000000000e+00 0.000000000000000000e+00 -1.000000000000000000e+00 -1.000000000000000000e+00
8.900000000000000000e+01 1.707782963836934141e+04 1.189848870730110875e+01 8.849253401161293053e-03 9.561709749778011247e-01 3.145357929769211136e+00 3.627424713402799261e-02 0.000000000000000000e+00 1.000000000000000000e+00 1.000000000000000000e+00 0.000000000000000000e+00 0.000000000000000000e+00 -1.000000000000000000e+00 -1.000000000000000000e+00
9.200000000000000000e+01 3.188753479715678259e+04 1.183669602581408320e+01 -8.590065380467062917e-02 1.947109595844899843e+00 3.127212343107373282e+00 1.551419776322364719e-01 0.000000000000000000e+00 1.000000000000000000e+00 1.000000000000000000e+00 0.000000000000000000e+00 0.000000000000000000e+00 -1.000000000000000000e+00 -1.000000000000000000e+00
9.400000000000000000e+01 6.160540701282006921e+02 1.034580564861013841e+01 2.307678213969843739e-02 9.428465968951256215e-01 3.150547025235855170e+00 1.653242236449246547e-02 1.570796326794896558e+00 1.000000000000000000e+00 1.000000000000000000e+00 0.000000000000000000e+00 0.000000000000000000e+00 -1.000000000000000000e+00 -1.000000000000000000e+00
9.900000000000000000e+01 9.839748916268250468e+03 1.986031234886161201e+01 1.241625503326912738e-01 1.106192937259112830e+00 -1.323522741000650142e-02 9.000000000000001055e-02 0.000000000000000000e+00 1.000000000000000000e+00 1.000000000000000000e+00 0.000000000000000000e+00 0.000000000000000000e+00 -1.000000000000000000e+00 -1.000000000000000000e+00
1.010000000000000000e+02 1.975277423737118443e+04 1.141560706250935553e+01 1.515937462012643677e-01 1.705103769294691984e+00 3.136033998005302692e+00 5.036256313400180873e-02 1.570796326794896558e+00 1.000000000000000000e+00 1.000000000000000000e+00 0.000000000000000000e+00 0.000000000000000000e+00 -1.000000000000000000e+00 -1.000000000000000000e+00
1.020000000000000000e+02 3.923781446434752525e+03 1.204467051845668024e+01 1.645638857851000614e-01 1.168052838985526920e+00 -1.545590171687043213e-02 9.000000000000001055e-02 0.000000000000000000e+00 1.000000000000000000e+00 1.000000000000000000e+00 0.000000000000000000e+00 0.000000000000000000e+00 -1.000000000000000000e+00 -1.000000000000000000e+00
1.030000000000000000e+02 2.318082032650348265e+04 2.602184416215219187e+01 -5.851975916478324366e-03 1.023130435965007967e+00 2.856444194630631053e-02 1.505405898217232648e-02 1.570796326794896558e+00 1.000000000000000000e+00 1.000000000000000000e+00 0.000000000000000000e+00 0.000000000000000000e+00 -1.000000000000000000e+00 -1.000000000000000000e+00
1.050000000000000000e+02 3.973890765004488640e+04 1.143253483389795377e+01 -7.701778980925255702e-02 3.100000000000000089e+00 -1.006876575042985316e-03 2.358757174497436160e-02 0.000000000000000000e+00 1.000000000000000000e+00 1.000000000000000000e+00 0.000000000000000000e+00 0.000000000000000000e+00 -1.000000000000000000e+00 -1.000000000000000000e+00
1.090000000000000000e+02 1.747045147260102021e+04 1.539201552097428483e+01 -5.120985634674834336e-02 1.949649992028825940e+00 3.154954079947890566e+00 1.000000000000000056e-01 0.000000000000000000e+00 1.000000000000000000e+00 1.000000000000000000e+00 0.000000000000000000e+00 0.000000000000000000e+00 -1.000000000000000000e+00 -1.000000000000000000e+00
1.100000000000000000e+02 4.560196215767435206e+04 2.053944837806827195e+01 -8.191372440927535692e-02 3.053064941985864422e+00 -3.734229009249386694e-02 2.246662162638835003e-02 1.570796326794896558e+00 1.000000000000000000e+00 1.000000000000000000e+00 0.000000000000000000e+00 0.000000000000000000e+00 -1.000000000000000000e+00 -1.000000000000000000e+00
1.110000000000000000e+02 5.000000000000000000e+04 1.925442189595052866e+01 -3.445293211322907057e-02 2.415378205490287034e+00 -1.316622699441514534e-02 2.759450232423248800e-02 0.000000000000000000e+00 1.000000000000000000e+00 1.000000000000000000e+00 0.000000000000000000e+00 0.000000000000000000e+00 -1.000000000000000000e+00 -1.000000000000000000e+00
1.120000000000000000e+02 3.622864121580876963e+04 1.099617324473376989e+01 -1.056484181620342411e-01 3.100000000000000089e+00 3.136446546386823631e+00 2.519703775209795535e-02 0.000000000000000000e+00 1.000000000000000000e+00 1.000000000000000000e+00 0.000000000000000000e+00 0.000000000000000000e+00 -1.000000000000000000e+00 -1.000000000000000000e+00
1.140000000000000000e+02 6.275112574156084975e+02 3.794354840646925453e+01 -1.413349315855100541e-01 2.621451773288080211e+00 3.148368107081444212e+00 1.198577479676526600e-02 0.000000000000000000e+00 1.000000000000000000e+00 1.000000000000000000e+00 0.000000000000000000e+00 0.000000000000000000e+00 -1.000000000000000000e+00 -1.000000000000000000e+00
1.200000000000000000e+02 3.586305339704023936e+04 1.011219522262285508e+01 -4.285617498207619502e-02 3.100000000000000089e+00 -3.739202362821241604e-02 7.747405254502645611e-02 0.000000000000000000e+00 1.000000000000000000e+00 1.000000000000000000e+00 0.000000000000000000e+00 0.000000000000000000e+00 -1.000000000000000000e+00 -1.000000000000000000e+00
1.210000000000000000e+02 3.062301982902151212e+04 1.635097915579505923e+01 6.552545573302524795e-02 1.376432364266877872e+00 6.636956529907745567e-03 2.562741049026563342e-02 0.000000000000000000e+00 1.000000000000000000e+00 1.000000000000000000e+00 0.000000000000000000e+00 0.000000000000000000e+00 -1.000000000000000000e+00 -1.000000000000000000e+00
1.220000000000000000e+02 1.469137095612979647e+04 1.359254860905434725e+01 7.834421631780952300e-02 5.449776095578867663e-01 1.037243213460707116e-02 1.000000000000000056e-01 1.570796326794896558e+00 1.000000000000000000e+00 1.000000000000000000e+00 0.000000000000000000e+00 0.000000000000000000e+00 -1.000000000000000000e+00 -1.000000000000000000e+00
1.250000000000000000e+02 1.450016274963961587e+04 1.901825727364752439e+01 -3.322756605417330478e-03 2.122754621119258278e-01 3.130815836224877469e+00 6.301130272311590563e-02 0.000000000000000000e+00 1.000000000000000000e+00 1.000000000000000000e+00 0.000000000000000000e+00 0.000000000000000000e+00 -1.000000000000000000e+00 -1.000000000000000000e+00
1.290000000000000000e+02 7.374123556961850454e+02 2.893311563993949420e+01 -2.930178147783413789e-01 2.144776111721963030e+00 -1.070391170563032499e-02 9.000000000000001055e-02 0.000000000000000000e+00 1.000000000000000000e+00 1.000000000000000000e+00 0.000000000000000000e+00 0.000000000000000000e+00 -1.000000000000000000e+00 -1.000000000000000000e+00
1.300000000000000000e+02 1.332926378194991912e+03 1.340036029588979183e+01 6.839532732936540183e-02 1.247064962782481690e+00 1.039204780054044965e-02 9.000000000000001055e-02 1.570796326794896558e+00 1.000000000000000000e+00 1.000000000000000000e+00 0.000000000000000000e+00 0.000000000000000000e+00 -1.000000000000000000e+00 -1.000000000000000000e+00
1.310000000000000000e+02 4.271566776820210362e+04 1.039593093617193276e+01 -1.409593486953122365e-01 3.100000000000000089e+00 -1.626527201750148496e-03 1.206098682746855888e-01 1.570796326794896558e+00 1.000000000000000000e+00 1.000000000000000000e+00 0.000000000000000000e+00 0.000000000000000000e+00 -1.000000000000000000e+00 -1.000000000000000000e+00
1.320000000000000000e+02 7.860649561532707708e+01 1.639755261465446523e+01 -6.302621069459260483e-02 2.812111135225978220e+00 3.104091856737489330e+00 1.661744717961824991e-01 1.570796326794896558e+00 1.000000000000000000e+00 1.000000000000000000e+00 0.000000000000000000e+00 0.000000000000000000e+00 -1.000000000000000000e+00 -1.000000000000000000e+00
1.330000000000000000e+02 2.659108598052163870e+04 2.477320039549961805e+01 6.595275625731662761e-02 1.731115911498053439e+00 3.148569912810013527e+00 5.820608924754282210e-02 1.570796326794896558e+00 1.000000000000000000e+00 1.000000000000000000e+00 0.000000000000000000e+00 0.000000000000000000e+00 -1.000000000000000000e+00 -1.000000000000000000e+00
1.340000000000000000e+02 7.763433896036209489e+02 2.395518066679965585e+01 3.191389538846872709e-02 1.048292385935662097e+00 3.153428014724754203e+00 9.000000000000001055e-02 0.000000000000000000e+00 1.000000000000000000e+00 1.000000000000000000e+00 0.000000000000000000e+00 0.000000000000000000e+00 -1.000000000000000000e+00 -1.000000000000000000e+00
1.360000000000000000e+02 1.153669429380353722e+04 1.180531102374894736e+01 -1.924103813263011373e-02 2.383055571202782885e-01 3.152939993092199522e+00 1.000000000000000021e-02 0.000000000000000000e+00 1.000000000000000000e+00 1.000000000000000000e+00 0.000000000000000000e+00 0.000000000000000000e+00 -1.000000000000000000e+00 -1.000000000000000000e+00
1.380000000000000000e+02 8.360836325869220218e+02 1.040761204009427487e+01 7.836274716261043549e-02 7.381100604633107354e-01 3.153113014023728233e+00 1.868036044425959441e-02 0.000000000000000000e+00 1.000000000000000000e+00 1.000000000000000000e+00 0.000000000000000000e+00 0.000000000000000000e+00 -1.000000000000000000e+00 -1.000000000000000000e+00
1.390000000000000000e+02 2.692412113401521856e+04 3.984510767681441479e+01 1.788009231829957579e-01 8.502735268945162961e-01 1.635754672785966202e-02 4.726596326862617103e-02 0.000000000000000000e+00 1.000000000000000000e+00 1.000000000000000000e+00 0.000000000000000000e+00 0.000000000000000000e+00 -1.000000000000000000e+00 -1.000000000000000000e+00
1.420000000000000000e+02 3.369506884428903868e+04 2.619198145140257949e+01 -6.696044328231995357e-02 2.500077103294386927e+00 3.149074114030684601e+00 5.705299651011556256e-02 1.570796326794896558e+00 1.000000000000000000e+00 1.000000000000000000e+00 0.000000000000000000e+00 0.000000000000000000e+00 -1.000000000000000000e+00 -1.000000000000000000e+00
1.450000000000000000e+02 2.482554972211577820e+02 2.235763879927426601e+01 -1.057933672549322551e-01 1.959146205790359252e+00 5.396448737723962691e-02 2.852416255785003019e-01 0.000000000000000000e+00 1.000000000000000000e+00 1.000000000000000000e+00 0.000000000000000000e+00 0.000000000000000000e+00 -1.000000000000000000e+00 -1.000000000000000000e+00
1.480000000000000000e+02 1.331106202618131283e+04 1.376792758046420850e+01 4.699821416788040052e-02 3.984663788287141628e-01 -2.266983995324438686e-02 1.122159359189642616e-02 0.000000000000000000e+00 1.000000000000000000e+00 1.000000000000000000e+00 0.000000000000000000e+00 0.000000000000000000e+00 -1.000000000000000000e+00 -1.000000000000000000e+00
1.490000000000000000e+02 2.992708260905039788e+04 1.785072819378745734e+01 1.481665787109859994e-02 5.988321208087020731e-01 3.112265491895850555e+00 1.107883504528484574e-02 1.570796326794896558e+00 1.000000000000000000e+00 1.000000000000000000e+00 0.000000000000000000e+00 0.000000000000000000e+00 -1.000000000000000000e+00 -1.000000000000000000e+00
1.500000000000000000e+02 1.351303436844081807e+04 1.237222861052444500e+01 3.531424196022293904e-02 1.523334597395091361e+00 3.144354549954438749e+00 6.791136755572250994e-02 0.000000000000000000e+00 1.000000000000000000e+00 1.000000000000000000e+00 0.000000000000000000e+00 0.000000000000000000e+00 -1.000000000000000000e+00 -1.000000000000000000e+00
1.510000000000000000e+02 3.036015412428858690e+04 2.690213485865397658e+01 -1.408163436310934033e-02 1.578275284667288503e+00 -2.272987188196228664e-02 9.414789658863564892e-02 1.570796326794896558e+00 1.000000000000000000e+00 1.000000000000000000e+00 0.000000000000000000e+00 0.000000000000000000e+00 -1.000000000000000000e+00 -1.000000000000000000e+00
1.520000000000000000e+02 1.890891643320313960e+04 1.279265934816920236e+01 9.666832451181919805e-02 1.491875844076273161e+00 3.125554456152361382e+00 2.524544434014732233e-02 0.000000000000000000e+00 1.000000000000000000e+00 1.000000000000000000e+00 0.000000000000000000e+00 0.000000000000000000e+00 -1.000000000000000000e+00 -1.000000000000000000e+00
1.530000000000000000e+02 1.966360613287411252e+04 3.880793454817736432e+01 3.026510690462928116e-02 8.114316877740920253e-01 1.324857134500693166e-02 1.000000000000000056e-01 1.570796326794896558e+00 1.000000000000000000e+00 1.000000000000000000e+00 0.000000000000000000e+00 0.000000000000000000e+00 -1.000000000000000000e+00 -1.000000000000000000e+00
1.540000000000000000e+02 3.416932628624056815e+04 1.694854324436604998e+01 -5.137161461763401632e-02 2.635174859196817376e+00 3.122120371519546911e+00 1.070221015516324703e-02 0.000000000000000000e+00 1.000000000000000000e+00 1.000000000000000000e+00 0.000000000000000000e+00 0.000000000000000000e+00 -1.000000000000000000e+00 -1.000000000000000000e+00
1.610000000000000000e+02 1.609546049223050795e+04 1.624059788708061447e+01 -7.520119059899792180e-02 2.668009508307485067e+00 3.155981680197292860e+00 6.921669720530793102e-02 1.570796326794896558e+00 1.000000000000000000e+00 1.000000000000000000e+00 0.000000000000000000e+00 0.000000000000000000e+00 -1.000000000000000000e+00 -1.000000000000000000e+00
1.660000000000000000e+02 3.876438754611726472e+04 1.282238787232891042e+01 7.356389109520292124e-02 7.911461362091875005e-01 4.402286286932657888e-02 2.154584738758262008e-01 1.570796326794896558e+00 1.000000000000000000e+00 1.000000000000000000e+00 0.000000000000000000e+00 0.000000000000000000e+00 -1.000000000000000000e+00 -1.000000000000000000e+00
1.680000000000000000e+02 1.238975462250603778e+04 1.064084795088930235e+01 1.551491050710702979e-02 1.582142155386891291e+00 -1.265608161823713598e-03 3.342187512277507849e-02 0.000000000000000000e+00 1.000000000000000000e+00 1.000000000000000000e+00 0.000000000000000000e+00 0.000000000000000000e+00 -1.000000000000000000e+00 -1.000000000000000000e+00
1.780000000000000000e+02 3.362948030532949133e+02 1.054935641283842074e+01 -7.923914692406569538e-02 3.023271935575075897e+00 3.119631635411640680e+00 3.361821570327316877e-02 1.570796326794896558e+00 1.000000000000000000e+00 1.000000000000000000e+00 0.000000000000000000e+00 0.000000000000000000e+00 -1.000000000000000000e+00 -1.000000000000000000e+00
1.790000000000000000e+02 1.932616121860322892e+04 1.339048028045759509e+01 -1.512864106682720311e-01 2.670020444214137978e+00 3.080908914418855823e-02 2.075826542386232862e-02 1.570796326794896558e+00 1.000000000000000000e+00 1.000000000000000000e+00 0.000000000000000000e+00 0.000000000000000000e+00 -1.000000000000000000e+00 -1.000000000000000000e+00
1.830000000000000000e+02 3.226070444394133301e+04 3.190426358692251085e+01 4.150005167669570949e-02 9.740269596304655941e-01 1.743553441595422152e-02 1.000000000000000056e-01 0.000000000000000000e+00 1.000000000000000000e+00 1.000000000000000000e+00 0.000000000000000000e+00 0.000000000000000000e+00 -1.000000000000000000e+00 -1.000000000000000000e+00
1.870000000000000000e+02 2.928397506020958099e+04 1.033863765745628704e+01 1.353066461023015032e-01 8.851015929918132352e-01 7.986615139149584944e-03 1.000000000000000056e-01 1.570796326794896558e+00 1.000000000000000000e+00 1.000000000000000000e+00 0.000000000000000000e+00 0.000000000000000000e+00 -1.000000000000000000e+00 -1.000000000000000000e+00
1.900000000000000000e+02 2.866445654021659357e+04 1.888083112603602132e+01 6.891222354094742042e-02 6.706157131067302934e-01 -4.853581869954574565e-03 1.563002345328289022e-02 0.000000000000000000e+00 1.000000000000000000e+00 1.000000000000000000e+00 0.000000000000000000e+00 0.000000000000000000e+00 -1.000000000000000000e+00 -1.000000000000000000e+00
1.910000000000000000e+02 2.379916353425845591e+04 3.215607821968652758e+01 2.077337365483444831e-01 1.175795315496308335e+00 -1.308030553373863356e-02 4.311855809032656695e-02 0.000000000000000000e+00 1.000000000000000000e+00 1.000000000000000000e+00 0.000000000000000000e+00 0.000000000000000000e+00 -1.000000000000000000e+00 -1.000000000000000000e+00
1.920000000000000000e+02 6.930000000000001137e+02 2.184426501166428025e+01 -1.388623674051429543e-02 1.340544964288102214e+00 3.148939509990182017e+00 9.000000000000001055e-02 1.570796326794896558e+00 1.000000000000000000e+00 1.000000000000000000e+00 0.000000000000000000e+00 0.000000000000000000e+00 -1.000000000000000000e+00 -1.000000000000000000e+00
1.930000000000000000e+02 8.816145229092617228e+02 1.315165154348625087e+01 -6.552148132520362045e-02 1.868643286582249541e+00 3.139243066064604015e+00 9.000000000000001055e-02 1.570796326794896558e+00 1.000000000000000000e+00 1.000000000000000000e+00 0.000000000000000000e+00 0.000000000000000000e+00 -1.000000000000000000e+00 -1.000000000000000000e+00
1.940000000000000000e+02 2.283227846022166705e+04 1.388580662989196490e+01 -5.459840816128890689e-02 3.100000000000000089e+00 -3.227477640823800398e-02 4.406183442235887121e-02 0.000000000000000000e+00 1.000000000000000000e+00 1.000000000000000000e+00 0.000000000000000000e+00 0.000000000000000000e+00 -1.000000000000000000e+00 -1.000000000000000000e+00
1.960000000000000000e+02 2.974106185375276982e+04 1.136588953698993620e+01 -8.669021746618063573e-02 2.711442336120183594e+00 3.105291663042390127e+00 6.656440475200899043e-02 1.570796326794896558e+00 1.000000000000000000e+00 1.000000000000000000e+00 0.000000000000000000e+00 0.000000000000000000e+00 -1.000000000000000000e+00 -1.000000000000000000e+00
1.970000000000000000e+02 1.105404268842803140e+04 1.070355797077858284e+01 5.356070975202573137e-02 7.995912942012186608e-01 2.427851411670437984e-02 1.000000000000000021e-02 1.570796326794896558e+00 1.000000000000000000e+00 1.000000000000000000e+00 0.000000000000000000e+00 0.000000000000000000e+00 -1.000000000000000000e+00 -1.000000000000000000e+00
1.990000000000000000e+02 2.405341280852961063e+04 1.422936057601793181e+01 -4.372795877588865621e-02 2.396477195808140337e+00 -4.437475846493549488e-03 3.223036538910675070e-02 1.570796326794896558e+00 1.000000000000000000e+00 1.000000000000000000e+00 0.000000000000000000e+00 0.000000000000000000e+00 -1.000000000000000000e+00 -1.000000000000000000e+00
3.650000000000000000e+02 8.121761053780622888e+02 1.787506546861886747e+01 1.065398681372800027e-01 1.019266357696223979e+00 0.000000000000000000e+00 9.000000000000001055e-02 -1.000000000000000000e+00 1.000000000000000000e+00 1.000000000000000000e+00 2.000000000000000000e+00 0.000000000000000000e+00 -1.000000000000000000e+00 -1.000000000000000000e+00
1.000000000000000000e+00 2.519304363827041379e+04 3.020512307193722989e+01 3.644569904000649792e-03 4.965021329645705195e-01 9.141424799030177517e-03 1.000000000000000056e-01 1.570796326794896558e+00 1.000000000000000000e+00 1.000000000000000000e+00 0.000000000000000000e+00 0.000000000000000000e+00 -1.000000000000000000e+00 -1.000000000000000000e+00
2.000000000000000000e+00 3.685152602500333887e+04 1.448101979013838125e+01 -9.521656029047267933e-02 2.682880413558744515e+00 2.626958437583166300e-02 2.629565055185337577e-02 1.570796326794896558e+00 1.000000000000000000e+00 1.000000000000000000e+00 0.000000000000000000e+00 0.000000000000000000e+00 -1.000000000000000000e+00 -1.000000000000000000e+00
3.400000000000000000e+01 4.042273488788161194e+04 1.085526976295591872e+01 -1.381974476465485935e-01 2.517528338883166406e+00 3.461397619496991984e-02 1.220827775785015938e-02 1.570796326794896558e+00 1.000000000000000000e+00 1.000000000000000000e+00 0.000000000000000000e+00 0.000000000000000000e+00 -1.000000000000000000e+00 -1.000000000000000000e+00
9.100000000000000000e+01 1.690053241634737424e+04 1.202070257825232424e+01 3.923824056992847309e-02 4.867293948427471872e-01 0.000000000000000000e+00 1.000000000000000021e-02 1.570796326794896558e+00 1.000000000000000000e+00 1.000000000000000000e+00 0.000000000000000000e+00 0.000000000000000000e+00 -1.000000000000000000e+00 -1.000000000000000000e+00
9.500000000000000000e+01 1.594220740491201286e+04 1.091805914279825096e+01 1.635610941770581500e-02 1.408986066365021994e+00 0.000000000000000000e+00 5.796223618361408259e-02 1.570796326794896558e+00 1.000000000000000000e+00 1.000000000000000000e+00 0.000000000000000000e+00 0.000000000000000000e+00 -1.000000000000000000e+00 -1.000000000000000000e+00
9.800000000000000000e+01 1.939240037061151452e+04 1.203777113897711537e+01 6.092617286086139672e-02 8.743190345991813661e-01 1.099599475041493704e-02 5.403173580381444296e-02 1.570796326794896558e+00 1.000000000000000000e+00 1.000000000000000000e+00 0.000000000000000000e+00 0.000000000000000000e+00 -1.000000000000000000e+00 -1.000000000000000000e+00
1.170000000000000000e+02 1.719617899380317613e+04 1.240351238037922599e+01 -8.285206075222521782e-02 2.676978970416065362e+00 9.664627188811706140e-03 5.933932363458815917e-02 1.570796326794896558e+00 1.000000000000000000e+00 1.000000000000000000e+00 0.000000000000000000e+00 0.000000000000000000e+00 -1.000000000000000000e+00 -1.000000000000000000e+00
1.400000000000000000e+02 2.040226884835478268e+04 1.937467021852186022e+01 1.791359003344228096e-01 1.620587001116160719e+00 0.000000000000000000e+00 1.146045276977942368e-02 1.570796326794896558e+00 1.000000000000000000e+00 1.000000000000000000e+00 0.000000000000000000e+00 0.000000000000000000e+00 -1.000000000000000000e+00 -1.000000000000000000e+00
1.430000000000000000e+02 3.352079655137863301e+04 3.509933422419904758e+01 -1.886865636865354690e-01 2.608337869848698531e+00 0.000000000000000000e+00 2.360741431197616383e-02 1.570796326794896558e+00 1.000000000000000000e+00 1.000000000000000000e+00 0.000000000000000000e+00 0.000000000000000000e+00 -1.000000000000000000e+00 -1.000000000000000000e+00
1.710000000000000000e+02 3.630420552300004783e+04 1.400657288377402132e+01 -7.647089872014713186e-02 2.025475763734538859e+00 0.000000000000000000e+00 2.601899678509157765e-02 1.570796326794896558e+00 1.000000000000000000e+00 1.000000000000000000e+00 0.000000000000000000e+00 0.000000000000000000e+00 -1.000000000000000000e+00 -1.000000000000000000e+00
1.740000000000000000e+02 1.370872110284760197e+02 3.196716212632386345e+01 -3.749141874344515124e-02 2.249002850637233042e+00 0.000000000000000000e+00 1.676557322904891345e-01 1.570796326794896558e+00 1.000000000000000000e+00 1.000000000000000000e+00 0.000000000000000000e+00 0.000000000000000000e+00 -1.000000000000000000e+00 -1.000000000000000000e+00
1.770000000000000000e+02 3.304785366566824086e+04 1.138029589678615494e+01 -1.458633263867818441e-01 2.259518775544912650e+00 0.000000000000000000e+00 1.797893612061205945e-02 1.570796326794896558e+00 1.000000000000000000e+00 1.000000000000000000e+00 0.000000000000000000e+00 0.000000000000000000e+00 -1.000000000000000000e+00 -1.000000000000000000e+00
1.850000000000000000e+02 2.448043501292811925e+04 3.765089559238502659e+01 6.462246726579780332e-02 4.503922730792395690e-01 2.924817656343247849e-02 2.969230242364609418e-02 1.570796326794896558e+00 1.000000000000000000e+00 1.000000000000000000e+00 0.000000000000000000e+00 0.000000000000000000e+00 -1.000000000000000000e+00 -1.000000000000000000e+00
1.860000000000000000e+02 4.722990198194068944e+04 3.502825188808740364e+01 5.972195581784535412e-02 8.525721100066623315e-01 0.000000000000000000e+00 2.413897908286964308e-02 1.570796326794896558e+00 1.000000000000000000e+00 1.000000000000000000e+00 0.000000000000000000e+00 0.000000000000000000e+00 -1.000000000000000000e+00 -1.000000000000000000e+00
1.880000000000000000e+02 4.955808408326162316e+04 1.755757751907922071e+01 1.477937098374630664e-02 0.000000000000000000e+00 0.000000000000000000e+00 1.654655814065018188e-02 1.570796326794896558e+00 1.000000000000000000e+00 1.000000000000000000e+00 0.000000000000000000e+00 0.000000000000000000e+00 -1.000000000000000000e+00 -1.000000000000000000e+00
6.000000000000000000e+00 9.303668291858777593e+03 1.252786142858307628e+01 -5.443764997827180152e-02 2.025291011988625822e+00 0.000000000000000000e+00 3.943563737700044730e-02 0.000000000000000000e+00 1.000000000000000000e+00 1.000000000000000000e+00 0.000000000000000000e+00 0.000000000000000000e+00 -1.000000000000000000e+00 -1.000000000000000000e+00
2.200000000000000000e+01 2.294035857626348843e+03 1.156495880814790667e+01 2.837953246462276424e-01 7.861798293615557265e-01 0.000000000000000000e+00 4.411984209680046565e-01 0.000000000000000000e+00 1.000000000000000000e+00 1.000000000000000000e+00 0.000000000000000000e+00 0.000000000000000000e+00 -1.000000000000000000e+00 -1.000000000000000000e+00
2.800000000000000000e+01 6.212783375322421762e+02 1.130265251204908594e+01 -9.608225297750060123e-02 2.855711728234862967e+00 0.000000000000000000e+00 4.738444942081985189e-01 0.000000000000000000e+00 1.000000000000000000e+00 1.000000000000000000e+00 0.000000000000000000e+00 0.000000000000000000e+00 -1.000000000000000000e+00 -1.000000000000000000e+00
6.200000000000000000e+01 5.497183608555225874e+03 1.262878951892048462e+01 -2.176591439425947655e-02 6.465886991502474146e-01 0.000000000000000000e+00 1.290597114380651403e-02 0.000000000000000000e+00 1.000000000000000000e+00 1.000000000000000000e+00 0.000000000000000000e+00 0.000000000000000000e+00 -1.000000000000000000e+00 -1.000000000000000000e+00
6.300000000000000000e+01 4.310620575206799913e+03 2.033090112095715085e+01 -1.510553686381967478e-02 1.589221472297297710e+00 0.000000000000000000e+00 9.000000000000001055e-02 0.000000000000000000e+00 1.000000000000000000e+00 1.000000000000000000e+00 0.000000000000000000e+00 0.000000000000000000e+00 -1.000000000000000000e+00 -1.000000000000000000e+00
7.200000000000000000e+01 4.583161466370271228e+03 3.196879540214504445e+01 6.383415661675077846e-02 8.513483354599554742e-01 0.000000000000000000e+00 1.916963020856587707e-01 0.000000000000000000e+00 1.000000000000000000e+00 1.000000000000000000e+00 0.000000000000000000e+00 0.000000000000000000e+00 -1.000000000000000000e+00 -1.000000000000000000e+00
1.000000000000000000e+02 8.489820743241944001e+03 1.083176064799619809e+01 -1.134830853907963927e-01 1.866985901591885488e+00 0.000000000000000000e+00 1.491891816741396926e-01 0.000000000000000000e+00 1.000000000000000000e+00 1.000000000000000000e+00 0.000000000000000000e+00 0.000000000000000000e+00 -1.000000000000000000e+00 -1.000000000000000000e+00
1.460000000000000000e+02 5.466443125217773741e+03 3.557214936839758224e+01 -1.910977798221404761e-02 1.635808345213428217e+00 0.000000000000000000e+00 2.577890315566138679e-01 0.000000000000000000e+00 1.000000000000000000e+00 1.000000000000000000e+00 0.000000000000000000e+00 0.000000000000000000e+00 -1.000000000000000000e+00 -1.000000000000000000e+00
1.570000000000000000e+02 5.850903664643167758e+03 1.098714446382118659e+01 -9.051239997157735362e-02 2.502606043294816285e+00 0.000000000000000000e+00 4.070532166070393587e-01 0.000000000000000000e+00 1.000000000000000000e+00 1.000000000000000000e+00 0.000000000000000000e+00 0.000000000000000000e+00 -1.000000000000000000e+00 -1.000000000000000000e+00
1.640000000000000000e+02 9.769516768590067386e+02 1.120955778158472782e+01 4.685285883983671823e-03 1.232528115730300522e+00 0.000000000000000000e+00 9.164323531342186691e-01 0.000000000000000000e+00 1.000000000000000000e+00 1.000000000000000000e+00 0.000000000000000000e+00 0.000000000000000000e+00 -1.000000000000000000e+00 -1.000000000000000000e+00
1.700000000000000000e+02 6.778131099888993049e+03 1.263718538095063870e+01 -4.504673904412506008e-02 3.100000000000000089e+00 0.000000000000000000e+00 2.583301004650323529e-01 0.000000000000000000e+00 1.000000000000000000e+00 1.000000000000000000e+00 0.000000000000000000e+00 0.000000000000000000e+00 -1.000000000000000000e+00 -1.000000000000000000e+00
1.720000000000000000e+02 7.000000000000000000e+02 3.768452143667359167e+01 -3.060807025216900901e-02 7.216698251290974975e-01 0.000000000000000000e+00 8.794582965783884765e-01 0.000000000000000000e+00 1.000000000000000000e+00 1.000000000000000000e+00 0.000000000000000000e+00 0.000000000000000000e+00 -1.000000000000000000e+00 -1.000000000000000000e+00
3.660000000000000000e+02 1.834891828550601929e+02 3.445166205923012370e+01 -3.856595183792937975e-02 2.739161410471185665e+00 0.000000000000000000e+00 9.706462034375873404e-02 -1.000000000000000000e+00 1.000000000000000000e+00 1.000000000000000000e+00 2.000000000000000000e+00 1.000000000000000000e+05 -1.000000000000000000e+00 -1.000000000000000000e+00
3.670000000000000000e+02 1.155012798494681647e+03 2.112846501328610316e+01 1.990140901903920262e-02 1.240671917574285299e+00 0.000000000000000000e+00 1.000000000000000056e-01 -1.000000000000000000e+00 1.000000000000000000e+00 1.000000000000000000e+00 2.000000000000000000e+00 2.000000000000000000e+05 -1.000000000000000000e+00 -1.000000000000000000e+00
1.580000000000000000e+02 1.540751448351613544e+04 1.694972654599892081e+01 -1.297425422076337737e-02 2.323476146667689868e+00 3.142614433291706089e+00 6.672064018627117676e-02 1.570796326794896558e+00 1.000000000000000000e+00 1.000000000000000000e+00 0.000000000000000000e+00 0.000000000000000000e+00 -1.000000000000000000e+00 -1.000000000000000000e+00
3.680000000000000000e+02 2.843883446341014860e+04 3.737939279486921151e+01 5.077390089219535607e-01 0.000000000000000000e+00 0.000000000000000000e+00 4.763886704282810358e-02 -1.000000000000000000e+00 1.000000000000000000e+00 2.000000000000000000e+00 2.000000000000000000e+00 2.800000000000000000e+05 -1.000000000000000000e+00 -1.000000000000000000e+00
3.710000000000000000e+02 7.363685026729542642e+02 1.492456015500779465e+01 9.337061865344626482e-03 1.534667267685074332e+00 0.000000000000000000e+00 3.396143038262915831e-02 -1.000000000000000000e+00 1.000000000000000000e+00 1.000000000000000000e+00 2.000000000000000000e+00 3.000000000000000000e+05 -1.000000000000000000e+00 -1.000000000000000000e+00
