# id_num orb_a mass spin spin_angle orb_inc orb_ecc orb_arg_periapse orb_ang_mom gen galaxy time_passed gw_freq gw_strain
2.000000000000000000e+00 1.370777831374078414e+04 3.745000615987875392e+01 5.871947505385304716e-02 9.712946585330491933e-01 3.152604861843269379e+00 4.713292567313325659e-02 1.570796326794896558e+00 -1.000000000000000000e+00 1.000000000000000000e+00 0.000000000000000000e+00 0.000000000000000000e+00 -1.000000000000000000e+00 -1.000000000000000000e+00
3.000000000000000000e+00 7.958473324041286105e+03 1.614330885380329406e+01 6.029889024779494511e-02 1.417215313828820156e+00 3.148354348775205480e+00 2.097868795635998151e-01 1.570796326794896558e+00 -1.000000000000000000e+00 1.000000000000000000e+00 0.000000000000000000e+00 0.000000000000000000e+00 -1.000000000000000000e+00 -1.000000000000000000e+00
3.300000000000000000e+01 2.526124443504681403e+04 1.493740159973472359e+01 6.422742659491910422e-02 6.869263727900649652e-01 3.134029704254199800e+00 2.846187987878834313e-01 1.570796326794896558e+00 -1.000000000000000000e+00 1.000000000000000000e+00 0.000000000000000000e+00 0.000000000000000000e+00 -1.000000000000000000e+00 -1.000000000000000000e+00
3.900000000000000000e+01 2.631765455810983985e+04 1.247052186222325432e+01 1.021652359635581847e-01 9.429025917926820988e-01 3.165676412919045557e+00 3.303176571887835727e-02 1.570796326794896558e+00 -1.000000000000000000e+00 1.000000000000000000e+00 0.000000000000000000e+00 0.000000000000000000e+00 -1.000000000000000000e+00 -1.000000000000000000e+00
4.000000000000000000e+01 6.762854037672341292e+03 3.950350790813278223e+01 -1.187685632520049661e-01 2.798828254766822177e+00 3.147994809295799001e+00 2.244352172560598862e-03 1.570796326794896558e+00 -1.000000000000000000e+00 1.000000000000000000e+00 0.000000000000000000e+00 0.000000000000000000e+00 -1.000000000000000000e+00 -1.000000000000000000e+00
4.200000000000000000e+01 4.281381606303931767e+04 1.224250128859844367e+01 -7.615758803004027411e-02 1.599642293881737620e+00 3.174587692830750374e+00 2.960975473172391403e-01 1.570796326794896558e+00 -1.000000000000000000e+00 1.000000000000000000e+00 0.000000000000000000e+00 0.000000000000000000e+00 -1.000000000000000000e+00 -1.000000000000000000e+00
4.900000000000000000e+01 6.703492770615329391e+03 3.244988270676837772e+01 -4.686150160275288847e-04 3.010001824693730121e+00 3.127948002899613833e+00 7.644234664642493571e-02 1.570796326794896558e+00 -1.000000000000000000e+00 1.000000000000000000e+00 0.000000000000000000e+00 0.000000000000000000e+00 -1.000000000000000000e+00 -1.000000000000000000e+00
5.300000000000000000e+01 1.596524437014212344e+04 1.128473448476918151e+01 1.350577931013421662e-01 7.823375959385137079e-01 3.162519888231488885e+00 1.822146432836139751e-01 1.570796326794896558e+00 -1.000000000000000000e+00 1.000000000000000000e+00 0.000000000000000000e+00 0.000000000000000000e+00 -1.000000000000000000e+00 -1.000000000000000000e+00
5.400000000000000000e+01 4.976503948834026960e+04 1.338113542986732973e+01 -1.494902044491125959e-01 1.797474559979658437e+00 3.147104776499589196e+00 1.397600289910172489e-01 1.570796326794896558e+00 -1.000000000000000000e+00 1.000000000000000000e+00 0.000000000000000000e+00 0.000000000000000000e+00 -1.000000000000000000e+00 -1.000000000000000000e+00
6.700000000000000000e+01 1.676232858222380310e+04 1.632368348423710458e+01 3.480854694069866057e-02 1.380250930015292754e+00 3.136930419711293716e+00 7.539461901132446520e-02 1.570796326794896558e+00 -1.000000000000000000e+00 1.000000000000000000e+00 0.000000000000000000e+00 0.000000000000000000e+00 -1.000000000000000000e+00 -1.000000000000000000e+00
9.100000000000000000e+01 1.243875894698074262e+04 1.447557685624329515e+01 2.147405524041592906e-02 1.949824549371466376e-01 3.114020873405030088e+00 2.003617291455957183e-01 1.570796326794896558e+00 -1.000000000000000000e+00 1.000000000000000000e+00 0.000000000000000000e+00 0.000000000000000000e+00 -1.000000000000000000e+00 -1.000000000000000000e+00
1.010000000000000000e+02 3.353585320954968483e+04 1.408743013862183346e+01 1.583110851313475342e-01 3.227770888005346978e-02 3.121216136451550938e+00 9.205870339673248581e-02 1.570796326794896558e+00 -1.000000000000000000e+00 1.000000000000000000e+00 0.000000000000000000e+00 0.000000000000000000e+00 -1.000000000000000000e+00 -1.000000000000000000e+00
1.050000000000000000e+02 4.297790650865784846e+04 1.475577904360550718e+01 5.397267377468970700e-02 9.587932569714862074e-01 3.134252969469290218e+00 2.554156680272030022e-01 1.570796326794896558e+00 -1.000000000000000000e+00 1.000000000000000000e+00 0.000000000000000000e+00 0.000000000000000000e+00 -1.000000000000000000e+00 -1.000000000000000000e+00
1.080000000000000000e+02 4.473946011166250173e+03 1.424350552115518909e+01 -8.829792806750369483e-02 2.520723258578501547e+00 3.137038814098168871e+00 1.779561427223889936e-01 1.570796326794896558e+00 -1.000000000000000000e+00 1.000000000000000000e+00 0.000000000000000000e+00 0.000000000000000000e+00 -1.000000000000000000e+00 -1.000000000000000000e+00
1.170000000000000000e+02 8.829964735930612733e+03 2.107968120925711020e+01 1.586074483990852768e-01 5.790233267473385848e-01 3.124046919446956672e+00 1.527606779237512466e-02 1.570796326794896558e+00 -1.000000000000000000e+00 1.000000000000000000e+00 0.000000000000000000e+00 0.000000000000000000e+00 -1.000000000000000000e+00 -1.000000000000000000e+00
1.210000000000000000e+02 2.339285470480300501e+04 1.534559691215113020e+01 1.634370245285176326e-01 1.135592040173526884e+00 3.176031094237045327e+00 7.253470724651947532e-02 1.570796326794896558e+00 -1.000000000000000000e+00 1.000000000000000000e+00 0.000000000000000000e+00 0.000000000000000000e+00 -1.000000000000000000e+00 -1.000000000000000000e+00
1.220000000000000000e+02 2.080038871949283930e+04 1.214470593237276752e+01 -1.117786929162964821e-01 2.365990532553681192e+00 3.143322923162075622e+00 5.790398421999338324e-02 1.570796326794896558e+00 -1.000000000000000000e+00 1.000000000000000000e+00 0.000000000000000000e+00 0.000000000000000000e+00 -1.000000000000000000e+00 -1.000000000000000000e+00
1.400000000000000000e+02 3.901644362655387795e+03 1.503703637692746398e+01 -7.036026309049742307e-03 1.634847817520566737e+00 3.130319656178095489e+00 2.769492206270360302e-01 1.570796326794896558e+00 -1.000000000000000000e+00 1.000000000000000000e+00 0.000000000000000000e+00 0.000000000000000000e+00 -1.000000000000000000e+00 -1.000000000000000000e+00
1.450000000000000000e+02 2.404458403084299789e+04 1.046030677144995202e+01 -9.482432515547600804e-02 2.423506165666401646e+00 3.122108142711279566e+00 1.539764418896426290e-01 1.570796326794896558e+00 -1.000000000000000000e+00 1.000000000000000000e+00 0.000000000000000000e+00 0.000000000000000000e+00 -1.000000000000000000e+00 -1.000000000000000000e+00
1.490000000000000000e+02 2.914002019604815359e+04 1.062511152800082215e+01 1.298797268438014185e-01 8.998743899515038863e-03 3.153218251392885474e+00 1.031034352664008946e-01 1.570796326794896558e+00 -1.000000000000000000e+00 1.000000000000000000e+00 0.000000000000000000e+00 0.000000000000000000e+00 -1.000000000000000000e+00 -1.000000000000000000e+00
1.560000000000000000e+02 1.082587841161516371e+04 1.232147182668065000e+01 -2.438906441950376702e-02 2.846010448009113958e+00 3.126647534618475888e+00 2.963425041483000455e-01 1.570796326794896558e+00 -1.000000000000000000e+00 1.000000000000000000e+00 0.000000000000000000e+00 0.000000000000000000e+00 -1.000000000000000000e+00 -1.000000000000000000e+00
1.590000000000000000e+02 2.424098690945508497e+04 1.686198467650264021e+01 -1.358942508064948373e-01 2.290923699557494864e+00 3.133582901122715647e+00 2.726276638583780554e-01 1.570796326794896558e+00 -1.000000000000000000e+00 1.000000000000000000e+00 0.000000000000000000e+00 0.000000000000000000e+00 -1.000000000000000000e+00 -1.000000000000000000e+00
1.710000000000000000e+02 1.104831158743686865e+04 1.626095546726904928e+01 6.010425326140622637e-02 1.054309345052324876e+00 3.123712109733882247e+00 2.506967337302681148e-02 1.570796326794896558e+00 -1.000000000000000000e+00 1.000000000000000000e+00 0.000000000000000000e+00 0.000000000000000000e+00 -1.000000000000000000e+00 -1.000000000000000000e+00
1.830000000000000000e+02 1.074837740710965227e+04 3.296441166194318839e+01 2.712229769907623794e-02 1.073659498567853365e+00 3.124764728051057538e+00 2.823719748802806517e-01 1.570796326794896558e+00 -1.000000000000000000e+00 1.000000000000000000e+00 0.000000000000000000e+00 0.000000000000000000e+00 -1.000000000000000000e+00 -1.000000000000000000e+00
1.860000000000000000e+02 4.053549691329522466e+04 1.849832956852212007e+01 1.216567396774509424e-01 9.232891278989694417e-01 3.154581729091374243e+00 2.765663885065721139e-01 1.570796326794896558e+00 -1.000000000000000000e+00 1.000000000000000000e+00 0.000000000000000000e+00 0.000000000000000000e+00 -1.000000000000000000e+00 -1.000000000000000000e+00
1.870000000000000000e+02 2.872800943527898562e+04 1.768029830599231644e+01 -8.814636854190374682e-02 3.107779172548847058e+00 3.173115820122199171e+00 2.001219221748096466e-01 1.570796326794896558e+00 -1.000000000000000000e+00 1.000000000000000000e+00 0.000000000000000000e+00 0.000000000000000000e+00 -1.000000000000000000e+00 -1.000000000000000000e+00
1.950000000000000000e+02 2.596546252823499526e+04 1.566016802509441064e+01 1.319974725404667315e-01 1.552514041994260685e+00 3.162499454531740639e+00 2.738637828369258967e-02 1.570796326794896558e+00 -1.000000000000000000e+00 1.000000000000000000e+00 0.000000000000000000e+00 0.000000000000000000e+00 -1.000000000000000000e+00 -1.000000000000000000e+00
