# id_num orb_a mass spin spin_angle orb_inc orb_ecc orb_arg_periapse orb_ang_mom gen galaxy time_passed gw_freq gw_strain
0.000000000000000000e+00 4.600895882802151755e+04 2.425387495211504074e+01 1.429096936183220368e-01 9.829736901274287453e-01 3.161583998741381851e+00 2.361108813572610488e-01 1.570796326794896558e+00 1.000000000000000000e+00 1.000000000000000000e+00 0.000000000000000000e+00 0.000000000000000000e+00 -1.000000000000000000e+00 -1.000000000000000000e+00
4.000000000000000000e+00 4.174867790667683585e+04 1.656504398144204160e+01 8.638624952678299052e-02 1.228757424622176353e-01 -1.347170783474166238e-02 9.468990564429410894e-02 1.570796326794896558e+00 1.000000000000000000e+00 1.000000000000000000e+00 0.000000000000000000e+00 0.000000000000000000e+00 -1.000000000000000000e+00 -1.000000000000000000e+00
5.000000000000000000e+00 2.525105350112387896e+04 1.339925967105943627e+01 -1.581025935914874281e-01 2.120728575447467179e+00 2.215186897234614621e-02 1.894966668401073251e-01 1.570796326794896558e+00 1.000000000000000000e+00 1.000000000000000000e+00 0.000000000000000000e+00 0.000000000000000000e+00 -1.000000000000000000e+00 -1.000000000000000000e+00
6.000000000000000000e+00 2.489280698445699090e+04 1.009879138302731505e+01 4.642510669709123960e-02 1.046511348025727317e+00 3.115127754034329399e+00 1.140287432125103861e-01 1.570796326794896558e+00 1.000000000000000000e+00 1.000000000000000000e+00 0.000000000000000000e+00 0.000000000000000000e+00 -1.000000000000000000e+00 -1.000000000000000000e+00
8.000000000000000000e+00 3.866505938487117965e+04 2.063616149323571847e+01 1.797701029572840725e-01 6.006199553367903565e-01 3.106875404223703452e+00 5.962684534452424717e-02 0.000000000000000000e+00 1.000000000000000000e+00 1.000000000000000000e+00 0.000000000000000000e+00 0.000000000000000000e+00 -1.000000000000000000e+00 -1.000000000000000000e+00
9.000000000000000000e+00 2.524506136276853431e+04 1.041087837123597204e+01 4.437473290595999459e-02 1.498774486526232463e+00 -2.168394794463277681e-02 2.442790801928052258e-01 0.000000000000000000e+00 1.000000000000000000e+00 1.000000000000000000e+00 0.000000000000000000e+00 0.000000000000000000e+00 -1.000000000000000000e+00 -1.000000000000000000e+00
1.200000000000000000e+01 4.914359610424093989e+04 3.267906579502513154e+01 1.142295126496077062e-01 1.564014840035072629e+00 3.093139904840159105e+00 2.948136440093456767e-01 0.000000000000000000e+00 1.000000000000000000e+00 1.000000000000000000e+00 0.000000000000000000e+00 0.000000000000000000e+00 -1.000000000000000000e+00 -1.000000000000000000e+00
1.300000000000000000e+01 2.921029120037256507e+04 1.833562569354253924e+01 2.222768655416269279e-01 1.480245594439697276e+00 -2.395099362019888212e-02 2.892288390893393291e-01 0.000000000000000000e+00 1.000000000000000000e+00 1.000000000000000000e+00 0.000000000000000000e+00 0.000000000000000000e+00 -1.000000000000000000e+00 -1.000000000000000000e+00
1.500000000000000000e+01 3.007264668017330405e+04 1.023091505713430749e+01 -1.337832129015753026e-02 2.482765232066708627e+00 2.272369930957238854e-02 1.906180376128616683e-01 0.000000000000000000e+00 1.000000000000000000e+00 1.000000000000000000e+00 0.000000000000000000e+00 0.000000000000000000e+00 -1.000000000000000000e+00 -1.000000000000000000e+00
1.800000000000000000e+01 4.934206462358206772e+04 1.404667824283875710e+01 9.939147580891624645e-02 3.905430079428316437e-01 8.029917473088290028e-03 3.153022682036658170e-02 1.570796326794896558e+00 1.000000000000000000e+00 1.000000000000000000e+00 0.000000000000000000e+00 0.000000000000000000e+00 -1.000000000000000000e+00 -1.000000000000000000e+00
2.100000000000000000e+01 2.323599055542354836e+04 1.129990597320982104e+01 5.503971913021941248e-02 4.079187454798715029e-01 3.122334664790442638e+00 1.711807828451803459e-01 1.570796326794896558e+00 1.000000000000000000e+00 1.000000000000000000e+00 0.000000000000000000e+00 0.000000000000000000e+00 -1.000000000000000000e+00 -1.000000000000000000e+00
2.300000000000000000e+01 3.611606842855912691e+04 1.238409487838742962e+01 9.633400589094071043e-02 1.090518074482107469e+00 -4.260862880552598181e-02 5.031241896499766275e-02 1.570796326794896558e+00 1.000000000000000000e+00 1.000000000000000000e+00 0.000000000000000000e+00 0.000000000000000000e+00 -1.000000000000000000e+00 -1.000000000000000000e+00
2.400000000000000000e+01 4.171478350415846944e+04 1.618864976844426806e+01 1.356907800179851242e-01 5.597449636006984752e-01 3.140926460471871184e+00 1.855017188842664477e-01 1.570796326794896558e+00 1.000000000000000000e+00 1.000000000000000000e+00 0.000000000000000000e+00 0.000000000000000000e+00 -1.000000000000000000e+00 -1.000000000000000000e+00
2.800000000000000000e+01 2.604647872781782644e+04 1.047961007821213819e+01 6.989466166989445617e-02 4.849911146919461680e-01 3.121526739943563111e+00 1.988069047361144814e-01 1.570796326794896558e+00 1.000000000000000000e+00 1.000000000000000000e+00 0.000000000000000000e+00 0.000000000000000000e+00 -1.000000000000000000e+00 -1.000000000000000000e+00
2.900000000000000000e+01 3.740726230107883021e+04 1.428325017976240474e+01 -2.016240405650884457e-02 2.845097601483008720e+00 1.009346979375387414e-02 1.451152713652677784e-01 0.000000000000000000e+00 1.000000000000000000e+00 1.000000000000000000e+00 0.000000000000000000e+00 0.000000000000000000e+00 -1.000000000000000000e+00 -1.000000000000000000e+00
3.000000000000000000e+01 1.434003763512249316e+04 1.337679045056017557e+01 -4.173910092667831168e-03 2.840314171535986532e+00 3.156062362446430569e+00 1.885916068069479479e-01 0.000000000000000000e+00 1.000000000000000000e+00 1.000000000000000000e+00 0.000000000000000000e+00 0.000000000000000000e+00 -1.000000000000000000e+00 -1.000000000000000000e+00
3.100000000000000000e+01 4.985294741501515819e+04 1.586743827009235375e+01 -7.122795409566988478e-02 2.580625543662197874e+00 1.660057378628002761e-02 7.290978171156627108e-02 1.570796326794896558e+00 1.000000000000000000e+00 1.000000000000000000e+00 0.000000000000000000e+00 0.000000000000000000e+00 -1.000000000000000000e+00 -1.000000000000000000e+00
3.200000000000000000e+01 1.536703740572397328e+04 1.131163567034951534e+01 -8.817957657572834951e-02 2.444320966578603649e+00 3.134183786011077721e+00 1.746549800340787550e-01 1.570796326794896558e+00 1.000000000000000000e+00 1.000000000000000000e+00 0.000000000000000000e+00 0.000000000000000000e+00 -1.000000000000000000e+00 -1.000000000000000000e+00
3.800000000000000000e+01 3.731757682173225476e+04 3.322238482400072002e+01 -1.226722485320542316e-02 2.113978364834790291e+00 -3.949013146337628649e-02 2.907027284583072468e-01 1.570796326794896558e+00 1.000000000000000000e+00 1.000000000000000000e+00 0.000000000000000000e+00 0.000000000000000000e+00 -1.000000000000000000e+00 -1.000000000000000000e+00
4.300000000000000000e+01 3.885860916106293735e+04 1.207315530285737637e+01 1.465443229136913772e-01 1.030702950664129647e+00 3.096743735860257640e+00 1.354060495346257331e-01 1.570796326794896558e+00 1.000000000000000000e+00 1.000000000000000000e+00 0.000000000000000000e+00 0.000000000000000000e+00 -1.000000000000000000e+00 -1.000000000000000000e+00
4.700000000000000000e+01 2.676979525792573622e+04 1.057618241595538322e+01 -1.253398109956507522e-01 2.416002132481075648e+00 3.138292524518472515e+00 3.670573815481056185e-02 1.570796326794896558e+00 1.000000000000000000e+00 1.000000000000000000e+00 0.000000000000000000e+00 0.000000000000000000e+00 -1.000000000000000000e+00 -1.000000000000000000e+00
5.200000000000000000e+01 2.101943290695810356e+04 1.168582641456879578e+01 -1.341348110530283799e-01 2.465687351034974384e+00 -1.389814936705341397e-02 2.088072622925284949e-01 0.000000000000000000e+00 1.000000000000000000e+00 1.000000000000000000e+00 0.000000000000000000e+00 0.000000000000000000e+00 -1.000000000000000000e+00 -1.000000000000000000e+00
5.700000000000000000e+01 1.638031397813130206e+04 1.560527698756179760e+01 4.384925323988982798e-02 1.153391273178928200e+00 2.374412887693346658e-02 1.201767383002087242e-01 1.570796326794896558e+00 1.000000000000000000e+00 1.000000000000000000e+00 0.000000000000000000e+00 0.000000000000000000e+00 -1.000000000000000000e+00 -1.000000000000000000e+00
5.800000000000000000e+01 4.355813699105122942e+04 1.403605863846745905e+01 -7.518768882282818311e-02 2.239940614863592749e+00 -4.198788407432626352e-02 1.138985761730134244e-01 0.000000000000000000e+00 1.000000000000000000e+00 1.000000000000000000e+00 0.000000000000000000e+00 0.000000000000000000e+00 -1.000000000000000000e+00 -1.000000000000000000e+00
5.900000000000000000e+01 1.928974004626204623e+04 1.579182805925576361e+01 2.802028884858992486e-02 1.150561875891971952e-01 -1.440162410885679166e-02 1.600041050653986108e-01 0.000000000000000000e+00 1.000000000000000000e+00 1.000000000000000000e+00 0.000000000000000000e+00 0.000000000000000000e+00 -1.000000000000000000e+00 -1.000000000000000000e+00
6.100000000000000000e+01 8.926806274411001141e+03 3.430488752600626157e+01 6.096369858202285719e-02 1.458477622713268085e+00 1.653652402010463707e-02 2.836975249637660457e-01 0.000000000000000000e+00 1.000000000000000000e+00 1.000000000000000000e+00 0.000000000000000000e+00 0.000000000000000000e+00 -1.000000000000000000e+00 -1.000000000000000000e+00
6.200000000000000000e+01 3.940588488577646785e+04 1.929647085416942076e+01 9.802517838908393621e-02 9.743758255937188251e-01 -2.950161957248658220e-02 1.182271715073266172e-01 0.000000000000000000e+00 1.000000000000000000e+00 1.000000000000000000e+00 0.000000000000000000e+00 0.000000000000000000e+00 -1.000000000000000000e+00 -1.000000000000000000e+00
6.300000000000000000e+01 3.477011652149540168e+04 1.789729343863323763e+01 8.292109799276531357e-02 2.493450062102752496e-01 3.344998723680519398e-02 1.268907176015018345e-01 1.570796326794896558e+00 1.000000000000000000e+00 1.000000000000000000e+00 0.000000000000000000e+00 0.000000000000000000e+00 -1.000000000000000000e+00 -1.000000000000000000e+00
6.400000000000000000e+01 2.637891382780456115e+04 1.960266800957845135e+01 -8.973254168784888796e-02 2.396108609102969744e+00 3.175127318224306272e+00 2.551580320718356831e-01 1.570796326794896558e+00 1.000000000000000000e+00 1.000000000000000000e+00 0.000000000000000000e+00 0.000000000000000000e+00 -1.000000000000000000e+00 -1.000000000000000000e+00
6.500000000000000000e+01 4.064782881182363781e+03 1.082785177208680949e+01 -2.487769373904438405e-02 2.109513690734944102e+00 3.137235526269968489e+00 1.951744670386804381e-01 0.000000000000000000e+00 1.000000000000000000e+00 1.000000000000000000e+00 0.000000000000000000e+00 0.000000000000000000e+00 -1.000000000000000000e+00 -1.000000000000000000e+00
6.800000000000000000e+01 8.779893151576001401e+03 1.747728115077324063e+01 -1.090260486662607414e-01 2.126251476450168543e+00 -2.150378489480123806e-02 3.833699663160019394e-02 0.000000000000000000e+00 1.000000000000000000e+00 1.000000000000000000e+00 0.000000000000000000e+00 0.000000000000000000e+00 -1.000000000000000000e+00 -1.000000000000000000e+00
7.000000000000000000e+01 7.717703488341332559e+03 1.636710465771148293e+01 -3.111282914956333898e-02 2.985477926461304943e+00 3.851019741606630069e-03 2.618559178599472181e-02 1.570796326794896558e+00 1.000000000000000000e+00 1.000000000000000000e+00 0.000000000000000000e+00 0.000000000000000000e+00 -1.000000000000000000e+00 -1.000000000000000000e+00
7.100000000000000000e+01 4.377658917301988549e+04 1.176023980837656069e+01 -4.314776423785680881e-02 3.044610603144100924e+00 2.340019396393743997e-02 4.488628604436958186e-02 1.570796326794896558e+00 1.000000000000000000e+00 1.000000000000000000e+00 0.000000000000000000e+00 0.000000000000000000e+00 -1.000000000000000000e+00 -1.000000000000000000e+00
7.300000000000000000e+01 4.647950318627456727e+04 2.494084252917488342e+01 -1.393486048288707646e-01 2.860852390153016955e+00 3.160819103582992451e+00 3.206145399438985188e-02 0.000000000000000000e+00 1.000000000000000000e+00 1.000000000000000000e+00 0.000000000000000000e+00 0.000000000000000000e+00 -1.000000000000000000e+00 -1.000000000000000000e+00
7.900000000000000000e+01 2.593881462606161949e+04 1.025054061766850211e+01 -1.279516455535403309e-02 2.554948203329933776e+00 3.202450808032043794e-02 2.251730019019098639e-01 1.570796326794896558e+00 1.000000000000000000e+00 1.000000000000000000e+00 0.000000000000000000e+00 0.000000000000000000e+00 -1.000000000000000000e+00 -1.000000000000000000e+00
8.000000000000000000e+01 1.635337887859419425e+03 1.143203695151247601e+01 5.630108503846717460e-02 8.341112717353428296e-01 -4.255180845690326695e-03 1.430668926261084717e-01 0.000000000000000000e+00 1.000000000000000000e+00 1.000000000000000000e+00 0.000000000000000000e+00 0.000000000000000000e+00 -1.000000000000000000e+00 -1.000000000000000000e+00
8.100000000000000000e+01 2.956867921100147578e+04 1.890724983876132370e+01 -1.286720162631408426e-01 2.243206793644504593e+00 3.793085888505554060e-02 2.835934190611663075e-01 1.570796326794896558e+00 1.000000000000000000e+00 1.000000000000000000e+00 0.000000000000000000e+00 0.000000000000000000e+00 -1.000000000000000000e+00 -1.000000000000000000e+00
8.200000000000000000e+01 4.458597988342036115e+04 1.063084878318434079e+01 -1.139848963055290626e-01 2.216391655582806486e+00 -3.311975082432154494e-02 7.087200857657904862e-03 1.570796326794896558e+00 1.000000000000000000e+00 1.000000000000000000e+00 0.000000000000000000e+00 0.000000000000000000e+00 -1.000000000000000000e+00 -1.000000000000000000e+00
8.300000000000000000e+01 2.537769662930506092e+04 2.037796991003723690e+01 -4.878328760263562353e-02 2.495634962853997774e+00 4.217601382023980668e-03 1.035710837515016192e-01 0.000000000000000000e+00 1.000000000000000000e+00 1.000000000000000000e+00 0.000000000000000000e+00 0.000000000000000000e+00 -1.000000000000000000e+00 -1.000000000000000000e+00
8.400000000000000000e+01 3.115774708969432322e+04 1.000484457996514642e+01 3.363983513281019327e-02 7.643060744066034751e-01 3.179733632589379244e+00 1.119591904355268647e-01 1.570796326794896558e+00 1.000000000000000000e+00 1.000000000000000000e+00 0.000000000000000000e+00 0.000000000000000000e+00 -1.000000000000000000e+00 -1.000000000000000000e+00
9.000000000000000000e+01 3.141982813956913742e+04 1.168128330429984274e+01 1.996043395728749198e-02 1.120386521520080336e+00 3.151238968901806548e+00 3.137922889679901212e-02 0.000000000000000000e+00 1.000000000000000000e+00 1.000000000000000000e+00 0.000000000000000000e+00 0.000000000000000000e+00 -1.000000000000000000e+00 -1.000000000000000000e+00
9.300000000000000000e+01 5.893433182003093862e+03 1.235826982731861179e+01 4.338695191866197287e-02 1.069812008740365084e+00 1.805949815664502009e-02 1.949646808956488064e-01 0.000000000000000000e+00 1.000000000000000000e+00 1.000000000000000000e+00 0.000000000000000000e+00 0.000000000000000000e+00 -1.000000000000000000e+00 -1.000000000000000000e+00
9.400000000000000000e+01 1.178705265652927847e+04 2.551393067898587930e+01 8.850827584840545437e-02 8.488168609594525238e-01 3.149208966848479285e+00 1.503489464009974408e-01 0.000000000000000000e+00 1.000000000000000000e+00 1.000000000000000000e+00 0.000000000000000000e+00 0.000000000000000000e+00 -1.000000000000000000e+00 -1.000000000000000000e+00
9.600000000000000000e+01 4.188901012632701895e+04 3.087070896057124969e+01 -2.340009530665315002e-02 1.702067978528848613e+00 1.378433354860226362e-02 1.495096507594086965e-01 0.000000000000000000e+00 1.000000000000000000e+00 1.000000000000000000e+00 0.000000000000000000e+00 0.000000000000000000e+00 -1.000000000000000000e+00 -1.000000000000000000e+00
9.700000000000000000e+01 1.807974370756916687e+04 1.185964267182593090e+01 -7.322424039837663323e-02 2.872247268694158251e+00 1.372250994136053545e-02 1.294199486993922732e-01 0.000000000000000000e+00 1.000000000000000000e+00 1.000000000000000000e+00 0.000000000000000000e+00 0.000000000000000000e+00 -1.000000000000000000e+00 -1.000000000000000000e+00
9.900000000000000000e+01 1.626472977440368049e+04 1.352622959666380353e+01 -7.848774880839107237e-02 2.401987935700166776e+00 -4.546513895868732678e-04 1.901594156498441837e-02 0.000000000000000000e+00 1.000000000000000000e+00 1.000000000000000000e+00 0.000000000000000000e+00 0.000000000000000000e+00 -1.000000000000000000e+00 -1.000000000000000000e+00
1.070000000000000000e+02 2.469708393772591080e+04 1.052273399504305473e+01 -5.963325093757833317e-02 2.994030193848765009e+00 3.109232826898908897e+00 1.801169460545484075e-02 1.570796326794896558e+00 1.000000000000000000e+00 1.000000000000000000e+00 0.000000000000000000e+00 0.000000000000000000e+00 -1.000000000000000000e+00 -1.000000000000000000e+00
1.090000000000000000e+02 3.803872094970613944e+03 1.962580467326924349e+01 1.285545748348908279e-01 6.437425075942151409e-01 3.140338023458911554e+00 2.320423750049678269e-01 0.000000000000000000e+00 1.000000000000000000e+00 1.000000000000000000e+00 0.000000000000000000e+00 0.000000000000000000e+00 -1.000000000000000000e+00 -1.000000000000000000e+00
1.100000000000000000e+02 3.687488607767006761e+04 1.861170620855845215e+01 1.982625014576848699e-01 1.732425521905983645e-02 3.184179384232682875e+00 2.308499266068573530e-01 1.570796326794896558e+00 1.000000000000000000e+00 1.000000000000000000e+00 0.000000000000000000e+00 0.000000000000000000e+00 -1.000000000000000000e+00 -1.000000000000000000e+00
1.110000000000000000e+02 1.593067163093812815e+04 3.593479882730691344e+01 3.393746529462886297e-02 3.640076094721298450e-01 3.162778585968397671e+00 5.620385573110187050e-02 1.570796326794896558e+00 1.000000000000000000e+00 1.000000000000000000e+00 0.000000000000000000e+00 0.000000000000000000e+00 -1.000000000000000000e+00 -1.000000000000000000e+00
1.120000000000000000e+02 3.274566591122467435e+04 1.052158328909005292e+01 1.508189660490681094e-01 3.378108947787236138e-01 3.579352731853721603e-02 1.260160451329851716e-01 1.570796326794896558e+00 1.000000000000000000e+00 1.000000000000000000e+00 0.000000000000000000e+00 0.000000000000000000e+00 -1.000000000000000000e+00 -1.000000000000000000e+00
1.130000000000000000e+02 1.895837124575090684e+03 1.002024796486528402e+01 -1.694881109844669029e-03 1.782737850036885785e+00 -8.949283370039907287e-03 2.804503930263448908e-01 0.000000000000000000e+00 1.000000000000000000e+00 1.000000000000000000e+00 0.000000000000000000e+00 0.000000000000000000e+00 -1.000000000000000000e+00 -1.000000000000000000e+00
1.150000000000000000e+02 9.500465824427017651e+03 1.328130109132911407e+01 4.591061805484555891e-02 1.173692974011746992e+00 3.147204749134429491e+00 6.268678010495602748e-02 1.570796326794896558e+00 1.000000000000000000e+00 1.000000000000000000e+00 0.000000000000000000e+00 0.000000000000000000e+00 -1.000000000000000000e+00 -1.000000000000000000e+00
1.160000000000000000e+02 1.149569778624855280e+04 1.170555978626379456e+01 2.687654778356955987e-01 4.117658932073175460e-01 -2.296987247287985562e-02 2.143041768874441033e-01 0.000000000000000000e+00 1.000000000000000000e+00 1.000000000000000000e+00 0.000000000000000000e+00 0.000000000000000000e+00 -1.000000000000000000e+00 -1.000000000000000000e+00
1.180000000000000000e+02 2.530876843420222212e+04 1.374588801084508383e+01 1.630495264022283758e-02 4.231963186853085479e-01 -2.368179890180447528e-02 2.500474886718357936e-01 0.000000000000000000e+00 1.000000000000000000e+00 1.000000000000000000e+00 0.000000000000000000e+00 0.000000000000000000e+00 -1.000000000000000000e+00 -1.000000000000000000e+00
1.200000000000000000e+02 1.003685383307439952e+04 1.734568080473346541e+01 -5.723715661296752133e-02 2.350439884711269301e+00 -3.408165223908435522e-03 2.823957552295826567e-01 0.000000000000000000e+00 1.000000000000000000e+00 1.000000000000000000e+00 0.000000000000000000e+00 0.000000000000000000e+00 -1.000000000000000000e+00 -1.000000000000000000e+00
1.260000000000000000e+02 3.838343611407918070e+04 1.552265554924801805e+01 1.084879485059745963e-01 6.258010309011996508e-01 -3.895898340832024999e-03 4.164809907143594836e-02 1.570796326794896558e+00 1.000000000000000000e+00 1.000000000000000000e+00 0.000000000000000000e+00 0.000000000000000000e+00 -1.000000000000000000e+00 -1.000000000000000000e+00
1.280000000000000000e+02 1.169298177071365717e+04 1.130515163154325009e+01 -7.085014479818884812e-05 2.360181969362177945e+00 3.137935745433328538e+00 1.572964520725766424e-01 0.000000000000000000e+00 1.000000000000000000e+00 1.000000000000000000e+00 0.000000000000000000e+00 0.000000000000000000e+00 -1.000000000000000000e+00 -1.000000000000000000e+00
1.290000000000000000e+02 2.216770236254754855e+04 1.387268243729623762e+01 5.809807235080465676e-02 1.092096699909374941e-01 2.995252792023309421e-02 1.027387753470276055e-01 0.000000000000000000e+00 1.000000000000000000e+00 1.000000000000000000e+00 0.000000000000000000e+00 0.000000000000000000e+00 -1.000000000000000000e+00 -1.000000000000000000e+00
1.310000000000000000e+02 4.974776168302050064e+04 3.818676103464768801e+01 1.979466149637669134e-02 1.311337242832930405e+00 -2.455106979401531705e-02 4.781042238345623724e-02 1.570796326794896558e+00 1.000000000000000000e+00 1.000000000000000000e+00 0.000000000000000000e+00 0.000000000000000000e+00 -1.000000000000000000e+00 -1.000000000000000000e+00
1.320000000000000000e+02 3.159196046636080428e+04 1.081968715340148002e+01 5.558077473093674808e-02 3.927106724807994387e-01 3.932023338289539899e-02 1.356901728279091834e-01 0.000000000000000000e+00 1.000000000000000000e+00 1.000000000000000000e+00 0.000000000000000000e+00 0.000000000000000000e+00 -1.000000000000000000e+00 -1.000000000000000000e+00
1.340000000000000000e+02 4.604392769718209456e+04 2.049891213306723969e+01 -1.911705696811454025e-02 2.267034311179257688e+00 3.127188649064037484e+00 2.520985162891832276e-01 1.570796326794896558e+00 1.000000000000000000e+00 1.000000000000000000e+00 0.000000000000000000e+00 0.000000000000000000e+00 -1.000000000000000000e+00 -1.000000000000000000e+00
1.350000000000000000e+02 1.207406754602212095e+04 1.236917086316960557e+01 8.597039646694245793e-03 3.875101613262606493e-01 3.155804421151573447e+00 1.698650478029457844e-01 0.000000000000000000e+00 1.000000000000000000e+00 1.000000000000000000e+00 0.000000000000000000e+00 0.000000000000000000e+00 -1.000000000000000000e+00 -1.000000000000000000e+00
1.390000000000000000e+02 7.536040535811468544e+03 1.025414135743264410e+01 -1.266446710098651784e-01 2.489619363741588209e+00 1.836779137095660014e-02 2.039653654389713966e-01 1.570796326794896558e+00 1.000000000000000000e+00 1.000000000000000000e+00 0.000000000000000000e+00 0.000000000000000000e+00 -1.000000000000000000e+00 -1.000000000000000000e+00
1.410000000000000000e+02 6.217909280348745597e+03 1.661072172114731416e+01 -4.196941276624461398e-02 2.178615324094402617e+00 -5.723258400676304800e-03 2.202291695501673585e-02 0.000000000000000000e+00 1.000000000000000000e+00 1.000000000000000000e+00 0.000000000000000000e+00 0.000000000000000000e+00 -1.000000000000000000e+00 -1.000000000000000000e+00
1.420000000000000000e+02 5.704692041191150565e+03 1.422381452967757198e+01 -1.527162712655447119e-02 2.240825242860949196e+00 -1.599101120229004525e-02 1.273203812485003694e-01 1.570796326794896558e+00 1.000000000000000000e+00 1.000000000000000000e+00 0.000000000000000000e+00 0.000000000000000000e+00 -1.000000000000000000e+00 -1.000000000000000000e+00
1.440000000000000000e+02 2.972053105593154760e+04 1.143485514071623754e+01 -3.498092895852822348e-02 1.810787277156604036e+00 -3.658197452234220742e-02 4.003624564657963514e-02 1.570796326794896558e+00 1.000000000000000000e+00 1.000000000000000000e+00 0.000000000000000000e+00 0.000000000000000000e+00 -1.000000000000000000e+00 -1.000000000000000000e+00
1.470000000000000000e+02 3.045393305005552247e+04 1.839086861437099429e+01 -3.317791345903445960e-02 2.573941103896085991e+00 1.318983630769922019e-02 5.632246951574478716e-02 0.000000000000000000e+00 1.000000000000000000e+00 1.000000000000000000e+00 0.000000000000000000e+00 0.000000000000000000e+00 -1.000000000000000000e+00 -1.000000000000000000e+00
1.500000000000000000e+02 3.048460623277124250e+04 1.019996853730589415e+01 -1.107444585075050697e-02 1.919982780202336370e+00 3.152027729380078025e+00 1.624769331319313725e-01 1.570796326794896558e+00 1.000000000000000000e+00 1.000000000000000000e+00 0.000000000000000000e+00 0.000000000000000000e+00 -1.000000000000000000e+00 -1.000000000000000000e+00
1.520000000000000000e+02 4.236654785617897141e+04 1.022254832574092021e+01 -7.264908962045167617e-02 2.146000445788017075e+00 3.176950318839825371e+00 3.579391390869959139e-02 0.000000000000000000e+00 1.000000000000000000e+00 1.000000000000000000e+00 0.000000000000000000e+00 0.000000000000000000e+00 -1.000000000000000000e+00 -1.000000000000000000e+00
1.550000000000000000e+02 4.059450248176695459e+04 1.477039198164762723e+01 -7.592059756645812285e-02 3.085423842442126308e+00 3.157188925567699034e+00 2.585375548999139794e-01 0.000000000000000000e+00 1.000000000000000000e+00 1.000000000000000000e+00 0.000000000000000000e+00 0.000000000000000000e+00 -1.000000000000000000e+00 -1.000000000000000000e+00
1.640000000000000000e+02 9.298183875718043055e+03 1.218324771521847083e+01 -1.548664605706645547e-01 3.002330867586019192e+00 -9.435973948867045977e-03 6.341808000609623630e-02 1.570796326794896558e+00 1.000000000000000000e+00 1.000000000000000000e+00 0.000000000000000000e+00 0.000000000000000000e+00 -1.000000000000000000e+00 -1.000000000000000000e+00
1.670000000000000000e+02 2.912213051922431623e+04 2.169413607073825290e+01 -1.208627257600687899e-01 2.995069864195955223e+00 3.177577851660717378e+00 2.424488555037979942e-01 0.000000000000000000e+00 1.000000000000000000e+00 1.000000000000000000e+00 0.000000000000000000e+00 0.000000000000000000e+00 -1.000000000000000000e+00 -1.000000000000000000e+00
1.680000000000000000e+02 1.306947792720641337e+04 1.362041695966290433e+01 -2.758833838793669016e-02 2.154384136354563939e+00 1.238202449626828704e-02 6.731231788792191306e-02 1.570796326794896558e+00 1.000000000000000000e+00 1.000000000000000000e+00 0.000000000000000000e+00 0.000000000000000000e+00 -1.000000000000000000e+00 -1.000000000000000000e+00
1.700000000000000000e+02 4.921728646737958479e+04 2.010781188358096827e+01 1.679054132460409965e-01 6.017655845955651728e-01 3.877039203406801998e-02 1.191220821167004451e-01 0.000000000000000000e+00 1.000000000000000000e+00 1.000000000000000000e+00 0.000000000000000000e+00 0.000000000000000000e+00 -1.000000000000000000e+00 -1.000000000000000000e+00
1.720000000000000000e+02 1.006276380952179716e+04 1.147200611226846334e+01 1.693645300153821809e-01 1.501391354831104752e-01 3.134168697121749503e+00 4.527734588159262191e-02 0.000000000000000000e+00 1.000000000000000000e+00 1.000000000000000000e+00 0.000000000000000000e+00 0.000000000000000000e+00 -1.000000000000000000e+00 -1.000000000000000000e+00
1.750000000000000000e+02 1.308296767109367465e+04 1.192596708402977512e+01 1.893688057042068607e-01 3.281355135949027835e-01 3.118130689037185821e+00 1.468629398003188091e-01 1.570796326794896558e+00 1.000000000000000000e+00 1.000000000000000000e+00 0.000000000000000000e+00 0.000000000000000000e+00 -1.000000000000000000e+00 -1.000000000000000000e+00
1.760000000000000000e+02 4.581279210268567840e+04 1.398843307325874363e+01 -3.942470465897604526e-02 2.247403801696786996e+00 3.150740835653829119e+00 6.975698341787198165e-02 1.570796326794896558e+00 1.000000000000000000e+00 1.000000000000000000e+00 0.000000000000000000e+00 0.000000000000000000e+00 -1.000000000000000000e+00 -1.000000000000000000e+00
1.790000000000000000e+02 4.643598196506793465e+04 1.154205837232715837e+01 -3.148321444758366700e-02 2.301595111731514098e+00 -3.334389493923357178e-02 8.372698955139286359e-02 0.000000000000000000e+00 1.000000000000000000e+00 1.000000000000000000e+00 0.000000000000000000e+00 0.000000000000000000e+00 -1.000000000000000000e+00 -1.000000000000000000e+00
1.800000000000000000e+02 4.576880869859149971e+04 1.204420100782367697e+01 5.635576662988953794e-02 1.842430299261855753e-01 -4.405687831589651104e-02 1.296298799221368425e-01 0.000000000000000000e+00 1.000000000000000000e+00 1.000000000000000000e+00 0.000000000000000000e+00 0.000000000000000000e+00 -1.000000000000000000e+00 -1.000000000000000000e+00
1.810000000000000000e+02 3.697579736529864749e+04 1.033174885014481781e+01 1.628620356750727360e-01 1.146990168027766321e+00 5.421248085196055111e-03 8.708410300034337415e-02 1.570796326794896558e+00 1.000000000000000000e+00 1.000000000000000000e+00 0.000000000000000000e+00 0.000000000000000000e+00 -1.000000000000000000e+00 -1.000000000000000000e+00
1.820000000000000000e+02 1.775929281346353673e+04 1.141609919332294965e+01 -2.437758743611859735e-01 1.714637596373697059e+00 3.119676003128209807e+00 2.722383673456023612e-01 1.570796326794896558e+00 1.000000000000000000e+00 1.000000000000000000e+00 0.000000000000000000e+00 0.000000000000000000e+00 -1.000000000000000000e+00 -1.000000000000000000e+00
1.840000000000000000e+02 1.864397475504674367e+04 1.912259230795790543e+01 -5.770544942467309424e-02 2.478315986388210490e+00 -7.441349305108768859e-03 1.478091433038330738e-01 1.570796326794896558e+00 1.000000000000000000e+00 1.000000000000000000e+00 0.000000000000000000e+00 0.000000000000000000e+00 -1.000000000000000000e+00 -1.000000000000000000e+00
1.850000000000000000e+02 4.509070919859259448e+04 2.915916075395831797e+01 -1.073650695145104000e-01 1.689138873942468200e+00 -1.006056122395318324e-02 1.956102582013564614e-02 0.000000000000000000e+00 1.000000000000000000e+00 1.000000000000000000e+00 0.000000000000000000e+00 0.000000000000000000e+00 -1.000000000000000000e+00 -1.000000000000000000e+00
1.880000000000000000e+02 4.061425924839729851e+04 1.153378004834422477e+01 -4.376213573769746623e-02 2.099731889505472626e+00 -3.985990809405128010e-02 2.804132791773141786e-01 1.570796326794896558e+00 1.000000000000000000e+00 1.000000000000000000e+00 0.000000000000000000e+00 0.000000000000000000e+00 -1.000000000000000000e+00 -1.000000000000000000e+00
1.900000000000000000e+02 2.765937223231335156e+04 1.209397471829499793e+01 -1.010668945977320071e-03 1.864518902294341807e+00 1.433491831044157554e-02 2.676359395807976216e-01 1.570796326794896558e+00 1.000000000000000000e+00 1.000000000000000000e+00 0.000000000000000000e+00 0.000000000000000000e+00 -1.000000000000000000e+00 -1.000000000000000000e+00
1.910000000000000000e+02 4.195011653575111268e+04 1.226346298319336903e+01 -2.459761689690836417e-01 2.765125263805648714e+00 -4.738626856647272512e-02 7.746223220857596792e-02 0.000000000000000000e+00 1.000000000000000000e+00 1.000000000000000000e+00 0.000000000000000000e+00 0.000000000000000000e+00 -1.000000000000000000e+00 -1.000000000000000000e+00
1.930000000000000000e+02 2.481803502541975831e+04 2.709529903146852092e+01 -3.704297160134073508e-02 1.868616264295510421e+00 3.147287120780339009e+00 1.982610392892766027e-01 0.000000000000000000e+00 1.000000000000000000e+00 1.000000000000000000e+00 0.000000000000000000e+00 0.000000000000000000e+00 -1.000000000000000000e+00 -1.000000000000000000e+00
1.940000000000000000e+02 2.337520563709645648e+04 1.610581331654775994e+01 1.878188669131056199e-02 2.416419261010914754e-01 3.122941038091399779e+00 1.086627104703204033e-01 1.570796326794896558e+00 1.000000000000000000e+00 1.000000000000000000e+00 0.000000000000000000e+00 0.000000000000000000e+00 -1.000000000000000000e+00 -1.000000000000000000e+00
1.970000000000000000e+02 1.416758187958507915e+04 1.068070103188020425e+01 2.052744122377019032e-02 1.517670127166333316e+00 2.269599874140252813e-02 1.840829194142162839e-01 0.000000000000000000e+00 1.000000000000000000e+00 1.000000000000000000e+00 0.000000000000000000e+00 0.000000000000000000e+00 -1.000000000000000000e+00 -1.000000000000000000e+00
1.990000000000000000e+02 8.970374664188044335e+03 1.215865549511539179e+01 5.107701931521106860e-03 7.098692070373228968e-02 -3.441766568231615156e-03 2.911711775899566979e-01 1.570796326794896558e+00 1.000000000000000000e+00 1.000000000000000000e+00 0.000000000000000000e+00 0.000000000000000000e+00 -1.000000000000000000e+00 -1.000000000000000000e+00
2.000000000000000000e+02 3.716954347767004219e+04 1.685741166141978198e+01 5.961792759741638137e-02 1.537424732166404739e+00 3.824161738957770895e-02 7.215188567526124863e-02 1.570796326794896558e+00 1.000000000000000000e+00 1.000000000000000000e+00 0.000000000000000000e+00 0.000000000000000000e+00 -1.000000000000000000e+00 -1.000000000000000000e+00
