# id_num orb_a mass spin spin_angle orb_inc orb_ecc orb_arg_periapse orb_ang_mom gen galaxy time_passed gw_freq gw_strain
2.600000000000000000e+01 1.224543468961718645e+04 1.052012590391502300e+01 5.897667778407827271e-02 5.184951434884372823e-01 3.157660171540703331e+00 1.427121794983386149e-01 1.570796326794896558e+00 -1.000000000000000000e+00 1.000000000000000000e+00 0.000000000000000000e+00 0.000000000000000000e+00 -1.000000000000000000e+00 -1.000000000000000000e+00
3.600000000000000000e+01 2.409157220782033619e+04 1.276247552248769068e+01 6.681079656832454583e-02 1.480974196294053913e+00 3.175091118866721906e+00 2.863531053316674124e-01 1.570796326794896558e+00 -1.000000000000000000e+00 1.000000000000000000e+00 0.000000000000000000e+00 0.000000000000000000e+00 -1.000000000000000000e+00 -1.000000000000000000e+00
3.700000000000000000e+01 4.012600658418441162e+04 1.598419427983248653e+01 5.827461862329996745e-02 2.620000908915856019e-01 3.178797894018010162e+00 1.754830573097951041e-01 1.570796326794896558e+00 -1.000000000000000000e+00 1.000000000000000000e+00 0.000000000000000000e+00 0.000000000000000000e+00 -1.000000000000000000e+00 -1.000000000000000000e+00
4.900000000000000000e+01 4.238813764740133774e+04 2.022744451391589138e+01 1.067045395813624592e-01 5.510242984171900837e-02 3.167259377447668722e+00 2.071913162139986109e-01 1.570796326794896558e+00 -1.000000000000000000e+00 1.000000000000000000e+00 0.000000000000000000e+00 0.000000000000000000e+00 -1.000000000000000000e+00 -1.000000000000000000e+00
5.600000000000000000e+01 2.975474561749985151e+04 1.028611149726287621e+01 1.648581491791425435e-01 1.008039442887137538e+00 3.159762482794127525e+00 1.236483203177771856e-01 1.570796326794896558e+00 -1.000000000000000000e+00 1.000000000000000000e+00 0.000000000000000000e+00 0.000000000000000000e+00 -1.000000000000000000e+00 -1.000000000000000000e+00
6.200000000000000000e+01 2.286277479394128386e+04 1.516173865624014461e+01 1.397043116277491871e-02 1.437023601087482838e+00 3.132212116111822819e+00 6.109191529122544317e-02 1.570796326794896558e+00 -1.000000000000000000e+00 1.000000000000000000e+00 0.000000000000000000e+00 0.000000000000000000e+00 -1.000000000000000000e+00 -1.000000000000000000e+00
7.300000000000000000e+01 4.712273802324378630e+04 3.431691210393064040e+01 6.637026255549395570e-02 8.906179737877897296e-01 3.148283102081638418e+00 8.316490637963680488e-02 1.570796326794896558e+00 -1.000000000000000000e+00 1.000000000000000000e+00 0.000000000000000000e+00 0.000000000000000000e+00 -1.000000000000000000e+00 -1.000000000000000000e+00
7.400000000000000000e+01 3.930008007733324575e+03 1.083549630787626583e+01 -4.026787515501356607e-02 1.712599485949162892e+00 3.128354698675507528e+00 5.246870684460407802e-02 1.570796326794896558e+00 -1.000000000000000000e+00 1.000000000000000000e+00 0.000000000000000000e+00 0.000000000000000000e+00 -1.000000000000000000e+00 -1.000000000000000000e+00
8.300000000000000000e+01 4.266237900032602920e+04 2.539355594439879482e+01 -4.328087333328425879e-02 2.093256137630642666e+00 3.144841933615785123e+00 1.178723417967127568e-01 1.570796326794896558e+00 -1.000000000000000000e+00 1.000000000000000000e+00 0.000000000000000000e+00 0.000000000000000000e+00 -1.000000000000000000e+00 -1.000000000000000000e+00
9.700000000000000000e+01 3.666888212829688564e+04 1.284189235102867599e+01 1.402450218063711618e-01 5.392539763264758701e-01 3.118992525000673588e+00 1.443584542354966194e-01 1.570796326794896558e+00 -1.000000000000000000e+00 1.000000000000000000e+00 0.000000000000000000e+00 0.000000000000000000e+00 -1.000000000000000000e+00 -1.000000000000000000e+00
1.180000000000000000e+02 2.824904025000641195e+04 1.419070990706362601e+01 1.589541025302968619e-02 1.042032665727061991e+00 3.177797035893312749e+00 2.163571753029919498e-01 1.570796326794896558e+00 -1.000000000000000000e+00 1.000000000000000000e+00 0.000000000000000000e+00 0.000000000000000000e+00 -1.000000000000000000e+00 -1.000000000000000000e+00
1.340000000000000000e+02 4.138578163476294867e+04 1.110792429478170185e+01 1.022425016399686470e-01 9.468669637795411598e-01 3.172026065831352160e+00 1.684898471086035965e-01 1.570796326794896558e+00 -1.000000000000000000e+00 1.000000000000000000e+00 0.000000000000000000e+00 0.000000000000000000e+00 -1.000000000000000000e+00 -1.000000000000000000e+00
1.350000000000000000e+02 2.328196023205656456e+04 1.742557598404508568e+01 3.311281973444998167e-02 6.146256075780228700e-01 3.147429848679304865e+00 3.580281950611767516e-02 1.570796326794896558e+00 -1.000000000000000000e+00 1.000000000000000000e+00 0.000000000000000000e+00 0.000000000000000000e+00 -1.000000000000000000e+00 -1.000000000000000000e+00
1.360000000000000000e+02 1.782544359906230238e+04 1.097734491385669386e+01 -2.222389277785761716e-02 1.854079819317923539e+00 3.160481454233035503e+00 1.988593367040110138e-01 1.570796326794896558e+00 -1.000000000000000000e+00 1.000000000000000000e+00 0.000000000000000000e+00 0.000000000000000000e+00 -1.000000000000000000e+00 -1.000000000000000000e+00
1.380000000000000000e+02 2.302378053916176214e+03 1.411633075224068889e+01 -3.326893384144233856e-01 2.446845815400046753e+00 3.136127174434184539e+00 7.448195527401409166e-02 1.570796326794896558e+00 -1.000000000000000000e+00 1.000000000000000000e+00 0.000000000000000000e+00 0.000000000000000000e+00 -1.000000000000000000e+00 -1.000000000000000000e+00
1.400000000000000000e+02 1.636672672094791960e+04 1.715017721742554002e+01 -8.584916996625774344e-02 2.211088379246469060e+00 3.145170132923016393e+00 2.251881199379175413e-01 1.570796326794896558e+00 -1.000000000000000000e+00 1.000000000000000000e+00 0.000000000000000000e+00 0.000000000000000000e+00 -1.000000000000000000e+00 -1.000000000000000000e+00
1.580000000000000000e+02 8.178578988770074830e+03 1.204617518224374351e+01 -7.783150758688681115e-02 1.940992721547643463e+00 3.126972484150965403e+00 1.582597598730416458e-02 1.570796326794896558e+00 -1.000000000000000000e+00 1.000000000000000000e+00 0.000000000000000000e+00 0.000000000000000000e+00 -1.000000000000000000e+00 -1.000000000000000000e+00
1.630000000000000000e+02 1.480171902689287890e+04 1.249684052148527691e+01 -6.067508409080744208e-02 2.126778115883156239e+00 3.123014375003196452e+00 4.250674693464513015e-02 1.570796326794896558e+00 -1.000000000000000000e+00 1.000000000000000000e+00 0.000000000000000000e+00 0.000000000000000000e+00 -1.000000000000000000e+00 -1.000000000000000000e+00
1.640000000000000000e+02 2.716765188374961326e+03 1.070514649462187151e+01 -2.644512391529214579e-01 2.216148039694137317e+00 3.128342243214204732e+00 1.114473416149582841e-01 1.570796326794896558e+00 -1.000000000000000000e+00 1.000000000000000000e+00 0.000000000000000000e+00 0.000000000000000000e+00 -1.000000000000000000e+00 -1.000000000000000000e+00
