# id_num orb_a mass spin spin_angle orb_inc orb_ecc orb_arg_periapse orb_ang_mom gen galaxy time_passed gw_freq gw_strain
1.000000000000000000e+00 3.191118908868099606e+04 1.411662399307667215e+01 2.046427240035758599e-01 1.757831666902764711e+00 3.113326845243235219e+00 6.106810725570807619e-02 0.000000000000000000e+00 1.000000000000000000e+00 1.000000000000000000e+00 0.000000000000000000e+00 0.000000000000000000e+00 -1.000000000000000000e+00 -1.000000000000000000e+00
2.000000000000000000e+00 4.355310849784196762e+04 1.907077099591451841e+01 7.293545657433264662e-02 1.374700600487333890e+00 -1.049572074576294277e-02 3.320609836012151928e-02 0.000000000000000000e+00 1.000000000000000000e+00 1.000000000000000000e+00 0.000000000000000000e+00 0.000000000000000000e+00 -1.000000000000000000e+00 -1.000000000000000000e+00
4.000000000000000000e+00 4.172977809060566869e+02 1.788572351519877301e+01 -1.002293581814006213e-01 2.159310808049813790e+00 3.144779931177370536e+00 3.968218104774755978e-02 1.570796326794896558e+00 1.000000000000000000e+00 1.000000000000000000e+00 0.000000000000000000e+00 0.000000000000000000e+00 -1.000000000000000000e+00 -1.000000000000000000e+00
8.000000000000000000e+00 4.119282034297768860e+02 1.513710408669944130e+01 -8.278965380060274160e-02 2.322471155685864375e+00 3.137583695664716732e+00 4.418210403916890405e-02 0.000000000000000000e+00 1.000000000000000000e+00 1.000000000000000000e+00 0.000000000000000000e+00 0.000000000000000000e+00 -1.000000000000000000e+00 -1.000000000000000000e+00
1.000000000000000000e+01 3.677585708383382007e+04 1.365683686978007927e+01 2.706794907637344316e-02 1.092572384946230768e+00 3.143415015509432475e+00 2.474363729896577116e-02 0.000000000000000000e+00 1.000000000000000000e+00 1.000000000000000000e+00 0.000000000000000000e+00 0.000000000000000000e+00 -1.000000000000000000e+00 -1.000000000000000000e+00
1.100000000000000000e+01 4.496381084751200251e+04 2.225010867135036463e+01 3.551898682718529661e-03 1.338115909674053139e+00 2.120049075438595887e-02 4.270114057168018090e-02 0.000000000000000000e+00 1.000000000000000000e+00 1.000000000000000000e+00 0.000000000000000000e+00 0.000000000000000000e+00 -1.000000000000000000e+00 -1.000000000000000000e+00
1.200000000000000000e+01 1.143585148698647208e+04 1.142207986218672922e+01 6.000010125826946150e-02 1.709441029453377725e+00 3.163603859423012032e+00 1.669542580472778079e-02 0.000000000000000000e+00 1.000000000000000000e+00 1.000000000000000000e+00 0.000000000000000000e+00 0.000000000000000000e+00 -1.000000000000000000e+00 -1.000000000000000000e+00
1.300000000000000000e+01 3.359885005809398717e+04 3.581701267508837816e+01 -1.051426190156169588e-01 2.821659787215661908e+00 3.128520167566870569e+00 1.000000000000000056e-01 1.570796326794896558e+00 1.000000000000000000e+00 1.000000000000000000e+00 0.000000000000000000e+00 0.000000000000000000e+00 -1.000000000000000000e+00 -1.000000000000000000e+00
1.500000000000000000e+01 3.045521205588674638e+04 1.069202044742987212e+01 -6.214650292299326445e-02 2.296648555990094209e+00 3.173056763449932483e+00 8.539948115279966112e-02 0.000000000000000000e+00 1.000000000000000000e+00 1.000000000000000000e+00 0.000000000000000000e+00 0.000000000000000000e+00 -1.000000000000000000e+00 -1.000000000000000000e+00
1.600000000000000000e+01 2.734286387994352845e+04 3.661411709757098976e+01 -1.823200707922164876e-01 2.401025627193675849e+00 3.369813329614155997e-03 4.438941033164460481e-02 0.000000000000000000e+00 1.000000000000000000e+00 1.000000000000000000e+00 0.000000000000000000e+00 0.000000000000000000e+00 -1.000000000000000000e+00 -1.000000000000000000e+00
1.700000000000000000e+01 4.050182386447630415e+04 1.125078798612493713e+01 -5.620733345229560196e-02 3.100000000000000089e+00 3.109437930599947997e+00 2.102097229163197786e-02 1.570796326794896558e+00 1.000000000000000000e+00 1.000000000000000000e+00 0.000000000000000000e+00 0.000000000000000000e+00 -1.000000000000000000e+00 -1.000000000000000000e+00
1.800000000000000000e+01 3.247500213316247027e+04 1.467355608711729431e+01 9.363540636769063230e-02 5.531989254191764793e-01 -1.931492033327786295e-02 2.250326102850853591e-02 0.000000000000000000e+00 1.000000000000000000e+00 1.000000000000000000e+00 0.000000000000000000e+00 0.000000000000000000e+00 -1.000000000000000000e+00 -1.000000000000000000e+00
2.000000000000000000e+01 2.080177232845561593e+04 1.274657679603847882e+01 8.465972674814056798e-02 4.302796668023865512e-01 -4.589152571472961822e-02 5.931720095435059209e-02 1.570796326794896558e+00 1.000000000000000000e+00 1.000000000000000000e+00 0.000000000000000000e+00 0.000000000000000000e+00 -1.000000000000000000e+00 -1.000000000000000000e+00
2.400000000000000000e+01 1.712895634182509821e+04 1.823255801592506842e+01 -8.640928935393775434e-02 2.582049130002419979e+00 3.115733985766571568e+00 2.547866888843433597e-02 1.570796326794896558e+00 1.000000000000000000e+00 1.000000000000000000e+00 0.000000000000000000e+00 0.000000000000000000e+00 -1.000000000000000000e+00 -1.000000000000000000e+00
2.500000000000000000e+01 1.673541542460349956e+04 1.230788160429732514e+01 -1.008520119401044857e-01 2.892315881013863610e+00 -1.378691667865062156e-02 2.089462262777561433e-02 1.570796326794896558e+00 1.000000000000000000e+00 1.000000000000000000e+00 0.000000000000000000e+00 0.000000000000000000e+00 -1.000000000000000000e+00 -1.000000000000000000e+00
3.000000000000000000e+01 1.717068346790849682e+04 2.583576263406724394e+01 -4.463259859618393804e-02 2.137903540242986455e+00 3.142912556881810815e+00 9.000000000000001055e-02 0.000000000000000000e+00 1.000000000000000000e+00 1.000000000000000000e+00 0.000000000000000000e+00 0.000000000000000000e+00 -1.000000000000000000e+00 -1.000000000000000000e+00
3.200000000000000000e+01 5.000000000000000000e+04 3.180450898782449443e+01 4.448263372610515576e-02 6.246244963246940785e-01 3.183703781057033666e+00 8.744577294321236038e-02 1.570796326794896558e+00 1.000000000000000000e+00 1.000000000000000000e+00 0.000000000000000000e+00 0.000000000000000000e+00 -1.000000000000000000e+00 -1.000000000000000000e+00
3.300000000000000000e+01 2.183395371983750010e+04 1.180582229182215315e+01 -2.170462778574937246e-02 1.425806481089529454e+00 6.246548049907607765e-03 6.479409820797839281e-02 1.570796326794896558e+00 1.000000000000000000e+00 1.000000000000000000e+00 0.000000000000000000e+00 0.000000000000000000e+00 -1.000000000000000000e+00 -1.000000000000000000e+00
3.400000000000000000e+01 1.335222865591115442e+04 1.628470858646089425e+01 3.431222548841095232e-02 1.070725832149196810e+00 5.022618806108240450e-03 6.160625232982328003e-02 0.000000000000000000e+00 1.000000000000000000e+00 1.000000000000000000e+00 0.000000000000000000e+00 0.000000000000000000e+00 -1.000000000000000000e+00 -1.000000000000000000e+00
3.500000000000000000e+01 4.761420432069539675e+04 1.102222948540173597e+01 -7.793247587798401987e-02 2.613152276837853449e+00 3.028485585978331340e-02 6.425438312952873321e-02 0.000000000000000000e+00 1.000000000000000000e+00 1.000000000000000000e+00 0.000000000000000000e+00 0.000000000000000000e+00 -1.000000000000000000e+00 -1.000000000000000000e+00
3.900000000000000000e+01 4.844076315124692337e+04 1.223606290043636413e+01 7.229229377613331786e-02 4.926534924637944735e-01 3.318050095817391687e-02 1.818533493972450676e-01 0.000000000000000000e+00 1.000000000000000000e+00 1.000000000000000000e+00 0.000000000000000000e+00 0.000000000000000000e+00 -1.000000000000000000e+00 -1.000000000000000000e+00
4.000000000000000000e+01 4.196359991156680917e+04 1.540447634250191733e+01 -7.454341289389569691e-02 3.100000000000000089e+00 2.253014434563772525e-02 1.700915382003805737e-02 1.570796326794896558e+00 1.000000000000000000e+00 1.000000000000000000e+00 0.000000000000000000e+00 0.000000000000000000e+00 -1.000000000000000000e+00 -1.000000000000000000e+00
4.100000000000000000e+01 2.546535001510349684e+04 1.075217774532664983e+01 -1.043945982784443005e-01 2.352358029751730584e+00 3.185290595519381540e+00 1.170136561940553349e-01 0.000000000000000000e+00 1.000000000000000000e+00 1.000000000000000000e+00 0.000000000000000000e+00 0.000000000000000000e+00 -1.000000000000000000e+00 -1.000000000000000000e+00
4.400000000000000000e+01 4.447252543318669632e+04 1.391116685943388198e+01 1.537421153134682639e-01 9.063937977124980616e-01 -3.481376286511296547e-02 4.824493950847977969e-02 0.000000000000000000e+00 1.000000000000000000e+00 1.000000000000000000e+00 0.000000000000000000e+00 0.000000000000000000e+00 -1.000000000000000000e+00 -1.000000000000000000e+00
4.600000000000000000e+01 4.230543199702227867e+04 1.827432792816511054e+01 -5.045152914227664376e-02 2.442307085294256108e+00 -4.662939163789345254e-02 1.978811011881624268e-02 0.000000000000000000e+00 1.000000000000000000e+00 1.000000000000000000e+00 0.000000000000000000e+00 0.000000000000000000e+00 -1.000000000000000000e+00 -1.000000000000000000e+00
4.700000000000000000e+01 9.094266935422858296e+03 1.072147520065691140e+01 5.605550511711376860e-02 1.736553343303011143e+00 -1.431477012919155425e-02 1.000000000000000056e-01 0.000000000000000000e+00 1.000000000000000000e+00 1.000000000000000000e+00 0.000000000000000000e+00 0.000000000000000000e+00 -1.000000000000000000e+00 -1.000000000000000000e+00
5.200000000000000000e+01 2.727260950758079343e+04 1.235440799041092674e+01 -1.568807049384201568e-01 2.513711875322052869e+00 3.168212135463305490e+00 3.661092095176895350e-02 0.000000000000000000e+00 1.000000000000000000e+00 1.000000000000000000e+00 0.000000000000000000e+00 0.000000000000000000e+00 -1.000000000000000000e+00 -1.000000000000000000e+00
5.700000000000000000e+01 4.059663265967378538e+04 1.605695473684331631e+01 -2.562907311977270959e-03 1.246557329381871693e+00 -7.046701981137243331e-03 1.460817937142563083e-01 1.570796326794896558e+00 1.000000000000000000e+00 1.000000000000000000e+00 0.000000000000000000e+00 0.000000000000000000e+00 -1.000000000000000000e+00 -1.000000000000000000e+00
6.000000000000000000e+01 3.277164684989591478e+04 2.323545364021858362e+01 8.280732939187719632e-03 1.801849757387828266e+00 1.909836373093229400e-02 7.270529041456144648e-02 0.000000000000000000e+00 1.000000000000000000e+00 1.000000000000000000e+00 0.000000000000000000e+00 0.000000000000000000e+00 -1.000000000000000000e+00 -1.000000000000000000e+00
6.100000000000000000e+01 5.000000000000000000e+04 2.742819053621927949e+01 1.271106357709126944e-01 1.741540249535429297e+00 3.167313100516276680e+00 1.248263042600779651e-02 1.570796326794896558e+00 1.000000000000000000e+00 1.000000000000000000e+00 0.000000000000000000e+00 0.000000000000000000e+00 -1.000000000000000000e+00 -1.000000000000000000e+00
6.500000000000000000e+01 1.176865003611733300e+04 1.304413846879460870e+01 1.118056735943041557e-01 3.668504018905428543e-01 3.135034592390133046e+00 6.329683973369759631e-02 1.570796326794896558e+00 1.000000000000000000e+00 1.000000000000000000e+00 0.000000000000000000e+00 0.000000000000000000e+00 -1.000000000000000000e+00 -1.000000000000000000e+00
6.700000000000000000e+01 4.988879195620418727e+02 1.355347113515500013e+01 9.841549512516103992e-03 1.795987680333529957e+00 7.302924411153485958e-03 1.000000000000000056e-01 0.000000000000000000e+00 1.000000000000000000e+00 1.000000000000000000e+00 0.000000000000000000e+00 0.000000000000000000e+00 -1.000000000000000000e+00 -1.000000000000000000e+00
6.800000000000000000e+01 5.000000000000000000e+04 1.877960805068981287e+01 1.120199644099511282e-01 5.531234038988228630e-01 3.119189230996087137e+00 3.484711831146754951e-02 1.570796326794896558e+00 1.000000000000000000e+00 1.000000000000000000e+00 0.000000000000000000e+00 0.000000000000000000e+00 -1.000000000000000000e+00 -1.000000000000000000e+00
6.900000000000000000e+01 3.773215558793333184e+04 2.262218155150663179e+01 -2.437096372388741425e-02 1.430367415023454214e+00 -1.198895275732361244e-02 3.039388602229823114e-02 1.570796326794896558e+00 1.000000000000000000e+00 1.000000000000000000e+00 0.000000000000000000e+00 0.000000000000000000e+00 -1.000000000000000000e+00 -1.000000000000000000e+00
7.900000000000000000e+01 5.070522346512313447e+02 1.654729116988049853e+01 6.990429965636379972e-02 1.673708068421787543e+00 3.133741346775347214e+00 1.210316503757194115e-02 0.000000000000000000e+00 1.000000000000000000e+00 1.000000000000000000e+00 0.000000000000000000e+00 0.000000000000000000e+00 -1.000000000000000000e+00 -1.000000000000000000e+00
8.200000000000000000e+01 4.445254657675168346e+02 1.363528517316317767e+01 -2.340193817194288206e-01 3.100000000000000089e+00 -2.680700770163412482e-03 2.298429931235059301e-02 0.000000000000000000e+00 1.000000000000000000e+00 1.000000000000000000e+00 0.000000000000000000e+00 0.000000000000000000e+00 -1.000000000000000000e+00 -1.000000000000000000e+00
8.600000000000000000e+01 5.024410744152442589e+02 1.702185228377563675e+01 -3.738275159599718095e-03 6.097438773176582227e-01 3.141163074502968833e+00 1.264191179418796759e-02 0.000000000000000000e+00 1.000000000000000000e+00 1.000000000000000000e+00 0.000000000000000000e+00 0.000000000000000000e+00 -1.000000000000000000e+00 -1.000000000000000000e+00
8.800000000000000000e+01 9.613744758629694843e+03 1.341289578576596497e+01 1.653189949258374591e-01 5.212479841417607673e-01 3.115580739593248438e+00 1.000000000000000021e-02 0.000000000000000000e+00 1.000000000000000000e+00 1.000000000000000000e+00 0.000000000000000000e+00 0.000000000000000000e+00 -1.000000000000000000e+00 -1.000000000000000000e+00
8.900000000000000000e+01 1.890565214025864771e+04 1.188804907085346585e+01 -5.593353140557918990e-02 3.079060000000000130e+00 3.174927430075370066e-02 3.275291747010929122e-02 0.000000000000000000e+00 1.000000000000000000e+00 1.000000000000000000e+00 0.000000000000000000e+00 0.000000000000000000e+00 -1.000000000000000000e+00 -1.000000000000000000e+00
9.100000000000000000e+01 1.631589613183289293e+04 1.953398098179814468e+01 1.072986570095475767e-02 1.326804349342723288e+00 3.125709901943039437e+00 1.154952382618255370e-02 0.000000000000000000e+00 1.000000000000000000e+00 1.000000000000000000e+00 0.000000000000000000e+00 0.000000000000000000e+00 -1.000000000000000000e+00 -1.000000000000000000e+00
9.200000000000000000e+01 7.421458379983114355e+03 1.172603692104411621e+01 -3.339595955727106547e-02 9.256572983152095979e-01 1.116979949535179886e-02 3.037973161957851706e-02 0.000000000000000000e+00 1.000000000000000000e+00 1.000000000000000000e+00 0.000000000000000000e+00 0.000000000000000000e+00 -1.000000000000000000e+00 -1.000000000000000000e+00
9.300000000000000000e+01 4.186541784890408599e+04 1.157838947559340070e+01 -2.243469403475973067e-01 2.737285592669408185e+00 2.910168313022471268e-02 9.980384527005210782e-02 1.570796326794896558e+00 1.000000000000000000e+00 1.000000000000000000e+00 0.000000000000000000e+00 0.000000000000000000e+00 -1.000000000000000000e+00 -1.000000000000000000e+00
9.500000000000000000e+01 4.621625373143528122e+04 2.583504185401928055e+01 -9.839625814644568924e-02 2.700246963537396905e+00 3.139091092444037390e+00 8.301450411225792803e-02 0.000000000000000000e+00 1.000000000000000000e+00 1.000000000000000000e+00 0.000000000000000000e+00 0.000000000000000000e+00 -1.000000000000000000e+00 -1.000000000000000000e+00
9.800000000000000000e+01 4.009055942090854660e+04 1.127144020886551168e+01 -1.665133920333254913e-01 2.911305327976984714e+00 3.136277369347314714e+00 2.327740277228838861e-02 0.000000000000000000e+00 1.000000000000000000e+00 1.000000000000000000e+00 0.000000000000000000e+00 0.000000000000000000e+00 -1.000000000000000000e+00 -1.000000000000000000e+00
1.030000000000000000e+02 6.612343039344409590e+02 3.232182436877451437e+01 -5.195849445933298921e-02 2.258487786802146235e+00 3.139203250056408212e+00 9.000000000000001055e-02 1.570796326794896558e+00 1.000000000000000000e+00 1.000000000000000000e+00 0.000000000000000000e+00 0.000000000000000000e+00 -1.000000000000000000e+00 -1.000000000000000000e+00
1.040000000000000000e+02 2.458331006861056085e+04 1.413747207673239359e+01 -7.859590520849207840e-02 2.045616989651156015e+00 -2.850566121934715660e-02 4.120284962272410118e-02 0.000000000000000000e+00 1.000000000000000000e+00 1.000000000000000000e+00 0.000000000000000000e+00 0.000000000000000000e+00 -1.000000000000000000e+00 -1.000000000000000000e+00
1.060000000000000000e+02 1.305982459832707718e+04 1.325851309798495770e+01 -4.223599471902862723e-02 2.243215600441908819e+00 3.118103799009126487e+00 1.000000000000000021e-02 1.570796326794896558e+00 1.000000000000000000e+00 1.000000000000000000e+00 0.000000000000000000e+00 0.000000000000000000e+00 -1.000000000000000000e+00 -1.000000000000000000e+00
1.070000000000000000e+02 1.489623090849891378e+04 1.029990951939701560e+01 -1.378671016798637128e-01 2.455128616663905028e+00 -2.887861064062256615e-03 2.877620277593104237e-02 0.000000000000000000e+00 1.000000000000000000e+00 1.000000000000000000e+00 0.000000000000000000e+00 0.000000000000000000e+00 -1.000000000000000000e+00 -1.000000000000000000e+00
1.090000000000000000e+02 3.097130087283654211e+04 1.624761366419662068e+01 -2.155848314916574138e-01 2.767258900358671170e+00 -1.415011513902686771e-02 3.632863094803698983e-02 0.000000000000000000e+00 1.000000000000000000e+00 1.000000000000000000e+00 0.000000000000000000e+00 0.000000000000000000e+00 -1.000000000000000000e+00 -1.000000000000000000e+00
1.120000000000000000e+02 2.209487753226127461e+04 1.184389929772540384e+01 6.855107723157356781e-02 9.500845586368803497e-01 3.134624109850250750e+00 1.000000000000000021e-02 0.000000000000000000e+00 1.000000000000000000e+00 1.000000000000000000e+00 0.000000000000000000e+00 0.000000000000000000e+00 -1.000000000000000000e+00 -1.000000000000000000e+00
1.130000000000000000e+02 1.156145583913727251e+03 1.218649013096799649e+01 -8.742457305967236969e-02 3.054085824342654298e+00 1.951464290552945915e-02 9.000000000000001055e-02 0.000000000000000000e+00 1.000000000000000000e+00 1.000000000000000000e+00 0.000000000000000000e+00 0.000000000000000000e+00 -1.000000000000000000e+00 -1.000000000000000000e+00
1.160000000000000000e+02 3.841078007284885825e+04 1.185307801433013353e+01 -2.898351595161368852e-02 3.674056796163806538e-01 1.311415935612936581e-02 6.428708284790851657e-02 0.000000000000000000e+00 1.000000000000000000e+00 1.000000000000000000e+00 0.000000000000000000e+00 0.000000000000000000e+00 -1.000000000000000000e+00 -1.000000000000000000e+00
1.170000000000000000e+02 2.229269709639589200e+04 1.147604498437158149e+01 -3.146462511962433428e-02 7.187917467834570306e-01 -4.624335267517108543e-03 1.497509115376844703e-02 0.000000000000000000e+00 1.000000000000000000e+00 1.000000000000000000e+00 0.000000000000000000e+00 0.000000000000000000e+00 -1.000000000000000000e+00 -1.000000000000000000e+00
1.190000000000000000e+02 3.924083477158888854e+04 1.084765423301398890e+01 -6.448527840679743606e-02 3.100000000000000089e+00 3.095405203826225637e+00 1.924216167392222773e-02 1.570796326794896558e+00 1.000000000000000000e+00 1.000000000000000000e+00 0.000000000000000000e+00 0.000000000000000000e+00 -1.000000000000000000e+00 -1.000000000000000000e+00
1.200000000000000000e+02 2.895572451779816402e+04 1.858111821827643340e+01 -1.186430385248996022e-01 2.217362774214624466e+00 3.120198436310479995e+00 1.000000000000000021e-02 1.570796326794896558e+00 1.000000000000000000e+00 1.000000000000000000e+00 0.000000000000000000e+00 0.000000000000000000e+00 -1.000000000000000000e+00 -1.000000000000000000e+00
1.210000000000000000e+02 3.580319621778422879e+04 3.608139631413463633e+01 8.606771123681467017e-02 1.803317035214560660e+00 3.121994742050801186e+00 4.430706315688624775e-02 0.000000000000000000e+00 1.000000000000000000e+00 1.000000000000000000e+00 0.000000000000000000e+00 0.000000000000000000e+00 -1.000000000000000000e+00 -1.000000000000000000e+00
1.240000000000000000e+02 3.230896131979900747e+04 1.354453124615463544e+01 7.005748390700344830e-02 1.425802082716912667e+00 3.113680179313769614e+00 5.158795086930120094e-02 1.570796326794896558e+00 1.000000000000000000e+00 1.000000000000000000e+00 0.000000000000000000e+00 0.000000000000000000e+00 -1.000000000000000000e+00 -1.000000000000000000e+00
1.280000000000000000e+02 3.395137129729463777e+04 1.351432378197098849e+01 -6.332976809272167218e-02 3.100000000000000089e+00 2.751901340653699346e-02 1.115887951835036265e-02 1.570796326794896558e+00 1.000000000000000000e+00 1.000000000000000000e+00 0.000000000000000000e+00 0.000000000000000000e+00 -1.000000000000000000e+00 -1.000000000000000000e+00
1.300000000000000000e+02 1.682753605351994338e+04 2.781029172913683922e+01 -8.937729277171366227e-02 3.100000000000000089e+00 -5.573230627718767788e-03 2.142075923426112541e-02 1.570796326794896558e+00 1.000000000000000000e+00 1.000000000000000000e+00 0.000000000000000000e+00 0.000000000000000000e+00 -1.000000000000000000e+00 -1.000000000000000000e+00
1.310000000000000000e+02 2.851258855264593512e+04 2.264233876892893704e+01 -4.546926312225342548e-02 2.683374470227333664e+00 3.166567223344719295e+00 5.417801623028217078e-02 1.570796326794896558e+00 1.000000000000000000e+00 1.000000000000000000e+00 0.000000000000000000e+00 0.000000000000000000e+00 -1.000000000000000000e+00 -1.000000000000000000e+00
1.330000000000000000e+02 2.520187000347750291e+04 3.782425413008296999e+01 1.656320482768117164e-01 8.708303947174900195e-01 3.154693971543375497e+00 2.050897822054499609e-02 1.570796326794896558e+00 1.000000000000000000e+00 1.000000000000000000e+00 0.000000000000000000e+00 0.000000000000000000e+00 -1.000000000000000000e+00 -1.000000000000000000e+00
1.370000000000000000e+02 3.016891279039832079e+04 1.423769331812234640e+01 -2.290965707300924303e-01 2.964806583266812012e+00 3.129034621021336005e+00 6.692101404537882658e-02 0.000000000000000000e+00 1.000000000000000000e+00 1.000000000000000000e+00 0.000000000000000000e+00 0.000000000000000000e+00 -1.000000000000000000e+00 -1.000000000000000000e+00
1.410000000000000000e+02 5.341934991208272550e+03 1.644941587069634892e+01 -1.099742967970550739e-01 2.537841557430573491e+00 3.129771652156775108e+00 9.000000000000001055e-02 1.570796326794896558e+00 1.000000000000000000e+00 1.000000000000000000e+00 0.000000000000000000e+00 0.000000000000000000e+00 -1.000000000000000000e+00 -1.000000000000000000e+00
1.420000000000000000e+02 4.549400791363722965e+04 1.363006475773572568e+01 9.772925805596394122e-02 4.951210162626818456e-01 -4.216469873926671774e-02 2.527141936336970568e-02 0.000000000000000000e+00 1.000000000000000000e+00 1.000000000000000000e+00 0.000000000000000000e+00 0.000000000000000000e+00 -1.000000000000000000e+00 -1.000000000000000000e+00
1.440000000000000000e+02 4.089063276492738078e+04 1.133679088479776631e+01 -1.361576673383569080e-01 2.946895794236278121e+00 4.475929938786265411e-02 7.981967324058562852e-02 0.000000000000000000e+00 1.000000000000000000e+00 1.000000000000000000e+00 0.000000000000000000e+00 0.000000000000000000e+00 -1.000000000000000000e+00 -1.000000000000000000e+00
1.460000000000000000e+02 2.913606933296206989e+04 2.650073209552303410e+01 9.926692039576168192e-02 1.330948265439451328e+00 1.317662181682272005e-02 1.945128467823866239e-02 1.570796326794896558e+00 1.000000000000000000e+00 1.000000000000000000e+00 0.000000000000000000e+00 0.000000000000000000e+00 -1.000000000000000000e+00 -1.000000000000000000e+00
1.470000000000000000e+02 1.725534672578591926e+04 1.081140072131936236e+01 4.328071488801009392e-02 7.298075710516679360e-01 3.119140610583380546e+00 3.910907929357485685e-02 0.000000000000000000e+00 1.000000000000000000e+00 1.000000000000000000e+00 0.000000000000000000e+00 0.000000000000000000e+00 -1.000000000000000000e+00 -1.000000000000000000e+00
1.480000000000000000e+02 1.196016035907230253e+04 1.042946061250665046e+01 -1.033812054031730265e-01 3.093020000000000103e+00 3.152874896960422113e+00 5.675468023017897490e-02 1.570796326794896558e+00 1.000000000000000000e+00 1.000000000000000000e+00 0.000000000000000000e+00 0.000000000000000000e+00 -1.000000000000000000e+00 -1.000000000000000000e+00
1.490000000000000000e+02 3.707896680344981723e+04 1.039250485589337636e+01 -1.771290982440125727e-01 3.061548879801526901e+00 -6.250556049984938925e-03 3.289912861375648284e-02 1.570796326794896558e+00 1.000000000000000000e+00 1.000000000000000000e+00 0.000000000000000000e+00 0.000000000000000000e+00 -1.000000000000000000e+00 -1.000000000000000000e+00
1.500000000000000000e+02 3.635289723579592101e+04 1.409627123318550801e+01 -9.940301686082361754e-02 2.106084607663595065e+00 3.159096192207738074e+00 2.367969098346230927e-01 1.570796326794896558e+00 1.000000000000000000e+00 1.000000000000000000e+00 0.000000000000000000e+00 0.000000000000000000e+00 -1.000000000000000000e+00 -1.000000000000000000e+00
1.520000000000000000e+02 5.000000000000000000e+04 1.462090045086719670e+01 1.892139617531811424e-02 1.483799491404409254e+00 3.180167324092605607e+00 2.464073627028172744e-02 1.570796326794896558e+00 1.000000000000000000e+00 1.000000000000000000e+00 0.000000000000000000e+00 0.000000000000000000e+00 -1.000000000000000000e+00 -1.000000000000000000e+00
1.540000000000000000e+02 6.271368294038488784e+02 2.869185934036570274e+01 -4.701471120853077668e-02 1.308836647127303632e+00 3.145482756479555775e+00 1.967395810843011739e-02 1.570796326794896558e+00 1.000000000000000000e+00 1.000000000000000000e+00 0.000000000000000000e+00 0.000000000000000000e+00 -1.000000000000000000e+00 -1.000000000000000000e+00
1.550000000000000000e+02 5.000000000000000000e+04 1.318524639780402907e+01 -1.152842528635677904e-01 3.100000000000000089e+00 3.158023826940743461e+00 3.463591274940169135e-02 0.000000000000000000e+00 1.000000000000000000e+00 1.000000000000000000e+00 0.000000000000000000e+00 0.000000000000000000e+00 -1.000000000000000000e+00 -1.000000000000000000e+00
1.560000000000000000e+02 4.322673188499373646e+04 1.767245399962570929e+01 -1.617220986684873296e-01 1.969684070441087620e+00 3.172920936226847122e+00 2.061519283512006917e-01 1.570796326794896558e+00 1.000000000000000000e+00 1.000000000000000000e+00 0.000000000000000000e+00 0.000000000000000000e+00 -1.000000000000000000e+00 -1.000000000000000000e+00
1.600000000000000000e+02 1.800512250600213883e+04 1.292846921085188328e+01 -6.622996653985789572e-02 3.086040000000000116e+00 3.133812134890157086e+00 8.137094469117592266e-02 1.570796326794896558e+00 1.000000000000000000e+00 1.000000000000000000e+00 0.000000000000000000e+00 0.000000000000000000e+00 -1.000000000000000000e+00 -1.000000000000000000e+00
1.610000000000000000e+02 1.066570318777473949e+04 1.166429704749515217e+01 -6.120077048372860040e-02 2.642226227953024420e+00 3.135678434196931264e+00 1.000000000000000021e-02 0.000000000000000000e+00 1.000000000000000000e+00 1.000000000000000000e+00 0.000000000000000000e+00 0.000000000000000000e+00 -1.000000000000000000e+00 -1.000000000000000000e+00
1.620000000000000000e+02 3.132271182723668244e+04 3.642357483711028721e+01 9.460052487046055614e-02 1.410498924641424123e+00 -2.868953110831767503e-02 8.519158491596197369e-02 1.570796326794896558e+00 1.000000000000000000e+00 1.000000000000000000e+00 0.000000000000000000e+00 0.000000000000000000e+00 -1.000000000000000000e+00 -1.000000000000000000e+00
1.650000000000000000e+02 4.081477772448409087e+04 1.933630965586015549e+01 -9.065379938213213862e-02 2.240143134131760139e+00 3.170290710769227971e+00 5.235535482423953058e-02 1.570796326794896558e+00 1.000000000000000000e+00 1.000000000000000000e+00 0.000000000000000000e+00 0.000000000000000000e+00 -1.000000000000000000e+00 -1.000000000000000000e+00
1.670000000000000000e+02 4.350124741226248443e+04 2.256367097483115103e+01 1.960764596866125531e-02 1.366169000606972883e+00 3.176598534896307502e+00 5.024426436178425215e-02 0.000000000000000000e+00 1.000000000000000000e+00 1.000000000000000000e+00 0.000000000000000000e+00 0.000000000000000000e+00 -1.000000000000000000e+00 -1.000000000000000000e+00
1.680000000000000000e+02 5.043949079516328879e+02 1.033233178615586390e+01 -2.341355590386147156e-01 2.844530473799153913e+00 3.241347661631837750e-03 1.991430105637878589e-02 0.000000000000000000e+00 1.000000000000000000e+00 1.000000000000000000e+00 0.000000000000000000e+00 0.000000000000000000e+00 -1.000000000000000000e+00 -1.000000000000000000e+00
1.690000000000000000e+02 1.789691874117886255e+04 1.243034915278353836e+01 1.515984688302035588e-01 1.534125070219821030e+00 2.277842194552049879e-02 3.543573912816518068e-02 1.570796326794896558e+00 1.000000000000000000e+00 1.000000000000000000e+00 0.000000000000000000e+00 0.000000000000000000e+00 -1.000000000000000000e+00 -1.000000000000000000e+00
1.710000000000000000e+02 4.793023995884360193e+04 1.777345146217076532e+01 -1.992081537894908189e-02 4.342416965620709557e-01 3.151273407557209971e+00 8.167990626158923295e-02 0.000000000000000000e+00 1.000000000000000000e+00 1.000000000000000000e+00 0.000000000000000000e+00 0.000000000000000000e+00 -1.000000000000000000e+00 -1.000000000000000000e+00
1.720000000000000000e+02 2.697523806650074403e+04 2.310733024090306387e+01 7.097182738436528561e-03 8.510440506718519593e-01 3.131337420913299585e+00 1.000000000000000021e-02 1.570796326794896558e+00 1.000000000000000000e+00 1.000000000000000000e+00 0.000000000000000000e+00 0.000000000000000000e+00 -1.000000000000000000e+00 -1.000000000000000000e+00
1.750000000000000000e+02 3.195805291614761882e+04 1.238798868676916953e+01 -7.572221307342245911e-02 3.100000000000000089e+00 3.103039927816174437e+00 1.682439383325327886e-02 1.570796326794896558e+00 1.000000000000000000e+00 1.000000000000000000e+00 0.000000000000000000e+00 0.000000000000000000e+00 -1.000000000000000000e+00 -1.000000000000000000e+00
1.760000000000000000e+02 3.830918115472377394e+04 1.571060981898856035e+01 -8.916239332954019325e-02 2.695323692197267640e+00 3.163469724506538405e+00 1.831439148268363196e-02 0.000000000000000000e+00 1.000000000000000000e+00 1.000000000000000000e+00 0.000000000000000000e+00 0.000000000000000000e+00 -1.000000000000000000e+00 -1.000000000000000000e+00
1.780000000000000000e+02 2.689624232043922166e+04 1.516508832028214471e+01 -2.499254790770067403e-01 2.811978302112170702e+00 3.119067833785825528e+00 1.032673732733855460e-02 1.570796326794896558e+00 1.000000000000000000e+00 1.000000000000000000e+00 0.000000000000000000e+00 0.000000000000000000e+00 -1.000000000000000000e+00 -1.000000000000000000e+00
1.800000000000000000e+02 5.000000000000000000e+04 2.721975789562341674e+01 -1.921170507408536676e-01 2.265840574183482836e+00 3.181731941527996543e+00 1.745740701974761444e-02 1.570796326794896558e+00 1.000000000000000000e+00 1.000000000000000000e+00 0.000000000000000000e+00 0.000000000000000000e+00 -1.000000000000000000e+00 -1.000000000000000000e+00
1.820000000000000000e+02 4.827903369423048048e+02 1.536783899264389852e+01 -2.417138463518422181e-02 1.123236331915286268e+00 -1.186267063862178270e-02 3.823640851625954157e-02 0.000000000000000000e+00 1.000000000000000000e+00 1.000000000000000000e+00 0.000000000000000000e+00 0.000000000000000000e+00 -1.000000000000000000e+00 -1.000000000000000000e+00
1.830000000000000000e+02 6.651838417725133468e+02 2.075180699662946182e+01 -6.828290089095220838e-02 2.857097343953788560e+00 3.156913929625868143e+00 1.000000000000000056e-01 1.570796326794896558e+00 1.000000000000000000e+00 1.000000000000000000e+00 0.000000000000000000e+00 0.000000000000000000e+00 -1.000000000000000000e+00 -1.000000000000000000e+00
1.840000000000000000e+02 3.402075400611076475e+04 1.057216654782205723e+01 4.135408863438924665e-02 5.840455363426020341e-01 9.144476307892258904e-03 7.786977554291836523e-02 0.000000000000000000e+00 1.000000000000000000e+00 1.000000000000000000e+00 0.000000000000000000e+00 0.000000000000000000e+00 -1.000000000000000000e+00 -1.000000000000000000e+00
1.850000000000000000e+02 6.690021035538868546e+02 1.216238645833090004e+01 -1.189244790466216922e-01 2.034850855047193985e+00 3.909619595673750371e-03 1.000000000000000056e-01 1.570796326794896558e+00 1.000000000000000000e+00 1.000000000000000000e+00 0.000000000000000000e+00 0.000000000000000000e+00 -1.000000000000000000e+00 -1.000000000000000000e+00
1.890000000000000000e+02 1.561016028044993072e+04 1.030314070779395941e+01 -1.285975161784607135e-01 2.470178920679755752e+00 1.974424595648405570e-02 2.929438072924982206e-02 1.570796326794896558e+00 1.000000000000000000e+00 1.000000000000000000e+00 0.000000000000000000e+00 0.000000000000000000e+00 -1.000000000000000000e+00 -1.000000000000000000e+00
1.900000000000000000e+02 2.128490306206615060e+04 1.145613316792397463e+01 1.463776086863495529e-02 1.660792792485252134e+00 3.168701731411865730e+00 1.000000000000000056e-01 0.000000000000000000e+00 1.000000000000000000e+00 1.000000000000000000e+00 0.000000000000000000e+00 0.000000000000000000e+00 -1.000000000000000000e+00 -1.000000000000000000e+00
1.910000000000000000e+02 2.292356659889474395e+04 3.451569017948517626e+01 5.517301514376128646e-02 1.360012364178553756e+00 -1.075522627159340716e-02 1.000000000000000021e-02 0.000000000000000000e+00 1.000000000000000000e+00 1.000000000000000000e+00 0.000000000000000000e+00 0.000000000000000000e+00 -1.000000000000000000e+00 -1.000000000000000000e+00
1.920000000000000000e+02 5.000000000000000000e+04 1.214490498374624217e+01 -2.863534826109935816e-01 3.017594596896776782e+00 3.186747172301781728e+00 5.468134905569615317e-02 1.570796326794896558e+00 1.000000000000000000e+00 1.000000000000000000e+00 0.000000000000000000e+00 0.000000000000000000e+00 -1.000000000000000000e+00 -1.000000000000000000e+00
1.930000000000000000e+02 6.913525448216971654e+02 1.526619658901912224e+01 9.152885526727780330e-02 1.302811656641740923e+00 3.983967068462035237e-03 2.692510508334970340e-02 0.000000000000000000e+00 1.000000000000000000e+00 1.000000000000000000e+00 0.000000000000000000e+00 0.000000000000000000e+00 -1.000000000000000000e+00 -1.000000000000000000e+00
1.960000000000000000e+02 5.000000000000000000e+04 1.716866686728552693e+01 -2.113381138368309597e-01 2.134319199993048866e+00 3.190079324195214561e+00 2.382802035574465571e-01 1.570796326794896558e+00 1.000000000000000000e+00 1.000000000000000000e+00 0.000000000000000000e+00 0.000000000000000000e+00 -1.000000000000000000e+00 -1.000000000000000000e+00
1.970000000000000000e+02 5.000000000000000000e+04 1.604338225157874476e+01 3.539004029551326425e-02 1.304883145834562219e+00 3.144514849763010211e+00 1.471313071005990458e-01 1.570796326794896558e+00 1.000000000000000000e+00 1.000000000000000000e+00 0.000000000000000000e+00 0.000000000000000000e+00 -1.000000000000000000e+00 -1.000000000000000000e+00
1.980000000000000000e+02 5.000000000000000000e+04 2.027095516845097833e+01 -2.976583810278558562e-01 3.056925690408131224e+00 3.179524412290368751e+00 1.115981287667872600e-02 0.000000000000000000e+00 1.000000000000000000e+00 1.000000000000000000e+00 0.000000000000000000e+00 0.000000000000000000e+00 -1.000000000000000000e+00 -1.000000000000000000e+00
2.000000000000000000e+02 2.574860411986023973e+04 1.154905541964501836e+01 -7.645498982256644649e-03 1.873113690256765773e+00 1.684627014580798374e-02 8.167661282044147431e-02 1.570796326794896558e+00 1.000000000000000000e+00 1.000000000000000000e+00 0.000000000000000000e+00 0.000000000000000000e+00 -1.000000000000000000e+00 -1.000000000000000000e+00
3.650000000000000000e+02 1.662118820703662720e+02 1.165305302321719516e+01 -1.445008125053542369e-01 2.448975440480643861e+00 0.000000000000000000e+00 8.832927664263592882e-02 -1.000000000000000000e+00 1.000000000000000000e+00 1.000000000000000000e+00 7.000000000000000000e+01 0.000000000000000000e+00 -1.000000000000000000e+00 -1.000000000000000000e+00
3.000000000000000000e+00 2.298275520210166360e+04 1.129643035250428618e+01 2.475226236665986623e-02 3.074310238029311915e-01 1.798251066845719254e-02 5.921945850327575006e-02 1.570796326794896558e+00 1.000000000000000000e+00 1.000000000000000000e+00 0.000000000000000000e+00 0.000000000000000000e+00 -1.000000000000000000e+00 -1.000000000000000000e+00
7.000000000000000000e+00 7.000000000000000000e+02 2.491988227313321858e+01 -9.860844957449940718e-02 2.837552882274570809e+00 0.000000000000000000e+00 1.141282905452467404e-02 1.570796326794896558e+00 1.000000000000000000e+00 1.000000000000000000e+00 0.000000000000000000e+00 0.000000000000000000e+00 -1.000000000000000000e+00 -1.000000000000000000e+00
9.000000000000000000e+00 1.051331812431363505e+04 1.177768169538281917e+01 3.419329835693489701e-03 1.748910814225867139e+00 3.056974838777751918e-02 1.633634653625384153e-02 1.570796326794896558e+00 1.000000000000000000e+00 1.000000000000000000e+00 0.000000000000000000e+00 0.000000000000000000e+00 -1.000000000000000000e+00 -1.000000000000000000e+00
2.200000000000000000e+01 3.705366359546380409e+04 1.125796814376947808e+01 -2.636274496747934015e-01 2.850409981593772013e+00 1.099479310012318328e-02 9.687950353978087847e-02 1.570796326794896558e+00 1.000000000000000000e+00 1.000000000000000000e+00 0.000000000000000000e+00 0.000000000000000000e+00 -1.000000000000000000e+00 -1.000000000000000000e+00
2.700000000000000000e+01 4.059195461789637920e+04 1.766453999246647655e+01 -6.191569335391567536e-02 2.934482623005639557e+00 0.000000000000000000e+00 2.757390993906640164e-02 1.570796326794896558e+00 1.000000000000000000e+00 1.000000000000000000e+00 0.000000000000000000e+00 0.000000000000000000e+00 -1.000000000000000000e+00 -1.000000000000000000e+00
3.100000000000000000e+01 7.334536019774503075e+03 2.082371534560990867e+01 4.142751263881978840e-02 1.399594287974394780e+00 0.000000000000000000e+00 1.112212388841772766e-02 1.570796326794896558e+00 1.000000000000000000e+00 1.000000000000000000e+00 0.000000000000000000e+00 0.000000000000000000e+00 -1.000000000000000000e+00 -1.000000000000000000e+00
3.800000000000000000e+01 3.276112475621107660e+04 2.005811497712496205e+01 -1.537428579545783991e-01 2.032655337727957701e+00 5.927085205415627556e-03 3.065340527044587565e-02 1.570796326794896558e+00 1.000000000000000000e+00 1.000000000000000000e+00 0.000000000000000000e+00 0.000000000000000000e+00 -1.000000000000000000e+00 -1.000000000000000000e+00
4.500000000000000000e+01 4.283190300349477184e+04 3.108786562220671712e+01 4.319195627790398118e-02 1.409619967969150123e+00 3.065003089226794875e-02 9.430596897880928753e-02 1.570796326794896558e+00 1.000000000000000000e+00 1.000000000000000000e+00 0.000000000000000000e+00 0.000000000000000000e+00 -1.000000000000000000e+00 -1.000000000000000000e+00
4.800000000000000000e+01 5.000000000000000000e+04 1.322572013148378645e+01 4.250546108592279104e-02 1.457226619277913526e+00 2.954552671426423360e-02 1.415593972497662320e-02 1.570796326794896558e+00 1.000000000000000000e+00 1.000000000000000000e+00 0.000000000000000000e+00 0.000000000000000000e+00 -1.000000000000000000e+00 -1.000000000000000000e+00
5.100000000000000000e+01 2.860475936488575462e+04 1.099170089977427445e+01 1.579220189482200276e-01 4.041715333812631594e-01 0.000000000000000000e+00 1.019627959250198057e-02 1.570796326794896558e+00 1.000000000000000000e+00 1.000000000000000000e+00 0.000000000000000000e+00 0.000000000000000000e+00 -1.000000000000000000e+00 -1.000000000000000000e+00
5.400000000000000000e+01 2.643812444610986495e+04 3.033863909478314369e+01 6.862092684232004580e-02 1.799537176133527927e+00 0.000000000000000000e+00 7.689691107390901614e-02 1.570796326794896558e+00 1.000000000000000000e+00 1.000000000000000000e+00 0.000000000000000000e+00 0.000000000000000000e+00 -1.000000000000000000e+00 -1.000000000000000000e+00
5.500000000000000000e+01 2.679203457438480473e+04 1.204911692009939372e+01 -1.337963561989049810e-01 2.321252680395677448e+00 0.000000000000000000e+00 5.827688090914490832e-02 1.570796326794896558e+00 1.000000000000000000e+00 1.000000000000000000e+00 0.000000000000000000e+00 0.000000000000000000e+00 -1.000000000000000000e+00 -1.000000000000000000e+00
6.600000000000000000e+01 4.429461363104474003e+04 1.058299748379228333e+01 2.390104731200303964e-03 7.681315154198143924e-01 4.469637536394312216e-02 7.400333503606280894e-02 1.570796326794896558e+00 1.000000000000000000e+00 1.000000000000000000e+00 0.000000000000000000e+00 0.000000000000000000e+00 -1.000000000000000000e+00 -1.000000000000000000e+00
7.200000000000000000e+01 2.153093358572133366e+04 1.361247802002642970e+01 3.764147133613084117e-02 1.357864891134708651e+00 0.000000000000000000e+00 5.897837836916159510e-02 1.570796326794896558e+00 1.000000000000000000e+00 1.000000000000000000e+00 0.000000000000000000e+00 0.000000000000000000e+00 -1.000000000000000000e+00 -1.000000000000000000e+00
7.700000000000000000e+01 2.197765791270285627e+04 1.083608190634600632e+01 -9.797546693836166332e-02 2.438731879367832089e+00 2.009165108348563711e-02 7.845099642494068881e-02 1.570796326794896558e+00 1.000000000000000000e+00 1.000000000000000000e+00 0.000000000000000000e+00 0.000000000000000000e+00 -1.000000000000000000e+00 -1.000000000000000000e+00
7.800000000000000000e+01 2.327606994805638169e+04 1.011784199240381632e+01 -1.165945478578120920e-01 2.806414420909300933e+00 0.000000000000000000e+00 1.062874978362575960e-02 1.570796326794896558e+00 1.000000000000000000e+00 1.000000000000000000e+00 0.000000000000000000e+00 0.000000000000000000e+00 -1.000000000000000000e+00 -1.000000000000000000e+00
8.000000000000000000e+01 1.357443464835749728e+04 1.315682757956888338e+01 5.816127942567050901e-02 1.141200700877588847e+00 0.000000000000000000e+00 3.549829732503142349e-02 1.570796326794896558e+00 1.000000000000000000e+00 1.000000000000000000e+00 0.000000000000000000e+00 0.000000000000000000e+00 -1.000000000000000000e+00 -1.000000000000000000e+00
9.600000000000000000e+01 1.707884364455792092e+04 2.391263657234560114e+01 -2.173139467745774031e-02 3.144100738834454400e-01 1.020343693928852172e-02 3.237440929312522531e-02 1.570796326794896558e+00 1.000000000000000000e+00 1.000000000000000000e+00 0.000000000000000000e+00 0.000000000000000000e+00 -1.000000000000000000e+00 -1.000000000000000000e+00
1.000000000000000000e+02 2.010284149845761931e+04 1.543338794642701295e+01 -2.810771586514412279e-01 2.059846430396400585e+00 2.338237821938730920e-02 8.226759975631663113e-02 1.570796326794896558e+00 1.000000000000000000e+00 1.000000000000000000e+00 0.000000000000000000e+00 0.000000000000000000e+00 -1.000000000000000000e+00 -1.000000000000000000e+00
1.020000000000000000e+02 7.256927316235993430e+02 3.524148670552612828e+01 -8.488958102754730339e-02 3.053076310027996509e+00 8.580059332530375754e-03 9.000000000000001055e-02 1.570796326794896558e+00 1.000000000000000000e+00 1.000000000000000000e+00 0.000000000000000000e+00 0.000000000000000000e+00 -1.000000000000000000e+00 -1.000000000000000000e+00
1.150000000000000000e+02 3.327485124757954327e+04 1.933558547288372509e+01 -1.297153272947849101e-01 2.100413468426467478e+00 1.404780762735978461e-02 1.895629836188024789e-02 1.570796326794896558e+00 1.000000000000000000e+00 1.000000000000000000e+00 0.000000000000000000e+00 0.000000000000000000e+00 -1.000000000000000000e+00 -1.000000000000000000e+00
1.220000000000000000e+02 5.000000000000000000e+04 3.715551610984883979e+01 -4.316136981482589924e-02 1.191738441685542549e+00 2.526785451713655165e-02 1.812469141533902539e-02 1.570796326794896558e+00 1.000000000000000000e+00 1.000000000000000000e+00 0.000000000000000000e+00 0.000000000000000000e+00 -1.000000000000000000e+00 -1.000000000000000000e+00
1.250000000000000000e+02 5.000000000000000000e+04 2.791328706997804332e+01 -1.216305009708377738e-01 3.061282217184002175e+00 8.902450038875837565e-03 5.765449595945491140e-02 1.570796326794896558e+00 1.000000000000000000e+00 1.000000000000000000e+00 0.000000000000000000e+00 0.000000000000000000e+00 -1.000000000000000000e+00 -1.000000000000000000e+00
1.320000000000000000e+02 3.689583972931974131e+04 1.417329720735125598e+01 -4.376341641968140711e-02 3.100000000000000089e+00 2.502345271240247887e-02 2.876278997571762169e-02 1.570796326794896558e+00 1.000000000000000000e+00 1.000000000000000000e+00 0.000000000000000000e+00 0.000000000000000000e+00 -1.000000000000000000e+00 -1.000000000000000000e+00
1.430000000000000000e+02 8.340637733278924770e+02 1.960031540771416303e+01 3.692022872001959888e-02 1.697425629070487663e+00 0.000000000000000000e+00 9.000000000000001055e-02 1.570796326794896558e+00 1.000000000000000000e+00 1.000000000000000000e+00 0.000000000000000000e+00 0.000000000000000000e+00 -1.000000000000000000e+00 -1.000000000000000000e+00
1.590000000000000000e+02 2.458199925921462273e+04 3.687141533308569308e+01 -1.165864071842463989e-01 2.780186487944180218e+00 9.772267571213476972e-03 2.549563002096223371e-02 1.570796326794896558e+00 1.000000000000000000e+00 1.000000000000000000e+00 0.000000000000000000e+00 0.000000000000000000e+00 -1.000000000000000000e+00 -1.000000000000000000e+00
1.730000000000000000e+02 3.025362794889080760e+04 1.565314831109820481e+01 -5.026415300273195941e-02 2.140554313649472906e+00 1.483300496759498016e-02 1.907690064913610331e-02 1.570796326794896558e+00 1.000000000000000000e+00 1.000000000000000000e+00 0.000000000000000000e+00 0.000000000000000000e+00 -1.000000000000000000e+00 -1.000000000000000000e+00
1.740000000000000000e+02 3.582369916100944101e+04 1.159635522718034117e+01 -1.703894504220105355e-01 3.100000000000000089e+00 9.287235739337054707e-03 9.000000000000001055e-02 1.570796326794896558e+00 1.000000000000000000e+00 1.000000000000000000e+00 0.000000000000000000e+00 0.000000000000000000e+00 -1.000000000000000000e+00 -1.000000000000000000e+00
1.870000000000000000e+02 4.967390412932672916e+04 1.150703032561488470e+01 -1.153080888031090823e-01 1.996993946330755332e+00 4.876430099729211348e-02 9.767139992034269691e-02 1.570796326794896558e+00 1.000000000000000000e+00 1.000000000000000000e+00 0.000000000000000000e+00 0.000000000000000000e+00 -1.000000000000000000e+00 -1.000000000000000000e+00
1.940000000000000000e+02 4.880754104694799025e+04 2.713593165334322421e+01 -2.095662398420285177e-02 1.682036248636469722e+00 3.442513170021360702e-02 6.219690419872099529e-02 1.570796326794896558e+00 1.000000000000000000e+00 1.000000000000000000e+00 0.000000000000000000e+00 0.000000000000000000e+00 -1.000000000000000000e+00 -1.000000000000000000e+00
1.900000000000000000e+01 1.486860714921105318e+04 1.267056834931977782e+01 -8.042772518987503783e-02 3.022930314756176351e+00 3.157308041572932211e+00 1.000000000000000021e-02 1.570796326794896558e+00 1.000000000000000000e+00 1.000000000000000000e+00 0.000000000000000000e+00 0.000000000000000000e+00 -1.000000000000000000e+00 -1.000000000000000000e+00
2.300000000000000000e+01 7.625772518148171457e+02 1.630622968931809780e+01 -8.710428071254758264e-02 2.563912517036513350e+00 0.000000000000000000e+00 2.659156361176988684e-02 0.000000000000000000e+00 1.000000000000000000e+00 1.000000000000000000e+00 0.000000000000000000e+00 0.000000000000000000e+00 -1.000000000000000000e+00 -1.000000000000000000e+00
2.900000000000000000e+01 9.084184678879421426e+02 1.132244738385018756e+01 7.215869144703379590e-02 7.949544787798820122e-01 0.000000000000000000e+00 8.100000000000001643e-02 0.000000000000000000e+00 1.000000000000000000e+00 1.000000000000000000e+00 0.000000000000000000e+00 0.000000000000000000e+00 -1.000000000000000000e+00 -1.000000000000000000e+00
5.800000000000000000e+01 2.698141543975823424e+03 1.555841777800474901e+01 -7.522314083674523644e-02 1.964921011245193583e+00 0.000000000000000000e+00 9.000000000000001055e-02 0.000000000000000000e+00 1.000000000000000000e+00 1.000000000000000000e+00 0.000000000000000000e+00 0.000000000000000000e+00 -1.000000000000000000e+00 -1.000000000000000000e+00
5.900000000000000000e+01 3.599366883830025017e+03 1.626210192232191787e+01 -7.373222251432919039e-02 2.401452553974015025e+00 0.000000000000000000e+00 9.000000000000001055e-02 0.000000000000000000e+00 1.000000000000000000e+00 1.000000000000000000e+00 0.000000000000000000e+00 0.000000000000000000e+00 -1.000000000000000000e+00 -1.000000000000000000e+00
6.300000000000000000e+01 2.532496647334687623e+03 1.125949919952769029e+01 -7.358578615711289239e-02 3.100000000000000089e+00 0.000000000000000000e+00 9.000000000000001055e-02 0.000000000000000000e+00 1.000000000000000000e+00 1.000000000000000000e+00 0.000000000000000000e+00 0.000000000000000000e+00 -1.000000000000000000e+00 -1.000000000000000000e+00
7.600000000000000000e+01 1.600668066355429983e+04 2.743687912776954008e+01 6.008874378084541612e-02 5.974886615800205636e-01 0.000000000000000000e+00 1.000000000000000056e-01 0.000000000000000000e+00 1.000000000000000000e+00 1.000000000000000000e+00 0.000000000000000000e+00 0.000000000000000000e+00 -1.000000000000000000e+00 -1.000000000000000000e+00
8.500000000000000000e+01 7.680388676328393558e+03 1.284743241465666586e+01 -1.100561374870471232e-01 1.962837101006815077e+00 0.000000000000000000e+00 1.000000000000000021e-02 0.000000000000000000e+00 1.000000000000000000e+00 1.000000000000000000e+00 0.000000000000000000e+00 0.000000000000000000e+00 -1.000000000000000000e+00 -1.000000000000000000e+00
9.400000000000000000e+01 5.594003688922486617e+03 1.174898501171297660e+01 5.420703403557441957e-02 1.489983741681403462e+00 0.000000000000000000e+00 9.000000000000001055e-02 0.000000000000000000e+00 1.000000000000000000e+00 1.000000000000000000e+00 0.000000000000000000e+00 0.000000000000000000e+00 -1.000000000000000000e+00 -1.000000000000000000e+00
1.010000000000000000e+02 6.235564966238615852e+03 1.377999254536526941e+01 2.897964992564547315e-02 1.118695326496148557e+00 0.000000000000000000e+00 9.000000000000001055e-02 0.000000000000000000e+00 1.000000000000000000e+00 1.000000000000000000e+00 0.000000000000000000e+00 0.000000000000000000e+00 -1.000000000000000000e+00 -1.000000000000000000e+00
1.230000000000000000e+02 5.705598575417818665e+02 1.064093387275450375e+01 -7.668109725794104714e-02 1.959362338921714297e+00 0.000000000000000000e+00 6.101935745821940316e-01 0.000000000000000000e+00 1.000000000000000000e+00 1.000000000000000000e+00 0.000000000000000000e+00 0.000000000000000000e+00 -1.000000000000000000e+00 -1.000000000000000000e+00
1.260000000000000000e+02 8.489160981489818369e+03 1.094760074808813677e+01 -5.928158148656115234e-02 2.149449692314585381e+00 0.000000000000000000e+00 9.000000000000001055e-02 0.000000000000000000e+00 1.000000000000000000e+00 1.000000000000000000e+00 0.000000000000000000e+00 0.000000000000000000e+00 -1.000000000000000000e+00 -1.000000000000000000e+00
1.290000000000000000e+02 9.485417918824348817e+03 1.151305423694958385e+01 -2.069158254688301946e-01 2.651959260626925996e+00 0.000000000000000000e+00 1.000000000000000021e-02 0.000000000000000000e+00 1.000000000000000000e+00 1.000000000000000000e+00 0.000000000000000000e+00 0.000000000000000000e+00 -1.000000000000000000e+00 -1.000000000000000000e+00
1.570000000000000000e+02 4.638103685037267496e+03 1.030238893878790485e+01 6.828048507792039423e-02 1.700405576628472692e+00 0.000000000000000000e+00 9.000000000000001055e-02 0.000000000000000000e+00 1.000000000000000000e+00 1.000000000000000000e+00 0.000000000000000000e+00 0.000000000000000000e+00 -1.000000000000000000e+00 -1.000000000000000000e+00
3.660000000000000000e+02 1.284248159501858879e+02 1.498307635125076054e+01 -2.029899004316141897e-01 2.872738296267216551e+00 0.000000000000000000e+00 9.429621482990914461e-02 -1.000000000000000000e+00 1.000000000000000000e+00 1.000000000000000000e+00 7.000000000000000000e+01 1.000000000000000000e+05 -1.000000000000000000e+00 -1.000000000000000000e+00
9.900000000000000000e+01 1.271994458087149178e+04 1.208264946971712384e+01 -8.529291952824165357e-02 2.125511951676755107e+00 3.149044178724559551e+00 6.900927037123735786e-02 1.570796326794896558e+00 1.000000000000000000e+00 1.000000000000000000e+00 0.000000000000000000e+00 0.000000000000000000e+00 -1.000000000000000000e+00 -1.000000000000000000e+00
8.700000000000000000e+01 3.109920568359333993e+04 2.652934771146952642e+01 1.128523927983986486e-01 1.121016923339215765e+00 3.168587283906576957e+00 8.878842713262499742e-02 1.570796326794896558e+00 1.000000000000000000e+00 1.000000000000000000e+00 0.000000000000000000e+00 0.000000000000000000e+00 -1.000000000000000000e+00 -1.000000000000000000e+00
3.670000000000000000e+02 1.610563475976591974e+02 1.439836584372279660e+01 -1.392144064004265103e-01 1.783642823179673043e+00 0.000000000000000000e+00 9.863857371271572694e-02 -1.000000000000000000e+00 1.000000000000000000e+00 1.000000000000000000e+00 7.000000000000000000e+01 2.000000000000000000e+05 -1.000000000000000000e+00 -1.000000000000000000e+00
3.690000000000000000e+02 1.125506455720121949e+03 1.282354447437799827e+01 -2.065043252279226069e-02 2.886433956049166749e+00 0.000000000000000000e+00 1.000000000000000056e-01 -1.000000000000000000e+00 1.000000000000000000e+00 1.000000000000000000e+00 7.000000000000000000e+01 3.000000000000000000e+05 -1.000000000000000000e+00 -1.000000000000000000e+00
3.680000000000000000e+02 2.552091380085979836e+04 6.405651051498679749e+01 6.615500324401678567e-01 0.000000000000000000e+00 0.000000000000000000e+00 3.157994237418972755e-02 -1.000000000000000000e+00 1.000000000000000000e+00 2.000000000000000000e+00 7.000000000000000000e+01 3.300000000000000000e+05 -1.000000000000000000e+00 -1.000000000000000000e+00
3.710000000000000000e+02 6.045310765773351704e+02 1.331708058667160977e+01 8.539413094112603686e-02 9.991761942700858601e-01 0.000000000000000000e+00 6.327551269369323383e-02 -1.000000000000000000e+00 1.000000000000000000e+00 1.000000000000000000e+00 7.000000000000000000e+01 4.000000000000000000e+05 -1.000000000000000000e+00 -1.000000000000000000e+00
