# id_num orb_a mass spin spin_angle orb_inc orb_ecc orb_arg_periapse orb_ang_mom gen galaxy time_passed gw_freq gw_strain
1.000000000000000000e+00 2.034437037999390304e+04 1.597367686458756886e+01 2.827232319415858008e-02 1.353180104436671360e+00 -1.038448630814464181e-02 4.560331796285278794e-02 0.000000000000000000e+00 1.000000000000000000e+00 1.000000000000000000e+00 0.000000000000000000e+00 0.000000000000000000e+00 -1.000000000000000000e+00 -1.000000000000000000e+00
4.000000000000000000e+00 3.450600148129158333e+04 1.020590965268966421e+01 -1.981656211209101293e-01 3.100000000000000089e+00 3.103491950613422201e+00 1.417426002173891551e-02 1.570796326794896558e+00 1.000000000000000000e+00 1.000000000000000000e+00 0.000000000000000000e+00 0.000000000000000000e+00 -1.000000000000000000e+00 -1.000000000000000000e+00
6.000000000000000000e+00 4.791953910591457679e+04 1.468441433485065417e+01 -2.660700654140366224e-03 1.244131670889972119e+00 -4.406109635139045244e-02 3.103260784992015534e-02 1.570796326794896558e+00 1.000000000000000000e+00 1.000000000000000000e+00 0.000000000000000000e+00 0.000000000000000000e+00 -1.000000000000000000e+00 -1.000000000000000000e+00
7.000000000000000000e+00 1.446474830452317838e+04 1.016994111589018246e+01 -2.718710114306590112e-02 4.575224266668879158e-01 1.926466845725017044e-02 4.812566057736657188e-02 0.000000000000000000e+00 1.000000000000000000e+00 1.000000000000000000e+00 0.000000000000000000e+00 0.000000000000000000e+00 -1.000000000000000000e+00 -1.000000000000000000e+00
1.600000000000000000e+01 5.000000000000000000e+04 2.603235753822614384e+01 -9.325315411336287941e-02 2.666653186685769672e+00 3.009855021871354896e-02 2.692941499078926534e-02 0.000000000000000000e+00 1.000000000000000000e+00 1.000000000000000000e+00 0.000000000000000000e+00 0.000000000000000000e+00 -1.000000000000000000e+00 -1.000000000000000000e+00
1.700000000000000000e+01 8.951709589616812082e+03 1.354220409861432728e+01 -1.087146711719489817e-01 2.238994869659003406e+00 3.111124751581427983e+00 1.000000000000000021e-02 1.570796326794896558e+00 1.000000000000000000e+00 1.000000000000000000e+00 0.000000000000000000e+00 0.000000000000000000e+00 -1.000000000000000000e+00 -1.000000000000000000e+00
2.000000000000000000e+01 5.000000000000000000e+04 1.155469368894070392e+01 -2.064995928988589691e-01 2.273724666695075669e+00 5.075203905023735994e-03 1.457317171875039397e-01 0.000000000000000000e+00 1.000000000000000000e+00 1.000000000000000000e+00 0.000000000000000000e+00 0.000000000000000000e+00 -1.000000000000000000e+00 -1.000000000000000000e+00
2.300000000000000000e+01 1.175485804342151278e+04 1.152855697181253447e+01 1.898028636061876995e-01 1.512714757648239372e+00 3.139139289871963889e+00 1.856704438017713760e-02 0.000000000000000000e+00 1.000000000000000000e+00 1.000000000000000000e+00 0.000000000000000000e+00 0.000000000000000000e+00 -1.000000000000000000e+00 -1.000000000000000000e+00
2.400000000000000000e+01 2.293616020502519677e+04 1.099014034750433844e+01 -8.083902332387032930e-02 2.188078589043999767e+00 3.470372178898375320e-02 1.494359636828386170e-02 0.000000000000000000e+00 1.000000000000000000e+00 1.000000000000000000e+00 0.000000000000000000e+00 0.000000000000000000e+00 -1.000000000000000000e+00 -1.000000000000000000e+00
2.600000000000000000e+01 1.363049675090660094e+04 1.151227266789113379e+01 -2.863666269326585467e-02 1.328725529056881571e+00 1.768359841465037829e-02 1.000000000000000021e-02 1.570796326794896558e+00 1.000000000000000000e+00 1.000000000000000000e+00 0.000000000000000000e+00 0.000000000000000000e+00 -1.000000000000000000e+00 -1.000000000000000000e+00
2.700000000000000000e+01 3.071075780579321145e+04 1.567475035107567827e+01 -9.007357114159252054e-02 3.100000000000000089e+00 3.147569812080039053e+00 2.527500667183990579e-02 0.000000000000000000e+00 1.000000000000000000e+00 1.000000000000000000e+00 0.000000000000000000e+00 0.000000000000000000e+00 -1.000000000000000000e+00 -1.000000000000000000e+00
2.900000000000000000e+01 3.242801983129541622e+04 2.099605236771212091e+01 -1.929910872686281809e-01 2.212743407443289012e+00 2.864703622328129695e-02 1.265619042908380960e-02 0.000000000000000000e+00 1.000000000000000000e+00 1.000000000000000000e+00 0.000000000000000000e+00 0.000000000000000000e+00 -1.000000000000000000e+00 -1.000000000000000000e+00
3.000000000000000000e+01 4.386989507008968872e+02 1.062855360468941868e+01 -2.339302369316663965e-01 3.100000000000000089e+00 8.123624376522628476e-03 2.763055522226127644e-02 1.570796326794896558e+00 1.000000000000000000e+00 1.000000000000000000e+00 0.000000000000000000e+00 0.000000000000000000e+00 -1.000000000000000000e+00 -1.000000000000000000e+00
3.300000000000000000e+01 2.226222035044879885e+04 1.569661383648826281e+01 -2.064650785283560219e-01 2.382882437294798095e+00 -2.190638884395822508e-02 1.000000000000000021e-02 1.570796326794896558e+00 1.000000000000000000e+00 1.000000000000000000e+00 0.000000000000000000e+00 0.000000000000000000e+00 -1.000000000000000000e+00 -1.000000000000000000e+00
3.500000000000000000e+01 5.000000000000000000e+04 3.127712847187951084e+01 -1.532068183851717502e-01 2.749410731379926087e+00 3.158388163031218276e+00 1.000000000000000021e-02 0.000000000000000000e+00 1.000000000000000000e+00 1.000000000000000000e+00 0.000000000000000000e+00 0.000000000000000000e+00 -1.000000000000000000e+00 -1.000000000000000000e+00
3.600000000000000000e+01 3.387015329718786234e+04 1.109672502607042155e+01 -7.728487251391745472e-02 2.888188253344932566e+00 -6.879352545901901844e-03 1.624016085529430067e-02 0.000000000000000000e+00 1.000000000000000000e+00 1.000000000000000000e+00 0.000000000000000000e+00 0.000000000000000000e+00 -1.000000000000000000e+00 -1.000000000000000000e+00
3.700000000000000000e+01 4.771223364465616760e+04 2.842849733187664896e+01 -8.383413636864221752e-02 2.276273125685507548e+00 2.976778897586196751e-02 2.506959445638922562e-02 1.570796326794896558e+00 1.000000000000000000e+00 1.000000000000000000e+00 0.000000000000000000e+00 0.000000000000000000e+00 -1.000000000000000000e+00 -1.000000000000000000e+00
4.000000000000000000e+01 4.411567128816128047e+02 1.615734914147758516e+01 -1.409234029758786311e-01 2.174796503631637012e+00 3.145178299687211521e+00 4.151892796162265364e-02 1.570796326794896558e+00 1.000000000000000000e+00 1.000000000000000000e+00 0.000000000000000000e+00 0.000000000000000000e+00 -1.000000000000000000e+00 -1.000000000000000000e+00
4.100000000000000000e+01 1.287414336193370764e+04 1.116014638958284166e+01 -1.542815378145627192e-01 2.039169289623722570e+00 3.145825488273873205e+00 9.000000000000001055e-02 1.570796326794896558e+00 1.000000000000000000e+00 1.000000000000000000e+00 0.000000000000000000e+00 0.000000000000000000e+00 -1.000000000000000000e+00 -1.000000000000000000e+00
4.300000000000000000e+01 5.897921786345129931e+02 3.676659273796790472e+01 -1.927528465782716582e-01 3.100000000000000089e+00 -9.318927904046385782e-03 9.000000000000001055e-02 0.000000000000000000e+00 1.000000000000000000e+00 1.000000000000000000e+00 0.000000000000000000e+00 0.000000000000000000e+00 -1.000000000000000000e+00 -1.000000000000000000e+00
4.400000000000000000e+01 5.000000000000000000e+04 3.266842453066475827e+01 -6.277701221432342715e-02 2.583940519154232174e+00 2.842324507300920261e-02 8.712770102424076402e-02 0.000000000000000000e+00 1.000000000000000000e+00 1.000000000000000000e+00 0.000000000000000000e+00 0.000000000000000000e+00 -1.000000000000000000e+00 -1.000000000000000000e+00
4.700000000000000000e+01 1.645134063543951561e+04 3.013303757709002184e+01 -1.837053019916239094e-01 1.922303066524204684e+00 2.378473118217498163e-03 1.000000000000000021e-02 0.000000000000000000e+00 1.000000000000000000e+00 1.000000000000000000e+00 0.000000000000000000e+00 0.000000000000000000e+00 -1.000000000000000000e+00 -1.000000000000000000e+00
5.200000000000000000e+01 1.389887792571065256e+04 1.193323455199391780e+01 -1.066759753530065885e-01 3.079060000000000130e+00 -1.230587106303689462e-02 1.000000000000000021e-02 1.570796326794896558e+00 1.000000000000000000e+00 1.000000000000000000e+00 0.000000000000000000e+00 0.000000000000000000e+00 -1.000000000000000000e+00 -1.000000000000000000e+00
5.300000000000000000e+01 4.404593647167945164e+04 1.160382241126572289e+01 6.298313613791391152e-02 8.519839820098049632e-01 -4.586164341632418401e-02 3.753196922833065829e-02 0.000000000000000000e+00 1.000000000000000000e+00 1.000000000000000000e+00 0.000000000000000000e+00 0.000000000000000000e+00 -1.000000000000000000e+00 -1.000000000000000000e+00
5.400000000000000000e+01 1.692944896310510740e+04 1.084698653599976659e+01 6.665652492785106853e-02 1.311457560869678129e+00 -2.735602306486634508e-02 4.499698458101047266e-02 1.570796326794896558e+00 1.000000000000000000e+00 1.000000000000000000e+00 0.000000000000000000e+00 0.000000000000000000e+00 -1.000000000000000000e+00 -1.000000000000000000e+00
5.600000000000000000e+01 5.000000000000000000e+04 3.876921156956603909e+01 4.799892446519143929e-02 1.428700359735133540e+00 3.133011403220979929e+00 1.412737992461025535e-02 1.570796326794896558e+00 1.000000000000000000e+00 1.000000000000000000e+00 0.000000000000000000e+00 0.000000000000000000e+00 -1.000000000000000000e+00 -1.000000000000000000e+00
5.900000000000000000e+01 5.000000000000000000e+04 1.736871684056398735e+01 -1.256657251531325126e-01 2.583480913322556916e+00 -3.834501920059214114e-02 6.008760432219820841e-02 1.570796326794896558e+00 1.000000000000000000e+00 1.000000000000000000e+00 0.000000000000000000e+00 0.000000000000000000e+00 -1.000000000000000000e+00 -1.000000000000000000e+00
6.200000000000000000e+01 1.447628723697594251e+04 1.685456181813163923e+01 2.397933940209441214e-03 6.323898742841960186e-01 -2.139414019175635631e-02 1.000000000000000021e-02 1.570796326794896558e+00 1.000000000000000000e+00 1.000000000000000000e+00 0.000000000000000000e+00 0.000000000000000000e+00 -1.000000000000000000e+00 -1.000000000000000000e+00
6.300000000000000000e+01 2.978934816820850756e+04 2.478302213553022426e+01 -5.774694942537053968e-03 1.022977500939237450e+00 3.178580571628059737e+00 1.699647157615460577e-02 1.570796326794896558e+00 1.000000000000000000e+00 1.000000000000000000e+00 0.000000000000000000e+00 0.000000000000000000e+00 -1.000000000000000000e+00 -1.000000000000000000e+00
6.400000000000000000e+01 3.073806438449837151e+04 1.920816413919279242e+01 1.227350319286987790e-02 1.252603999103302224e+00 3.150416428365364396e+00 6.528730159459285309e-02 1.570796326794896558e+00 1.000000000000000000e+00 1.000000000000000000e+00 0.000000000000000000e+00 0.000000000000000000e+00 -1.000000000000000000e+00 -1.000000000000000000e+00
6.600000000000000000e+01 2.762502442325164884e+04 1.758691150930476610e+01 -8.143571730541530884e-02 2.788277277707498669e+00 3.140980300258684910e+00 1.177594273318996812e-02 0.000000000000000000e+00 1.000000000000000000e+00 1.000000000000000000e+00 0.000000000000000000e+00 0.000000000000000000e+00 -1.000000000000000000e+00 -1.000000000000000000e+00
6.700000000000000000e+01 3.224133606474994303e+04 1.729476781047886647e+01 -1.891572010294536588e-01 3.100000000000000089e+00 3.120517334640491747e+00 1.000000000000000056e-01 0.000000000000000000e+00 1.000000000000000000e+00 1.000000000000000000e+00 0.000000000000000000e+00 0.000000000000000000e+00 -1.000000000000000000e+00 -1.000000000000000000e+00
6.900000000000000000e+01 3.336916054941711991e+02 1.153182762682396856e+01 -2.050797661417543272e-01 2.636027198018769280e+00 3.614063560377860779e-02 9.019966394831986645e-02 0.000000000000000000e+00 1.000000000000000000e+00 1.000000000000000000e+00 0.000000000000000000e+00 0.000000000000000000e+00 -1.000000000000000000e+00 -1.000000000000000000e+00
7.300000000000000000e+01 5.660132625720435726e+02 1.372173551373569644e+01 2.233804826935478771e-02 4.701170781608267624e-01 1.219666419591556791e-02 4.707539035713792508e-02 1.570796326794896558e+00 1.000000000000000000e+00 1.000000000000000000e+00 0.000000000000000000e+00 0.000000000000000000e+00 -1.000000000000000000e+00 -1.000000000000000000e+00
7.400000000000000000e+01 6.160633093651633772e+02 2.900398118774964473e+01 -4.178781003947012324e-02 5.160368690905330347e-01 -7.556588179025225567e-03 2.176201669048901874e-02 0.000000000000000000e+00 1.000000000000000000e+00 1.000000000000000000e+00 0.000000000000000000e+00 0.000000000000000000e+00 -1.000000000000000000e+00 -1.000000000000000000e+00
7.500000000000000000e+01 5.000000000000000000e+04 1.402648798988932555e+01 -1.578040981981393975e-01 2.236907368471390267e+00 3.937041712440043223e-02 2.156028123775182923e-02 1.570796326794896558e+00 1.000000000000000000e+00 1.000000000000000000e+00 0.000000000000000000e+00 0.000000000000000000e+00 -1.000000000000000000e+00 -1.000000000000000000e+00
7.600000000000000000e+01 5.000000000000000000e+04 1.378254704983955570e+01 -1.983135478459460699e-01 2.620578479818787887e+00 -4.895407585745106122e-02 2.140420488629309337e-01 1.570796326794896558e+00 1.000000000000000000e+00 1.000000000000000000e+00 0.000000000000000000e+00 0.000000000000000000e+00 -1.000000000000000000e+00 -1.000000000000000000e+00
7.700000000000000000e+01 1.001219418967922320e+04 1.938777416509877938e+01 -6.122678147238367480e-02 3.100000000000000089e+00 3.160736646687793527e+00 1.000000000000000021e-02 0.000000000000000000e+00 1.000000000000000000e+00 1.000000000000000000e+00 0.000000000000000000e+00 0.000000000000000000e+00 -1.000000000000000000e+00 -1.000000000000000000e+00
8.300000000000000000e+01 5.000000000000000000e+04 1.248351995346440724e+01 -8.961023640215548536e-02 1.996182534551753873e+00 -2.285664601813723260e-02 2.132750419136785758e-01 1.570796326794896558e+00 1.000000000000000000e+00 1.000000000000000000e+00 0.000000000000000000e+00 0.000000000000000000e+00 -1.000000000000000000e+00 -1.000000000000000000e+00
8.800000000000000000e+01 1.256714674052457667e+04 1.039921883544214154e+01 1.387044565034653287e-01 1.614112709547868452e+00 3.124594488386936764e+00 1.000000000000000021e-02 0.000000000000000000e+00 1.000000000000000000e+00 1.000000000000000000e+00 0.000000000000000000e+00 0.000000000000000000e+00 -1.000000000000000000e+00 -1.000000000000000000e+00
8.900000000000000000e+01 4.514653664075630513e+04 1.228067259032727598e+01 -7.042933353383339090e-02 2.205858792354424391e+00 3.187850123702337779e+00 6.462447757430654638e-02 0.000000000000000000e+00 1.000000000000000000e+00 1.000000000000000000e+00 0.000000000000000000e+00 0.000000000000000000e+00 -1.000000000000000000e+00 -1.000000000000000000e+00
9.000000000000000000e+01 2.796664554101177418e+04 1.953501910163985045e+01 -9.488916868323361842e-02 2.818886076430183074e+00 2.422710806134890926e-02 1.594324849777791625e-02 1.570796326794896558e+00 1.000000000000000000e+00 1.000000000000000000e+00 0.000000000000000000e+00 0.000000000000000000e+00 -1.000000000000000000e+00 -1.000000000000000000e+00
9.100000000000000000e+01 3.692252119900327671e+04 1.301921815696513640e+01 -9.252630895320800020e-02 2.689632949789449334e+00 -3.118265923860867421e-03 1.440462314815049716e-01 1.570796326794896558e+00 1.000000000000000000e+00 1.000000000000000000e+00 0.000000000000000000e+00 0.000000000000000000e+00 -1.000000000000000000e+00 -1.000000000000000000e+00
9.200000000000000000e+01 2.602305105169480521e+04 1.067997610921060669e+01 -5.797953242494551657e-02 3.039673577815829475e+00 3.108035081542821487e+00 1.000000000000000056e-01 1.570796326794896558e+00 1.000000000000000000e+00 1.000000000000000000e+00 0.000000000000000000e+00 0.000000000000000000e+00 -1.000000000000000000e+00 -1.000000000000000000e+00
9.400000000000000000e+01 1.755273225770242061e+04 1.457630012053279955e+01 -2.786863078621818618e-02 1.906216401895703738e+00 -3.921053458718277984e-02 5.513082764176107514e-02 1.570796326794896558e+00 1.000000000000000000e+00 1.000000000000000000e+00 0.000000000000000000e+00 0.000000000000000000e+00 -1.000000000000000000e+00 -1.000000000000000000e+00
9.500000000000000000e+01 3.653914928759190661e+04 1.127715309983812197e+01 -1.793169095667601631e-02 1.038145326336295859e+00 2.122142985122987824e-02 1.172382614012228569e-01 1.570796326794896558e+00 1.000000000000000000e+00 1.000000000000000000e+00 0.000000000000000000e+00 0.000000000000000000e+00 -1.000000000000000000e+00 -1.000000000000000000e+00
9.600000000000000000e+01 2.337642274941640062e+04 1.087268046452482650e+01 -1.066297142929090586e-01 3.100000000000000089e+00 3.139567123131133730e+00 1.536856409416102048e-02 1.570796326794896558e+00 1.000000000000000000e+00 1.000000000000000000e+00 0.000000000000000000e+00 0.000000000000000000e+00 -1.000000000000000000e+00 -1.000000000000000000e+00
9.900000000000000000e+01 2.051913427900489114e+04 3.147972805705587263e+01 -3.513103314806190897e-02 7.524490321365628898e-01 3.136028037179874772e+00 1.000000000000000021e-02 0.000000000000000000e+00 1.000000000000000000e+00 1.000000000000000000e+00 0.000000000000000000e+00 0.000000000000000000e+00 -1.000000000000000000e+00 -1.000000000000000000e+00
1.000000000000000000e+02 4.425828875551428064e+04 1.062576201697055645e+01 -1.358025870566856863e-01 3.100000000000000089e+00 3.140290284557612832e+00 7.063925324938061245e-02 1.570796326794896558e+00 1.000000000000000000e+00 1.000000000000000000e+00 0.000000000000000000e+00 0.000000000000000000e+00 -1.000000000000000000e+00 -1.000000000000000000e+00
1.010000000000000000e+02 1.346959270935322274e+04 1.302246315167151991e+01 -1.729700756393644581e-02 1.448909366632503248e+00 3.144017447181461478e+00 1.000000000000000021e-02 0.000000000000000000e+00 1.000000000000000000e+00 1.000000000000000000e+00 0.000000000000000000e+00 0.000000000000000000e+00 -1.000000000000000000e+00 -1.000000000000000000e+00
1.030000000000000000e+02 3.050561819246137384e+04 3.629267913526191336e+01 -1.063155965004308340e-01 3.100000000000000089e+00 3.134372481380776509e+00 1.000000000000000021e-02 0.000000000000000000e+00 1.000000000000000000e+00 1.000000000000000000e+00 0.000000000000000000e+00 0.000000000000000000e+00 -1.000000000000000000e+00 -1.000000000000000000e+00
1.040000000000000000e+02 1.736309619617355202e+04 1.463813669170709098e+01 -3.591232192212225061e-02 1.381171089419993780e+00 1.425878467769602434e-02 1.645290827897517849e-02 0.000000000000000000e+00 1.000000000000000000e+00 1.000000000000000000e+00 0.000000000000000000e+00 0.000000000000000000e+00 -1.000000000000000000e+00 -1.000000000000000000e+00
1.050000000000000000e+02 3.716880520564977633e+04 1.228303850141834275e+01 -2.083609229391593098e-01 2.322843462071884968e+00 1.975179445152187505e-02 2.561773081587149711e-02 1.570796326794896558e+00 1.000000000000000000e+00 1.000000000000000000e+00 0.000000000000000000e+00 0.000000000000000000e+00 -1.000000000000000000e+00 -1.000000000000000000e+00
1.060000000000000000e+02 4.477385609117092827e+04 2.279077553860729921e+01 -2.010589717282420391e-02 4.887407128079159779e-01 4.550309798756502905e-02 2.549562380558651267e-02 0.000000000000000000e+00 1.000000000000000000e+00 1.000000000000000000e+00 0.000000000000000000e+00 0.000000000000000000e+00 -1.000000000000000000e+00 -1.000000000000000000e+00
1.080000000000000000e+02 3.500715780113989604e+04 2.642666618504316034e+01 -1.346689818301823049e-01 2.068718621746496122e+00 3.107567272660502589e+00 6.025864377927187682e-02 1.570796326794896558e+00 1.000000000000000000e+00 1.000000000000000000e+00 0.000000000000000000e+00 0.000000000000000000e+00 -1.000000000000000000e+00 -1.000000000000000000e+00
1.090000000000000000e+02 1.985830181489774986e+04 2.750627096776439373e+01 1.073552450131452507e-01 9.559003822457063926e-01 3.163759131438454553e+00 3.182847250909829478e-02 1.570796326794896558e+00 1.000000000000000000e+00 1.000000000000000000e+00 0.000000000000000000e+00 0.000000000000000000e+00 -1.000000000000000000e+00 -1.000000000000000000e+00
1.140000000000000000e+02 2.455440440145864704e+04 1.116845953684724080e+01 -2.356689171146834072e-01 1.984060983527866640e+00 3.110972655538570386e+00 5.082562444543882452e-02 1.570796326794896558e+00 1.000000000000000000e+00 1.000000000000000000e+00 0.000000000000000000e+00 0.000000000000000000e+00 -1.000000000000000000e+00 -1.000000000000000000e+00
1.170000000000000000e+02 4.098681663174625282e+04 1.271590839517416960e+01 -1.635413872821229186e-01 3.100000000000000089e+00 3.142894870392310747e+00 1.821333922719363674e-01 0.000000000000000000e+00 1.000000000000000000e+00 1.000000000000000000e+00 0.000000000000000000e+00 0.000000000000000000e+00 -1.000000000000000000e+00 -1.000000000000000000e+00
1.190000000000000000e+02 5.620231958874709335e+02 1.614451560375218619e+01 -1.242846915572185101e-01 2.860989615480552306e+00 5.825730124058764231e-04 6.702297437443337225e-02 1.570796326794896558e+00 1.000000000000000000e+00 1.000000000000000000e+00 0.000000000000000000e+00 0.000000000000000000e+00 -1.000000000000000000e+00 -1.000000000000000000e+00
1.200000000000000000e+02 4.557069440092411241e+04 1.726296896648967305e+01 -1.154695581044518499e-01 2.889451807220314361e+00 -4.058040740100994637e-02 8.238550376546127652e-02 1.570796326794896558e+00 1.000000000000000000e+00 1.000000000000000000e+00 0.000000000000000000e+00 0.000000000000000000e+00 -1.000000000000000000e+00 -1.000000000000000000e+00
1.220000000000000000e+02 2.892251008580670532e+04 3.647311993273198993e+01 -9.344274706360486404e-02 2.717817043744006344e+00 3.156224870781661362e+00 1.000000000000000021e-02 0.000000000000000000e+00 1.000000000000000000e+00 1.000000000000000000e+00 0.000000000000000000e+00 0.000000000000000000e+00 -1.000000000000000000e+00 -1.000000000000000000e+00
1.230000000000000000e+02 1.987640841579917833e+04 1.834173315689443484e+01 -2.147885118548789329e-01 2.772603702310875828e+00 -4.803048055134326658e-03 1.394299867809431492e-02 1.570796326794896558e+00 1.000000000000000000e+00 1.000000000000000000e+00 0.000000000000000000e+00 0.000000000000000000e+00 -1.000000000000000000e+00 -1.000000000000000000e+00
1.240000000000000000e+02 3.015704454092906599e+04 2.146175385921911527e+01 3.610021693335745303e-03 7.167435064014545665e-01 -8.781746289105323011e-03 3.489082566172188593e-02 1.570796326794896558e+00 1.000000000000000000e+00 1.000000000000000000e+00 0.000000000000000000e+00 0.000000000000000000e+00 -1.000000000000000000e+00 -1.000000000000000000e+00
1.250000000000000000e+02 5.000000000000000000e+04 2.002153262121611732e+01 -1.321227108566776220e-01 2.504431704517399382e+00 3.150611660715678219e+00 3.206777569224296409e-02 1.570796326794896558e+00 1.000000000000000000e+00 1.000000000000000000e+00 0.000000000000000000e+00 0.000000000000000000e+00 -1.000000000000000000e+00 -1.000000000000000000e+00
1.260000000000000000e+02 2.941992570896813777e+04 1.305593525158768209e+01 -1.858929716453930625e-01 3.100000000000000089e+00 -3.783619080125923823e-02 1.862940994690616761e-02 1.570796326794896558e+00 1.000000000000000000e+00 1.000000000000000000e+00 0.000000000000000000e+00 0.000000000000000000e+00 -1.000000000000000000e+00 -1.000000000000000000e+00
1.270000000000000000e+02 3.297015028615816846e+04 1.430215719603151214e+01 -4.191370134854364993e-02 1.741026233683086399e+00 3.138445854027532178e+00 4.134986159188856064e-02 1.570796326794896558e+00 1.000000000000000000e+00 1.000000000000000000e+00 0.000000000000000000e+00 0.000000000000000000e+00 -1.000000000000000000e+00 -1.000000000000000000e+00
1.340000000000000000e+02 2.342449940848807819e+04 3.719357528710401795e+01 -7.775986215177672911e-03 7.735463584120599867e-01 -1.546783847014892785e-02 7.159742861194622054e-02 1.570796326794896558e+00 1.000000000000000000e+00 1.000000000000000000e+00 0.000000000000000000e+00 0.000000000000000000e+00 -1.000000000000000000e+00 -1.000000000000000000e+00
1.350000000000000000e+02 4.002642566960507975e+04 1.477836573821315014e+01 -1.016010947671295989e-01 3.100000000000000089e+00 -1.636862251565975729e-02 4.238251189712990280e-02 0.000000000000000000e+00 1.000000000000000000e+00 1.000000000000000000e+00 0.000000000000000000e+00 0.000000000000000000e+00 -1.000000000000000000e+00 -1.000000000000000000e+00
1.360000000000000000e+02 5.000000000000000000e+04 3.369362455714805549e+01 -2.065378936876788030e-01 3.100000000000000089e+00 2.159352790531393965e-02 1.445920319181022429e-02 1.570796326794896558e+00 1.000000000000000000e+00 1.000000000000000000e+00 0.000000000000000000e+00 0.000000000000000000e+00 -1.000000000000000000e+00 -1.000000000000000000e+00
1.410000000000000000e+02 3.626390720961093757e+04 1.250452512250589621e+01 -7.268686096721641010e-02 2.836325649967892382e+00 3.126338133848182377e+00 1.246349187723416393e-02 0.000000000000000000e+00 1.000000000000000000e+00 1.000000000000000000e+00 0.000000000000000000e+00 0.000000000000000000e+00 -1.000000000000000000e+00 -1.000000000000000000e+00
1.420000000000000000e+02 1.607075222934436351e+04 1.108639272377645035e+01 -5.161912065890895268e-02 2.257752308856310286e+00 3.140967673736798638e+00 5.803677844754968895e-02 0.000000000000000000e+00 1.000000000000000000e+00 1.000000000000000000e+00 0.000000000000000000e+00 0.000000000000000000e+00 -1.000000000000000000e+00 -1.000000000000000000e+00
1.440000000000000000e+02 1.601491136851081683e+04 1.068906072846253430e+01 -6.899790155584450968e-02 2.905137337477421866e+00 3.148966175840361537e+00 1.000000000000000021e-02 1.570796326794896558e+00 1.000000000000000000e+00 1.000000000000000000e+00 0.000000000000000000e+00 0.000000000000000000e+00 -1.000000000000000000e+00 -1.000000000000000000e+00
1.490000000000000000e+02 5.554543412316809281e+02 1.977868075031753037e+01 -5.910536087539248334e-02 2.987039287149879652e+00 -2.759281225713494483e-03 1.613692441211822537e-02 1.570796326794896558e+00 1.000000000000000000e+00 1.000000000000000000e+00 0.000000000000000000e+00 0.000000000000000000e+00 -1.000000000000000000e+00 -1.000000000000000000e+00
1.520000000000000000e+02 5.000000000000000000e+04 2.953666822674251691e+01 -6.469301288433176866e-02 3.100000000000000089e+00 3.106312694657379581e+00 3.647995431816126316e-02 1.570796326794896558e+00 1.000000000000000000e+00 1.000000000000000000e+00 0.000000000000000000e+00 0.000000000000000000e+00 -1.000000000000000000e+00 -1.000000000000000000e+00
1.540000000000000000e+02 2.084529129998057397e+04 1.625794904971448673e+01 -1.868864946637743482e-03 1.138177145462712758e+00 3.140837860645905533e+00 1.000000000000000021e-02 0.000000000000000000e+00 1.000000000000000000e+00 1.000000000000000000e+00 0.000000000000000000e+00 0.000000000000000000e+00 -1.000000000000000000e+00 -1.000000000000000000e+00
1.550000000000000000e+02 7.376470135679682016e+02 1.014855910957915519e+01 -1.937455730755599514e-01 3.100000000000000089e+00 -7.106182446219798908e-03 3.252053530594083142e-02 0.000000000000000000e+00 1.000000000000000000e+00 1.000000000000000000e+00 0.000000000000000000e+00 0.000000000000000000e+00 -1.000000000000000000e+00 -1.000000000000000000e+00
1.590000000000000000e+02 2.823553593442384226e+04 1.186371869479900631e+01 -1.921206941449851713e-01 3.053686381455405829e+00 3.073771382641297956e-02 2.914032810783781860e-02 0.000000000000000000e+00 1.000000000000000000e+00 1.000000000000000000e+00 0.000000000000000000e+00 0.000000000000000000e+00 -1.000000000000000000e+00 -1.000000000000000000e+00
1.620000000000000000e+02 4.540363945899860846e+04 2.056333660634314242e+01 -1.002653905092273923e-01 2.654585552992469122e+00 3.141958518972340464e+00 3.471181497230682589e-02 0.000000000000000000e+00 1.000000000000000000e+00 1.000000000000000000e+00 0.000000000000000000e+00 0.000000000000000000e+00 -1.000000000000000000e+00 -1.000000000000000000e+00
1.630000000000000000e+02 1.885633751315127665e+04 1.223839851765705156e+01 -1.862721036549321724e-02 1.041172292043399006e+00 6.689304786060859716e-03 7.294917393113820037e-02 1.570796326794896558e+00 1.000000000000000000e+00 1.000000000000000000e+00 0.000000000000000000e+00 0.000000000000000000e+00 -1.000000000000000000e+00 -1.000000000000000000e+00
1.710000000000000000e+02 2.553202844162464680e+04 1.126263922433225417e+01 -6.485663236131423461e-03 7.296686231688135349e-01 -1.917663515582184244e-02 4.819461511344245996e-02 0.000000000000000000e+00 1.000000000000000000e+00 1.000000000000000000e+00 0.000000000000000000e+00 0.000000000000000000e+00 -1.000000000000000000e+00 -1.000000000000000000e+00
1.740000000000000000e+02 8.179894739509841202e+03 1.196640339453676738e+01 -2.910087293653284002e-01 2.997068863592191601e+00 1.238106371556336668e-02 3.265969709627267875e-02 0.000000000000000000e+00 1.000000000000000000e+00 1.000000000000000000e+00 0.000000000000000000e+00 0.000000000000000000e+00 -1.000000000000000000e+00 -1.000000000000000000e+00
1.760000000000000000e+02 1.906720035807367822e+04 1.721154336954902320e+01 -1.636925568068217651e-01 2.310942446923552662e+00 -1.918689144795756793e-02 2.330243738481239599e-02 0.000000000000000000e+00 1.000000000000000000e+00 1.000000000000000000e+00 0.000000000000000000e+00 0.000000000000000000e+00 -1.000000000000000000e+00 -1.000000000000000000e+00
1.790000000000000000e+02 3.650266469878722273e+04 2.202262696588520896e+01 -6.271782574579745639e-02 3.100000000000000089e+00 3.104588746339720817e+00 3.030324389393281373e-02 0.000000000000000000e+00 1.000000000000000000e+00 1.000000000000000000e+00 0.000000000000000000e+00 0.000000000000000000e+00 -1.000000000000000000e+00 -1.000000000000000000e+00
1.800000000000000000e+02 2.967060037485964131e+04 2.012113924955731292e+01 2.680021648621506644e-03 1.466373063530002296e+00 -1.084208849364143475e-02 1.026442736529809344e-02 0.000000000000000000e+00 1.000000000000000000e+00 1.000000000000000000e+00 0.000000000000000000e+00 0.000000000000000000e+00 -1.000000000000000000e+00 -1.000000000000000000e+00
1.850000000000000000e+02 3.448512243618304637e+04 1.035499458233654835e+01 -8.434635583351501875e-03 5.107412303816036836e-01 1.560134459335477120e-02 5.768356318508210262e-02 1.570796326794896558e+00 1.000000000000000000e+00 1.000000000000000000e+00 0.000000000000000000e+00 0.000000000000000000e+00 -1.000000000000000000e+00 -1.000000000000000000e+00
1.890000000000000000e+02 5.000000000000000000e+04 1.930249120929464013e+01 -4.826838186377341994e-02 6.736731911291412578e-01 3.139538704284732251e+00 2.879955940586405999e-02 1.570796326794896558e+00 1.000000000000000000e+00 1.000000000000000000e+00 0.000000000000000000e+00 0.000000000000000000e+00 -1.000000000000000000e+00 -1.000000000000000000e+00
1.900000000000000000e+02 1.955515034850045413e+04 1.307953879941275055e+01 -1.321990179937722054e-01 2.105547917556789272e+00 3.168025627372088593e+00 2.749027530719026780e-02 0.000000000000000000e+00 1.000000000000000000e+00 1.000000000000000000e+00 0.000000000000000000e+00 0.000000000000000000e+00 -1.000000000000000000e+00 -1.000000000000000000e+00
1.910000000000000000e+02 3.010719650612184341e+04 1.364383895084266740e+01 -1.433467080906691560e-01 1.991573688642610307e+00 3.126732742622651884e+00 3.265724574339124581e-02 0.000000000000000000e+00 1.000000000000000000e+00 1.000000000000000000e+00 0.000000000000000000e+00 0.000000000000000000e+00 -1.000000000000000000e+00 -1.000000000000000000e+00
1.930000000000000000e+02 3.011719850466274875e+04 1.078706238541538553e+01 -5.911458015620544432e-02 3.100000000000000089e+00 -2.212410259303651192e-02 1.985922615115798609e-02 0.000000000000000000e+00 1.000000000000000000e+00 1.000000000000000000e+00 0.000000000000000000e+00 0.000000000000000000e+00 -1.000000000000000000e+00 -1.000000000000000000e+00
1.950000000000000000e+02 2.598305314420022842e+04 1.231457327058732965e+01 -3.360426087298129527e-02 5.587946099365150854e-01 -3.990521842169318135e-03 5.627567374849312687e-02 1.570796326794896558e+00 1.000000000000000000e+00 1.000000000000000000e+00 0.000000000000000000e+00 0.000000000000000000e+00 -1.000000000000000000e+00 -1.000000000000000000e+00
1.960000000000000000e+02 2.396150023359443730e+04 1.100353007288749652e+01 -3.456162720631364427e-02 1.845378215167039704e+00 -3.722345836059365570e-03 3.128903351132261701e-02 0.000000000000000000e+00 1.000000000000000000e+00 1.000000000000000000e+00 0.000000000000000000e+00 0.000000000000000000e+00 -1.000000000000000000e+00 -1.000000000000000000e+00
1.980000000000000000e+02 3.564751954224456858e+04 3.530961676753543799e+01 -1.040512496280371901e-01 2.837813630846262924e+00 1.486088259766339507e-02 5.248032706696303951e-02 1.570796326794896558e+00 1.000000000000000000e+00 1.000000000000000000e+00 0.000000000000000000e+00 0.000000000000000000e+00 -1.000000000000000000e+00 -1.000000000000000000e+00
3.650000000000000000e+02 6.279886676537379344e+02 2.103280558464708605e+01 -1.029433969334884180e-01 2.589365630606982549e+00 0.000000000000000000e+00 2.546069825046634594e-02 -1.000000000000000000e+00 1.000000000000000000e+00 1.000000000000000000e+00 5.300000000000000000e+01 0.000000000000000000e+00 -1.000000000000000000e+00 -1.000000000000000000e+00
3.000000000000000000e+00 7.473190220884039263e+02 3.001393327487485863e+01 2.334274457765989075e-02 1.311007922722914110e+00 0.000000000000000000e+00 1.000000000000000056e-01 1.570796326794896558e+00 1.000000000000000000e+00 1.000000000000000000e+00 0.000000000000000000e+00 0.000000000000000000e+00 -1.000000000000000000e+00 -1.000000000000000000e+00
1.200000000000000000e+01 5.000000000000000000e+04 1.097589415905181021e+01 -6.298295016297902893e-02 2.819650230786131750e+00 0.000000000000000000e+00 2.529704734023960899e-01 1.570796326794896558e+00 1.000000000000000000e+00 1.000000000000000000e+00 0.000000000000000000e+00 0.000000000000000000e+00 -1.000000000000000000e+00 -1.000000000000000000e+00
1.500000000000000000e+01 2.477645077765177848e+04 1.157660829400250968e+01 -3.824277443102974683e-02 3.876459942689653437e-01 0.000000000000000000e+00 2.195078889441599845e-02 1.570796326794896558e+00 1.000000000000000000e+00 1.000000000000000000e+00 0.000000000000000000e+00 0.000000000000000000e+00 -1.000000000000000000e+00 -1.000000000000000000e+00
3.100000000000000000e+01 4.541554778949441970e+04 2.571403474904153441e+01 -1.697831988708294881e-01 2.262357742010454142e+00 0.000000000000000000e+00 2.065803674628592657e-02 1.570796326794896558e+00 1.000000000000000000e+00 1.000000000000000000e+00 0.000000000000000000e+00 0.000000000000000000e+00 -1.000000000000000000e+00 -1.000000000000000000e+00
3.400000000000000000e+01 2.169084972758790173e+04 1.195546044742120806e+01 9.378806939230974193e-02 1.883922538522899037e+00 0.000000000000000000e+00 6.433217991003796488e-02 1.570796326794896558e+00 1.000000000000000000e+00 1.000000000000000000e+00 0.000000000000000000e+00 0.000000000000000000e+00 -1.000000000000000000e+00 -1.000000000000000000e+00
6.000000000000000000e+01 2.375301674866655958e+04 1.726439967663512576e+01 -3.308220167815580093e-02 8.583289613188641587e-01 1.749416942754332058e-02 7.597585685595656391e-02 1.570796326794896558e+00 1.000000000000000000e+00 1.000000000000000000e+00 0.000000000000000000e+00 0.000000000000000000e+00 -1.000000000000000000e+00 -1.000000000000000000e+00
6.500000000000000000e+01 4.295346672762119852e+04 1.240136100662766161e+01 -9.497165948501257171e-02 2.129311262679394634e+00 0.000000000000000000e+00 4.419938601607766027e-02 1.570796326794896558e+00 1.000000000000000000e+00 1.000000000000000000e+00 0.000000000000000000e+00 0.000000000000000000e+00 -1.000000000000000000e+00 -1.000000000000000000e+00
7.000000000000000000e+01 7.485051777372100332e+02 1.617918829761855548e+01 -5.476940579547772206e-03 1.138917780442424865e+00 0.000000000000000000e+00 1.631420837822249864e-02 1.570796326794896558e+00 1.000000000000000000e+00 1.000000000000000000e+00 0.000000000000000000e+00 0.000000000000000000e+00 -1.000000000000000000e+00 -1.000000000000000000e+00
7.200000000000000000e+01 2.388847361586099942e+04 1.121075366968954157e+01 -7.557198247568779059e-02 3.100000000000000089e+00 5.959572961232863057e-03 2.204046657125859413e-02 1.570796326794896558e+00 1.000000000000000000e+00 1.000000000000000000e+00 0.000000000000000000e+00 0.000000000000000000e+00 -1.000000000000000000e+00 -1.000000000000000000e+00
8.600000000000000000e+01 7.977562132451083698e+02 1.673237258427977991e+01 -5.240827535289570294e-02 1.891103225236017593e+00 0.000000000000000000e+00 1.013979755645091733e-02 1.570796326794896558e+00 1.000000000000000000e+00 1.000000000000000000e+00 0.000000000000000000e+00 0.000000000000000000e+00 -1.000000000000000000e+00 -1.000000000000000000e+00
1.100000000000000000e+02 4.672694282571589429e+04 1.248264292144175158e+01 -1.520299753513080221e-01 2.421749864038319267e+00 4.388382639205990615e-02 1.949115584905882284e-02 1.570796326794896558e+00 1.000000000000000000e+00 1.000000000000000000e+00 0.000000000000000000e+00 0.000000000000000000e+00 -1.000000000000000000e+00 -1.000000000000000000e+00
1.160000000000000000e+02 2.242549352859428836e+04 1.443781650574229936e+01 -1.006280489188238758e-01 2.838576419756392966e+00 1.719299679437368694e-02 3.063949981327916336e-02 1.570796326794896558e+00 1.000000000000000000e+00 1.000000000000000000e+00 0.000000000000000000e+00 0.000000000000000000e+00 -1.000000000000000000e+00 -1.000000000000000000e+00
1.280000000000000000e+02 4.893471447571922181e+04 1.339847112794154960e+01 -5.600071569472632460e-02 3.100000000000000089e+00 8.938061725227611221e-03 3.744973849501818247e-02 1.570796326794896558e+00 1.000000000000000000e+00 1.000000000000000000e+00 0.000000000000000000e+00 0.000000000000000000e+00 -1.000000000000000000e+00 -1.000000000000000000e+00
1.330000000000000000e+02 3.593671163475662615e+04 3.799680043703892096e+01 -9.502887683707621214e-02 2.999861528805244593e+00 0.000000000000000000e+00 2.015415494477425587e-02 1.570796326794896558e+00 1.000000000000000000e+00 1.000000000000000000e+00 0.000000000000000000e+00 0.000000000000000000e+00 -1.000000000000000000e+00 -1.000000000000000000e+00
1.430000000000000000e+02 2.487593457068507996e+04 1.367382841921149605e+01 1.730262697379168768e-02 1.519469135849279784e+00 4.236935117294322178e-02 5.911419455374601617e-02 1.570796326794896558e+00 1.000000000000000000e+00 1.000000000000000000e+00 0.000000000000000000e+00 0.000000000000000000e+00 -1.000000000000000000e+00 -1.000000000000000000e+00
1.460000000000000000e+02 2.244519470428839122e+04 1.260780950972857894e+01 5.056554639255775307e-02 5.717773066373760260e-01 1.787699554392190374e-02 3.590424170933836923e-02 1.570796326794896558e+00 1.000000000000000000e+00 1.000000000000000000e+00 0.000000000000000000e+00 0.000000000000000000e+00 -1.000000000000000000e+00 -1.000000000000000000e+00
1.560000000000000000e+02 1.136764243105388596e+04 1.093886474379985252e+01 -1.966847275214390206e-02 1.337292565143413103e+00 7.764488745453526110e-03 1.000000000000000021e-02 1.570796326794896558e+00 1.000000000000000000e+00 1.000000000000000000e+00 0.000000000000000000e+00 0.000000000000000000e+00 -1.000000000000000000e+00 -1.000000000000000000e+00
1.580000000000000000e+02 1.035051545957645976e+04 1.072920843373423239e+01 -1.061995145639217236e-01 2.551215719352459388e+00 0.000000000000000000e+00 9.000000000000001055e-02 1.570796326794896558e+00 1.000000000000000000e+00 1.000000000000000000e+00 0.000000000000000000e+00 0.000000000000000000e+00 -1.000000000000000000e+00 -1.000000000000000000e+00
1.600000000000000000e+02 3.766248683563369559e+04 1.191516442868123526e+01 -1.142620316353933768e-01 2.767583691105656385e+00 0.000000000000000000e+00 3.631055486725815601e-02 1.570796326794896558e+00 1.000000000000000000e+00 1.000000000000000000e+00 0.000000000000000000e+00 0.000000000000000000e+00 -1.000000000000000000e+00 -1.000000000000000000e+00
1.690000000000000000e+02 3.190022332113217635e+04 1.093408084760471688e+01 -1.236958545487189254e-02 1.240610448313107073e+00 0.000000000000000000e+00 1.509977901316921639e-02 1.570796326794896558e+00 1.000000000000000000e+00 1.000000000000000000e+00 0.000000000000000000e+00 0.000000000000000000e+00 -1.000000000000000000e+00 -1.000000000000000000e+00
1.700000000000000000e+02 1.283407141938690438e+04 1.363772835611977818e+01 7.338352566662027787e-02 7.738163204136869755e-01 0.000000000000000000e+00 1.000000000000000021e-02 1.570796326794896558e+00 1.000000000000000000e+00 1.000000000000000000e+00 0.000000000000000000e+00 0.000000000000000000e+00 -1.000000000000000000e+00 -1.000000000000000000e+00
1.730000000000000000e+02 5.000000000000000000e+04 1.269018087437767228e+01 -4.559847012199423621e-02 5.451921763435593205e-01 0.000000000000000000e+00 1.522802092205182978e-01 1.570796326794896558e+00 1.000000000000000000e+00 1.000000000000000000e+00 0.000000000000000000e+00 0.000000000000000000e+00 -1.000000000000000000e+00 -1.000000000000000000e+00
1.840000000000000000e+02 3.981537932042947068e+04 3.733197222228187684e+01 8.120519467529258018e-02 1.578605875382868895e+00 0.000000000000000000e+00 2.796199306053425218e-02 1.570796326794896558e+00 1.000000000000000000e+00 1.000000000000000000e+00 0.000000000000000000e+00 0.000000000000000000e+00 -1.000000000000000000e+00 -1.000000000000000000e+00
1.400000000000000000e+01 5.457511932003021684e+03 1.077461937765949074e+01 -2.554647536887846848e-02 1.116248264472863072e+00 0.000000000000000000e+00 1.687005613017434139e-02 0.000000000000000000e+00 1.000000000000000000e+00 1.000000000000000000e+00 0.000000000000000000e+00 0.000000000000000000e+00 -1.000000000000000000e+00 -1.000000000000000000e+00
9.800000000000000000e+01 4.890149383874799241e+03 1.790240905442719210e+01 -2.867279754098560687e-02 1.165197279776899464e+00 0.000000000000000000e+00 9.000000000000001055e-02 0.000000000000000000e+00 1.000000000000000000e+00 1.000000000000000000e+00 0.000000000000000000e+00 0.000000000000000000e+00 -1.000000000000000000e+00 -1.000000000000000000e+00
1.020000000000000000e+02 1.634995557028071744e+04 1.857225434679825682e+01 -6.845212525805503823e-02 1.934205978574004892e+00 0.000000000000000000e+00 6.982833956479726767e-02 0.000000000000000000e+00 1.000000000000000000e+00 1.000000000000000000e+00 0.000000000000000000e+00 0.000000000000000000e+00 -1.000000000000000000e+00 -1.000000000000000000e+00
1.310000000000000000e+02 9.183912921564842691e+03 1.561618381027571445e+01 -1.222587415969147301e-01 2.311581610237178008e+00 0.000000000000000000e+00 1.000000000000000021e-02 0.000000000000000000e+00 1.000000000000000000e+00 1.000000000000000000e+00 0.000000000000000000e+00 0.000000000000000000e+00 -1.000000000000000000e+00 -1.000000000000000000e+00
1.500000000000000000e+02 1.103921793060849632e+04 1.232175146550674505e+01 -7.584635939573365626e-02 2.841410308999124279e+00 0.000000000000000000e+00 9.000000000000001055e-02 0.000000000000000000e+00 1.000000000000000000e+00 1.000000000000000000e+00 0.000000000000000000e+00 0.000000000000000000e+00 -1.000000000000000000e+00 -1.000000000000000000e+00
1.510000000000000000e+02 7.702735653786096918e+03 1.180104384551732721e+01 -5.652477386048199853e-02 2.292218306894434399e+00 0.000000000000000000e+00 9.000000000000001055e-02 0.000000000000000000e+00 1.000000000000000000e+00 1.000000000000000000e+00 0.000000000000000000e+00 0.000000000000000000e+00 -1.000000000000000000e+00 -1.000000000000000000e+00
1.720000000000000000e+02 6.480353428741223979e+03 2.890373342103863408e+01 3.114862342639157511e-02 4.578316060693987111e-01 0.000000000000000000e+00 9.000000000000001055e-02 0.000000000000000000e+00 1.000000000000000000e+00 1.000000000000000000e+00 0.000000000000000000e+00 0.000000000000000000e+00 -1.000000000000000000e+00 -1.000000000000000000e+00
1.750000000000000000e+02 4.228481991934402686e+03 1.277022645029330405e+01 5.391575968264449015e-02 8.608819230678691481e-01 0.000000000000000000e+00 9.000000000000001055e-02 0.000000000000000000e+00 1.000000000000000000e+00 1.000000000000000000e+00 0.000000000000000000e+00 0.000000000000000000e+00 -1.000000000000000000e+00 -1.000000000000000000e+00
1.940000000000000000e+02 5.645673333966953578e+03 1.544744456532923138e+01 1.372766920117851341e-01 1.271127847028930002e+00 0.000000000000000000e+00 1.000000000000000021e-02 0.000000000000000000e+00 1.000000000000000000e+00 1.000000000000000000e+00 0.000000000000000000e+00 0.000000000000000000e+00 -1.000000000000000000e+00 -1.000000000000000000e+00
3.660000000000000000e+02 7.562233179995279215e+02 3.067604733838057030e+01 -1.106694402267138500e-01 2.608848138166325548e+00 0.000000000000000000e+00 9.000000000000001055e-02 -1.000000000000000000e+00 1.000000000000000000e+00 1.000000000000000000e+00 5.300000000000000000e+01 1.000000000000000000e+05 -1.000000000000000000e+00 -1.000000000000000000e+00
3.670000000000000000e+02 4.168109405275796462e+02 1.051746553411939011e+01 -1.611186437731866594e-01 2.452731526149103392e+00 0.000000000000000000e+00 1.210338498911029195e-02 -1.000000000000000000e+00 1.000000000000000000e+00 1.000000000000000000e+00 5.300000000000000000e+01 2.000000000000000000e+05 -1.000000000000000000e+00 -1.000000000000000000e+00
3.680000000000000000e+02 1.931879321610879856e+02 3.011517097587482894e+01 -1.258365895853595651e-01 2.081131336083634320e+00 0.000000000000000000e+00 7.721171304602812702e-02 -1.000000000000000000e+00 1.000000000000000000e+00 1.000000000000000000e+00 5.300000000000000000e+01 3.000000000000000000e+05 -1.000000000000000000e+00 -1.000000000000000000e+00
3.700000000000000000e+02 2.162657446883785610e+02 3.253344759909601436e+01 -1.348511613694367839e-01 2.752112175735129451e+00 0.000000000000000000e+00 9.580101247560210420e-02 -1.000000000000000000e+00 1.000000000000000000e+00 1.000000000000000000e+00 5.300000000000000000e+01 4.000000000000000000e+05 -1.000000000000000000e+00 -1.000000000000000000e+00
3.690000000000000000e+02 2.703105115464727714e+04 3.364903260784375760e+01 5.984237283309719047e-01 0.000000000000000000e+00 0.000000000000000000e+00 1.000000000000000021e-02 -1.000000000000000000e+00 1.000000000000000000e+00 2.000000000000000000e+00 5.300000000000000000e+01 4.400000000000000000e+05 -1.000000000000000000e+00 -1.000000000000000000e+00
3.710000000000000000e+02 1.952885080459925302e+04 2.794347531487253633e+01 6.431483354238358707e-01 0.000000000000000000e+00 0.000000000000000000e+00 6.865619896690805524e-02 -1.000000000000000000e+00 1.000000000000000000e+00 2.000000000000000000e+00 5.300000000000000000e+01 4.600000000000000000e+05 -1.000000000000000000e+00 -1.000000000000000000e+00
3.730000000000000000e+02 4.468935386055948698e+02 1.448307809130865031e+01 -1.982512879386126060e-03 1.247004733109537522e+00 0.000000000000000000e+00 5.266310838206757217e-02 -1.000000000000000000e+00 1.000000000000000000e+00 1.000000000000000000e+00 5.300000000000000000e+01 5.000000000000000000e+05 -1.000000000000000000e+00 -1.000000000000000000e+00
