# id_num orb_a mass spin spin_angle orb_inc orb_ecc orb_arg_periapse orb_ang_mom gen galaxy time_passed star_X star_Y star_Z radius
2.390000000000000000e+02 3.846228708179682343e+01 1.692880377229114629e+03 9.269999999999999352e-01 6.363959945461811207e-01 0.000000000000000000e+00 6.154416768339101562e-01 1.570796326794896558e+00 1.383285405460865024e+18 1.000000000000000000e+00 0.000000000000000000e+00 0.000000000000000000e+00 7.273999999999999355e-01 2.637999999999999790e-01 8.800000000000000530e-03 3.789534513518640324e+02
2.400000000000000000e+02 3.930004215793039890e+01 1.649284999811073021e+03 9.269999999999999352e-01 1.857779288168363241e+00 0.000000000000000000e+00 4.755812948603108103e-01 1.570796326794896558e+00 1.357611645666878720e+18 1.000000000000000000e+00 0.000000000000000000e+00 0.000000000000000000e+00 7.273999999999999355e-01 2.637999999999999790e-01 8.800000000000000530e-03 3.711260311873340925e+02
2.410000000000000000e+02 4.462750708211699191e+01 1.635542267258597576e+03 9.269999999999999352e-01 8.768094420976237924e-01 0.000000000000000000e+00 2.842481255750300417e-01 0.000000000000000000e+00 1.355410042828168704e+18 1.000000000000000000e+00 0.000000000000000000e+00 0.000000000000000000e+00 7.273999999999999355e-01 2.637999999999999790e-01 8.800000000000000530e-03 3.686500249888639473e+02
2.460000000000000000e+02 4.390191656314429736e+01 2.201711206465627129e+03 9.269999999999999352e-01 1.112096938032119287e+00 0.000000000000000000e+00 3.145914754053789619e-01 1.570796326794896558e+00 1.891652647521019648e+18 1.000000000000000000e+00 0.000000000000000000e+00 0.000000000000000000e+00 7.273999999999999355e-01 2.637999999999999790e-01 8.800000000000000530e-03 4.676200590201793830e+02
2.520000000000000000e+02 5.381040331367477592e+01 2.444974127465784932e+03 9.269999999999999352e-01 8.384178490574629716e-01 0.000000000000000000e+00 2.962156154402242336e-01 0.000000000000000000e+00 2.195946585732433152e+18 1.000000000000000000e+00 0.000000000000000000e+00 0.000000000000000000e+00 7.273999999999999355e-01 2.637999999999999790e-01 8.800000000000000530e-03 5.085155809547728154e+02
2.530000000000000000e+02 6.447357710266720687e+01 2.636944284194806642e+03 9.269999999999999352e-01 8.688279990126820396e-01 0.000000000000000000e+00 7.540352166899755293e-02 1.570796326794896558e+00 2.386177857842427392e+18 1.000000000000000000e+00 0.000000000000000000e+00 0.000000000000000000e+00 7.273999999999999355e-01 2.637999999999999790e-01 8.800000000000000530e-03 5.402137238259516607e+02
2.560000000000000000e+02 6.018641253417872150e+01 3.028511308387372537e+03 9.269999999999999352e-01 1.223725333446532115e+00 0.000000000000000000e+00 9.372928520641095329e-02 0.000000000000000000e+00 2.803725577821550592e+18 1.000000000000000000e+00 0.000000000000000000e+00 0.000000000000000000e+00 7.273999999999999355e-01 2.637999999999999790e-01 8.800000000000000530e-03 6.034874037498781263e+02
2.650000000000000000e+02 8.237131161294851722e+01 3.936121598900796471e+03 9.269999999999999352e-01 1.412340063373242138e+00 0.000000000000000000e+00 1.000000000000000056e-01 1.570796326794896558e+00 3.909003330131834368e+18 1.000000000000000000e+00 0.000000000000000000e+00 0.000000000000000000e+00 7.273999999999999355e-01 2.637999999999999790e-01 8.800000000000000530e-03 7.442856664189087041e+02
2.660000000000000000e+02 8.433723002559889892e+01 3.869909419463412178e+03 9.269999999999999352e-01 1.051276111044944006e+00 0.000000000000000000e+00 3.582505722843343232e-02 0.000000000000000000e+00 3.874978022417772032e+18 1.000000000000000000e+00 0.000000000000000000e+00 0.000000000000000000e+00 7.273999999999999355e-01 2.637999999999999790e-01 8.800000000000000530e-03 7.342525947431063287e+02
2.670000000000000000e+02 8.085631925923136976e+01 4.438370688793485897e+03 9.269999999999999352e-01 1.748461519200952718e+00 0.000000000000000000e+00 2.558776873785462494e-02 0.000000000000000000e+00 4.480234206339553792e+18 1.000000000000000000e+00 0.000000000000000000e+00 0.000000000000000000e+00 7.273999999999999355e-01 2.637999999999999790e-01 8.800000000000000530e-03 8.193391501444277765e+02
2.680000000000000000e+02 8.202257827808932689e+01 4.777931978974115736e+03 9.269999999999999352e-01 6.539205756098522837e-01 0.000000000000000000e+00 2.012089276993384371e-02 0.000000000000000000e+00 4.862427070901138432e+18 1.000000000000000000e+00 0.000000000000000000e+00 0.000000000000000000e+00 7.273999999999999355e-01 2.637999999999999790e-01 8.800000000000000530e-03 8.691141488430453137e+02
2.710000000000000000e+02 1.000659841755055766e+02 5.039403036802235874e+03 9.269999999999999352e-01 6.745296250393575388e-01 0.000000000000000000e+00 1.000000000000000056e-01 0.000000000000000000e+00 5.255194694932062208e+18 1.000000000000000000e+00 0.000000000000000000e+00 0.000000000000000000e+00 7.273999999999999355e-01 2.637999999999999790e-01 8.800000000000000530e-03 9.069599813780415616e+02
2.720000000000000000e+02 8.935609393616465468e+01 5.673780137287417347e+03 9.269999999999999352e-01 4.905134859110215628e-01 0.000000000000000000e+00 1.418416167148260978e-02 0.000000000000000000e+00 5.966318423045308416e+18 1.000000000000000000e+00 0.000000000000000000e+00 0.000000000000000000e+00 7.273999999999999355e-01 2.637999999999999790e-01 8.800000000000000530e-03 9.972013369669019767e+02
2.730000000000000000e+02 1.025644589830987883e+02 5.622082746219378350e+03 9.269999999999999352e-01 1.304769415128499199e+00 0.000000000000000000e+00 9.000000000000001055e-02 0.000000000000000000e+00 5.960771957975465984e+18 1.000000000000000000e+00 0.000000000000000000e+00 0.000000000000000000e+00 7.273999999999999355e-01 2.637999999999999790e-01 8.800000000000000530e-03 9.899257850449016587e+02
2.740000000000000000e+02 1.122595443397472934e+02 6.095043201203822719e+03 9.269999999999999352e-01 1.753799258054713039e+00 0.000000000000000000e+00 3.313367863754891618e-02 1.570796326794896558e+00 6.517699149399996416e+18 1.000000000000000000e+00 0.000000000000000000e+00 0.000000000000000000e+00 7.273999999999999355e-01 2.637999999999999790e-01 8.800000000000000530e-03 1.056005744260152369e+03
2.750000000000000000e+02 1.094150603777044779e+02 5.792814261308987625e+03 9.269999999999999352e-01 5.187300767205431651e-01 0.000000000000000000e+00 3.764900464465745222e-02 0.000000000000000000e+00 6.245807540565696512e+18 1.000000000000000000e+00 0.000000000000000000e+00 0.000000000000000000e+00 7.273999999999999355e-01 2.637999999999999790e-01 8.800000000000000530e-03 1.013903291551351572e+03
2.760000000000000000e+02 1.115329928035424700e+02 5.783761474930474833e+03 9.269999999999999352e-01 1.306817200041533678e+00 0.000000000000000000e+00 1.818974919504591503e-02 1.570796326794896558e+00 6.287987308543668224e+18 1.000000000000000000e+00 0.000000000000000000e+00 0.000000000000000000e+00 7.273999999999999355e-01 2.637999999999999790e-01 8.800000000000000530e-03 1.012635502211779567e+03
2.770000000000000000e+02 1.072489653844105959e+02 5.888509286554293794e+03 9.269999999999999352e-01 1.771733903593351922e+00 0.000000000000000000e+00 1.199350645062619361e-02 0.000000000000000000e+00 6.457612790958562304e+18 1.000000000000000000e+00 0.000000000000000000e+00 0.000000000000000000e+00 7.273999999999999355e-01 2.637999999999999790e-01 8.800000000000000530e-03 1.027280729732953205e+03
2.810000000000000000e+02 1.163910547754419724e+02 7.737335143227233857e+03 9.269999999999999352e-01 1.329572874225026347e+00 0.000000000000000000e+00 2.468322366245275304e-02 0.000000000000000000e+00 8.784160524145442816e+18 1.000000000000000000e+00 0.000000000000000000e+00 0.000000000000000000e+00 7.273999999999999355e-01 2.637999999999999790e-01 8.800000000000000530e-03 1.278079818078244443e+03
2.820000000000000000e+02 1.288922660909545357e+02 7.663536840664103693e+03 9.269999999999999352e-01 5.167639999814891416e-01 0.000000000000000000e+00 5.741500933929906403e-02 0.000000000000000000e+00 8.774984864822668288e+18 1.000000000000000000e+00 0.000000000000000000e+00 0.000000000000000000e+00 7.273999999999999355e-01 2.637999999999999790e-01 8.800000000000000530e-03 1.268318273417869705e+03
2.850000000000000000e+02 1.255838365872724438e+02 8.967223917931405595e+03 9.269999999999999352e-01 6.842458499539724182e-01 0.000000000000000000e+00 9.000000000000001055e-02 0.000000000000000000e+00 1.054553537939927859e+19 1.000000000000000000e+00 0.000000000000000000e+00 0.000000000000000000e+00 7.273999999999999355e-01 2.637999999999999790e-01 8.800000000000000530e-03 1.438173432246192988e+03
2.860000000000000000e+02 1.424883379026122157e+02 9.314132519724054873e+03 9.269999999999999352e-01 1.473773384019757549e+00 0.000000000000000000e+00 3.539018050096476992e-02 1.570796326794896558e+00 1.105087303243434189e+19 1.000000000000000000e+00 0.000000000000000000e+00 0.000000000000000000e+00 7.273999999999999355e-01 2.637999999999999790e-01 8.800000000000000530e-03 1.482513921173771678e+03
2.880000000000000000e+02 1.263120079466966104e+02 1.019539453031200901e+04 9.269999999999999352e-01 1.241987345235208151e+00 0.000000000000000000e+00 2.450190144113222057e-02 1.570796326794896558e+00 1.231832428963370394e+19 1.000000000000000000e+00 0.000000000000000000e+00 0.000000000000000000e+00 7.273999999999999355e-01 2.637999999999999790e-01 8.800000000000000530e-03 1.593705528032122629e+03
2.890000000000000000e+02 1.530328483610485364e+02 1.038529214639796373e+04 9.269999999999999352e-01 1.834291299218800741e+00 0.000000000000000000e+00 6.387456533075656917e-02 1.570796326794896558e+00 1.266133663166509261e+19 1.000000000000000000e+00 0.000000000000000000e+00 0.000000000000000000e+00 7.273999999999999355e-01 2.637999999999999790e-01 8.800000000000000530e-03 1.617408884935142851e+03
2.900000000000000000e+02 1.373049010109174333e+02 1.045033689724294709e+04 9.269999999999999352e-01 8.883345461252754038e-01 0.000000000000000000e+00 1.000000000000000056e-01 0.000000000000000000e+00 1.286023547173230387e+19 1.000000000000000000e+00 0.000000000000000000e+00 0.000000000000000000e+00 7.273999999999999355e-01 2.637999999999999790e-01 8.800000000000000530e-03 1.625507894960793237e+03
2.930000000000000000e+02 1.481717025719242145e+02 1.301810630745861272e+04 9.269999999999999352e-01 1.501170619733279921e+00 0.000000000000000000e+00 3.562175379402886255e-02 0.000000000000000000e+00 1.646834499613919027e+19 1.000000000000000000e+00 0.000000000000000000e+00 0.000000000000000000e+00 7.273999999999999355e-01 2.637999999999999790e-01 8.800000000000000530e-03 1.937863135095290545e+03
2.960000000000000000e+02 1.599697649866017173e+02 1.442199314901610887e+04 9.269999999999999352e-01 1.514757165110154125e+00 0.000000000000000000e+00 3.003573181821860699e-02 0.000000000000000000e+00 1.876711164036012032e+19 1.000000000000000000e+00 0.000000000000000000e+00 0.000000000000000000e+00 7.273999999999999355e-01 2.637999999999999790e-01 8.800000000000000530e-03 2.103318675432168675e+03
3.000000000000000000e+02 1.507698307174213710e+02 1.679409308655325731e+04 9.269999999999999352e-01 4.626531489505524841e-01 0.000000000000000000e+00 4.636614778393428199e-02 1.570796326794896558e+00 2.271060331709219226e+19 1.000000000000000000e+00 0.000000000000000000e+00 0.000000000000000000e+00 7.273999999999999355e-01 2.637999999999999790e-01 8.800000000000000530e-03 2.375801186483761740e+03
3.010000000000000000e+02 1.630047676758369164e+02 1.907465745759164201e+04 9.289999999999999369e-01 6.718981628571769615e-01 0.000000000000000000e+00 8.100000000000001643e-02 0.000000000000000000e+00 2.605149490158791475e+19 1.000000000000000000e+00 0.000000000000000000e+00 0.000000000000000000e+00 7.273999999999999355e-01 2.637999999999999790e-01 8.800000000000000530e-03 2.630572333148342750e+03
3.020000000000000000e+02 1.848666113125373158e+02 1.823131767246495292e+04 9.269999999999999352e-01 1.897541343808068826e+00 0.000000000000000000e+00 1.000000000000000056e-01 1.570796326794896558e+00 2.515193448706835251e+19 1.000000000000000000e+00 0.000000000000000000e+00 0.000000000000000000e+00 7.273999999999999355e-01 2.637999999999999790e-01 8.800000000000000530e-03 2.537109998594105036e+03
3.070000000000000000e+02 2.140911991854154905e+02 2.462885731187435158e+04 9.269999999999999352e-01 1.285961423156725347e+00 0.000000000000000000e+00 1.036104032280440318e-02 1.570796326794896558e+00 3.572046945677488947e+19 1.000000000000000000e+00 0.000000000000000000e+00 0.000000000000000000e+00 7.273999999999999355e-01 2.637999999999999790e-01 8.800000000000000530e-03 3.227306852759807043e+03
3.080000000000000000e+02 1.645805117518638667e+02 2.458745467196806203e+04 9.269999999999999352e-01 3.946342099203463127e-01 0.000000000000000000e+00 4.190640067527144630e-02 0.000000000000000000e+00 3.603150684349430170e+19 1.000000000000000000e+00 0.000000000000000000e+00 0.000000000000000000e+00 7.273999999999999355e-01 2.637999999999999790e-01 8.800000000000000530e-03 3.222965879921121541e+03
3.090000000000000000e+02 2.666975734824478081e+02 2.595368641744316119e+04 9.269999999999999352e-01 7.169294217277139003e-01 0.000000000000000000e+00 9.000000000000001055e-02 0.000000000000000000e+00 3.843153349368437965e+19 1.000000000000000000e+00 0.000000000000000000e+00 0.000000000000000000e+00 7.273999999999999355e-01 2.637999999999999790e-01 8.800000000000000530e-03 3.365457359834437739e+03
3.100000000000000000e+02 2.270437062077611472e+02 2.834021613831011564e+04 9.269999999999999352e-01 1.088837622427788032e+00 0.000000000000000000e+00 8.100000000000001643e-02 1.570796326794896558e+00 4.239471779993622118e+19 1.000000000000000000e+00 0.000000000000000000e+00 0.000000000000000000e+00 7.273999999999999355e-01 2.637999999999999790e-01 8.800000000000000530e-03 3.610832780585849832e+03
3.110000000000000000e+02 1.617583302802019602e+02 2.872362254090197530e+04 9.289999999999999369e-01 1.205897102574754687e+00 0.000000000000000000e+00 1.039388301380671578e-02 1.570796326794896558e+00 4.342607279378117427e+19 1.000000000000000000e+00 0.000000000000000000e+00 0.000000000000000000e+00 7.273999999999999355e-01 2.637999999999999790e-01 8.800000000000000530e-03 3.649860105560241664e+03
3.130000000000000000e+02 2.784664486692937544e+02 3.167693430813947271e+04 9.269999999999999352e-01 6.989816515540711039e-01 0.000000000000000000e+00 1.000000000000000056e-01 1.570796326794896558e+00 4.891376064402785075e+19 1.000000000000000000e+00 0.000000000000000000e+00 0.000000000000000000e+00 7.273999999999999355e-01 2.637999999999999790e-01 8.800000000000000530e-03 3.947111231471695191e+03
3.140000000000000000e+02 2.076950190361993691e+02 3.409933385681585060e+04 9.269999999999999352e-01 5.167499677635862820e-01 0.000000000000000000e+00 9.000000000000001055e-02 0.000000000000000000e+00 5.322039280022292890e+19 1.000000000000000000e+00 0.000000000000000000e+00 0.000000000000000000e+00 7.273999999999999355e-01 2.637999999999999790e-01 8.800000000000000530e-03 4.186793738608957028e+03
3.150000000000000000e+02 1.632970418689451719e+02 3.559312674477954715e+04 9.269999999999999352e-01 4.609148309223787821e-01 0.000000000000000000e+00 1.000000000000000056e-01 1.570796326794896558e+00 5.615220582691122381e+19 1.000000000000000000e+00 0.000000000000000000e+00 0.000000000000000000e+00 7.273999999999999355e-01 2.637999999999999790e-01 8.800000000000000530e-03 4.332890990225674614e+03
3.160000000000000000e+02 2.942140824426957693e+02 3.748760669728474750e+04 9.269999999999999352e-01 1.917139457645221867e+00 0.000000000000000000e+00 9.000000000000001055e-02 1.570796326794896558e+00 5.978190581024928563e+19 1.000000000000000000e+00 0.000000000000000000e+00 0.000000000000000000e+00 7.273999999999999355e-01 2.637999999999999790e-01 8.800000000000000530e-03 4.516427279607818491e+03
3.170000000000000000e+02 4.108734035734221379e+02 4.003677484000543336e+04 9.269999999999999352e-01 1.309685604436421791e+00 0.000000000000000000e+00 9.000000000000001055e-02 0.000000000000000000e+00 6.453985678656927334e+19 1.000000000000000000e+00 0.000000000000000000e+00 0.000000000000000000e+00 7.273999999999999355e-01 2.637999999999999790e-01 8.800000000000000530e-03 4.760495056990200283e+03
3.190000000000000000e+02 1.426825545415918555e+02 4.272988663181069569e+04 9.269999999999999352e-01 1.913382868220288247e+00 0.000000000000000000e+00 1.853020188851842165e-02 0.000000000000000000e+00 7.042741814465712128e+19 1.000000000000000000e+00 0.000000000000000000e+00 0.000000000000000000e+00 7.273999999999999355e-01 2.637999999999999790e-01 8.800000000000000530e-03 5.014991976049799632e+03
3.200000000000000000e+02 1.823343074965669643e+02 4.581280559396872559e+04 9.269999999999999352e-01 1.943088277877874637e+00 0.000000000000000000e+00 1.406813601736833785e-02 0.000000000000000000e+00 7.635201780190842061e+19 1.000000000000000000e+00 0.000000000000000000e+00 0.000000000000000000e+00 7.273999999999999355e-01 2.637999999999999790e-01 8.800000000000000530e-03 5.302422885645958559e+03
3.220000000000000000e+02 2.871093862721469350e+02 4.951218756109640526e+04 9.269999999999999352e-01 8.347285754441581274e-01 0.000000000000000000e+00 9.000000000000001055e-02 0.000000000000000000e+00 8.440279624367744614e+19 1.000000000000000000e+00 0.000000000000000000e+00 0.000000000000000000e+00 7.273999999999999355e-01 2.637999999999999790e-01 8.800000000000000530e-03 5.642278799115887523e+03
3.240000000000000000e+02 2.745291497456669845e+02 5.620486882319548022e+04 9.269999999999999352e-01 5.438747642499617285e-01 0.000000000000000000e+00 9.000000000000001055e-02 1.570796326794896558e+00 9.802380725010407424e+19 1.000000000000000000e+00 0.000000000000000000e+00 0.000000000000000000e+00 7.273999999999999355e-01 2.637999999999999790e-01 8.800000000000000530e-03 6.244591029812561828e+03
3.250000000000000000e+02 2.030112870126568509e+02 6.038045554410247132e+04 9.269999999999999352e-01 0.000000000000000000e+00 0.000000000000000000e+00 1.000000000000000056e-01 0.000000000000000000e+00 1.065189920566602301e+20 1.000000000000000000e+00 0.000000000000000000e+00 0.000000000000000000e+00 7.273999999999999355e-01 2.637999999999999790e-01 8.800000000000000530e-03 6.613052313047920507e+03
3.270000000000000000e+02 7.700000000000001137e+02 6.638016043008114502e+04 9.269999999999999352e-01 1.316164701504999757e+00 0.000000000000000000e+00 1.000000000000000056e-01 0.000000000000000000e+00 1.198799531450979942e+20 1.000000000000000000e+00 0.000000000000000000e+00 0.000000000000000000e+00 7.273999999999999355e-01 2.637999999999999790e-01 8.800000000000000530e-03 7.133710620673269659e+03
3.280000000000000000e+02 7.700000000000001137e+02 6.912175390926018008e+04 9.269999999999999352e-01 4.821999217220404588e-01 0.000000000000000000e+00 1.000000000000000056e-01 1.570796326794896558e+00 1.263125182218104668e+20 1.000000000000000000e+00 0.000000000000000000e+00 0.000000000000000000e+00 7.273999999999999355e-01 2.637999999999999790e-01 8.800000000000000530e-03 7.368458631494257133e+03
3.290000000000000000e+02 7.700000000000001137e+02 7.279084553495222644e+04 9.269999999999999352e-01 1.331361865580669601e+00 0.000000000000000000e+00 1.000000000000000056e-01 1.570796326794896558e+00 1.345957159818534257e+20 1.000000000000000000e+00 0.000000000000000000e+00 0.000000000000000000e+00 7.273999999999999355e-01 2.637999999999999790e-01 8.800000000000000530e-03 7.679735477427509977e+03
3.340000000000000000e+02 7.700000000000001137e+02 9.832439713121896784e+04 9.269999999999999352e-01 1.558135070013773715e+00 0.000000000000000000e+00 1.000000000000000056e-01 1.570796326794896558e+00 1.932260001577306685e+20 1.000000000000000000e+00 0.000000000000000000e+00 0.000000000000000000e+00 7.273999999999999355e-01 2.637999999999999790e-01 8.800000000000000530e-03 9.768185172984673045e+03
3.370000000000000000e+02 7.700000000000001137e+02 1.160959322907844762e+05 9.269999999999999352e-01 4.287074732727499393e-01 0.000000000000000000e+00 1.000000000000000056e-01 0.000000000000000000e+00 2.369266006541009551e+20 1.000000000000000000e+00 0.000000000000000000e+00 0.000000000000000000e+00 7.273999999999999355e-01 2.637999999999999790e-01 8.800000000000000530e-03 1.115676929861438293e+04
3.470000000000000000e+02 7.700000000000001137e+02 2.160460520823378174e+05 9.269999999999999352e-01 7.844583177704581578e-01 0.000000000000000000e+00 1.000000000000000056e-01 0.000000000000000000e+00 5.033796711004026307e+20 1.000000000000000000e+00 0.000000000000000000e+00 0.000000000000000000e+00 7.273999999999999355e-01 2.637999999999999790e-01 8.800000000000000530e-03 1.833673116086644222e+04
3.490000000000000000e+02 7.700000000000001137e+02 2.485906451555463718e+05 9.269999999999999352e-01 1.735645512429645487e+00 0.000000000000000000e+00 1.000000000000000056e-01 0.000000000000000000e+00 5.956004600130999419e+20 1.000000000000000000e+00 0.000000000000000000e+00 0.000000000000000000e+00 7.273999999999999355e-01 2.637999999999999790e-01 8.800000000000000530e-03 2.051505450676906185e+04
3.510000000000000000e+02 7.700000000000001137e+02 2.775925290031448822e+05 9.269999999999999352e-01 5.936683337805707117e-01 0.000000000000000000e+00 1.000000000000000056e-01 0.000000000000000000e+00 6.842720163560525660e+20 1.000000000000000000e+00 0.000000000000000000e+00 0.000000000000000000e+00 7.273999999999999355e-01 2.637999999999999790e-01 8.800000000000000530e-03 2.240841138355078874e+04
3.520000000000000000e+02 7.700000000000001137e+02 3.020243610252047074e+05 9.269999999999999352e-01 1.807602276312073819e+00 0.000000000000000000e+00 1.000000000000000056e-01 1.570796326794896558e+00 7.551938915851741430e+20 1.000000000000000000e+00 0.000000000000000000e+00 0.000000000000000000e+00 7.273999999999999355e-01 2.637999999999999790e-01 8.800000000000000530e-03 2.397278162991865247e+04
3.540000000000000000e+02 7.700000000000001137e+02 3.394659363646222046e+05 9.269999999999999352e-01 1.449366873466271688e+00 0.000000000000000000e+00 1.000000000000000056e-01 1.570796326794896558e+00 8.739768169367051960e+20 1.000000000000000000e+00 0.000000000000000000e+00 0.000000000000000000e+00 7.273999999999999355e-01 2.637999999999999790e-01 8.800000000000000530e-03 2.632217737382189080e+04
3.550000000000000000e+02 7.700000000000001137e+02 3.634003645473847864e+05 9.269999999999999352e-01 1.401349084859822236e+00 0.000000000000000000e+00 1.000000000000000056e-01 0.000000000000000000e+00 9.494813758831801139e+20 1.000000000000000000e+00 0.000000000000000000e+00 0.000000000000000000e+00 7.273999999999999355e-01 2.637999999999999790e-01 8.800000000000000530e-03 2.779669340896124777e+04
3.570000000000000000e+02 7.700000000000001137e+02 4.248450989241938223e+05 9.269999999999999352e-01 1.884397274211704776e+00 0.000000000000000000e+00 1.000000000000000056e-01 0.000000000000000000e+00 1.143756526757224776e+21 1.000000000000000000e+00 0.000000000000000000e+00 0.000000000000000000e+00 7.273999999999999355e-01 2.637999999999999790e-01 8.800000000000000530e-03 3.149701085063600476e+04
3.610000000000000000e+02 7.700000000000001137e+02 5.630585195285410155e+05 9.269999999999999352e-01 1.295695406145336737e+00 0.000000000000000000e+00 1.000000000000000056e-01 1.570796326794896558e+00 1.612089518671169323e+21 1.000000000000000000e+00 0.000000000000000000e+00 0.000000000000000000e+00 7.273999999999999355e-01 2.637999999999999790e-01 8.800000000000000530e-03 3.945732847713963565e+04
3.620000000000000000e+02 7.700000000000001137e+02 6.094190306879359996e+05 9.269999999999999352e-01 6.973141887232389147e-01 0.000000000000000000e+00 1.000000000000000056e-01 1.570796326794896558e+00 1.772526877474203369e+21 1.000000000000000000e+00 0.000000000000000000e+00 0.000000000000000000e+00 7.273999999999999355e-01 2.637999999999999790e-01 8.800000000000000530e-03 4.203563958084531623e+04
3.640000000000000000e+02 7.700000000000001137e+02 3.055560457396946731e+05 9.269999999999999352e-01 1.217328703651926691e+00 0.000000000000000000e+00 1.000000000000000056e-01 1.570796326794896558e+00 9.151305026542466499e+20 1.000000000000000000e+00 0.000000000000000000e+00 0.000000000000000000e+00 7.273999999999999355e-01 2.637999999999999790e-01 8.800000000000000530e-03 2.419677883359053158e+04
