# id_num orb_a mass spin spin_angle orb_inc orb_ecc orb_arg_periapse orb_ang_mom gen galaxy time_passed gw_freq gw_strain
0.000000000000000000e+00 4.144744195301913692e+02 1.180579382332148519e+01 4.966926682041400420e-02 3.581675139874883063e-01 -5.458348136672216099e-03 5.950572436895547324e-02 1.570796326794896558e+00 1.000000000000000000e+00 1.000000000000000000e+00 0.000000000000000000e+00 0.000000000000000000e+00 -1.000000000000000000e+00 -1.000000000000000000e+00
2.000000000000000000e+00 2.688311664825000116e+04 3.326198492651301564e+01 -1.016584029128765748e-01 2.080689067666730452e+00 3.140069014449270668e+00 4.621181097169445307e-02 1.570796326794896558e+00 1.000000000000000000e+00 1.000000000000000000e+00 0.000000000000000000e+00 0.000000000000000000e+00 -1.000000000000000000e+00 -1.000000000000000000e+00
5.000000000000000000e+00 3.003463503395857333e+04 1.183328399686189414e+01 -1.694399696987079762e-01 3.030940037757221539e+00 3.146886595919426988e+00 3.817342449251064085e-02 0.000000000000000000e+00 1.000000000000000000e+00 1.000000000000000000e+00 0.000000000000000000e+00 0.000000000000000000e+00 -1.000000000000000000e+00 -1.000000000000000000e+00
7.000000000000000000e+00 1.213230892140430797e+03 1.087611173282322241e+01 -3.478143419093968070e-02 1.724883802508478947e+00 3.123531817875375705e+00 9.000000000000001055e-02 1.570796326794896558e+00 1.000000000000000000e+00 1.000000000000000000e+00 0.000000000000000000e+00 0.000000000000000000e+00 -1.000000000000000000e+00 -1.000000000000000000e+00
8.000000000000000000e+00 5.000000000000000000e+04 1.890048634979561015e+01 -1.058551546254124093e-01 3.100000000000000089e+00 -1.127214660511582055e-02 2.093084199585901473e-01 1.570796326794896558e+00 1.000000000000000000e+00 1.000000000000000000e+00 0.000000000000000000e+00 0.000000000000000000e+00 -1.000000000000000000e+00 -1.000000000000000000e+00
9.000000000000000000e+00 4.946914449720850939e+02 1.471538926432361194e+01 -8.663422916712454347e-02 2.296048137701299119e+00 -1.033422018174404156e-02 8.271769564310932354e-02 0.000000000000000000e+00 1.000000000000000000e+00 1.000000000000000000e+00 0.000000000000000000e+00 0.000000000000000000e+00 -1.000000000000000000e+00 -1.000000000000000000e+00
1.000000000000000000e+01 4.038710889360622969e+04 2.064227840777207845e+01 -1.378441645616801103e-01 2.535832022073388536e+00 3.099735504564399946e+00 9.000000000000001055e-02 1.570796326794896558e+00 1.000000000000000000e+00 1.000000000000000000e+00 0.000000000000000000e+00 0.000000000000000000e+00 -1.000000000000000000e+00 -1.000000000000000000e+00
1.100000000000000000e+01 1.802176133296581247e+04 1.569284337239522564e+01 -1.933120458554851984e-01 1.897665113823619798e+00 3.152301824862893564e+00 1.226787973973792606e-02 0.000000000000000000e+00 1.000000000000000000e+00 1.000000000000000000e+00 0.000000000000000000e+00 0.000000000000000000e+00 -1.000000000000000000e+00 -1.000000000000000000e+00
1.300000000000000000e+01 3.870387237065495719e+04 1.226525711087812809e+01 -1.959970681072827417e-02 9.733368778689952538e-01 -1.967238102661900134e-02 1.827837913608654913e-02 0.000000000000000000e+00 1.000000000000000000e+00 1.000000000000000000e+00 0.000000000000000000e+00 0.000000000000000000e+00 -1.000000000000000000e+00 -1.000000000000000000e+00
1.400000000000000000e+01 5.500000000000000728e+04 3.249171357803304971e+01 -1.381925223346987253e-01 2.286758687576466720e+00 3.180304035414518449e+00 1.000000000000000056e-01 1.570796326794896558e+00 1.000000000000000000e+00 1.000000000000000000e+00 0.000000000000000000e+00 0.000000000000000000e+00 -1.000000000000000000e+00 -1.000000000000000000e+00
1.500000000000000000e+01 1.828327907163530472e+04 1.215180658822309390e+01 1.237454560379218638e-01 3.871378369060083924e-01 -5.256177159173829397e-03 2.937693290104683233e-02 1.570796326794896558e+00 1.000000000000000000e+00 1.000000000000000000e+00 0.000000000000000000e+00 0.000000000000000000e+00 -1.000000000000000000e+00 -1.000000000000000000e+00
1.800000000000000000e+01 5.000000000000000000e+04 1.166743758448247092e+01 3.989497525108548492e-02 4.047747828075591303e-01 4.413144954343473786e-02 4.294092371659574692e-02 1.570796326794896558e+00 1.000000000000000000e+00 1.000000000000000000e+00 0.000000000000000000e+00 0.000000000000000000e+00 -1.000000000000000000e+00 -1.000000000000000000e+00
1.900000000000000000e+01 3.124223411523280447e+04 1.937718634215917035e+01 4.850418484044843707e-03 1.526603750495969081e+00 3.141176026114375741e+00 1.116734956842261803e-02 1.570796326794896558e+00 1.000000000000000000e+00 1.000000000000000000e+00 0.000000000000000000e+00 0.000000000000000000e+00 -1.000000000000000000e+00 -1.000000000000000000e+00
2.100000000000000000e+01 8.406072285028456008e+02 1.042556732919541673e+01 -1.256522190592453125e-01 2.474359820531413234e+00 1.358012843476896596e-02 8.100000000000001643e-02 0.000000000000000000e+00 1.000000000000000000e+00 1.000000000000000000e+00 0.000000000000000000e+00 0.000000000000000000e+00 -1.000000000000000000e+00 -1.000000000000000000e+00
2.200000000000000000e+01 9.628209792333677797e+02 1.045555050234409222e+01 6.106399915627516717e-04 1.246463929924877423e+00 7.774673614000200683e-03 9.000000000000001055e-02 1.570796326794896558e+00 1.000000000000000000e+00 1.000000000000000000e+00 0.000000000000000000e+00 0.000000000000000000e+00 -1.000000000000000000e+00 -1.000000000000000000e+00
2.300000000000000000e+01 4.852830947869272791e+02 1.374559984925495648e+01 -3.619655328565683089e-02 1.189943341434298585e+00 3.140333516302478589e+00 1.492953988064055042e-02 0.000000000000000000e+00 1.000000000000000000e+00 1.000000000000000000e+00 0.000000000000000000e+00 0.000000000000000000e+00 -1.000000000000000000e+00 -1.000000000000000000e+00
2.400000000000000000e+01 4.966247882923264842e+04 1.218128189638048120e+01 -7.593838691586807244e-02 3.079060000000000130e+00 3.093839951831336421e+00 1.000000000000000021e-02 0.000000000000000000e+00 1.000000000000000000e+00 1.000000000000000000e+00 0.000000000000000000e+00 0.000000000000000000e+00 -1.000000000000000000e+00 -1.000000000000000000e+00
2.700000000000000000e+01 4.885748459271414390e+02 3.061940626498414986e+01 -4.992206298498799710e-02 2.944833352739960830e+00 3.128454245047699978e+00 2.823236043269624837e-02 0.000000000000000000e+00 1.000000000000000000e+00 1.000000000000000000e+00 0.000000000000000000e+00 0.000000000000000000e+00 -1.000000000000000000e+00 -1.000000000000000000e+00
2.800000000000000000e+01 3.674368483165215002e+04 1.344560827638599143e+01 -2.005276929005402609e-01 2.458067869319546794e+00 2.607952613027969720e-03 1.345011151582496678e-02 1.570796326794896558e+00 1.000000000000000000e+00 1.000000000000000000e+00 0.000000000000000000e+00 0.000000000000000000e+00 -1.000000000000000000e+00 -1.000000000000000000e+00
2.900000000000000000e+01 1.591595692295457638e+03 1.075224378568669437e+01 1.634685690387919221e-01 1.804128294954857603e+00 3.151110821500651138e+00 9.000000000000001055e-02 0.000000000000000000e+00 1.000000000000000000e+00 1.000000000000000000e+00 0.000000000000000000e+00 0.000000000000000000e+00 -1.000000000000000000e+00 -1.000000000000000000e+00
3.000000000000000000e+01 3.333561082015160355e+04 2.654571029578210428e+01 -8.808293594023750006e-02 2.569065083073327926e+00 4.613765807105283355e-03 1.508473599262582197e-02 1.570796326794896558e+00 1.000000000000000000e+00 1.000000000000000000e+00 0.000000000000000000e+00 0.000000000000000000e+00 -1.000000000000000000e+00 -1.000000000000000000e+00
3.100000000000000000e+01 2.713083270687924232e+04 1.724427903595202949e+01 -1.287472627953064330e-01 2.247456729890087157e+00 3.157217892719938579e+00 3.142995010388190125e-02 1.570796326794896558e+00 1.000000000000000000e+00 1.000000000000000000e+00 0.000000000000000000e+00 0.000000000000000000e+00 -1.000000000000000000e+00 -1.000000000000000000e+00
3.300000000000000000e+01 2.781336894465007390e+03 1.249633463602819283e+01 -1.132007237077230638e-01 3.100000000000000089e+00 1.475622102220506930e-02 9.000000000000001055e-02 0.000000000000000000e+00 1.000000000000000000e+00 1.000000000000000000e+00 0.000000000000000000e+00 0.000000000000000000e+00 -1.000000000000000000e+00 -1.000000000000000000e+00
3.700000000000000000e+01 4.345671490473813174e+04 3.915223979660114395e+01 -5.432646808569319141e-02 3.100000000000000089e+00 -2.863186302853322832e-02 3.845948093169605786e-02 1.570796326794896558e+00 1.000000000000000000e+00 1.000000000000000000e+00 0.000000000000000000e+00 0.000000000000000000e+00 -1.000000000000000000e+00 -1.000000000000000000e+00
4.000000000000000000e+01 4.050181723703952593e+04 3.272841879353293137e+01 -3.162163724401106241e-02 1.272650198034071423e+00 3.172057664907431018e+00 7.812786303532824606e-02 0.000000000000000000e+00 1.000000000000000000e+00 1.000000000000000000e+00 0.000000000000000000e+00 0.000000000000000000e+00 -1.000000000000000000e+00 -1.000000000000000000e+00
4.400000000000000000e+01 2.975588113682878975e+04 1.253542713464493019e+01 -1.969923424089066455e-01 3.100000000000000089e+00 3.301800036673795818e-02 1.955545913918616333e-02 0.000000000000000000e+00 1.000000000000000000e+00 1.000000000000000000e+00 0.000000000000000000e+00 0.000000000000000000e+00 -1.000000000000000000e+00 -1.000000000000000000e+00
4.700000000000000000e+01 6.409651370719295755e+02 2.388652817441409226e+01 -1.106565609061832198e-02 1.177654608991442808e+00 -4.741238496772040220e-03 2.238990389058595834e-02 1.570796326794896558e+00 1.000000000000000000e+00 1.000000000000000000e+00 0.000000000000000000e+00 0.000000000000000000e+00 -1.000000000000000000e+00 -1.000000000000000000e+00
5.200000000000000000e+01 4.829803682636875601e+04 1.442865415744919844e+01 -1.499183458506041511e-01 2.129620485036131772e+00 3.122399753002794931e+00 4.595509678797456143e-02 1.570796326794896558e+00 1.000000000000000000e+00 1.000000000000000000e+00 0.000000000000000000e+00 0.000000000000000000e+00 -1.000000000000000000e+00 -1.000000000000000000e+00
5.300000000000000000e+01 5.000000000000000000e+04 2.012264276938060448e+01 -1.216572694970208257e-01 3.100000000000000089e+00 6.133416531644726982e-04 7.393273811725552258e-02 1.570796326794896558e+00 1.000000000000000000e+00 1.000000000000000000e+00 0.000000000000000000e+00 0.000000000000000000e+00 -1.000000000000000000e+00 -1.000000000000000000e+00
5.400000000000000000e+01 2.104495928143030687e+04 2.208877215004065064e+01 -1.760905263265936105e-01 2.480630417978423541e+00 -1.183338495670695732e-02 1.000000000000000021e-02 0.000000000000000000e+00 1.000000000000000000e+00 1.000000000000000000e+00 0.000000000000000000e+00 0.000000000000000000e+00 -1.000000000000000000e+00 -1.000000000000000000e+00
5.800000000000000000e+01 1.926636731408354899e+04 1.272110406425697526e+01 -2.046711484797772151e-01 3.058298315580024962e+00 3.140145866712545697e+00 1.459602042851582647e-02 0.000000000000000000e+00 1.000000000000000000e+00 1.000000000000000000e+00 0.000000000000000000e+00 0.000000000000000000e+00 -1.000000000000000000e+00 -1.000000000000000000e+00
6.000000000000000000e+01 5.059788245023132731e+02 1.633068227256708838e+01 5.212923130595936705e-02 1.430797837793650773e+00 3.148828723873000168e+00 3.095108223176571555e-02 1.570796326794896558e+00 1.000000000000000000e+00 1.000000000000000000e+00 0.000000000000000000e+00 0.000000000000000000e+00 -1.000000000000000000e+00 -1.000000000000000000e+00
6.200000000000000000e+01 4.027910548435133478e+03 1.209332922252230347e+01 9.667716864119130227e-02 5.313271849247203082e-01 -1.318555701174122484e-02 9.000000000000001055e-02 1.570796326794896558e+00 1.000000000000000000e+00 1.000000000000000000e+00 0.000000000000000000e+00 0.000000000000000000e+00 -1.000000000000000000e+00 -1.000000000000000000e+00
6.300000000000000000e+01 3.615490677987840900e+04 1.778573394968209698e+01 3.198495576742295399e-02 9.077868359509349006e-01 3.155320974481051088e+00 2.294143833109624220e-02 0.000000000000000000e+00 1.000000000000000000e+00 1.000000000000000000e+00 0.000000000000000000e+00 0.000000000000000000e+00 -1.000000000000000000e+00 -1.000000000000000000e+00
6.800000000000000000e+01 9.336189030479408757e+03 1.606861215058295400e+01 7.959596040315053411e-02 4.506839291406146697e-01 5.540585120230939135e-04 3.001896826330328547e-02 1.570796326794896558e+00 1.000000000000000000e+00 1.000000000000000000e+00 0.000000000000000000e+00 0.000000000000000000e+00 -1.000000000000000000e+00 -1.000000000000000000e+00
7.100000000000000000e+01 5.000000000000000000e+04 1.082728570763660514e+01 -8.693089951679069949e-02 2.432830969015261857e+00 3.148193401162127536e+00 6.049808585017790730e-02 0.000000000000000000e+00 1.000000000000000000e+00 1.000000000000000000e+00 0.000000000000000000e+00 0.000000000000000000e+00 -1.000000000000000000e+00 -1.000000000000000000e+00
7.200000000000000000e+01 7.123499470627465371e+02 1.188460921279309446e+01 -3.948000768269924188e-02 1.402548948728152833e+00 3.136387333259868182e+00 9.000000000000001055e-02 1.570796326794896558e+00 1.000000000000000000e+00 1.000000000000000000e+00 0.000000000000000000e+00 0.000000000000000000e+00 -1.000000000000000000e+00 -1.000000000000000000e+00
7.300000000000000000e+01 5.000000000000000000e+04 3.617431972307701926e+01 6.137113134204839893e-02 1.392409276245496930e+00 3.182627273766063247e+00 1.685203800208605676e-02 1.570796326794896558e+00 1.000000000000000000e+00 1.000000000000000000e+00 0.000000000000000000e+00 0.000000000000000000e+00 -1.000000000000000000e+00 -1.000000000000000000e+00
7.600000000000000000e+01 1.252673710560163090e+04 1.412368292454634755e+01 -7.039726951499086782e-02 2.956614955772613573e+00 -3.715862106107730139e-03 1.000000000000000021e-02 0.000000000000000000e+00 1.000000000000000000e+00 1.000000000000000000e+00 0.000000000000000000e+00 0.000000000000000000e+00 -1.000000000000000000e+00 -1.000000000000000000e+00
7.900000000000000000e+01 3.146005400331350756e+04 2.697164057653492719e+01 -2.769013575656808501e-01 2.464882056712747183e+00 3.133887365015232795e+00 3.363226164747337710e-02 1.570796326794896558e+00 1.000000000000000000e+00 1.000000000000000000e+00 0.000000000000000000e+00 0.000000000000000000e+00 -1.000000000000000000e+00 -1.000000000000000000e+00
8.000000000000000000e+01 4.378613623651487433e+04 1.335881252494654525e+01 -9.803470542238172658e-02 1.922563891545781667e+00 3.476730692330689404e-02 2.988473876434496329e-02 0.000000000000000000e+00 1.000000000000000000e+00 1.000000000000000000e+00 0.000000000000000000e+00 0.000000000000000000e+00 -1.000000000000000000e+00 -1.000000000000000000e+00
8.600000000000000000e+01 1.764630758201819117e+04 1.043285454772424181e+01 1.051006027050596647e-02 1.140395939686037030e+00 -3.198424228510406836e-02 1.805690787185915136e-02 1.570796326794896558e+00 1.000000000000000000e+00 1.000000000000000000e+00 0.000000000000000000e+00 0.000000000000000000e+00 -1.000000000000000000e+00 -1.000000000000000000e+00
9.100000000000000000e+01 1.290539872322656629e+04 1.050264378926457631e+01 -8.437763031729157703e-02 2.178022064747385134e+00 3.134128715983102165e+00 1.000000000000000021e-02 1.570796326794896558e+00 1.000000000000000000e+00 1.000000000000000000e+00 0.000000000000000000e+00 0.000000000000000000e+00 -1.000000000000000000e+00 -1.000000000000000000e+00
9.200000000000000000e+01 5.998378354721965025e+02 1.011364535930174213e+01 1.207870944129539881e-01 1.317144539394703218e+00 1.102706806463208452e-03 1.000000000000000056e-01 1.570796326794896558e+00 1.000000000000000000e+00 1.000000000000000000e+00 0.000000000000000000e+00 0.000000000000000000e+00 -1.000000000000000000e+00 -1.000000000000000000e+00
9.300000000000000000e+01 3.874049199570435303e+04 1.099877379529168309e+01 -1.657460660343814118e-01 2.508468682900458990e+00 3.121312286399818170e+00 1.185754848255495854e-02 0.000000000000000000e+00 1.000000000000000000e+00 1.000000000000000000e+00 0.000000000000000000e+00 0.000000000000000000e+00 -1.000000000000000000e+00 -1.000000000000000000e+00
9.400000000000000000e+01 4.420599808811259572e+04 1.017691852408108311e+01 -2.338199403852979641e-01 2.919202499086942293e+00 3.137923144888021376e+00 3.250751127038121330e-02 0.000000000000000000e+00 1.000000000000000000e+00 1.000000000000000000e+00 0.000000000000000000e+00 0.000000000000000000e+00 -1.000000000000000000e+00 -1.000000000000000000e+00
9.500000000000000000e+01 2.964648743229356478e+04 1.017136852047815410e+01 5.316960770673501147e-02 1.511187518699070420e+00 1.203316650684136194e-02 8.034366787251978614e-02 0.000000000000000000e+00 1.000000000000000000e+00 1.000000000000000000e+00 0.000000000000000000e+00 0.000000000000000000e+00 -1.000000000000000000e+00 -1.000000000000000000e+00
9.600000000000000000e+01 4.634095676840188389e+04 1.072013123443937488e+01 1.854887043590475182e-02 6.357289880563236073e-01 -2.644397249185308392e-03 1.506389142112844748e-01 0.000000000000000000e+00 1.000000000000000000e+00 1.000000000000000000e+00 0.000000000000000000e+00 0.000000000000000000e+00 -1.000000000000000000e+00 -1.000000000000000000e+00
9.800000000000000000e+01 3.055577708036782496e+04 1.492450441161998853e+01 1.521962615031556276e-01 1.058905660219629175e+00 -4.280688451404836281e-02 3.093636115744876833e-02 1.570796326794896558e+00 1.000000000000000000e+00 1.000000000000000000e+00 0.000000000000000000e+00 0.000000000000000000e+00 -1.000000000000000000e+00 -1.000000000000000000e+00
1.050000000000000000e+02 5.000000000000000000e+04 2.621142135610810797e+01 -1.150907495375281531e-01 2.324908549938488278e+00 3.166963716160936748e+00 2.478821486876015348e-02 0.000000000000000000e+00 1.000000000000000000e+00 1.000000000000000000e+00 0.000000000000000000e+00 0.000000000000000000e+00 -1.000000000000000000e+00 -1.000000000000000000e+00
1.060000000000000000e+02 4.500000000000000000e+04 1.176666193847508879e+01 -9.538184717843231630e-02 2.845949759251197975e+00 3.099210741940855218e+00 1.986554541161929810e-01 0.000000000000000000e+00 1.000000000000000000e+00 1.000000000000000000e+00 0.000000000000000000e+00 0.000000000000000000e+00 -1.000000000000000000e+00 -1.000000000000000000e+00
1.080000000000000000e+02 3.146149153292381379e+04 1.019448478934979185e+01 -3.004993843968904454e-01 3.100000000000000089e+00 -1.846440201861732425e-02 2.290026293828449286e-02 0.000000000000000000e+00 1.000000000000000000e+00 1.000000000000000000e+00 0.000000000000000000e+00 0.000000000000000000e+00 -1.000000000000000000e+00 -1.000000000000000000e+00
1.110000000000000000e+02 6.588480441078866079e+02 1.481573715909256883e+01 -1.409768138071220145e-01 2.638352591902055178e+00 3.132377647233124396e+00 9.000000000000001055e-02 0.000000000000000000e+00 1.000000000000000000e+00 1.000000000000000000e+00 0.000000000000000000e+00 0.000000000000000000e+00 -1.000000000000000000e+00 -1.000000000000000000e+00
1.150000000000000000e+02 4.638863865184633323e+04 2.394410430900457598e+01 -2.064671976096789652e-01 2.354798224285608477e+00 1.956496338814049316e-02 1.143663331609331459e-02 1.570796326794896558e+00 1.000000000000000000e+00 1.000000000000000000e+00 0.000000000000000000e+00 0.000000000000000000e+00 -1.000000000000000000e+00 -1.000000000000000000e+00
1.160000000000000000e+02 4.291357070711461711e+04 1.095437331206227682e+01 -8.541891301111602386e-02 2.625976764222951232e+00 3.142631689752217294e+00 1.066503587107497930e-02 0.000000000000000000e+00 1.000000000000000000e+00 1.000000000000000000e+00 0.000000000000000000e+00 0.000000000000000000e+00 -1.000000000000000000e+00 -1.000000000000000000e+00
1.170000000000000000e+02 3.760412011216703831e+04 1.179109953911237874e+01 -3.121582141945977162e-01 3.100000000000000089e+00 -6.971856598906748213e-03 1.620521188918764774e-02 0.000000000000000000e+00 1.000000000000000000e+00 1.000000000000000000e+00 0.000000000000000000e+00 0.000000000000000000e+00 -1.000000000000000000e+00 -1.000000000000000000e+00
1.200000000000000000e+02 2.520945661449872205e+04 1.037650106048502252e+01 -4.513336077724407897e-02 2.690471408256378094e+00 2.435491069831730374e-02 3.149487201460248603e-02 0.000000000000000000e+00 1.000000000000000000e+00 1.000000000000000000e+00 0.000000000000000000e+00 0.000000000000000000e+00 -1.000000000000000000e+00 -1.000000000000000000e+00
1.210000000000000000e+02 2.410563261774139028e+04 1.814962440920267994e+01 1.686544884894495416e-02 1.683264389828946550e+00 1.112401211396914138e-03 1.000000000000000021e-02 0.000000000000000000e+00 1.000000000000000000e+00 1.000000000000000000e+00 0.000000000000000000e+00 0.000000000000000000e+00 -1.000000000000000000e+00 -1.000000000000000000e+00
1.220000000000000000e+02 1.200240625372179784e+04 1.039284835811733743e+01 4.546883946118920883e-02 1.127727161087703323e+00 3.123095339283857630e+00 9.000000000000001055e-02 1.570796326794896558e+00 1.000000000000000000e+00 1.000000000000000000e+00 0.000000000000000000e+00 0.000000000000000000e+00 -1.000000000000000000e+00 -1.000000000000000000e+00
1.230000000000000000e+02 3.579223786672182905e+04 1.056655167435173759e+01 -2.218282645692480348e-01 2.210667723930879625e+00 3.176829038194797672e+00 1.301027124515860556e-01 0.000000000000000000e+00 1.000000000000000000e+00 1.000000000000000000e+00 0.000000000000000000e+00 0.000000000000000000e+00 -1.000000000000000000e+00 -1.000000000000000000e+00
1.260000000000000000e+02 2.107650375016369799e+04 1.891461443532897491e+01 -2.885261615489348799e-02 1.327800818099597491e+00 1.995920051648548618e-02 6.105023038483327336e-02 0.000000000000000000e+00 1.000000000000000000e+00 1.000000000000000000e+00 0.000000000000000000e+00 0.000000000000000000e+00 -1.000000000000000000e+00 -1.000000000000000000e+00
1.320000000000000000e+02 4.715869880822253617e+04 1.261627989230968794e+01 1.044157443169584920e-01 3.231678253975724391e-01 3.097778973595407326e+00 2.177980278507082035e-01 0.000000000000000000e+00 1.000000000000000000e+00 1.000000000000000000e+00 0.000000000000000000e+00 0.000000000000000000e+00 -1.000000000000000000e+00 -1.000000000000000000e+00
1.330000000000000000e+02 2.101185052082178299e+04 1.321957769889618106e+01 -1.147039865983800061e-01 2.058381215925390695e+00 3.810533109784429440e-02 4.497775799583115380e-02 0.000000000000000000e+00 1.000000000000000000e+00 1.000000000000000000e+00 0.000000000000000000e+00 0.000000000000000000e+00 -1.000000000000000000e+00 -1.000000000000000000e+00
1.340000000000000000e+02 6.282052911986223762e+02 3.018854719987129442e+01 1.788176122603333806e-01 7.466862788006093377e-01 4.133682903059964116e-03 2.961742997074068295e-02 1.570796326794896558e+00 1.000000000000000000e+00 1.000000000000000000e+00 0.000000000000000000e+00 0.000000000000000000e+00 -1.000000000000000000e+00 -1.000000000000000000e+00
1.350000000000000000e+02 2.746641857641642491e+04 1.119898870614810704e+01 -2.103462479062805646e-01 1.912949636018311361e+00 3.143529650918412077e+00 1.419338868259256148e-01 0.000000000000000000e+00 1.000000000000000000e+00 1.000000000000000000e+00 0.000000000000000000e+00 0.000000000000000000e+00 -1.000000000000000000e+00 -1.000000000000000000e+00
1.370000000000000000e+02 2.810658058900547985e+04 2.741786998230908878e+01 7.020171446569774265e-02 1.199755033542408089e+00 -3.877646220264343441e-02 1.000000000000000021e-02 0.000000000000000000e+00 1.000000000000000000e+00 1.000000000000000000e+00 0.000000000000000000e+00 0.000000000000000000e+00 -1.000000000000000000e+00 -1.000000000000000000e+00
1.380000000000000000e+02 5.000000000000000000e+04 1.298308838375120189e+01 3.835918858850610735e-02 1.202199416732162796e+00 3.185451920191368025e+00 5.552446451426386320e-02 0.000000000000000000e+00 1.000000000000000000e+00 1.000000000000000000e+00 0.000000000000000000e+00 0.000000000000000000e+00 -1.000000000000000000e+00 -1.000000000000000000e+00
1.410000000000000000e+02 3.360807737454447488e+04 2.702574126863905946e+01 -9.954996473348382002e-02 2.185058857646071662e+00 1.554110352115195028e-02 1.169381896119745488e-02 1.570796326794896558e+00 1.000000000000000000e+00 1.000000000000000000e+00 0.000000000000000000e+00 0.000000000000000000e+00 -1.000000000000000000e+00 -1.000000000000000000e+00
1.420000000000000000e+02 1.410717626183090761e+04 2.055431935341148630e+01 -6.191261081984021641e-02 3.079060000000000130e+00 4.897605896504197455e-03 1.000000000000000021e-02 1.570796326794896558e+00 1.000000000000000000e+00 1.000000000000000000e+00 0.000000000000000000e+00 0.000000000000000000e+00 -1.000000000000000000e+00 -1.000000000000000000e+00
1.430000000000000000e+02 3.511272509788892057e+04 1.690837893972868144e+01 2.869622043412393964e-02 7.266821193053144556e-01 3.134451107687201699e+00 1.000000000000000021e-02 1.570796326794896558e+00 1.000000000000000000e+00 1.000000000000000000e+00 0.000000000000000000e+00 0.000000000000000000e+00 -1.000000000000000000e+00 -1.000000000000000000e+00
1.460000000000000000e+02 3.585226728019847360e+04 1.958880120754390575e+01 8.999346752023276719e-02 3.601125706153910921e-01 -7.409434143390398846e-03 1.486130895720752000e-02 1.570796326794896558e+00 1.000000000000000000e+00 1.000000000000000000e+00 0.000000000000000000e+00 0.000000000000000000e+00 -1.000000000000000000e+00 -1.000000000000000000e+00
1.470000000000000000e+02 1.611889322964614621e+04 1.045543908964803848e+01 -7.992822278192783514e-02 1.902132589014972952e+00 2.759633132870634858e-02 3.174777816914680501e-02 1.570796326794896558e+00 1.000000000000000000e+00 1.000000000000000000e+00 0.000000000000000000e+00 0.000000000000000000e+00 -1.000000000000000000e+00 -1.000000000000000000e+00
1.500000000000000000e+02 3.706298918901598518e+04 2.572361140637432086e+01 -5.438220309397955032e-02 2.613698518495061851e+00 3.579991715911859558e-03 1.345657275862148332e-02 1.570796326794896558e+00 1.000000000000000000e+00 1.000000000000000000e+00 0.000000000000000000e+00 0.000000000000000000e+00 -1.000000000000000000e+00 -1.000000000000000000e+00
1.520000000000000000e+02 1.353357862048520474e+04 1.014604363077155647e+01 -7.498236142620627598e-02 2.927887042557690833e+00 1.603296701624797038e-03 1.000000000000000021e-02 0.000000000000000000e+00 1.000000000000000000e+00 1.000000000000000000e+00 0.000000000000000000e+00 0.000000000000000000e+00 -1.000000000000000000e+00 -1.000000000000000000e+00
1.530000000000000000e+02 4.328793297153386811e+04 1.263784241095378391e+01 -2.853880102589439680e-02 7.818200002478264965e-01 2.057176720576809476e-02 1.124076494100036128e-01 0.000000000000000000e+00 1.000000000000000000e+00 1.000000000000000000e+00 0.000000000000000000e+00 0.000000000000000000e+00 -1.000000000000000000e+00 -1.000000000000000000e+00
1.600000000000000000e+02 6.930000000000001137e+02 3.985465730128336759e+01 -5.068264252407267412e-02 2.229148913449042979e+00 -6.816756221965412400e-03 9.000000000000001055e-02 0.000000000000000000e+00 1.000000000000000000e+00 1.000000000000000000e+00 0.000000000000000000e+00 0.000000000000000000e+00 -1.000000000000000000e+00 -1.000000000000000000e+00
1.640000000000000000e+02 2.442336846855205295e+04 3.183525190613902112e+01 -5.220546452306297838e-03 7.620072490244976793e-01 3.163382712691308551e+00 3.794080012282825820e-02 0.000000000000000000e+00 1.000000000000000000e+00 1.000000000000000000e+00 0.000000000000000000e+00 0.000000000000000000e+00 -1.000000000000000000e+00 -1.000000000000000000e+00
1.650000000000000000e+02 4.345518392902343476e+04 1.230232955886575574e+01 -1.462041354117410985e-01 2.514851962479061509e+00 3.093399544586377115e+00 2.793924447257000593e-02 0.000000000000000000e+00 1.000000000000000000e+00 1.000000000000000000e+00 0.000000000000000000e+00 0.000000000000000000e+00 -1.000000000000000000e+00 -1.000000000000000000e+00
1.670000000000000000e+02 6.523577914712121810e+02 1.143999363772029909e+01 2.043219376673532095e-01 1.106848413716642110e+00 -1.145411282737037947e-02 4.391667592997251790e-02 0.000000000000000000e+00 1.000000000000000000e+00 1.000000000000000000e+00 0.000000000000000000e+00 0.000000000000000000e+00 -1.000000000000000000e+00 -1.000000000000000000e+00
1.680000000000000000e+02 4.016999655572800111e+04 1.534386551242688768e+01 -3.168523864169465742e-01 3.096528426721948613e+00 -2.804058573168814392e-02 4.812048547834715806e-02 1.570796326794896558e+00 1.000000000000000000e+00 1.000000000000000000e+00 0.000000000000000000e+00 0.000000000000000000e+00 -1.000000000000000000e+00 -1.000000000000000000e+00
1.710000000000000000e+02 6.541356027861362236e+03 1.290226157880496416e+01 -1.077666973943316869e-01 3.093020000000000103e+00 6.716053470959089042e-03 9.000000000000001055e-02 1.570796326794896558e+00 1.000000000000000000e+00 1.000000000000000000e+00 0.000000000000000000e+00 0.000000000000000000e+00 -1.000000000000000000e+00 -1.000000000000000000e+00
1.770000000000000000e+02 2.077370557256772372e+04 3.090335326877631772e+01 -1.064370035579262075e-01 3.027693522090711298e+00 -6.927290545793326343e-03 1.000000000000000021e-02 1.570796326794896558e+00 1.000000000000000000e+00 1.000000000000000000e+00 0.000000000000000000e+00 0.000000000000000000e+00 -1.000000000000000000e+00 -1.000000000000000000e+00
1.790000000000000000e+02 1.719265637282622993e+04 1.037927914637466742e+01 -1.254650916324167587e-01 1.975789125445333472e+00 3.110539903623894986e+00 8.338358561715077111e-02 1.570796326794896558e+00 1.000000000000000000e+00 1.000000000000000000e+00 0.000000000000000000e+00 0.000000000000000000e+00 -1.000000000000000000e+00 -1.000000000000000000e+00
1.810000000000000000e+02 3.358917294203853817e+04 2.133734489262412737e+01 -8.231176667816818282e-02 2.288736830447986925e+00 3.180455646665783842e+00 1.000000000000000021e-02 0.000000000000000000e+00 1.000000000000000000e+00 1.000000000000000000e+00 0.000000000000000000e+00 0.000000000000000000e+00 -1.000000000000000000e+00 -1.000000000000000000e+00
1.830000000000000000e+02 2.170813763829315212e+04 1.190543857250254156e+01 1.623250413234852418e-01 1.267525888150452973e+00 3.163646824699353211e+00 6.408160901033656265e-02 0.000000000000000000e+00 1.000000000000000000e+00 1.000000000000000000e+00 0.000000000000000000e+00 0.000000000000000000e+00 -1.000000000000000000e+00 -1.000000000000000000e+00
1.840000000000000000e+02 2.673704014895001819e+04 2.829575291978303397e+01 -1.229339808672110998e-02 1.577483304151813703e+00 2.321144260342658874e-02 1.000000000000000021e-02 0.000000000000000000e+00 1.000000000000000000e+00 1.000000000000000000e+00 0.000000000000000000e+00 0.000000000000000000e+00 -1.000000000000000000e+00 -1.000000000000000000e+00
1.870000000000000000e+02 3.117017752964816100e+04 2.120040985822769741e+01 3.897156251112127157e-02 4.283000871673362520e-01 -2.642253057427884980e-02 1.088674911566064364e-02 1.570796326794896558e+00 1.000000000000000000e+00 1.000000000000000000e+00 0.000000000000000000e+00 0.000000000000000000e+00 -1.000000000000000000e+00 -1.000000000000000000e+00
2.000000000000000000e+02 2.621177687954171415e+04 1.306336818495690011e+01 1.057988382513840864e-01 1.478389488672154695e+00 3.168911958554843089e+00 1.507297622918183852e-02 1.570796326794896558e+00 1.000000000000000000e+00 1.000000000000000000e+00 0.000000000000000000e+00 0.000000000000000000e+00 -1.000000000000000000e+00 -1.000000000000000000e+00
3.650000000000000000e+02 6.651169585507296915e+02 1.055332829805423600e+01 7.195699364748758819e-02 1.483173098395451195e+00 0.000000000000000000e+00 5.877102754851722122e-02 -1.000000000000000000e+00 1.000000000000000000e+00 1.000000000000000000e+00 1.100000000000000000e+01 0.000000000000000000e+00 -1.000000000000000000e+00 -1.000000000000000000e+00
2.600000000000000000e+01 1.623748389975102327e+04 3.236701141313872654e+01 7.917144144441190523e-02 5.745292014941798531e-01 2.026095474306679328e-02 9.000000000000001055e-02 1.570796326794896558e+00 1.000000000000000000e+00 1.000000000000000000e+00 0.000000000000000000e+00 0.000000000000000000e+00 -1.000000000000000000e+00 -1.000000000000000000e+00
3.600000000000000000e+01 3.247495841174427915e+04 3.306088713527871192e+01 -7.070482588595129736e-02 2.259737561296258690e+00 0.000000000000000000e+00 3.198673088719403840e-02 1.570796326794896558e+00 1.000000000000000000e+00 1.000000000000000000e+00 0.000000000000000000e+00 0.000000000000000000e+00 -1.000000000000000000e+00 -1.000000000000000000e+00
4.600000000000000000e+01 4.782259745729462884e+04 3.565908935710130123e+01 -2.560424362362928585e-02 1.667253017623493871e+00 8.829382819297407897e-03 5.462978155372499867e-02 1.570796326794896558e+00 1.000000000000000000e+00 1.000000000000000000e+00 0.000000000000000000e+00 0.000000000000000000e+00 -1.000000000000000000e+00 -1.000000000000000000e+00
5.000000000000000000e+01 1.443520402064464906e+04 1.932576413260824211e+01 2.273992595286770252e-02 9.879414860592832248e-01 3.427226034804132029e-03 1.000000000000000021e-02 1.570796326794896558e+00 1.000000000000000000e+00 1.000000000000000000e+00 0.000000000000000000e+00 0.000000000000000000e+00 -1.000000000000000000e+00 -1.000000000000000000e+00
5.600000000000000000e+01 6.944775992382041068e+02 2.148783617939918855e+01 7.946445435404719815e-02 1.660570218500337702e+00 2.096176226066770714e-03 8.100000000000001643e-02 1.570796326794896558e+00 1.000000000000000000e+00 1.000000000000000000e+00 0.000000000000000000e+00 0.000000000000000000e+00 -1.000000000000000000e+00 -1.000000000000000000e+00
6.400000000000000000e+01 3.882780716678703175e+04 1.405809237895936192e+01 3.508886467608005044e-02 4.593835625659892230e-01 3.304902896533961406e-03 6.912975090299024183e-02 1.570796326794896558e+00 1.000000000000000000e+00 1.000000000000000000e+00 0.000000000000000000e+00 0.000000000000000000e+00 -1.000000000000000000e+00 -1.000000000000000000e+00
7.800000000000000000e+01 7.041968664009766599e+02 1.135919039632806182e+01 -7.347122975583474103e-02 2.317871804893927745e+00 0.000000000000000000e+00 9.000000000000001055e-02 1.570796326794896558e+00 1.000000000000000000e+00 1.000000000000000000e+00 0.000000000000000000e+00 0.000000000000000000e+00 -1.000000000000000000e+00 -1.000000000000000000e+00
8.300000000000000000e+01 3.379980548677757179e+04 3.812218241403162722e+01 6.642530156914627781e-02 7.224073400643287179e-01 3.173455645140256520e-02 3.699045673845225563e-02 1.570796326794896558e+00 1.000000000000000000e+00 1.000000000000000000e+00 0.000000000000000000e+00 0.000000000000000000e+00 -1.000000000000000000e+00 -1.000000000000000000e+00
8.700000000000000000e+01 2.768815247680107495e+04 1.513678453008255431e+01 -2.608569482227073716e-02 3.103419458591774038e-01 3.505238586717612792e-02 6.563554400758989105e-02 1.570796326794896558e+00 1.000000000000000000e+00 1.000000000000000000e+00 0.000000000000000000e+00 0.000000000000000000e+00 -1.000000000000000000e+00 -1.000000000000000000e+00
9.000000000000000000e+01 1.360779644630436451e+04 1.297902708388248172e+01 -1.034912010118570064e-01 2.550484233343920604e+00 0.000000000000000000e+00 2.686037149612722705e-02 1.570796326794896558e+00 1.000000000000000000e+00 1.000000000000000000e+00 0.000000000000000000e+00 0.000000000000000000e+00 -1.000000000000000000e+00 -1.000000000000000000e+00
9.700000000000000000e+01 1.459798802921258903e+04 1.110928538898140694e+01 -4.249924937145611870e-02 2.057464176673650336e+00 1.941907104254765593e-02 1.000000000000000021e-02 1.570796326794896558e+00 1.000000000000000000e+00 1.000000000000000000e+00 0.000000000000000000e+00 0.000000000000000000e+00 -1.000000000000000000e+00 -1.000000000000000000e+00
1.010000000000000000e+02 3.666412780530173768e+04 3.279810701011028584e+01 -5.503872918990995733e-02 3.075172846780181324e+00 0.000000000000000000e+00 7.313155035240975765e-02 1.570796326794896558e+00 1.000000000000000000e+00 1.000000000000000000e+00 0.000000000000000000e+00 0.000000000000000000e+00 -1.000000000000000000e+00 -1.000000000000000000e+00
1.030000000000000000e+02 3.260904626755935533e+04 3.473623003824261701e+01 4.944162443854144273e-02 1.499177942873842095e+00 2.535491615579010469e-02 1.000000000000000056e-01 1.570796326794896558e+00 1.000000000000000000e+00 1.000000000000000000e+00 0.000000000000000000e+00 0.000000000000000000e+00 -1.000000000000000000e+00 -1.000000000000000000e+00
1.180000000000000000e+02 8.634077205453145325e+02 3.577813871531884615e+01 -1.708788584451838843e-01 2.414224607331670658e+00 8.115503704441768412e-03 1.000000000000000056e-01 1.570796326794896558e+00 1.000000000000000000e+00 1.000000000000000000e+00 0.000000000000000000e+00 0.000000000000000000e+00 -1.000000000000000000e+00 -1.000000000000000000e+00
1.190000000000000000e+02 3.402240847764140926e+04 2.637479360689976460e+01 -8.554176473317184892e-02 1.957664041237834995e+00 0.000000000000000000e+00 2.816591859124806946e-02 1.570796326794896558e+00 1.000000000000000000e+00 1.000000000000000000e+00 0.000000000000000000e+00 0.000000000000000000e+00 -1.000000000000000000e+00 -1.000000000000000000e+00
1.290000000000000000e+02 1.122245895706970441e+04 1.333570603518438702e+01 -8.781561583434197016e-03 4.364358868154071258e-01 0.000000000000000000e+00 1.689189765806102875e-02 1.570796326794896558e+00 1.000000000000000000e+00 1.000000000000000000e+00 0.000000000000000000e+00 0.000000000000000000e+00 -1.000000000000000000e+00 -1.000000000000000000e+00
1.310000000000000000e+02 4.586959324721658777e+04 1.011613860104770168e+01 3.564464816371716582e-02 3.958478639791055964e-01 0.000000000000000000e+00 2.463037404984483592e-01 1.570796326794896558e+00 1.000000000000000000e+00 1.000000000000000000e+00 0.000000000000000000e+00 0.000000000000000000e+00 -1.000000000000000000e+00 -1.000000000000000000e+00
1.360000000000000000e+02 2.329343641269740328e+04 1.702604408727482976e+01 4.332429316594645086e-02 1.358101600370376749e+00 3.498798325532710696e-02 1.476537133694200664e-02 1.570796326794896558e+00 1.000000000000000000e+00 1.000000000000000000e+00 0.000000000000000000e+00 0.000000000000000000e+00 -1.000000000000000000e+00 -1.000000000000000000e+00
1.400000000000000000e+02 8.091376880167076706e+02 2.528644618733192928e+01 5.831679393457017690e-02 4.646148516214359536e-01 6.694549313444413813e-03 9.000000000000001055e-02 1.570796326794896558e+00 1.000000000000000000e+00 1.000000000000000000e+00 0.000000000000000000e+00 0.000000000000000000e+00 -1.000000000000000000e+00 -1.000000000000000000e+00
1.510000000000000000e+02 1.967207549928372828e+04 1.085595207795166850e+01 1.389891387578300608e-01 1.817348652967227807e+00 2.912558885597277963e-02 9.396718591073952020e-02 1.570796326794896558e+00 1.000000000000000000e+00 1.000000000000000000e+00 0.000000000000000000e+00 0.000000000000000000e+00 -1.000000000000000000e+00 -1.000000000000000000e+00
1.860000000000000000e+02 2.309326830816120128e+04 2.383515744315969087e+01 -1.037266331117881746e-01 2.433391326534417143e+00 0.000000000000000000e+00 2.871574256151153762e-02 1.570796326794896558e+00 1.000000000000000000e+00 1.000000000000000000e+00 0.000000000000000000e+00 0.000000000000000000e+00 -1.000000000000000000e+00 -1.000000000000000000e+00
1.880000000000000000e+02 3.671824787094740896e+04 1.464813127622181987e+01 1.442283575377175664e-01 7.869648769198265281e-01 0.000000000000000000e+00 1.644521570625431112e-02 1.570796326794896558e+00 1.000000000000000000e+00 1.000000000000000000e+00 0.000000000000000000e+00 0.000000000000000000e+00 -1.000000000000000000e+00 -1.000000000000000000e+00
1.890000000000000000e+02 3.803123423090307915e+04 1.048315690324951888e+01 2.273295558460451671e-02 1.198278172480489623e+00 0.000000000000000000e+00 4.790770778188217088e-02 1.570796326794896558e+00 1.000000000000000000e+00 1.000000000000000000e+00 0.000000000000000000e+00 0.000000000000000000e+00 -1.000000000000000000e+00 -1.000000000000000000e+00
1.910000000000000000e+02 9.587387808716661084e+02 1.302842760562967150e+01 -1.930890377812409797e-01 3.100000000000000089e+00 1.284165526325148875e-02 1.277711872145249720e-02 1.570796326794896558e+00 1.000000000000000000e+00 1.000000000000000000e+00 0.000000000000000000e+00 0.000000000000000000e+00 -1.000000000000000000e+00 -1.000000000000000000e+00
1.980000000000000000e+02 8.553834053319230861e+02 1.340428862488534101e+01 1.335967852400004596e-01 1.433997211017504547e+00 0.000000000000000000e+00 1.028972218782969565e-02 1.570796326794896558e+00 1.000000000000000000e+00 1.000000000000000000e+00 0.000000000000000000e+00 0.000000000000000000e+00 -1.000000000000000000e+00 -1.000000000000000000e+00
4.300000000000000000e+01 1.005961857901687608e+03 2.540269396680105984e+01 -1.984368822021385925e-02 1.634324470210209324e+00 0.000000000000000000e+00 9.000000000000001055e-02 0.000000000000000000e+00 1.000000000000000000e+00 1.000000000000000000e+00 0.000000000000000000e+00 0.000000000000000000e+00 -1.000000000000000000e+00 -1.000000000000000000e+00
6.900000000000000000e+01 6.243110761290615301e+03 1.037708911619636076e+01 -6.132193295677948464e-02 3.093020000000000103e+00 0.000000000000000000e+00 9.000000000000001055e-02 0.000000000000000000e+00 1.000000000000000000e+00 1.000000000000000000e+00 0.000000000000000000e+00 0.000000000000000000e+00 -1.000000000000000000e+00 -1.000000000000000000e+00
7.400000000000000000e+01 4.886361699731402837e+02 1.846252104845388331e+01 7.348303454363825683e-03 1.437945009042314704e+00 0.000000000000000000e+00 4.664696732381194422e-01 0.000000000000000000e+00 1.000000000000000000e+00 1.000000000000000000e+00 0.000000000000000000e+00 0.000000000000000000e+00 -1.000000000000000000e+00 -1.000000000000000000e+00
8.400000000000000000e+01 5.000449670369873274e+03 1.144551840743996607e+01 -2.932814308559852923e-01 3.100000000000000089e+00 0.000000000000000000e+00 9.000000000000001055e-02 0.000000000000000000e+00 1.000000000000000000e+00 1.000000000000000000e+00 0.000000000000000000e+00 0.000000000000000000e+00 -1.000000000000000000e+00 -1.000000000000000000e+00
1.280000000000000000e+02 5.902700451491251442e+03 1.034669737825617197e+01 -1.974641845121094530e-01 2.900119493507305357e+00 0.000000000000000000e+00 1.000000000000000021e-02 0.000000000000000000e+00 1.000000000000000000e+00 1.000000000000000000e+00 0.000000000000000000e+00 0.000000000000000000e+00 -1.000000000000000000e+00 -1.000000000000000000e+00
1.480000000000000000e+02 1.160275346017564334e+04 1.741860921874431511e+01 1.327690201845912465e-01 7.861252166944476816e-01 0.000000000000000000e+00 1.000000000000000021e-02 0.000000000000000000e+00 1.000000000000000000e+00 1.000000000000000000e+00 0.000000000000000000e+00 0.000000000000000000e+00 -1.000000000000000000e+00 -1.000000000000000000e+00
1.570000000000000000e+02 8.745533246794338993e+03 1.225486132697447417e+01 -2.893716663758623409e-02 1.535637899370262627e+00 0.000000000000000000e+00 1.000000000000000056e-01 0.000000000000000000e+00 1.000000000000000000e+00 1.000000000000000000e+00 0.000000000000000000e+00 0.000000000000000000e+00 -1.000000000000000000e+00 -1.000000000000000000e+00
1.610000000000000000e+02 4.702797020871509517e+02 2.368095294057529898e+01 -5.804223588096257824e-02 2.016434035965240401e+00 0.000000000000000000e+00 6.170032074633121644e-01 0.000000000000000000e+00 1.000000000000000000e+00 1.000000000000000000e+00 0.000000000000000000e+00 0.000000000000000000e+00 -1.000000000000000000e+00 -1.000000000000000000e+00
1.780000000000000000e+02 9.812100566955197792e+03 3.770743913734376207e+01 -1.793608556968076181e-02 1.237327673242696546e+00 0.000000000000000000e+00 1.692765321725521119e-02 0.000000000000000000e+00 1.000000000000000000e+00 1.000000000000000000e+00 0.000000000000000000e+00 0.000000000000000000e+00 -1.000000000000000000e+00 -1.000000000000000000e+00
1.970000000000000000e+02 7.423589383513653956e+03 1.397704423457254919e+01 -8.410347758035077725e-02 2.823013137565699715e+00 0.000000000000000000e+00 2.129443548287979215e-01 0.000000000000000000e+00 1.000000000000000000e+00 1.000000000000000000e+00 0.000000000000000000e+00 0.000000000000000000e+00 -1.000000000000000000e+00 -1.000000000000000000e+00
3.660000000000000000e+02 2.706137823293749989e+02 3.873857975707797863e+01 2.416039597464391536e-02 9.562831270305689468e-01 0.000000000000000000e+00 6.727304151690187417e-02 -1.000000000000000000e+00 1.000000000000000000e+00 1.000000000000000000e+00 1.100000000000000000e+01 1.000000000000000000e+05 -1.000000000000000000e+00 -1.000000000000000000e+00
3.670000000000000000e+02 1.032439101056694426e+03 3.144908373124674483e+01 1.042569991564807341e-01 1.481882088574824952e+00 0.000000000000000000e+00 1.000000000000000056e-01 -1.000000000000000000e+00 1.000000000000000000e+00 1.000000000000000000e+00 1.100000000000000000e+01 2.000000000000000000e+05 -1.000000000000000000e+00 -1.000000000000000000e+00
3.690000000000000000e+02 4.097375343764561535e+02 1.254644154046698645e+01 6.002096465851786133e-04 4.175061348355519897e-01 0.000000000000000000e+00 5.401805384188960307e-02 -1.000000000000000000e+00 1.000000000000000000e+00 1.000000000000000000e+00 1.100000000000000000e+01 3.000000000000000000e+05 -1.000000000000000000e+00 -1.000000000000000000e+00
3.680000000000000000e+02 2.119063005011859059e+04 5.527218337931307701e+01 6.224081486871646529e-01 0.000000000000000000e+00 0.000000000000000000e+00 1.568050428060617507e-02 -1.000000000000000000e+00 1.000000000000000000e+00 2.000000000000000000e+00 1.100000000000000000e+01 3.800000000000000000e+05 -1.000000000000000000e+00 -1.000000000000000000e+00
3.700000000000000000e+02 6.645848426744767039e+02 1.518047990004321157e+01 8.624923944589085734e-02 5.531354314740879463e-01 0.000000000000000000e+00 1.000000000000000056e-01 -1.000000000000000000e+00 1.000000000000000000e+00 1.000000000000000000e+00 1.100000000000000000e+01 4.000000000000000000e+05 -1.000000000000000000e+00 -1.000000000000000000e+00
