# id_num orb_a mass spin spin_angle orb_inc orb_ecc orb_arg_periapse orb_ang_mom gen galaxy time_passed star_X star_Y star_Z radius
2.390000000000000000e+02 3.893355417340850977e+01 1.707740998041900411e+03 8.889999999999999014e-01 9.016359945461805969e-01 0.000000000000000000e+00 5.810285715616172464e-01 1.570796326794896558e+00 1.383285405460865024e+18 1.000000000000000000e+00 0.000000000000000000e+00 0.000000000000000000e+00 7.273999999999999355e-01 2.637999999999999790e-01 8.800000000000000530e-03 3.789534513518640324e+02
2.400000000000000000e+02 3.980184583611710991e+01 1.663762927090567928e+03 8.889999999999999014e-01 2.123019288168362717e+00 0.000000000000000000e+00 4.169651979567426947e-01 1.570796326794896558e+00 1.357611645666878720e+18 1.000000000000000000e+00 0.000000000000000000e+00 0.000000000000000000e+00 7.273999999999999355e-01 2.637999999999999790e-01 8.800000000000000530e-03 3.711260311873340925e+02
2.410000000000000000e+02 4.547687515141531378e+01 1.649899556635886938e+03 8.889999999999999014e-01 1.142049442097623269e+00 0.000000000000000000e+00 1.683329785021901726e-01 0.000000000000000000e+00 1.355410042828168704e+18 1.000000000000000000e+00 0.000000000000000000e+00 0.000000000000000000e+00 7.273999999999999355e-01 2.637999999999999790e-01 8.800000000000000530e-03 3.686500249888639473e+02
2.460000000000000000e+02 4.498213077358852985e+01 2.221038499651044276e+03 8.889999999999999014e-01 1.377336938032118763e+00 0.000000000000000000e+00 1.665016542725362703e-01 1.570796326794896558e+00 1.891652647521019648e+18 1.000000000000000000e+00 0.000000000000000000e+00 0.000000000000000000e+00 7.273999999999999355e-01 2.637999999999999790e-01 8.800000000000000530e-03 4.676200590201793830e+02
2.520000000000000000e+02 5.671735134209581730e+01 2.466436856843515216e+03 8.889999999999999014e-01 1.103657849057462448e+00 0.000000000000000000e+00 4.058215335854680611e-02 0.000000000000000000e+00 2.195946585732433152e+18 1.000000000000000000e+00 0.000000000000000000e+00 0.000000000000000000e+00 7.273999999999999355e-01 2.637999999999999790e-01 8.800000000000000530e-03 5.085155809547728154e+02
2.530000000000000000e+02 6.285002919048146452e+01 2.660092186219638279e+03 8.889999999999999014e-01 1.134067999012681627e+00 0.000000000000000000e+00 3.156651479978986319e-02 1.570796326794896558e+00 2.386177857842427392e+18 1.000000000000000000e+00 0.000000000000000000e+00 0.000000000000000000e+00 7.273999999999999355e-01 2.637999999999999790e-01 8.800000000000000530e-03 5.402137238259516607e+02
2.560000000000000000e+02 6.484693115411488407e+01 3.055096505301781690e+03 8.889999999999999014e-01 1.488965333446531591e+00 0.000000000000000000e+00 9.000000000000001055e-02 0.000000000000000000e+00 2.803725577821550592e+18 1.000000000000000000e+00 0.000000000000000000e+00 0.000000000000000000e+00 7.273999999999999355e-01 2.637999999999999790e-01 8.800000000000000530e-03 6.034874037498781263e+02
2.650000000000000000e+02 6.850486560632957378e+01 3.970674076052206601e+03 8.889999999999999014e-01 1.677580063373241614e+00 0.000000000000000000e+00 1.122709737116161545e-02 1.570796326794896558e+00 3.909003330131834368e+18 1.000000000000000000e+00 0.000000000000000000e+00 0.000000000000000000e+00 7.273999999999999355e-01 2.637999999999999790e-01 8.800000000000000530e-03 7.442856664189087041e+02
2.660000000000000000e+02 7.895398320961953686e+01 3.903880665888160365e+03 8.889999999999999014e-01 1.316516111044943482e+00 0.000000000000000000e+00 1.000000000000000056e-01 0.000000000000000000e+00 3.874978022417772032e+18 1.000000000000000000e+00 0.000000000000000000e+00 0.000000000000000000e+00 7.273999999999999355e-01 2.637999999999999790e-01 8.800000000000000530e-03 7.342525947431063287e+02
2.670000000000000000e+02 7.880411997735031093e+01 4.477332061800066185e+03 8.889999999999999014e-01 2.013701519200952195e+00 0.000000000000000000e+00 9.000000000000001055e-02 0.000000000000000000e+00 4.480234206339553792e+18 1.000000000000000000e+00 0.000000000000000000e+00 0.000000000000000000e+00 7.273999999999999355e-01 2.637999999999999790e-01 8.800000000000000530e-03 8.193391501444277765e+02
2.680000000000000000e+02 8.537250903541563218e+01 4.819874124658992514e+03 8.889999999999999014e-01 9.191605756098517599e-01 0.000000000000000000e+00 3.767144070204703210e-02 0.000000000000000000e+00 4.862427070901138432e+18 1.000000000000000000e+00 0.000000000000000000e+00 0.000000000000000000e+00 7.273999999999999355e-01 2.637999999999999790e-01 8.800000000000000530e-03 8.691141488430453137e+02
2.710000000000000000e+02 8.613913154616531642e+01 5.083640455263721378e+03 8.889999999999999014e-01 9.397696250393570150e-01 0.000000000000000000e+00 4.696286562895225780e-02 0.000000000000000000e+00 5.255194694932062208e+18 1.000000000000000000e+00 0.000000000000000000e+00 0.000000000000000000e+00 7.273999999999999355e-01 2.637999999999999790e-01 8.800000000000000530e-03 9.069599813780415616e+02
2.720000000000000000e+02 9.973119288028868823e+01 5.723586311621685127e+03 8.889999999999999014e-01 7.557534859110210945e-01 0.000000000000000000e+00 3.428137511644554353e-02 0.000000000000000000e+00 5.966318423045308416e+18 1.000000000000000000e+00 0.000000000000000000e+00 0.000000000000000000e+00 7.273999999999999355e-01 2.637999999999999790e-01 8.800000000000000530e-03 9.972013369669019767e+02
2.730000000000000000e+02 1.069402388547192970e+02 5.671435105070878308e+03 8.889999999999999014e-01 1.570009415128498675e+00 0.000000000000000000e+00 1.433113073826582269e-02 0.000000000000000000e+00 5.960771957975465984e+18 1.000000000000000000e+00 0.000000000000000000e+00 0.000000000000000000e+00 7.273999999999999355e-01 2.637999999999999790e-01 8.800000000000000530e-03 9.899257850449016587e+02
2.740000000000000000e+02 9.573916808695976499e+01 6.148547351331007121e+03 8.889999999999999014e-01 2.019039258054712516e+00 0.000000000000000000e+00 1.176224913211313880e-02 1.570796326794896558e+00 6.517699149399996416e+18 1.000000000000000000e+00 0.000000000000000000e+00 0.000000000000000000e+00 7.273999999999999355e-01 2.637999999999999790e-01 8.800000000000000530e-03 1.056005744260152369e+03
2.750000000000000000e+02 1.008176712987399668e+02 5.843665353526804211e+03 8.889999999999999014e-01 7.839700767205426413e-01 0.000000000000000000e+00 1.000000000000000056e-01 0.000000000000000000e+00 6.245807540565696512e+18 1.000000000000000000e+00 0.000000000000000000e+00 0.000000000000000000e+00 7.273999999999999355e-01 2.637999999999999790e-01 8.800000000000000530e-03 1.013903291551351572e+03
2.760000000000000000e+02 1.029156005377219998e+02 5.834533099025508818e+03 8.889999999999999014e-01 1.572057200041533154e+00 0.000000000000000000e+00 4.155501186215881243e-02 1.570796326794896558e+00 6.287987308543668224e+18 1.000000000000000000e+00 0.000000000000000000e+00 0.000000000000000000e+00 7.273999999999999355e-01 2.637999999999999790e-01 8.800000000000000530e-03 1.012635502211779567e+03
2.770000000000000000e+02 1.220818190744153640e+02 5.940200418920818265e+03 8.909999999999999032e-01 2.023013903593351426e+00 0.000000000000000000e+00 1.782637783103614704e-02 0.000000000000000000e+00 6.457612790958562304e+18 1.000000000000000000e+00 0.000000000000000000e+00 0.000000000000000000e+00 7.273999999999999355e-01 2.637999999999999790e-01 8.800000000000000530e-03 1.027280729732953205e+03
2.810000000000000000e+02 1.292161715157218396e+02 7.805255833437569891e+03 8.889999999999999014e-01 1.594812874225025823e+00 0.000000000000000000e+00 4.370270527017926232e-02 0.000000000000000000e+00 8.784160524145442816e+18 1.000000000000000000e+00 0.000000000000000000e+00 0.000000000000000000e+00 7.273999999999999355e-01 2.637999999999999790e-01 8.800000000000000530e-03 1.278079818078244443e+03
2.820000000000000000e+02 1.418172274312723289e+02 7.730809706842826927e+03 8.889999999999999014e-01 7.820039999814886178e-01 0.000000000000000000e+00 1.000000000000000056e-01 0.000000000000000000e+00 8.774984864822668288e+18 1.000000000000000000e+00 0.000000000000000000e+00 0.000000000000000000e+00 7.273999999999999355e-01 2.637999999999999790e-01 8.800000000000000530e-03 1.268318273417869705e+03
2.850000000000000000e+02 1.181672924420525703e+02 9.045940947309367402e+03 8.889999999999999014e-01 9.494858499539718943e-01 0.000000000000000000e+00 9.000000000000001055e-02 0.000000000000000000e+00 1.054553537939927859e+19 1.000000000000000000e+00 0.000000000000000000e+00 0.000000000000000000e+00 7.273999999999999355e-01 2.637999999999999790e-01 8.800000000000000530e-03 1.438173432246192988e+03
2.860000000000000000e+02 1.342396636530492628e+02 9.395894818724893412e+03 8.889999999999999014e-01 1.739013384019757025e+00 0.000000000000000000e+00 1.000000000000000056e-01 1.570796326794896558e+00 1.105087303243434189e+19 1.000000000000000000e+00 0.000000000000000000e+00 0.000000000000000000e+00 7.273999999999999355e-01 2.637999999999999790e-01 8.800000000000000530e-03 1.482513921173771678e+03
2.880000000000000000e+02 1.257078411312360657e+02 1.028489281630414007e+04 8.889999999999999014e-01 1.507227345235207627e+00 0.000000000000000000e+00 1.505049542629076885e-02 1.570796326794896558e+00 1.231832428963370394e+19 1.000000000000000000e+00 0.000000000000000000e+00 0.000000000000000000e+00 7.273999999999999355e-01 2.637999999999999790e-01 8.800000000000000530e-03 1.593705528032122629e+03
2.890000000000000000e+02 1.495643829648354313e+02 1.047645741164265382e+04 8.909999999999999032e-01 2.085571299218800245e+00 0.000000000000000000e+00 1.175124136942114726e-02 1.570796326794896558e+00 1.266133663166509261e+19 1.000000000000000000e+00 0.000000000000000000e+00 0.000000000000000000e+00 7.273999999999999355e-01 2.637999999999999790e-01 8.800000000000000530e-03 1.617408884935142851e+03
2.900000000000000000e+02 1.291966847347853218e+02 1.054207314516967563e+04 8.889999999999999014e-01 1.153574546125274880e+00 0.000000000000000000e+00 5.444215465203208065e-02 0.000000000000000000e+00 1.286023547173230387e+19 1.000000000000000000e+00 0.000000000000000000e+00 0.000000000000000000e+00 7.273999999999999355e-01 2.637999999999999790e-01 8.800000000000000530e-03 1.625507894960793237e+03
2.930000000000000000e+02 1.371926350225242004e+02 1.313238321924627598e+04 8.889999999999999014e-01 1.766410619733279397e+00 0.000000000000000000e+00 1.868684512422346539e-02 0.000000000000000000e+00 1.646834499613919027e+19 1.000000000000000000e+00 0.000000000000000000e+00 0.000000000000000000e+00 7.273999999999999355e-01 2.637999999999999790e-01 8.800000000000000530e-03 1.937863135095290545e+03
2.960000000000000000e+02 1.589234713269431438e+02 1.454859380812641757e+04 8.889999999999999014e-01 1.779997165110153601e+00 0.000000000000000000e+00 1.773985538296021791e-02 0.000000000000000000e+00 1.876711164036012032e+19 1.000000000000000000e+00 0.000000000000000000e+00 0.000000000000000000e+00 7.273999999999999355e-01 2.637999999999999790e-01 8.800000000000000530e-03 2.103318675432168675e+03
3.000000000000000000e+02 1.733768737382688983e+02 1.694151676315254736e+04 8.909999999999999032e-01 7.139331489505520434e-01 0.000000000000000000e+00 3.887439728860057203e-02 1.570796326794896558e+00 2.271060331709219226e+19 1.000000000000000000e+00 0.000000000000000000e+00 0.000000000000000000e+00 7.273999999999999355e-01 2.637999999999999790e-01 8.800000000000000530e-03 2.375801186483761740e+03
3.010000000000000000e+02 1.806999558634351217e+02 1.924210062452999045e+04 8.909999999999999032e-01 9.371381628571764377e-01 0.000000000000000000e+00 1.000000000000000056e-01 0.000000000000000000e+00 2.605149490158791475e+19 1.000000000000000000e+00 0.000000000000000000e+00 0.000000000000000000e+00 7.273999999999999355e-01 2.637999999999999790e-01 8.800000000000000530e-03 2.630572333148342750e+03
3.020000000000000000e+02 1.691965552911102009e+02 1.839135774528532784e+04 8.889999999999999014e-01 2.162781343808068524e+00 0.000000000000000000e+00 4.241905023253514373e-02 1.570796326794896558e+00 2.515193448706835251e+19 1.000000000000000000e+00 0.000000000000000000e+00 0.000000000000000000e+00 7.273999999999999355e-01 2.637999999999999790e-01 8.800000000000000530e-03 2.537109998594105036e+03
3.070000000000000000e+02 2.556853188982196627e+02 2.484505694091312762e+04 8.889999999999999014e-01 1.551201423156724823e+00 0.000000000000000000e+00 8.100000000000001643e-02 1.570796326794896558e+00 3.572046945677488947e+19 1.000000000000000000e+00 0.000000000000000000e+00 0.000000000000000000e+00 7.273999999999999355e-01 2.637999999999999790e-01 8.800000000000000530e-03 3.227306852759807043e+03
3.080000000000000000e+02 1.919181590495752516e+02 2.480329085599289101e+04 8.889999999999999014e-01 6.598742099203458444e-01 0.000000000000000000e+00 1.185430179600101275e-02 0.000000000000000000e+00 3.603150684349430170e+19 1.000000000000000000e+00 0.000000000000000000e+00 0.000000000000000000e+00 7.273999999999999355e-01 2.637999999999999790e-01 8.800000000000000530e-03 3.222965879921121541e+03
3.090000000000000000e+02 1.700297735100458567e+02 2.618151580086058311e+04 8.889999999999999014e-01 9.821694217277133765e-01 0.000000000000000000e+00 3.970945903200864130e-02 0.000000000000000000e+00 3.843153349368437965e+19 1.000000000000000000e+00 0.000000000000000000e+00 0.000000000000000000e+00 7.273999999999999355e-01 2.637999999999999790e-01 8.800000000000000530e-03 3.365457359834437739e+03
3.100000000000000000e+02 2.029708652268946025e+02 2.858899520826019216e+04 8.889999999999999014e-01 1.354077622427787508e+00 0.000000000000000000e+00 1.476504057862983339e-02 1.570796326794896558e+00 4.239471779993622118e+19 1.000000000000000000e+00 0.000000000000000000e+00 0.000000000000000000e+00 7.273999999999999355e-01 2.637999999999999790e-01 8.800000000000000530e-03 3.610832780585849832e+03
3.110000000000000000e+02 2.011350385168487378e+02 2.897576726931366647e+04 8.929999999999999050e-01 1.457177102574754191e+00 0.000000000000000000e+00 1.736227651237215105e-02 1.570796326794896558e+00 4.342607279378117427e+19 1.000000000000000000e+00 0.000000000000000000e+00 0.000000000000000000e+00 7.273999999999999355e-01 2.637999999999999790e-01 8.800000000000000530e-03 3.649860105560241664e+03
3.130000000000000000e+02 4.119980788868604122e+02 3.195500410893382286e+04 8.889999999999999014e-01 9.642216515540705801e-01 0.000000000000000000e+00 9.000000000000001055e-02 1.570796326794896558e+00 4.891376064402785075e+19 1.000000000000000000e+00 0.000000000000000000e+00 0.000000000000000000e+00 7.273999999999999355e-01 2.637999999999999790e-01 8.800000000000000530e-03 3.947111231471695191e+03
3.140000000000000000e+02 2.378852194569597316e+02 3.439866822044297442e+04 8.889999999999999014e-01 7.819899677635857582e-01 0.000000000000000000e+00 9.000000000000001055e-02 0.000000000000000000e+00 5.322039280022292890e+19 1.000000000000000000e+00 0.000000000000000000e+00 0.000000000000000000e+00 7.273999999999999355e-01 2.637999999999999790e-01 8.800000000000000530e-03 4.186793738608957028e+03
3.150000000000000000e+02 2.343235999160950200e+02 3.590557407845433772e+04 8.889999999999999014e-01 7.261548309223783138e-01 0.000000000000000000e+00 1.000000000000000056e-01 1.570796326794896558e+00 5.615220582691122381e+19 1.000000000000000000e+00 0.000000000000000000e+00 0.000000000000000000e+00 7.273999999999999355e-01 2.637999999999999790e-01 8.800000000000000530e-03 4.332890990225674614e+03
3.160000000000000000e+02 3.160149225432152775e+02 3.781668435439541645e+04 8.889999999999999014e-01 2.182379457645221343e+00 0.000000000000000000e+00 1.000000000000000056e-01 1.570796326794896558e+00 5.978190581024928563e+19 1.000000000000000000e+00 0.000000000000000000e+00 0.000000000000000000e+00 7.273999999999999355e-01 2.637999999999999790e-01 8.800000000000000530e-03 4.516427279607818491e+03
3.170000000000000000e+02 2.129699716197180237e+02 4.038822987337172526e+04 8.889999999999999014e-01 1.574925604436421267e+00 0.000000000000000000e+00 1.000000000000000056e-01 0.000000000000000000e+00 6.453985678656927334e+19 1.000000000000000000e+00 0.000000000000000000e+00 0.000000000000000000e+00 7.273999999999999355e-01 2.637999999999999790e-01 8.800000000000000530e-03 4.760495056990200283e+03
3.190000000000000000e+02 1.874815542467531770e+02 4.310498262273239379e+04 8.889999999999999014e-01 2.178622868220287945e+00 0.000000000000000000e+00 1.468989869972772006e-02 0.000000000000000000e+00 7.042741814465712128e+19 1.000000000000000000e+00 0.000000000000000000e+00 0.000000000000000000e+00 7.273999999999999355e-01 2.637999999999999790e-01 8.800000000000000530e-03 5.014991976049799632e+03
3.200000000000000000e+02 2.684028877684702366e+02 4.621496438880109781e+04 8.889999999999999014e-01 2.208328277877874335e+00 0.000000000000000000e+00 9.000000000000001055e-02 0.000000000000000000e+00 7.635201780190842061e+19 1.000000000000000000e+00 0.000000000000000000e+00 0.000000000000000000e+00 7.273999999999999355e-01 2.637999999999999790e-01 8.800000000000000530e-03 5.302422885645958559e+03
3.220000000000000000e+02 4.038917452320168309e+02 4.994682066031236172e+04 8.889999999999999014e-01 1.099968575444157715e+00 0.000000000000000000e+00 9.000000000000001055e-02 0.000000000000000000e+00 8.440279624367744614e+19 1.000000000000000000e+00 0.000000000000000000e+00 0.000000000000000000e+00 7.273999999999999355e-01 2.637999999999999790e-01 8.800000000000000530e-03 5.642278799115887523e+03
3.240000000000000000e+02 1.827438115868666273e+02 5.669825232190493261e+04 8.889999999999999014e-01 8.091147642499612047e-01 0.000000000000000000e+00 1.000000000000000056e-01 1.570796326794896558e+00 9.802380725010407424e+19 1.000000000000000000e+00 0.000000000000000000e+00 0.000000000000000000e+00 7.273999999999999355e-01 2.637999999999999790e-01 8.800000000000000530e-03 6.244591029812561828e+03
3.250000000000000000e+02 1.585361717128798489e+02 6.091049361791656702e+04 8.889999999999999014e-01 0.000000000000000000e+00 0.000000000000000000e+00 2.058911320946491333e-02 0.000000000000000000e+00 1.065189920566602301e+20 1.000000000000000000e+00 0.000000000000000000e+00 0.000000000000000000e+00 7.273999999999999355e-01 2.637999999999999790e-01 8.800000000000000530e-03 6.613052313047920507e+03
3.270000000000000000e+02 7.700000000000001137e+02 6.696286574518310954e+04 8.889999999999999014e-01 1.581404701504999233e+00 0.000000000000000000e+00 1.000000000000000056e-01 0.000000000000000000e+00 1.198799531450979942e+20 1.000000000000000000e+00 0.000000000000000000e+00 0.000000000000000000e+00 7.273999999999999355e-01 2.637999999999999790e-01 8.800000000000000530e-03 7.133710620673269659e+03
3.280000000000000000e+02 3.605233574303222781e+02 6.972852576897153631e+04 8.889999999999999014e-01 7.474399217220399905e-01 0.000000000000000000e+00 9.000000000000001055e-02 1.570796326794896558e+00 1.263125182218104668e+20 1.000000000000000000e+00 0.000000000000000000e+00 0.000000000000000000e+00 7.273999999999999355e-01 2.637999999999999790e-01 8.800000000000000530e-03 7.368458631494257133e+03
3.290000000000000000e+02 7.700000000000001137e+02 7.342982580118197075e+04 8.889999999999999014e-01 1.596601865580669077e+00 0.000000000000000000e+00 1.000000000000000056e-01 1.570796326794896558e+00 1.345957159818534257e+20 1.000000000000000000e+00 0.000000000000000000e+00 0.000000000000000000e+00 7.273999999999999355e-01 2.637999999999999790e-01 8.800000000000000530e-03 7.679735477427509977e+03
3.340000000000000000e+02 7.700000000000001137e+02 9.918751870913247694e+04 8.889999999999999014e-01 1.823375070013773191e+00 0.000000000000000000e+00 1.000000000000000056e-01 1.570796326794896558e+00 1.932260001577306685e+20 1.000000000000000000e+00 0.000000000000000000e+00 0.000000000000000000e+00 7.273999999999999355e-01 2.637999999999999790e-01 8.800000000000000530e-03 9.768185172984673045e+03
3.370000000000000000e+02 7.700000000000001137e+02 1.171150578302416980e+05 8.889999999999999014e-01 6.939474732727494155e-01 0.000000000000000000e+00 1.000000000000000056e-01 0.000000000000000000e+00 2.369266006541009551e+20 1.000000000000000000e+00 0.000000000000000000e+00 0.000000000000000000e+00 7.273999999999999355e-01 2.637999999999999790e-01 8.800000000000000530e-03 1.115676929861438293e+04
3.470000000000000000e+02 7.700000000000001137e+02 2.179425702895781724e+05 8.889999999999999014e-01 1.049698317770457745e+00 0.000000000000000000e+00 1.000000000000000056e-01 0.000000000000000000e+00 5.033796711004026307e+20 1.000000000000000000e+00 0.000000000000000000e+00 0.000000000000000000e+00 7.273999999999999355e-01 2.637999999999999790e-01 8.800000000000000530e-03 1.833673116086644222e+04
3.490000000000000000e+02 7.700000000000001137e+02 2.507728497371300182e+05 8.889999999999999014e-01 2.000885512429645186e+00 0.000000000000000000e+00 1.000000000000000056e-01 0.000000000000000000e+00 5.956004600130999419e+20 1.000000000000000000e+00 0.000000000000000000e+00 0.000000000000000000e+00 7.273999999999999355e-01 2.637999999999999790e-01 8.800000000000000530e-03 2.051505450676906185e+04
3.510000000000000000e+02 7.700000000000001137e+02 2.800293209758474841e+05 8.889999999999999014e-01 8.589083337805701879e-01 0.000000000000000000e+00 1.000000000000000056e-01 0.000000000000000000e+00 6.842720163560525660e+20 1.000000000000000000e+00 0.000000000000000000e+00 0.000000000000000000e+00 7.273999999999999355e-01 2.637999999999999790e-01 8.800000000000000530e-03 2.240841138355078874e+04
3.520000000000000000e+02 7.700000000000001137e+02 3.046756230787975364e+05 8.889999999999999014e-01 2.072842276312073295e+00 0.000000000000000000e+00 1.000000000000000056e-01 1.570796326794896558e+00 7.551938915851741430e+20 1.000000000000000000e+00 0.000000000000000000e+00 0.000000000000000000e+00 7.273999999999999355e-01 2.637999999999999790e-01 8.800000000000000530e-03 2.397278162991865247e+04
3.540000000000000000e+02 7.700000000000001137e+02 3.424458719980123569e+05 8.889999999999999014e-01 1.714606873466271164e+00 0.000000000000000000e+00 1.000000000000000056e-01 1.570796326794896558e+00 8.739768169367051960e+20 1.000000000000000000e+00 0.000000000000000000e+00 0.000000000000000000e+00 7.273999999999999355e-01 2.637999999999999790e-01 8.800000000000000530e-03 2.632217737382189080e+04
3.550000000000000000e+02 7.700000000000001137e+02 3.665904038988987450e+05 8.889999999999999014e-01 1.666589084859821712e+00 0.000000000000000000e+00 1.000000000000000056e-01 0.000000000000000000e+00 9.494813758831801139e+20 1.000000000000000000e+00 0.000000000000000000e+00 0.000000000000000000e+00 7.273999999999999355e-01 2.637999999999999790e-01 8.800000000000000530e-03 2.779669340896124777e+04
3.570000000000000000e+02 7.700000000000001137e+02 4.285745189140554285e+05 8.889999999999999014e-01 2.149637274211704252e+00 0.000000000000000000e+00 1.000000000000000056e-01 0.000000000000000000e+00 1.143756526757224776e+21 1.000000000000000000e+00 0.000000000000000000e+00 0.000000000000000000e+00 7.273999999999999355e-01 2.637999999999999790e-01 8.800000000000000530e-03 3.149701085063600476e+04
3.610000000000000000e+02 7.700000000000001137e+02 5.680012191230735043e+05 8.889999999999999014e-01 1.560935406145336213e+00 0.000000000000000000e+00 1.000000000000000056e-01 1.570796326794896558e+00 1.612089518671169323e+21 1.000000000000000000e+00 0.000000000000000000e+00 0.000000000000000000e+00 7.273999999999999355e-01 2.637999999999999790e-01 8.800000000000000530e-03 3.945732847713963565e+04
3.620000000000000000e+02 7.700000000000001137e+02 6.147686970039766748e+05 8.889999999999999014e-01 9.625541887232383909e-01 0.000000000000000000e+00 1.000000000000000056e-01 1.570796326794896558e+00 1.772526877474203369e+21 1.000000000000000000e+00 0.000000000000000000e+00 0.000000000000000000e+00 7.273999999999999355e-01 2.637999999999999790e-01 8.800000000000000530e-03 4.203563958084531623e+04
3.640000000000000000e+02 7.700000000000001137e+02 3.082383099999869009e+05 8.889999999999999014e-01 1.482568703651926167e+00 0.000000000000000000e+00 1.000000000000000056e-01 1.570796326794896558e+00 9.151305026542466499e+20 1.000000000000000000e+00 0.000000000000000000e+00 0.000000000000000000e+00 7.273999999999999355e-01 2.637999999999999790e-01 8.800000000000000530e-03 2.419677883359053158e+04
