# id_num orb_a mass spin spin_angle orb_inc orb_ecc orb_arg_periapse orb_ang_mom gen galaxy time_passed gw_freq gw_strain
0.000000000000000000e+00 9.836382053954375806e+03 1.161935103269554936e+01 1.555923012827193919e-01 1.319071630674183426e+00 3.146517036860421168e+00 1.162029368991543583e-02 0.000000000000000000e+00 1.000000000000000000e+00 1.000000000000000000e+00 0.000000000000000000e+00 0.000000000000000000e+00 -1.000000000000000000e+00 -1.000000000000000000e+00
2.000000000000000000e+00 3.670682826975477656e+04 3.709956477639591554e+01 -2.029658686036295567e-01 2.423628005650819706e+00 1.327808515790503824e-03 1.307790244474296704e-02 1.570796326794896558e+00 1.000000000000000000e+00 1.000000000000000000e+00 0.000000000000000000e+00 0.000000000000000000e+00 -1.000000000000000000e+00 -1.000000000000000000e+00
3.000000000000000000e+00 3.031351410946244505e+04 1.472628263780193691e+01 -2.180073022076589317e-01 2.511159308073015684e+00 -2.250143686967600448e-02 2.341479327792560933e-02 0.000000000000000000e+00 1.000000000000000000e+00 1.000000000000000000e+00 0.000000000000000000e+00 0.000000000000000000e+00 -1.000000000000000000e+00 -1.000000000000000000e+00
6.000000000000000000e+00 4.717918282770879887e+04 2.312025609684714667e+01 -1.089382681164838274e-01 2.471874944548677178e+00 1.253898417339145699e-02 6.986067227514465572e-02 0.000000000000000000e+00 1.000000000000000000e+00 1.000000000000000000e+00 0.000000000000000000e+00 0.000000000000000000e+00 -1.000000000000000000e+00 -1.000000000000000000e+00
1.500000000000000000e+01 4.061185795085867198e+02 3.276315246867397235e+01 -2.745678504227572203e-01 2.614015826683469434e+00 3.135473149089498701e+00 2.976889055455719454e-02 1.570796326794896558e+00 1.000000000000000000e+00 1.000000000000000000e+00 0.000000000000000000e+00 0.000000000000000000e+00 -1.000000000000000000e+00 -1.000000000000000000e+00
1.800000000000000000e+01 3.815170798198643752e+04 1.425865515755573121e+01 3.325971320021332833e-02 1.491814717733470408e+00 1.210112825181423879e-02 4.049698265725721474e-02 0.000000000000000000e+00 1.000000000000000000e+00 1.000000000000000000e+00 0.000000000000000000e+00 0.000000000000000000e+00 -1.000000000000000000e+00 -1.000000000000000000e+00
1.900000000000000000e+01 1.420078076257240537e+04 1.813937152523365981e+01 -4.063456706722357037e-02 1.654603291186644620e+00 -5.578758688567077989e-03 1.000000000000000021e-02 1.570796326794896558e+00 1.000000000000000000e+00 1.000000000000000000e+00 0.000000000000000000e+00 0.000000000000000000e+00 -1.000000000000000000e+00 -1.000000000000000000e+00
2.000000000000000000e+01 2.936764986484477413e+04 1.094524437145893359e+01 -5.380015692941264582e-02 1.144153067143322655e+00 3.106347534254617848e+00 1.000000000000000021e-02 1.570796326794896558e+00 1.000000000000000000e+00 1.000000000000000000e+00 0.000000000000000000e+00 0.000000000000000000e+00 -1.000000000000000000e+00 -1.000000000000000000e+00
2.200000000000000000e+01 5.000000000000000000e+04 2.843737336569527585e+01 -5.888334675316942574e-02 2.294592150692274846e+00 3.098555132248364874e+00 1.000000000000000021e-02 0.000000000000000000e+00 1.000000000000000000e+00 1.000000000000000000e+00 0.000000000000000000e+00 0.000000000000000000e+00 -1.000000000000000000e+00 -1.000000000000000000e+00
2.500000000000000000e+01 3.284469188975242560e+03 1.336108103060311869e+01 1.265024442913531555e-02 9.021926742942810717e-01 -3.584935565039480947e-03 9.000000000000001055e-02 0.000000000000000000e+00 1.000000000000000000e+00 1.000000000000000000e+00 0.000000000000000000e+00 0.000000000000000000e+00 -1.000000000000000000e+00 -1.000000000000000000e+00
2.600000000000000000e+01 3.274051243929181874e+04 1.091290596397429447e+01 -6.024720530260196938e-02 2.446911175536542693e+00 -2.293626496853481966e-02 6.007222741329577148e-02 0.000000000000000000e+00 1.000000000000000000e+00 1.000000000000000000e+00 0.000000000000000000e+00 0.000000000000000000e+00 -1.000000000000000000e+00 -1.000000000000000000e+00
2.700000000000000000e+01 3.994980245498850309e+02 1.288576633400016647e+01 -1.737411938886007090e-01 2.075990110106015418e+00 1.018354511587323029e-03 1.923702793856386581e-02 0.000000000000000000e+00 1.000000000000000000e+00 1.000000000000000000e+00 0.000000000000000000e+00 0.000000000000000000e+00 -1.000000000000000000e+00 -1.000000000000000000e+00
2.800000000000000000e+01 2.977576795120637325e+04 1.154348162278067491e+01 -2.250886600789794023e-01 2.292968539741176315e+00 3.113677204849330415e+00 6.416327224957624198e-02 0.000000000000000000e+00 1.000000000000000000e+00 1.000000000000000000e+00 0.000000000000000000e+00 0.000000000000000000e+00 -1.000000000000000000e+00 -1.000000000000000000e+00
3.000000000000000000e+01 4.349468330400601417e+02 3.150901209501499878e+01 -5.635406382927384689e-02 1.587357167325015750e+00 3.135617067661777835e+00 2.430629233026941616e-02 1.570796326794896558e+00 1.000000000000000000e+00 1.000000000000000000e+00 0.000000000000000000e+00 0.000000000000000000e+00 -1.000000000000000000e+00 -1.000000000000000000e+00
3.200000000000000000e+01 4.007706295425593339e+02 1.336701120309685820e+01 -1.275214530517660150e-01 2.632754688379824071e+00 -9.864070218053066011e-03 1.601154969160312885e-02 1.570796326794896558e+00 1.000000000000000000e+00 1.000000000000000000e+00 0.000000000000000000e+00 0.000000000000000000e+00 -1.000000000000000000e+00 -1.000000000000000000e+00
3.700000000000000000e+01 2.305336104229967532e+04 1.020206421366382088e+01 -1.071084382991144557e-01 2.426611625282514506e+00 3.161259529481636132e+00 4.780627612435170426e-02 0.000000000000000000e+00 1.000000000000000000e+00 1.000000000000000000e+00 0.000000000000000000e+00 0.000000000000000000e+00 -1.000000000000000000e+00 -1.000000000000000000e+00
3.800000000000000000e+01 1.299026768750260271e+04 1.764921133093292482e+01 1.700981852365390512e-01 1.738818983672355545e+00 3.130349894626207607e+00 1.000000000000000021e-02 0.000000000000000000e+00 1.000000000000000000e+00 1.000000000000000000e+00 0.000000000000000000e+00 0.000000000000000000e+00 -1.000000000000000000e+00 -1.000000000000000000e+00
4.100000000000000000e+01 2.959144729259028827e+04 1.581343549839832541e+01 3.363688091046776463e-02 3.830350101147891317e-01 -4.936873723940464476e-03 2.905076861376630626e-02 0.000000000000000000e+00 1.000000000000000000e+00 1.000000000000000000e+00 0.000000000000000000e+00 0.000000000000000000e+00 -1.000000000000000000e+00 -1.000000000000000000e+00
4.200000000000000000e+01 5.923133419452076851e+03 1.211977485361163431e+01 -8.663874693174300479e-02 3.100000000000000089e+00 5.545451373790200034e-03 1.000000000000000021e-02 1.570796326794896558e+00 1.000000000000000000e+00 1.000000000000000000e+00 0.000000000000000000e+00 0.000000000000000000e+00 -1.000000000000000000e+00 -1.000000000000000000e+00
4.300000000000000000e+01 6.921729483345156950e+03 1.544115795443908468e+01 -9.920456812827686821e-02 3.086040000000000116e+00 3.135597399173623234e+00 1.655517152326801619e-02 1.570796326794896558e+00 1.000000000000000000e+00 1.000000000000000000e+00 0.000000000000000000e+00 0.000000000000000000e+00 -1.000000000000000000e+00 -1.000000000000000000e+00
4.400000000000000000e+01 1.867807251447217277e+04 1.543539514479137331e+01 1.273341719183360699e-01 1.317661550062346087e+00 3.140789491352776519e+00 1.000000000000000021e-02 0.000000000000000000e+00 1.000000000000000000e+00 1.000000000000000000e+00 0.000000000000000000e+00 0.000000000000000000e+00 -1.000000000000000000e+00 -1.000000000000000000e+00
4.700000000000000000e+01 4.449236350644275080e+04 2.270050874427949594e+01 4.321910752247002524e-03 1.184006702357819130e+00 1.101749049727226634e-02 6.036753341011391605e-02 1.570796326794896558e+00 1.000000000000000000e+00 1.000000000000000000e+00 0.000000000000000000e+00 0.000000000000000000e+00 -1.000000000000000000e+00 -1.000000000000000000e+00
5.200000000000000000e+01 1.637109064178441076e+04 1.300956758921772760e+01 2.904687372008052382e-02 6.860299678751817787e-01 -2.261869538296251009e-02 1.000000000000000056e-01 0.000000000000000000e+00 1.000000000000000000e+00 1.000000000000000000e+00 0.000000000000000000e+00 0.000000000000000000e+00 -1.000000000000000000e+00 -1.000000000000000000e+00
5.300000000000000000e+01 3.034735912503389045e+04 1.016939118005636011e+01 5.329544455372835221e-02 9.621503773349187050e-01 3.135908251791778678e+00 1.974651066788670958e-02 1.570796326794896558e+00 1.000000000000000000e+00 1.000000000000000000e+00 0.000000000000000000e+00 0.000000000000000000e+00 -1.000000000000000000e+00 -1.000000000000000000e+00
5.500000000000000000e+01 9.628002135352524419e+03 1.032421585089968197e+01 -2.362043509677742292e-01 2.820472059447207247e+00 -1.793234499535163035e-02 1.000000000000000021e-02 0.000000000000000000e+00 1.000000000000000000e+00 1.000000000000000000e+00 0.000000000000000000e+00 0.000000000000000000e+00 -1.000000000000000000e+00 -1.000000000000000000e+00
5.900000000000000000e+01 2.205325492953167122e+04 1.075779494949853010e+01 6.785593897457919965e-02 1.288593018009380753e+00 2.147769475428266614e-02 8.950129832010803033e-02 0.000000000000000000e+00 1.000000000000000000e+00 1.000000000000000000e+00 0.000000000000000000e+00 0.000000000000000000e+00 -1.000000000000000000e+00 -1.000000000000000000e+00
6.200000000000000000e+01 4.832428890278210747e+04 1.706361095064927014e+01 1.319855900108035662e-01 1.850190603960273794e+00 3.122049363978459890e+00 6.597376733379134439e-02 1.570796326794896558e+00 1.000000000000000000e+00 1.000000000000000000e+00 0.000000000000000000e+00 0.000000000000000000e+00 -1.000000000000000000e+00 -1.000000000000000000e+00
6.300000000000000000e+01 3.526185359302803408e+04 1.142288725081363587e+01 -7.420176635010908295e-02 2.180456620372335674e+00 -4.924281238957668727e-03 1.975741339950940478e-01 1.570796326794896558e+00 1.000000000000000000e+00 1.000000000000000000e+00 0.000000000000000000e+00 0.000000000000000000e+00 -1.000000000000000000e+00 -1.000000000000000000e+00
6.500000000000000000e+01 3.479726730700649205e+04 1.222639136097215840e+01 -5.201084979526588228e-03 1.310467326825533796e+00 3.102712039797999921e+00 4.994046722796480903e-02 0.000000000000000000e+00 1.000000000000000000e+00 1.000000000000000000e+00 0.000000000000000000e+00 0.000000000000000000e+00 -1.000000000000000000e+00 -1.000000000000000000e+00
7.000000000000000000e+01 3.250906124342006297e+04 1.109800863070689836e+01 1.081885759117821033e-01 1.467951402772965874e+00 1.800344478326493247e-02 8.295763176480645817e-02 1.570796326794896558e+00 1.000000000000000000e+00 1.000000000000000000e+00 0.000000000000000000e+00 0.000000000000000000e+00 -1.000000000000000000e+00 -1.000000000000000000e+00
7.200000000000000000e+01 3.083515215739012274e+04 1.045821467383825087e+01 -4.599086242974205485e-02 7.580137588183299968e-01 3.174945624985622050e+00 1.437459428230920648e-02 0.000000000000000000e+00 1.000000000000000000e+00 1.000000000000000000e+00 0.000000000000000000e+00 0.000000000000000000e+00 -1.000000000000000000e+00 -1.000000000000000000e+00
7.300000000000000000e+01 4.052899753726447898e+02 1.880281070125237264e+01 -1.156131421301411222e-01 2.074036217964014384e+00 3.128202180202887650e+00 1.938744891563991962e-02 0.000000000000000000e+00 1.000000000000000000e+00 1.000000000000000000e+00 0.000000000000000000e+00 0.000000000000000000e+00 -1.000000000000000000e+00 -1.000000000000000000e+00
7.400000000000000000e+01 4.483783108484007244e+04 2.594338160382584491e+01 -5.705222727502880925e-02 1.040481597206548203e+00 -6.624802263649933430e-03 6.964765450024029692e-02 1.570796326794896558e+00 1.000000000000000000e+00 1.000000000000000000e+00 0.000000000000000000e+00 0.000000000000000000e+00 -1.000000000000000000e+00 -1.000000000000000000e+00
7.500000000000000000e+01 3.785918420892699942e+04 3.568906504180706918e+01 -1.524561665009358802e-01 2.322540634005827886e+00 -2.584211201228583943e-02 3.974002323517029228e-02 0.000000000000000000e+00 1.000000000000000000e+00 1.000000000000000000e+00 0.000000000000000000e+00 0.000000000000000000e+00 -1.000000000000000000e+00 -1.000000000000000000e+00
7.600000000000000000e+01 8.289742037102563700e+03 1.063965990409363371e+01 -5.489119672985683790e-02 2.719868945449825048e+00 2.618104060105917036e-02 9.000000000000001055e-02 0.000000000000000000e+00 1.000000000000000000e+00 1.000000000000000000e+00 0.000000000000000000e+00 0.000000000000000000e+00 -1.000000000000000000e+00 -1.000000000000000000e+00
7.800000000000000000e+01 3.832870405645496794e+04 2.819373346980470529e+01 -1.208567658339169543e-01 3.100000000000000089e+00 -1.211266294337450151e-02 9.301715253494349800e-02 0.000000000000000000e+00 1.000000000000000000e+00 1.000000000000000000e+00 0.000000000000000000e+00 0.000000000000000000e+00 -1.000000000000000000e+00 -1.000000000000000000e+00
7.900000000000000000e+01 4.661542515567220835e+04 1.325565148564084339e+01 -3.172247776513192896e-02 4.809546486871286719e-01 3.154116826973816679e+00 1.715276338268120759e-01 0.000000000000000000e+00 1.000000000000000000e+00 1.000000000000000000e+00 0.000000000000000000e+00 0.000000000000000000e+00 -1.000000000000000000e+00 -1.000000000000000000e+00
8.000000000000000000e+01 4.534356213040662738e+02 2.593936225767786397e+01 2.353742381816897877e-02 6.957651842305975221e-01 1.702382116583081237e-02 2.169584249215832789e-02 1.570796326794896558e+00 1.000000000000000000e+00 1.000000000000000000e+00 0.000000000000000000e+00 0.000000000000000000e+00 -1.000000000000000000e+00 -1.000000000000000000e+00
8.100000000000000000e+01 4.986290299521401153e+02 3.247629056330139719e+01 -1.395027457080217359e-01 2.504811730713543128e+00 2.733574440611466049e-03 3.151349790613864471e-02 0.000000000000000000e+00 1.000000000000000000e+00 1.000000000000000000e+00 0.000000000000000000e+00 0.000000000000000000e+00 -1.000000000000000000e+00 -1.000000000000000000e+00
8.200000000000000000e+01 4.834397687674257895e+02 1.347976628884944716e+01 -1.812493510646050465e-01 2.403547389527890932e+00 3.127359145371475524e+00 9.000000000000001055e-02 1.570796326794896558e+00 1.000000000000000000e+00 1.000000000000000000e+00 0.000000000000000000e+00 0.000000000000000000e+00 -1.000000000000000000e+00 -1.000000000000000000e+00
8.300000000000000000e+01 4.075057681098557805e+04 1.654037769526445700e+01 -1.965978040473435051e-01 3.093020000000000103e+00 3.113845697096525811e+00 1.000000000000000021e-02 1.570796326794896558e+00 1.000000000000000000e+00 1.000000000000000000e+00 0.000000000000000000e+00 0.000000000000000000e+00 -1.000000000000000000e+00 -1.000000000000000000e+00
8.400000000000000000e+01 2.660289981422377969e+04 1.137776027890390829e+01 -1.101339047610282729e-01 3.100000000000000089e+00 3.148454427201066608e+00 1.824762331730913484e-02 1.570796326794896558e+00 1.000000000000000000e+00 1.000000000000000000e+00 0.000000000000000000e+00 0.000000000000000000e+00 -1.000000000000000000e+00 -1.000000000000000000e+00
8.600000000000000000e+01 4.281513987957179052e+04 3.185359462188481672e+01 -1.883254400423170771e-01 2.022809512437196311e+00 3.457383198243667993e-02 3.303680554130224156e-02 0.000000000000000000e+00 1.000000000000000000e+00 1.000000000000000000e+00 0.000000000000000000e+00 0.000000000000000000e+00 -1.000000000000000000e+00 -1.000000000000000000e+00
8.700000000000000000e+01 4.987721150817993703e+02 1.069343550411476329e+01 -4.214409015905352940e-02 1.937396518443259996e+00 -1.121734735537632636e-02 9.000000000000001055e-02 0.000000000000000000e+00 1.000000000000000000e+00 1.000000000000000000e+00 0.000000000000000000e+00 0.000000000000000000e+00 -1.000000000000000000e+00 -1.000000000000000000e+00
8.900000000000000000e+01 1.151937620435955614e+04 1.359428576568429214e+01 -1.481712386420282190e-01 2.096420235323690928e+00 3.170316974949559441e+00 1.000000000000000021e-02 1.570796326794896558e+00 1.000000000000000000e+00 1.000000000000000000e+00 0.000000000000000000e+00 0.000000000000000000e+00 -1.000000000000000000e+00 -1.000000000000000000e+00
9.000000000000000000e+01 1.302235352784404995e+03 1.378283985570703862e+01 -1.642363192607837197e-01 3.100000000000000089e+00 -5.712743595873273628e-03 9.000000000000001055e-02 0.000000000000000000e+00 1.000000000000000000e+00 1.000000000000000000e+00 0.000000000000000000e+00 0.000000000000000000e+00 -1.000000000000000000e+00 -1.000000000000000000e+00
9.100000000000000000e+01 1.714049411342029998e+04 3.115137017378476969e+01 8.316709473891747972e-02 1.763500680284908917e+00 2.287531037210788556e-02 1.552576009285060697e-02 0.000000000000000000e+00 1.000000000000000000e+00 1.000000000000000000e+00 0.000000000000000000e+00 0.000000000000000000e+00 -1.000000000000000000e+00 -1.000000000000000000e+00
9.300000000000000000e+01 2.377577670418985872e+04 1.247245126062317233e+01 -9.441180511413470311e-02 1.931083181273285376e+00 3.172939133227797193e+00 8.974186571208653262e-02 0.000000000000000000e+00 1.000000000000000000e+00 1.000000000000000000e+00 0.000000000000000000e+00 0.000000000000000000e+00 -1.000000000000000000e+00 -1.000000000000000000e+00
9.500000000000000000e+01 4.657555907801563444e+04 2.137074210124692186e+01 -1.674080402769292097e-01 3.086516308722274893e+00 -1.415035964348539989e-02 9.786526886452474872e-02 0.000000000000000000e+00 1.000000000000000000e+00 1.000000000000000000e+00 0.000000000000000000e+00 0.000000000000000000e+00 -1.000000000000000000e+00 -1.000000000000000000e+00
9.600000000000000000e+01 1.306678198755892663e+04 1.438419005237056503e+01 8.011801472921045719e-02 1.165266301875910404e+00 1.926350475836503297e-03 2.600760118413327632e-02 0.000000000000000000e+00 1.000000000000000000e+00 1.000000000000000000e+00 0.000000000000000000e+00 0.000000000000000000e+00 -1.000000000000000000e+00 -1.000000000000000000e+00
9.700000000000000000e+01 5.000000000000000000e+04 2.749289351466303799e+01 -2.039647519415397348e-01 2.822527216491248492e+00 -3.306721848442940176e-02 1.831704619097828182e-02 0.000000000000000000e+00 1.000000000000000000e+00 1.000000000000000000e+00 0.000000000000000000e+00 0.000000000000000000e+00 -1.000000000000000000e+00 -1.000000000000000000e+00
1.000000000000000000e+02 4.573407965456201055e+04 1.981417009900168935e+01 1.007091365656094528e-02 9.991959483752160809e-01 -7.473862822567767759e-03 5.604329227332940228e-02 0.000000000000000000e+00 1.000000000000000000e+00 1.000000000000000000e+00 0.000000000000000000e+00 0.000000000000000000e+00 -1.000000000000000000e+00 -1.000000000000000000e+00
1.020000000000000000e+02 6.177386389572770895e+02 1.777583390463562552e+01 1.003734796718492306e-01 1.471570364960040234e+00 -4.768825581783906614e-03 1.000000000000000056e-01 0.000000000000000000e+00 1.000000000000000000e+00 1.000000000000000000e+00 0.000000000000000000e+00 0.000000000000000000e+00 -1.000000000000000000e+00 -1.000000000000000000e+00
1.040000000000000000e+02 5.241202482199962560e+02 1.080667609877520619e+01 -7.624527409960399349e-02 3.082217333034115825e+00 5.305903596048589660e-04 1.673026439201884957e-02 1.570796326794896558e+00 1.000000000000000000e+00 1.000000000000000000e+00 0.000000000000000000e+00 0.000000000000000000e+00 -1.000000000000000000e+00 -1.000000000000000000e+00
1.080000000000000000e+02 4.990841115787098374e+02 1.999622138938045879e+01 -3.358487995839681828e-02 7.300609228989248800e-01 1.334663255286771752e-02 1.674894535894013575e-02 0.000000000000000000e+00 1.000000000000000000e+00 1.000000000000000000e+00 0.000000000000000000e+00 0.000000000000000000e+00 -1.000000000000000000e+00 -1.000000000000000000e+00
1.110000000000000000e+02 5.744876168841199160e+02 1.069780994809965868e+01 -7.037785441395086328e-02 3.100000000000000089e+00 -1.667646405397856728e-04 1.040179313935378491e-02 0.000000000000000000e+00 1.000000000000000000e+00 1.000000000000000000e+00 0.000000000000000000e+00 0.000000000000000000e+00 -1.000000000000000000e+00 -1.000000000000000000e+00
1.130000000000000000e+02 2.839751982740588574e+04 1.284677732214264623e+01 -1.544350570049388693e-01 2.029632824263040813e+00 3.117593534670239031e+00 4.824591782616991648e-02 1.570796326794896558e+00 1.000000000000000000e+00 1.000000000000000000e+00 0.000000000000000000e+00 0.000000000000000000e+00 -1.000000000000000000e+00 -1.000000000000000000e+00
1.190000000000000000e+02 5.000000000000000000e+04 1.242789673859544664e+01 -1.783021341971565976e-01 2.793118575547067550e+00 3.178568515978177800e+00 5.043775985892196001e-02 0.000000000000000000e+00 1.000000000000000000e+00 1.000000000000000000e+00 0.000000000000000000e+00 0.000000000000000000e+00 -1.000000000000000000e+00 -1.000000000000000000e+00
1.200000000000000000e+02 5.000000000000000000e+04 1.572785813881271189e+01 -3.614110136212025925e-02 6.765252329002987564e-01 3.089827267985560066e+00 5.049420739410865472e-02 1.570796326794896558e+00 1.000000000000000000e+00 1.000000000000000000e+00 0.000000000000000000e+00 0.000000000000000000e+00 -1.000000000000000000e+00 -1.000000000000000000e+00
1.210000000000000000e+02 1.976030774120773276e+04 1.737580487951289143e+01 -1.200282571367338458e-01 1.987442832218971667e+00 3.160594605734707851e+00 5.870529891519474242e-02 1.570796326794896558e+00 1.000000000000000000e+00 1.000000000000000000e+00 0.000000000000000000e+00 0.000000000000000000e+00 -1.000000000000000000e+00 -1.000000000000000000e+00
1.220000000000000000e+02 6.300000000000000000e+02 1.112508184721611570e+01 -1.123303027087373396e-01 3.053241777689207126e+00 3.148193016909304642e+00 4.579994323576438986e-02 1.570796326794896558e+00 1.000000000000000000e+00 1.000000000000000000e+00 0.000000000000000000e+00 0.000000000000000000e+00 -1.000000000000000000e+00 -1.000000000000000000e+00
1.230000000000000000e+02 1.575851321943715266e+04 2.130678779903857745e+01 8.064179541075569557e-02 9.842088880110266835e-01 -1.019061389809791142e-02 1.000000000000000021e-02 1.570796326794896558e+00 1.000000000000000000e+00 1.000000000000000000e+00 0.000000000000000000e+00 0.000000000000000000e+00 -1.000000000000000000e+00 -1.000000000000000000e+00
1.240000000000000000e+02 5.000000000000000000e+04 3.451134733082530914e+01 -1.518168830356691756e-01 2.771908745728509871e+00 -3.759121513771942341e-02 1.550485327499065598e-02 1.570796326794896558e+00 1.000000000000000000e+00 1.000000000000000000e+00 0.000000000000000000e+00 0.000000000000000000e+00 -1.000000000000000000e+00 -1.000000000000000000e+00
1.260000000000000000e+02 6.824012581714863472e+02 2.634796651127910039e+01 -1.967019911561275480e-02 1.348349446713482669e+00 1.321999023439324530e-02 2.323382943236875289e-02 0.000000000000000000e+00 1.000000000000000000e+00 1.000000000000000000e+00 0.000000000000000000e+00 0.000000000000000000e+00 -1.000000000000000000e+00 -1.000000000000000000e+00
1.290000000000000000e+02 1.912970944809009598e+04 1.669666226569492551e+01 1.370311042534432255e-01 7.636033020942654126e-01 1.896126233976307141e-02 5.742181621049249896e-02 0.000000000000000000e+00 1.000000000000000000e+00 1.000000000000000000e+00 0.000000000000000000e+00 0.000000000000000000e+00 -1.000000000000000000e+00 -1.000000000000000000e+00
1.300000000000000000e+02 6.444375210510263514e+02 1.230165197262208920e+01 -1.932003292898952507e-01 2.652429100886177338e+00 -2.897928097441243144e-03 4.323828137597589966e-02 0.000000000000000000e+00 1.000000000000000000e+00 1.000000000000000000e+00 0.000000000000000000e+00 0.000000000000000000e+00 -1.000000000000000000e+00 -1.000000000000000000e+00
1.310000000000000000e+02 3.781571445206202770e+04 1.626015642327725175e+01 -1.032089023927467014e-01 2.805070364188686938e+00 3.141703078477013467e+00 8.236081121950615536e-02 1.570796326794896558e+00 1.000000000000000000e+00 1.000000000000000000e+00 0.000000000000000000e+00 0.000000000000000000e+00 -1.000000000000000000e+00 -1.000000000000000000e+00
1.320000000000000000e+02 1.379040866886279946e+04 1.023245756667928319e+01 1.261500754099366683e-01 3.643097442140376674e-01 3.142774034396702554e+00 1.000000000000000021e-02 0.000000000000000000e+00 1.000000000000000000e+00 1.000000000000000000e+00 0.000000000000000000e+00 0.000000000000000000e+00 -1.000000000000000000e+00 -1.000000000000000000e+00
1.340000000000000000e+02 5.000000000000000000e+04 2.439178405980980457e+01 2.736048257450353349e-02 9.909746034719487673e-01 3.102435951430622563e+00 1.807509107511548196e-01 0.000000000000000000e+00 1.000000000000000000e+00 1.000000000000000000e+00 0.000000000000000000e+00 0.000000000000000000e+00 -1.000000000000000000e+00 -1.000000000000000000e+00
1.350000000000000000e+02 3.289745358958661382e+04 1.801373538714766909e+01 8.397243504681328394e-04 1.569840885689882892e+00 3.129570019873125997e+00 3.011502637983184266e-02 0.000000000000000000e+00 1.000000000000000000e+00 1.000000000000000000e+00 0.000000000000000000e+00 0.000000000000000000e+00 -1.000000000000000000e+00 -1.000000000000000000e+00
1.360000000000000000e+02 4.024956586618912843e+04 1.468477849299302918e+01 -1.728037629440856981e-01 2.451870965764881394e+00 3.049490988226987234e-02 1.285919356708244976e-01 0.000000000000000000e+00 1.000000000000000000e+00 1.000000000000000000e+00 0.000000000000000000e+00 0.000000000000000000e+00 -1.000000000000000000e+00 -1.000000000000000000e+00
1.380000000000000000e+02 3.214626276938226965e+02 1.637994327796100436e+01 1.106441182953504798e-02 4.622258867141451066e-01 3.113215235157388072e+00 1.165873380663511039e-02 0.000000000000000000e+00 1.000000000000000000e+00 1.000000000000000000e+00 0.000000000000000000e+00 0.000000000000000000e+00 -1.000000000000000000e+00 -1.000000000000000000e+00
1.440000000000000000e+02 5.000000000000000000e+04 1.716152689229979700e+01 1.299585736082566056e-02 5.258424242550663319e-01 4.269020678729165685e-02 5.098309626838386927e-02 0.000000000000000000e+00 1.000000000000000000e+00 1.000000000000000000e+00 0.000000000000000000e+00 0.000000000000000000e+00 -1.000000000000000000e+00 -1.000000000000000000e+00
1.460000000000000000e+02 2.983526602974681373e+04 1.131659874741477267e+01 -8.434822478958474423e-02 2.873017929685505401e+00 3.127070175570726640e+00 1.115156667303341537e-02 0.000000000000000000e+00 1.000000000000000000e+00 1.000000000000000000e+00 0.000000000000000000e+00 0.000000000000000000e+00 -1.000000000000000000e+00 -1.000000000000000000e+00
1.470000000000000000e+02 5.313788892031773230e+02 1.132589228524141767e+01 -9.147099213107995341e-02 3.100000000000000089e+00 3.158146341658807810e+00 1.943935214064028069e-02 0.000000000000000000e+00 1.000000000000000000e+00 1.000000000000000000e+00 0.000000000000000000e+00 0.000000000000000000e+00 -1.000000000000000000e+00 -1.000000000000000000e+00
1.480000000000000000e+02 4.706209697242143739e+04 1.416882764675384720e+01 6.340636322598836028e-02 1.255483740053603858e+00 4.366436267769571722e-02 2.715619471117507525e-02 0.000000000000000000e+00 1.000000000000000000e+00 1.000000000000000000e+00 0.000000000000000000e+00 0.000000000000000000e+00 -1.000000000000000000e+00 -1.000000000000000000e+00
1.500000000000000000e+02 4.054972096690737817e+04 1.073271069680460776e+01 -1.860007138035852936e-01 2.668569129833866516e+00 3.142298907905872518e+00 7.587481371944912456e-02 1.570796326794896558e+00 1.000000000000000000e+00 1.000000000000000000e+00 0.000000000000000000e+00 0.000000000000000000e+00 -1.000000000000000000e+00 -1.000000000000000000e+00
1.530000000000000000e+02 2.703060739334334357e+04 1.678152030160462260e+01 -1.928636248799382030e-02 7.403173509486777881e-01 3.125747177636868379e+00 4.476444472743484893e-02 0.000000000000000000e+00 1.000000000000000000e+00 1.000000000000000000e+00 0.000000000000000000e+00 0.000000000000000000e+00 -1.000000000000000000e+00 -1.000000000000000000e+00
1.540000000000000000e+02 2.890175839948334760e+04 1.291818279740973452e+01 -3.099950195979840964e-02 7.181155229020043107e-01 2.706271614518245688e-02 3.401539528614473673e-02 1.570796326794896558e+00 1.000000000000000000e+00 1.000000000000000000e+00 0.000000000000000000e+00 0.000000000000000000e+00 -1.000000000000000000e+00 -1.000000000000000000e+00
1.560000000000000000e+02 3.764691394037265127e+04 3.498751422679898582e+01 1.941954783325232359e-02 1.346580421259583771e+00 -2.178755104429667966e-02 1.000000000000000021e-02 1.570796326794896558e+00 1.000000000000000000e+00 1.000000000000000000e+00 0.000000000000000000e+00 0.000000000000000000e+00 -1.000000000000000000e+00 -1.000000000000000000e+00
1.570000000000000000e+02 5.000000000000000000e+04 3.152826971138761181e+01 -8.564346044557419324e-02 2.383009272584661442e+00 -3.120860333703060277e-02 3.879691848424410977e-02 1.570796326794896558e+00 1.000000000000000000e+00 1.000000000000000000e+00 0.000000000000000000e+00 0.000000000000000000e+00 -1.000000000000000000e+00 -1.000000000000000000e+00
1.580000000000000000e+02 1.761274964748780621e+04 1.076420912453670198e+01 -2.791257897043081249e-02 9.754863294864311030e-01 3.114477620127756197e+00 3.263957924440678143e-02 1.570796326794896558e+00 1.000000000000000000e+00 1.000000000000000000e+00 0.000000000000000000e+00 0.000000000000000000e+00 -1.000000000000000000e+00 -1.000000000000000000e+00
1.610000000000000000e+02 2.091299906176759032e+04 1.384537103270796798e+01 -6.123676239494065671e-02 2.363086161574461386e+00 3.119069029275688187e+00 4.596139232900336991e-02 0.000000000000000000e+00 1.000000000000000000e+00 1.000000000000000000e+00 0.000000000000000000e+00 0.000000000000000000e+00 -1.000000000000000000e+00 -1.000000000000000000e+00
1.620000000000000000e+02 5.000000000000000000e+04 2.334736352859305342e+01 -2.591358610939645812e-01 2.215696426731884827e+00 3.107494917994566119e+00 7.443576917103902901e-02 0.000000000000000000e+00 1.000000000000000000e+00 1.000000000000000000e+00 0.000000000000000000e+00 0.000000000000000000e+00 -1.000000000000000000e+00 -1.000000000000000000e+00
1.650000000000000000e+02 1.825880620346916839e+04 1.591348092383380575e+01 -1.200002614954717370e-02 1.201435738300878242e+00 -1.572440814998892281e-02 6.707205267928555148e-02 1.570796326794896558e+00 1.000000000000000000e+00 1.000000000000000000e+00 0.000000000000000000e+00 0.000000000000000000e+00 -1.000000000000000000e+00 -1.000000000000000000e+00
1.660000000000000000e+02 7.005416766392746695e+02 1.021794961891995257e+01 5.114030176137716877e-02 8.643340639685569426e-01 -1.104563266189617816e-02 3.849754473515928921e-02 0.000000000000000000e+00 1.000000000000000000e+00 1.000000000000000000e+00 0.000000000000000000e+00 0.000000000000000000e+00 -1.000000000000000000e+00 -1.000000000000000000e+00
1.670000000000000000e+02 5.000000000000000000e+04 1.159230906797025007e+01 -7.455481098376373628e-02 2.022634584559982684e+00 3.158477576329056902e+00 1.779961282314847237e-01 0.000000000000000000e+00 1.000000000000000000e+00 1.000000000000000000e+00 0.000000000000000000e+00 0.000000000000000000e+00 -1.000000000000000000e+00 -1.000000000000000000e+00
1.690000000000000000e+02 1.340086090769398834e+04 1.584559636313680464e+01 5.706935086570137650e-02 1.262932904210721796e+00 -3.262385144440225863e-03 1.000000000000000021e-02 0.000000000000000000e+00 1.000000000000000000e+00 1.000000000000000000e+00 0.000000000000000000e+00 0.000000000000000000e+00 -1.000000000000000000e+00 -1.000000000000000000e+00
1.700000000000000000e+02 1.984603433577793112e+04 1.090126933726129366e+01 -4.260036200874023175e-03 1.449608308894874353e+00 -3.907241473539402321e-02 2.164190768645072802e-02 0.000000000000000000e+00 1.000000000000000000e+00 1.000000000000000000e+00 0.000000000000000000e+00 0.000000000000000000e+00 -1.000000000000000000e+00 -1.000000000000000000e+00
1.720000000000000000e+02 4.009306394335791992e+04 1.203728491040834747e+01 -1.364886579847222892e-02 9.594760793052621306e-01 2.712675217498713987e-02 2.307950057770952537e-02 1.570796326794896558e+00 1.000000000000000000e+00 1.000000000000000000e+00 0.000000000000000000e+00 0.000000000000000000e+00 -1.000000000000000000e+00 -1.000000000000000000e+00
1.740000000000000000e+02 5.000000000000000000e+04 1.029143354941535016e+01 -1.766746800849056664e-01 2.779576439632997609e+00 3.160848038049166142e+00 2.322517575082207464e-01 1.570796326794896558e+00 1.000000000000000000e+00 1.000000000000000000e+00 0.000000000000000000e+00 0.000000000000000000e+00 -1.000000000000000000e+00 -1.000000000000000000e+00
1.770000000000000000e+02 2.701593455734995223e+04 3.675571290633793353e+01 -8.716982841264941939e-02 3.002203383455576358e+00 3.157498621546150019e+00 3.085108381537890118e-02 0.000000000000000000e+00 1.000000000000000000e+00 1.000000000000000000e+00 0.000000000000000000e+00 0.000000000000000000e+00 -1.000000000000000000e+00 -1.000000000000000000e+00
1.780000000000000000e+02 4.478187816041249607e+04 1.755922587881794072e+01 2.510146579336791639e-02 1.631014660759570356e+00 -2.076500824721169702e-02 4.777223136185527325e-02 1.570796326794896558e+00 1.000000000000000000e+00 1.000000000000000000e+00 0.000000000000000000e+00 0.000000000000000000e+00 -1.000000000000000000e+00 -1.000000000000000000e+00
1.800000000000000000e+02 5.000000000000000000e+04 1.053380778098066983e+01 -7.563550045273693956e-02 3.100000000000000089e+00 2.669102027439255662e-02 7.777314378503596970e-02 1.570796326794896558e+00 1.000000000000000000e+00 1.000000000000000000e+00 0.000000000000000000e+00 0.000000000000000000e+00 -1.000000000000000000e+00 -1.000000000000000000e+00
1.840000000000000000e+02 5.000000000000000000e+04 3.220277079928646202e+01 -7.457136611940383408e-02 3.100000000000000089e+00 -1.869506592129206030e-02 7.183628035090992847e-02 0.000000000000000000e+00 1.000000000000000000e+00 1.000000000000000000e+00 0.000000000000000000e+00 0.000000000000000000e+00 -1.000000000000000000e+00 -1.000000000000000000e+00
1.880000000000000000e+02 2.435038430873136167e+04 1.035271140060551964e+01 -1.300021661387117944e-01 2.665182184268911847e+00 3.164677802656250538e+00 7.560664901105092206e-02 0.000000000000000000e+00 1.000000000000000000e+00 1.000000000000000000e+00 0.000000000000000000e+00 0.000000000000000000e+00 -1.000000000000000000e+00 -1.000000000000000000e+00
1.900000000000000000e+02 5.000000000000000000e+04 2.158010096985042026e+01 -1.087657097686161450e-02 8.273474054161713553e-01 -3.771580300743847952e-02 5.601966663737253938e-02 0.000000000000000000e+00 1.000000000000000000e+00 1.000000000000000000e+00 0.000000000000000000e+00 0.000000000000000000e+00 -1.000000000000000000e+00 -1.000000000000000000e+00
1.940000000000000000e+02 2.439763643652315659e+04 3.468424815534461914e+01 -1.336289584160632246e-02 7.233234575465378180e-01 2.798854186962934296e-02 1.000000000000000021e-02 0.000000000000000000e+00 1.000000000000000000e+00 1.000000000000000000e+00 0.000000000000000000e+00 0.000000000000000000e+00 -1.000000000000000000e+00 -1.000000000000000000e+00
1.970000000000000000e+02 1.756209130882834506e+04 1.214250194432002061e+01 -1.475840859879658518e-01 2.514602662113617271e+00 3.175642908098135653e+00 1.000000000000000021e-02 1.570796326794896558e+00 1.000000000000000000e+00 1.000000000000000000e+00 0.000000000000000000e+00 0.000000000000000000e+00 -1.000000000000000000e+00 -1.000000000000000000e+00
1.990000000000000000e+02 1.901706806820791098e+04 1.575435518714171579e+01 -2.012682267028961455e-02 1.324971965647149474e+00 3.154110453209632237e+00 5.898296955120319734e-02 0.000000000000000000e+00 1.000000000000000000e+00 1.000000000000000000e+00 0.000000000000000000e+00 0.000000000000000000e+00 -1.000000000000000000e+00 -1.000000000000000000e+00
2.000000000000000000e+02 2.490652080346046205e+04 2.072640345330669476e+01 5.500111608884483694e-02 1.059409619194032315e+00 3.136778633606647215e+00 9.000000000000001055e-02 1.570796326794896558e+00 1.000000000000000000e+00 1.000000000000000000e+00 0.000000000000000000e+00 0.000000000000000000e+00 -1.000000000000000000e+00 -1.000000000000000000e+00
3.650000000000000000e+02 6.958041802731848975e+02 1.119480336016870048e+01 -1.543037124073308730e-01 2.435223748169381697e+00 0.000000000000000000e+00 3.634180449279007102e-02 -1.000000000000000000e+00 1.000000000000000000e+00 1.000000000000000000e+00 2.300000000000000000e+01 0.000000000000000000e+00 -1.000000000000000000e+00 -1.000000000000000000e+00
5.000000000000000000e+00 4.182909283409083582e+04 3.965120792319593335e+01 -1.420592660919214600e-01 3.086040000000000116e+00 0.000000000000000000e+00 1.000000000000000056e-01 1.570796326794896558e+00 1.000000000000000000e+00 1.000000000000000000e+00 0.000000000000000000e+00 0.000000000000000000e+00 -1.000000000000000000e+00 -1.000000000000000000e+00
2.100000000000000000e+01 4.142960605070230667e+04 1.096332812228965636e+01 -1.677764356343279251e-01 2.720141001309695827e+00 1.616213810801900644e-02 1.996072149863308692e-02 1.570796326794896558e+00 1.000000000000000000e+00 1.000000000000000000e+00 0.000000000000000000e+00 0.000000000000000000e+00 -1.000000000000000000e+00 -1.000000000000000000e+00
3.400000000000000000e+01 7.722981863865210244e+02 3.954419382299690966e+01 -7.750878480286377270e-02 2.532006939018481173e+00 0.000000000000000000e+00 1.000000000000000056e-01 1.570796326794896558e+00 1.000000000000000000e+00 1.000000000000000000e+00 0.000000000000000000e+00 0.000000000000000000e+00 -1.000000000000000000e+00 -1.000000000000000000e+00
4.000000000000000000e+01 8.552331688750958847e+02 1.413310115144389023e+01 -9.312601277180829196e-02 2.820867586388537074e+00 2.379842881997215511e-04 9.000000000000001055e-02 1.570796326794896558e+00 1.000000000000000000e+00 1.000000000000000000e+00 0.000000000000000000e+00 0.000000000000000000e+00 -1.000000000000000000e+00 -1.000000000000000000e+00
5.700000000000000000e+01 3.682558999049099657e+04 1.436549079929982220e+01 -7.248196284413767343e-02 2.386366892227937964e+00 0.000000000000000000e+00 3.854512944723637036e-02 1.570796326794896558e+00 1.000000000000000000e+00 1.000000000000000000e+00 0.000000000000000000e+00 0.000000000000000000e+00 -1.000000000000000000e+00 -1.000000000000000000e+00
9.400000000000000000e+01 4.513921471570382710e+04 1.409872773680177005e+01 -6.001223795035310130e-03 1.623942449959522083e+00 4.197077952702081560e-02 2.261086408783191670e-02 1.570796326794896558e+00 1.000000000000000000e+00 1.000000000000000000e+00 0.000000000000000000e+00 0.000000000000000000e+00 -1.000000000000000000e+00 -1.000000000000000000e+00
9.900000000000000000e+01 4.314038900435940013e+04 3.631707129456327010e+01 -1.816976378487826782e-01 3.100000000000000089e+00 0.000000000000000000e+00 1.530931171717462951e-02 1.570796326794896558e+00 1.000000000000000000e+00 1.000000000000000000e+00 0.000000000000000000e+00 0.000000000000000000e+00 -1.000000000000000000e+00 -1.000000000000000000e+00
1.270000000000000000e+02 9.276081862170085515e+03 1.544894180059386457e+01 6.625464367696518378e-03 8.611797086688924852e-01 3.616494979844827283e-03 3.096209163625804686e-02 1.570796326794896558e+00 1.000000000000000000e+00 1.000000000000000000e+00 0.000000000000000000e+00 0.000000000000000000e+00 -1.000000000000000000e+00 -1.000000000000000000e+00
1.280000000000000000e+02 5.000000000000000000e+04 3.431921671414425390e+01 -1.406296910719673499e-01 2.521389335142331323e+00 5.363670487028578127e-03 1.310143038149799884e-02 1.570796326794896558e+00 1.000000000000000000e+00 1.000000000000000000e+00 0.000000000000000000e+00 0.000000000000000000e+00 -1.000000000000000000e+00 -1.000000000000000000e+00
1.410000000000000000e+02 5.000000000000000000e+04 1.415133354233075380e+01 -1.523799062343909605e-01 3.100000000000000089e+00 0.000000000000000000e+00 1.740937237231890075e-02 1.570796326794896558e+00 1.000000000000000000e+00 1.000000000000000000e+00 0.000000000000000000e+00 0.000000000000000000e+00 -1.000000000000000000e+00 -1.000000000000000000e+00
1.750000000000000000e+02 4.088578135220462718e+04 2.879877030306861130e+01 9.709610203138996365e-02 7.019934868820361107e-01 4.478996892568030963e-02 1.539609429046752756e-02 1.570796326794896558e+00 1.000000000000000000e+00 1.000000000000000000e+00 0.000000000000000000e+00 0.000000000000000000e+00 -1.000000000000000000e+00 -1.000000000000000000e+00
1.790000000000000000e+02 4.083698125988806714e+04 1.570042492027950409e+01 -2.342487137711293244e-01 2.914193377350659198e+00 1.463516950376552231e-02 5.508448767897848597e-02 1.570796326794896558e+00 1.000000000000000000e+00 1.000000000000000000e+00 0.000000000000000000e+00 0.000000000000000000e+00 -1.000000000000000000e+00 -1.000000000000000000e+00
1.980000000000000000e+02 2.746805341819826208e+04 1.574224780483275943e+01 -1.912561825685741568e-01 2.155523939768610564e+00 1.883555359451599687e-02 1.000000000000000021e-02 1.570796326794896558e+00 1.000000000000000000e+00 1.000000000000000000e+00 0.000000000000000000e+00 0.000000000000000000e+00 -1.000000000000000000e+00 -1.000000000000000000e+00
6.100000000000000000e+01 4.276526076404777996e+03 1.140541271473217755e+01 -6.663845820292071953e-02 2.299099578948573530e+00 0.000000000000000000e+00 9.000000000000001055e-02 0.000000000000000000e+00 1.000000000000000000e+00 1.000000000000000000e+00 0.000000000000000000e+00 0.000000000000000000e+00 -1.000000000000000000e+00 -1.000000000000000000e+00
7.100000000000000000e+01 4.946697690936821346e+03 1.375503332409784107e+01 7.615881543925490105e-02 1.720082400859557215e+00 0.000000000000000000e+00 9.000000000000001055e-02 0.000000000000000000e+00 1.000000000000000000e+00 1.000000000000000000e+00 0.000000000000000000e+00 0.000000000000000000e+00 -1.000000000000000000e+00 -1.000000000000000000e+00
7.700000000000000000e+01 7.692459972463102531e+02 2.430920403713545141e+01 7.979190393877302889e-04 1.130882986281585456e+00 0.000000000000000000e+00 9.000000000000001055e-02 0.000000000000000000e+00 1.000000000000000000e+00 1.000000000000000000e+00 0.000000000000000000e+00 0.000000000000000000e+00 -1.000000000000000000e+00 -1.000000000000000000e+00
8.500000000000000000e+01 7.524187315020260485e+02 2.165669228308833993e+01 -1.387727195526307356e-01 3.100000000000000089e+00 0.000000000000000000e+00 9.000000000000001055e-02 0.000000000000000000e+00 1.000000000000000000e+00 1.000000000000000000e+00 0.000000000000000000e+00 0.000000000000000000e+00 -1.000000000000000000e+00 -1.000000000000000000e+00
9.800000000000000000e+01 6.441043991872783408e+03 1.429411125022913964e+01 1.185786380867656087e-01 1.042965692488471374e+00 0.000000000000000000e+00 1.571390805781917518e-02 0.000000000000000000e+00 1.000000000000000000e+00 1.000000000000000000e+00 0.000000000000000000e+00 0.000000000000000000e+00 -1.000000000000000000e+00 -1.000000000000000000e+00
1.060000000000000000e+02 8.008554683390265154e+02 1.728642118164720998e+01 -1.735414459712373014e-01 3.100000000000000089e+00 0.000000000000000000e+00 9.000000000000001055e-02 0.000000000000000000e+00 1.000000000000000000e+00 1.000000000000000000e+00 0.000000000000000000e+00 0.000000000000000000e+00 -1.000000000000000000e+00 -1.000000000000000000e+00
1.170000000000000000e+02 1.572598862054683877e+03 1.139245182555406366e+01 7.299991578948666904e-02 1.821619135178018656e+00 0.000000000000000000e+00 9.000000000000001055e-02 0.000000000000000000e+00 1.000000000000000000e+00 1.000000000000000000e+00 0.000000000000000000e+00 0.000000000000000000e+00 -1.000000000000000000e+00 -1.000000000000000000e+00
1.180000000000000000e+02 8.219821098283657648e+02 1.896481181057206200e+01 9.396702865787906478e-03 7.736433414260611707e-01 0.000000000000000000e+00 9.000000000000001055e-02 0.000000000000000000e+00 1.000000000000000000e+00 1.000000000000000000e+00 0.000000000000000000e+00 0.000000000000000000e+00 -1.000000000000000000e+00 -1.000000000000000000e+00
1.510000000000000000e+02 3.771790869963776345e+02 1.748101406155446469e+01 7.810638299854263944e-02 1.108358032694837458e+00 0.000000000000000000e+00 3.885633564271675500e-01 0.000000000000000000e+00 1.000000000000000000e+00 1.000000000000000000e+00 0.000000000000000000e+00 0.000000000000000000e+00 -1.000000000000000000e+00 -1.000000000000000000e+00
1.630000000000000000e+02 1.099077908785498039e+03 1.302162206853039095e+01 -2.956430634625796250e-01 2.463794468523991199e+00 0.000000000000000000e+00 9.000000000000001055e-02 0.000000000000000000e+00 1.000000000000000000e+00 1.000000000000000000e+00 0.000000000000000000e+00 0.000000000000000000e+00 -1.000000000000000000e+00 -1.000000000000000000e+00
3.660000000000000000e+02 7.516784356077988605e+02 1.598937626191925787e+01 1.438531179398623572e-01 1.738276491932766898e+00 0.000000000000000000e+00 1.623650673817536930e-02 -1.000000000000000000e+00 1.000000000000000000e+00 1.000000000000000000e+00 2.300000000000000000e+01 1.000000000000000000e+05 -1.000000000000000000e+00 -1.000000000000000000e+00
3.680000000000000000e+02 9.923794219079545655e+02 1.111308913875839899e+01 -1.845998840097579086e-01 3.100000000000000089e+00 0.000000000000000000e+00 9.000000000000001055e-02 -1.000000000000000000e+00 1.000000000000000000e+00 1.000000000000000000e+00 2.300000000000000000e+01 3.000000000000000000e+05 -1.000000000000000000e+00 -1.000000000000000000e+00
3.690000000000000000e+02 2.362458971902891426e+04 3.853978464267643034e+01 5.688973999317270547e-01 0.000000000000000000e+00 0.000000000000000000e+00 1.000000000000000021e-02 -1.000000000000000000e+00 1.000000000000000000e+00 2.000000000000000000e+00 2.300000000000000000e+01 3.500000000000000000e+05 -1.000000000000000000e+00 -1.000000000000000000e+00
3.710000000000000000e+02 1.512233686332454283e+02 1.296454719349994988e+01 -2.128859037128304488e-01 3.100000000000000089e+00 0.000000000000000000e+00 8.895295106468377455e-02 -1.000000000000000000e+00 1.000000000000000000e+00 1.000000000000000000e+00 2.300000000000000000e+01 4.000000000000000000e+05 -1.000000000000000000e+00 -1.000000000000000000e+00
3.700000000000000000e+02 1.107356563465387262e+04 1.997160925478307192e+01 6.891312606284332176e-01 0.000000000000000000e+00 0.000000000000000000e+00 9.000000000000001055e-02 -1.000000000000000000e+00 1.000000000000000000e+00 2.000000000000000000e+00 2.300000000000000000e+01 4.200000000000000000e+05 -1.000000000000000000e+00 -1.000000000000000000e+00
3.750000000000000000e+02 4.028177756131285037e+02 1.591615017025521084e+01 -4.749242899481850161e-02 3.084292534025321331e+00 0.000000000000000000e+00 4.961240009682886531e-02 -1.000000000000000000e+00 1.000000000000000000e+00 1.000000000000000000e+00 2.300000000000000000e+01 5.000000000000000000e+05 -1.000000000000000000e+00 -1.000000000000000000e+00
3.730000000000000000e+02 7.746328045789538919e+03 2.682707990970994771e+01 6.370941623804029508e-01 0.000000000000000000e+00 0.000000000000000000e+00 9.000000000000001055e-02 -1.000000000000000000e+00 1.000000000000000000e+00 2.000000000000000000e+00 2.300000000000000000e+01 5.200000000000000000e+05 -1.000000000000000000e+00 -1.000000000000000000e+00
3.770000000000000000e+02 1.007468679998846346e+04 5.557329852900883083e+01 7.593580805737927264e-01 0.000000000000000000e+00 0.000000000000000000e+00 1.000000000000000021e-02 -1.000000000000000000e+00 1.000000000000000000e+00 3.000000000000000000e+00 2.300000000000000000e+01 5.900000000000000000e+05 -1.000000000000000000e+00 -1.000000000000000000e+00
3.780000000000000000e+02 3.930265008397606721e+02 3.248942625595135780e+01 1.073082548537305780e-01 6.354431072633413835e-02 0.000000000000000000e+00 1.000000000000000056e-01 -1.000000000000000000e+00 1.000000000000000000e+00 1.000000000000000000e+00 2.300000000000000000e+01 6.000000000000000000e+05 -1.000000000000000000e+00 -1.000000000000000000e+00
