# id_num orb_a mass spin spin_angle orb_inc orb_ecc orb_arg_periapse orb_ang_mom gen galaxy time_passed star_X star_Y star_Z radius
2.370000000000000000e+02 5.041575823247683985e+01 1.574334577914954934e+03 9.729999999999999760e-01 6.414849337423451647e-01 0.000000000000000000e+00 3.266386764829107281e-01 0.000000000000000000e+00 1.281955183829075712e+18 1.000000000000000000e+00 0.000000000000000000e+00 0.000000000000000000e+00 7.273999999999999355e-01 2.637999999999999790e-01 8.800000000000000530e-03 3.606104815859900441e+02
2.380000000000000000e+02 5.118513367103685852e+01 1.822057848914886790e+03 9.729999999999999760e-01 4.572900866743303538e-01 0.000000000000000000e+00 4.656578147542247414e-01 1.570796326794896558e+00 1.494110008636056576e+18 1.000000000000000000e+00 0.000000000000000000e+00 0.000000000000000000e+00 7.273999999999999355e-01 2.637999999999999790e-01 8.800000000000000530e-03 4.053315856114578537e+02
2.400000000000000000e+02 5.259861242139364634e+01 1.424926499232486549e+03 9.729999999999999760e-01 1.608911682916582153e+00 0.000000000000000000e+00 3.159712869494704646e-01 0.000000000000000000e+00 1.185053236323674368e+18 1.000000000000000000e+00 0.000000000000000000e+00 0.000000000000000000e+00 7.273999999999999355e-01 2.637999999999999790e-01 8.800000000000000530e-03 3.329620133698860514e+02
2.430000000000000000e+02 5.513383794195785015e+01 2.051051229104511549e+03 9.729999999999999760e-01 1.301331013419362082e+00 0.000000000000000000e+00 6.298477090292514680e-01 1.570796326794896558e+00 1.743278387030332416e+18 1.000000000000000000e+00 0.000000000000000000e+00 0.000000000000000000e+00 7.273999999999999355e-01 2.637999999999999790e-01 8.800000000000000530e-03 4.455966578759930030e+02
2.460000000000000000e+02 5.759443714636601186e+01 2.066176096196169055e+03 9.729999999999999760e-01 1.496139476346302288e+00 0.000000000000000000e+00 1.849621934690557912e-01 1.570796326794896558e+00 1.793712512197672704e+18 1.000000000000000000e+00 0.000000000000000000e+00 0.000000000000000000e+00 7.273999999999999355e-01 2.637999999999999790e-01 8.800000000000000530e-03 4.482234610767954450e+02
2.470000000000000000e+02 5.859450711196322459e+01 2.305160339457152986e+03 9.729999999999999760e-01 7.060412820302142123e-01 0.000000000000000000e+00 5.690864641651988132e-01 1.570796326794896558e+00 2.016692627963195392e+18 1.000000000000000000e+00 0.000000000000000000e+00 0.000000000000000000e+00 7.273999999999999355e-01 2.637999999999999790e-01 8.800000000000000530e-03 4.892396306529492449e+02
2.480000000000000000e+02 5.940088957279490955e+01 2.156638457041451602e+03 9.729999999999999760e-01 0.000000000000000000e+00 0.000000000000000000e+00 3.022647765546399579e-01 1.570796326794896558e+00 1.899990684255512832e+18 1.000000000000000000e+00 0.000000000000000000e+00 0.000000000000000000e+00 7.273999999999999355e-01 2.637999999999999790e-01 8.800000000000000530e-03 4.638553763940619206e+02
2.490000000000000000e+02 6.031259305122315340e+01 2.139156421170925114e+03 9.729999999999999760e-01 1.600204779247790920e+00 0.000000000000000000e+00 9.444121473583422244e-02 0.000000000000000000e+00 1.898586318385681664e+18 1.000000000000000000e+00 0.000000000000000000e+00 0.000000000000000000e+00 7.273999999999999355e-01 2.637999999999999790e-01 8.800000000000000530e-03 4.608448648825875580e+02
2.500000000000000000e+02 5.514832624612545686e+01 2.627884874016674985e+03 9.729999999999999760e-01 6.929644464886945965e-01 0.000000000000000000e+00 7.948438933826743602e-01 1.570796326794896558e+00 2.350502035508018688e+18 1.000000000000000000e+00 0.000000000000000000e+00 0.000000000000000000e+00 7.273999999999999355e-01 2.637999999999999790e-01 8.800000000000000530e-03 5.433076080988739704e+02
2.510000000000000000e+02 6.234598744071156062e+01 2.396029014890626968e+03 9.729999999999999760e-01 1.371067467046782395e+00 0.000000000000000000e+00 3.680690382854811538e-01 1.570796326794896558e+00 2.159096405360513792e+18 1.000000000000000000e+00 0.000000000000000000e+00 0.000000000000000000e+00 7.273999999999999355e-01 2.637999999999999790e-01 8.800000000000000530e-03 5.046082850445322379e+02
2.520000000000000000e+02 6.333522965179585640e+01 2.510466846296808399e+03 9.729999999999999760e-01 7.149278342365460448e-01 0.000000000000000000e+00 2.820204798626903542e-01 1.570796326794896558e+00 2.278482185849710848e+18 1.000000000000000000e+00 0.000000000000000000e+00 0.000000000000000000e+00 7.273999999999999355e-01 2.637999999999999790e-01 8.800000000000000530e-03 5.237985728688414611e+02
2.530000000000000000e+02 6.431434061711985350e+01 2.423162306399884073e+03 9.729999999999999760e-01 1.265640351214316617e+00 0.000000000000000000e+00 3.155726399268392046e-01 1.570796326794896558e+00 2.216029817398723840e+18 1.000000000000000000e+00 0.000000000000000000e+00 0.000000000000000000e+00 7.273999999999999355e-01 2.637999999999999790e-01 8.800000000000000530e-03 5.091745898998019584e+02
2.540000000000000000e+02 5.883868627366677373e+01 2.836624469513853910e+03 9.729999999999999760e-01 3.851704456394187126e-01 0.000000000000000000e+00 5.648612076277705896e-01 0.000000000000000000e+00 2.614096299856468992e+18 1.000000000000000000e+00 0.000000000000000000e+00 0.000000000000000000e+00 7.273999999999999355e-01 2.637999999999999790e-01 8.800000000000000530e-03 5.775667647909854168e+02
2.550000000000000000e+02 6.659715812640853017e+01 2.816011759095782509e+03 9.729999999999999760e-01 5.949323845381980780e-01 0.000000000000000000e+00 5.777152632845491409e-01 1.570796326794896558e+00 2.614664361641720832e+18 1.000000000000000000e+00 0.000000000000000000e+00 0.000000000000000000e+00 7.273999999999999355e-01 2.637999999999999790e-01 8.800000000000000530e-03 5.742067450410480660e+02
2.560000000000000000e+02 6.767204793814381958e+01 2.684993503004185641e+03 9.729999999999999760e-01 1.067511067438412065e+00 0.000000000000000000e+00 5.233087352931106717e-02 0.000000000000000000e+00 2.513133612100246016e+18 1.000000000000000000e+00 0.000000000000000000e+00 0.000000000000000000e+00 7.273999999999999355e-01 2.637999999999999790e-01 8.800000000000000530e-03 5.527328926656626891e+02
2.570000000000000000e+02 6.892179410970575759e+01 3.084147045328840250e+03 9.729999999999999760e-01 8.842277192291971843e-01 0.000000000000000000e+00 5.469041661986405733e-01 0.000000000000000000e+00 2.907129982530148352e+18 1.000000000000000000e+00 0.000000000000000000e+00 0.000000000000000000e+00 7.273999999999999355e-01 2.637999999999999790e-01 8.800000000000000530e-03 6.175452411826061052e+02
2.600000000000000000e+02 7.250598393493288540e+01 3.081623191100848544e+03 9.729999999999999760e-01 1.420197356791929932e+00 0.000000000000000000e+00 5.205961005199982727e-01 0.000000000000000000e+00 2.974068437121064448e+18 1.000000000000000000e+00 0.000000000000000000e+00 0.000000000000000000e+00 7.273999999999999355e-01 2.637999999999999790e-01 8.800000000000000530e-03 6.171409227810664788e+02
2.630000000000000000e+02 7.708499633104250393e+01 4.068513252007579013e+03 9.729999999999999760e-01 4.933364354201101865e-01 0.000000000000000000e+00 6.310011925593199400e-02 1.570796326794896558e+00 4.018674145689304064e+18 1.000000000000000000e+00 0.000000000000000000e+00 0.000000000000000000e+00 7.273999999999999355e-01 2.637999999999999790e-01 8.800000000000000530e-03 7.707424984165036221e+02
2.660000000000000000e+02 7.275412419345514081e+01 4.043335406814846010e+03 9.729999999999999760e-01 3.070026906839541381e-01 0.000000000000000000e+00 4.646346353467791235e-01 1.570796326794896558e+00 4.090868094188023808e+18 1.000000000000000000e+00 0.000000000000000000e+00 0.000000000000000000e+00 7.273999999999999355e-01 2.637999999999999790e-01 8.800000000000000530e-03 7.669243618067100670e+02
2.680000000000000000e+02 6.808498333613852083e+01 4.562299154718886712e+03 9.729999999999999760e-01 1.066544775168370540e+00 0.000000000000000000e+00 5.908445183186394889e-01 1.570796326794896558e+00 4.693179867247675392e+18 1.000000000000000000e+00 0.000000000000000000e+00 0.000000000000000000e+00 7.273999999999999355e-01 2.637999999999999790e-01 8.800000000000000530e-03 8.447101753995611944e+02
2.690000000000000000e+02 7.750397089038180809e+01 4.424725387029511694e+03 9.729999999999999760e-01 1.447456244878197462e-01 0.000000000000000000e+00 2.662037965890768909e-01 0.000000000000000000e+00 4.587512363616034816e+18 1.000000000000000000e+00 0.000000000000000000e+00 0.000000000000000000e+00 7.273999999999999355e-01 2.637999999999999790e-01 8.800000000000000530e-03 8.242705363773909539e+02
2.720000000000000000e+02 6.630431970047716561e+01 5.456914842842473263e+03 9.729999999999999760e-01 5.924574589382184397e-01 0.000000000000000000e+00 6.166809117941260965e-01 0.000000000000000000e+00 5.798491580055892992e+18 1.000000000000000000e+00 0.000000000000000000e+00 0.000000000000000000e+00 7.273999999999999355e-01 2.637999999999999790e-01 8.800000000000000530e-03 9.748065972756493238e+02
2.760000000000000000e+02 1.005471694402463214e+02 5.600307304094529172e+03 9.729999999999999760e-01 1.540619486820042350e-01 0.000000000000000000e+00 1.783636102065801546e-02 1.570796326794896558e+00 6.155397025777856512e+18 1.000000000000000000e+00 0.000000000000000000e+00 0.000000000000000000e+00 7.273999999999999355e-01 2.637999999999999790e-01 8.800000000000000530e-03 9.952454605542844774e+02
2.790000000000000000e+02 1.314550928209670246e+02 7.250462535431229298e+03 9.729999999999999760e-01 1.603671150592692829e+00 0.000000000000000000e+00 4.931297390865477248e-02 1.570796326794896558e+00 8.174174584151427072e+18 1.000000000000000000e+00 0.000000000000000000e+00 0.000000000000000000e+00 7.273999999999999355e-01 2.637999999999999790e-01 8.800000000000000530e-03 1.223638938956825768e+03
2.800000000000000000e+02 5.768132370982814905e+01 7.049862428759880459e+03 9.729999999999999760e-01 1.133786851749507996e+00 0.000000000000000000e+00 3.744166074978848013e-01 1.570796326794896558e+00 8.017437129114106880e+18 1.000000000000000000e+00 0.000000000000000000e+00 0.000000000000000000e+00 7.273999999999999355e-01 2.637999999999999790e-01 8.800000000000000530e-03 1.196479418251373545e+03
2.810000000000000000e+02 6.696000681401542920e+01 7.614976348213267556e+03 9.729999999999999760e-01 1.612035180146972557e+00 0.000000000000000000e+00 5.185152651225843901e-01 1.570796326794896558e+00 8.735901746532503552e+18 1.000000000000000000e+00 0.000000000000000000e+00 0.000000000000000000e+00 7.273999999999999355e-01 2.637999999999999790e-01 8.800000000000000530e-03 1.272610685689387537e+03
2.820000000000000000e+02 9.435868288034116347e+01 7.871205330487920946e+03 9.729999999999999760e-01 1.222944548033474410e+00 0.000000000000000000e+00 4.522821634400376878e-01 0.000000000000000000e+00 9.108255545536037888e+18 1.000000000000000000e+00 0.000000000000000000e+00 0.000000000000000000e+00 7.273999999999999355e-01 2.637999999999999790e-01 8.800000000000000530e-03 1.306753619989138087e+03
2.830000000000000000e+02 1.543744109247766971e+02 8.442475516704476831e+03 9.729999999999999760e-01 1.500753942392054396e+00 0.000000000000000000e+00 1.000000000000000056e-01 0.000000000000000000e+00 9.854940152537159680e+18 1.000000000000000000e+00 0.000000000000000000e+00 0.000000000000000000e+00 7.273999999999999355e-01 2.637999999999999790e-01 8.800000000000000530e-03 1.382090769247690787e+03
2.860000000000000000e+02 1.037995205670400054e+02 9.381721797835092730e+03 9.729999999999999760e-01 1.522517959895436146e+00 0.000000000000000000e+00 2.424619043842698995e-01 0.000000000000000000e+00 1.124868668925630874e+19 1.000000000000000000e+00 0.000000000000000000e+00 0.000000000000000000e+00 7.273999999999999355e-01 2.637999999999999790e-01 8.800000000000000530e-03 1.503788498394476619e+03
2.880000000000000000e+02 1.442407036754611056e+02 1.013862655630370682e+04 9.729999999999999760e-01 8.014674260831595731e-01 0.000000000000000000e+00 5.644708487725966922e-02 1.570796326794896558e+00 1.237893869889797530e+19 1.000000000000000000e+00 0.000000000000000000e+00 0.000000000000000000e+00 7.273999999999999355e-01 2.637999999999999790e-01 8.800000000000000530e-03 1.600088558726105475e+03
2.890000000000000000e+02 1.473534931169452875e+02 1.084851794927709307e+04 9.729999999999999760e-01 3.333661016034396019e-01 0.000000000000000000e+00 5.772697467302928542e-02 0.000000000000000000e+00 1.336522468881139098e+19 1.000000000000000000e+00 0.000000000000000000e+00 0.000000000000000000e+00 7.273999999999999355e-01 2.637999999999999790e-01 8.800000000000000530e-03 1.689106557766699780e+03
2.900000000000000000e+02 1.040010203511757396e+02 1.178029981439850962e+04 9.729999999999999760e-01 1.473910330781555311e+00 0.000000000000000000e+00 4.978151200684413080e-01 1.570796326794896558e+00 1.464496937891042714e+19 1.000000000000000000e+00 0.000000000000000000e+00 0.000000000000000000e+00 7.273999999999999355e-01 2.637999999999999790e-01 8.800000000000000530e-03 1.804204631735088469e+03
2.920000000000000000e+02 1.076473109424469925e+02 1.202324621665596351e+04 9.729999999999999760e-01 8.496573910055416068e-01 0.000000000000000000e+00 5.410586663342245028e-01 1.570796326794896558e+00 1.522987738520830976e+19 1.000000000000000000e+00 0.000000000000000000e+00 0.000000000000000000e+00 7.273999999999999355e-01 2.637999999999999790e-01 8.800000000000000530e-03 1.833910390819336271e+03
2.940000000000000000e+02 1.451076206063156064e+02 1.247691140331561655e+04 9.729999999999999760e-01 4.424932408206393442e-01 0.000000000000000000e+00 4.100513723612924100e-01 1.570796326794896558e+00 1.610048605420188467e+19 1.000000000000000000e+00 0.000000000000000000e+00 0.000000000000000000e+00 7.273999999999999355e-01 2.637999999999999790e-01 8.800000000000000530e-03 1.889062781140236439e+03
2.950000000000000000e+02 1.486030174150751577e+02 1.394916389428489856e+04 9.729999999999999760e-01 1.364722708455812228e+00 0.000000000000000000e+00 5.540714121676239973e-02 1.570796326794896558e+00 1.817324010408102707e+19 1.000000000000000000e+00 0.000000000000000000e+00 0.000000000000000000e+00 7.273999999999999355e-01 2.637999999999999790e-01 8.800000000000000530e-03 2.065376637175141241e+03
2.970000000000000000e+02 1.536191391158415058e+02 1.536486460971067208e+04 9.729999999999999760e-01 1.286065141213279306e+00 0.000000000000000000e+00 4.554248288747420048e-02 0.000000000000000000e+00 2.039999670398860083e+19 1.000000000000000000e+00 0.000000000000000000e+00 0.000000000000000000e+00 7.273999999999999355e-01 2.637999999999999790e-01 8.800000000000000530e-03 2.231432266675932624e+03
2.980000000000000000e+02 1.875903648553386063e+02 1.633512668585798747e+04 9.729999999999999760e-01 4.193419442860442103e-01 0.000000000000000000e+00 1.000000000000000056e-01 0.000000000000000000e+00 2.190200120935763558e+19 1.000000000000000000e+00 0.000000000000000000e+00 0.000000000000000000e+00 7.273999999999999355e-01 2.637999999999999790e-01 8.800000000000000530e-03 2.343466362181027762e+03
3.030000000000000000e+02 1.358846877753647391e+02 1.958471202608917156e+04 9.729999999999999760e-01 1.176756303083380528e+00 0.000000000000000000e+00 3.879400362898494103e-01 0.000000000000000000e+00 2.757597876736696320e+19 1.000000000000000000e+00 0.000000000000000000e+00 0.000000000000000000e+00 7.273999999999999355e-01 2.637999999999999790e-01 8.800000000000000530e-03 2.709533161090070280e+03
3.040000000000000000e+02 1.599234246175165595e+02 1.975645036482195064e+04 9.729999999999999760e-01 1.526812636322211647e+00 0.000000000000000000e+00 4.102106027671393873e-01 0.000000000000000000e+00 2.809776691336185446e+19 1.000000000000000000e+00 0.000000000000000000e+00 0.000000000000000000e+00 7.273999999999999355e-01 2.637999999999999790e-01 8.800000000000000530e-03 2.728524468150591929e+03
3.050000000000000000e+02 2.523602638886263207e+02 2.112138275077316939e+04 9.729999999999999760e-01 3.525194714663459905e-01 0.000000000000000000e+00 9.000000000000001055e-02 0.000000000000000000e+00 3.034579840279404954e+19 1.000000000000000000e+00 0.000000000000000000e+00 0.000000000000000000e+00 7.273999999999999355e-01 2.637999999999999790e-01 8.800000000000000530e-03 2.878316821971779973e+03
3.070000000000000000e+02 2.106315428732988835e+02 2.368595819633418068e+04 9.729999999999999760e-01 7.606047439807331889e-01 0.000000000000000000e+00 1.632029272753088289e-02 1.570796326794896558e+00 3.472181682612732314e+19 1.000000000000000000e+00 0.000000000000000000e+00 0.000000000000000000e+00 7.273999999999999355e-01 2.637999999999999790e-01 8.800000000000000530e-03 3.154666727569207524e+03
3.100000000000000000e+02 1.671617073522191390e+02 2.725653115233158314e+04 9.729999999999999760e-01 8.653366494238687867e-01 0.000000000000000000e+00 3.695161887583137128e-01 0.000000000000000000e+00 4.121355936963039232e+19 1.000000000000000000e+00 0.000000000000000000e+00 0.000000000000000000e+00 7.273999999999999355e-01 2.637999999999999790e-01 8.800000000000000530e-03 3.529695047378585059e+03
3.120000000000000000e+02 2.730083323418830901e+02 3.053542868581391667e+04 9.729999999999999760e-01 1.561192996618737450e+00 0.000000000000000000e+00 9.000000000000001055e-02 0.000000000000000000e+00 4.715149344693719040e+19 1.000000000000000000e+00 0.000000000000000000e+00 0.000000000000000000e+00 7.273999999999999355e-01 2.637999999999999790e-01 8.800000000000000530e-03 3.865484495572752166e+03
3.130000000000000000e+02 4.575038176019896810e+02 3.209162343618070008e+04 9.729999999999999760e-01 1.280543324409830097e+00 0.000000000000000000e+00 9.000000000000001055e-02 1.570796326794896558e+00 5.007835390316225331e+19 1.000000000000000000e+00 0.000000000000000000e+00 0.000000000000000000e+00 7.273999999999999355e-01 2.637999999999999790e-01 8.800000000000000530e-03 4.022296384070395561e+03
3.190000000000000000e+02 1.554977218965809129e+02 4.352566165207794256e+04 9.729999999999999760e-01 1.382064364329238737e+00 0.000000000000000000e+00 1.695258912853726818e-02 1.570796326794896558e+00 7.250593235532589466e+19 1.000000000000000000e+00 0.000000000000000000e+00 0.000000000000000000e+00 7.273999999999999355e-01 2.637999999999999790e-01 8.800000000000000530e-03 5.132831693645985069e+03
3.210000000000000000e+02 1.155728691786894160e+02 4.569442838553860929e+04 9.729999999999999760e-01 1.300760981129646110e+00 0.000000000000000000e+00 1.500946352969992348e-02 1.570796326794896558e+00 7.783566036634191462e+19 1.000000000000000000e+00 0.000000000000000000e+00 0.000000000000000000e+00 7.273999999999999355e-01 2.637999999999999790e-01 8.800000000000000530e-03 5.336436151686030826e+03
3.220000000000000000e+02 1.831164921608620091e+02 5.065813701722030964e+04 9.729999999999999760e-01 2.530448892491843904e-01 0.000000000000000000e+00 1.000000000000000056e-01 0.000000000000000000e+00 8.726585666930162074e+19 1.000000000000000000e+00 0.000000000000000000e+00 0.000000000000000000e+00 7.273999999999999355e-01 2.637999999999999790e-01 8.800000000000000530e-03 5.795355610313737088e+03
3.250000000000000000e+02 1.673279197698120981e+02 5.756441274101230374e+04 9.729999999999999760e-01 9.593297506616623727e-01 0.000000000000000000e+00 1.000000000000000056e-01 1.570796326794896558e+00 1.026397673053365862e+20 1.000000000000000000e+00 0.000000000000000000e+00 0.000000000000000000e+00 7.273999999999999355e-01 2.637999999999999790e-01 8.800000000000000530e-03 6.419245440284975302e+03
3.260000000000000000e+02 2.430231144407148065e+02 6.283758110804315220e+04 9.729999999999999760e-01 9.185095753655362349e-01 0.000000000000000000e+00 9.000000000000001055e-02 0.000000000000000000e+00 1.133647576506946028e+20 1.000000000000000000e+00 0.000000000000000000e+00 0.000000000000000000e+00 7.273999999999999355e-01 2.637999999999999790e-01 8.800000000000000530e-03 6.885512730197479868e+03
3.300000000000000000e+02 1.593398498607172940e+02 7.559883182672649855e+04 9.729999999999999760e-01 1.449385192090716368e-01 0.000000000000000000e+00 1.000000000000000056e-01 0.000000000000000000e+00 1.429909757005519258e+20 1.000000000000000000e+00 0.000000000000000000e+00 0.000000000000000000e+00 7.273999999999999355e-01 2.637999999999999790e-01 8.800000000000000530e-03 7.983122367322362152e+03
3.310000000000000000e+02 7.700000000000001137e+02 8.096048854752212355e+04 9.729999999999999760e-01 5.228078027683087381e-01 0.000000000000000000e+00 1.000000000000000056e-01 1.570796326794896558e+00 1.549874613527104389e+20 1.000000000000000000e+00 0.000000000000000000e+00 0.000000000000000000e+00 7.273999999999999355e-01 2.637999999999999790e-01 8.800000000000000530e-03 8.432943967729152064e+03
3.330000000000000000e+02 7.700000000000001137e+02 9.186815512326051248e+04 9.729999999999999760e-01 9.584635341391294361e-01 0.000000000000000000e+00 1.000000000000000056e-01 0.000000000000000000e+00 1.802261345326094090e+20 1.000000000000000000e+00 0.000000000000000000e+00 0.000000000000000000e+00 7.273999999999999355e-01 2.637999999999999790e-01 8.800000000000000530e-03 9.330237838750579613e+03
3.340000000000000000e+02 7.700000000000001137e+02 9.853004880711610895e+04 9.729999999999999760e-01 1.141570768983631634e+00 0.000000000000000000e+00 1.000000000000000056e-01 1.570796326794896558e+00 1.956816664316311306e+20 1.000000000000000000e+00 0.000000000000000000e+00 0.000000000000000000e+00 7.273999999999999355e-01 2.637999999999999790e-01 8.800000000000000530e-03 9.867694077856242075e+03
3.350000000000000000e+02 7.700000000000001137e+02 1.029402151868953370e+05 9.729999999999999760e-01 9.442123566464751816e-01 0.000000000000000000e+00 1.000000000000000056e-01 1.570796326794896558e+00 2.070222061816777277e+20 1.000000000000000000e+00 0.000000000000000000e+00 0.000000000000000000e+00 7.273999999999999355e-01 2.637999999999999790e-01 8.800000000000000530e-03 1.021947947937207209e+04
3.400000000000000000e+02 7.700000000000001137e+02 1.373595279338164837e+05 9.729999999999999760e-01 1.417464453149835935e+00 0.000000000000000000e+00 1.000000000000000056e-01 1.570796326794896558e+00 2.944342713330237440e+20 1.000000000000000000e+00 0.000000000000000000e+00 0.000000000000000000e+00 7.273999999999999355e-01 2.637999999999999790e-01 8.800000000000000530e-03 1.287205095280459864e+04
3.410000000000000000e+02 7.700000000000001137e+02 1.458094770396012173e+05 9.729999999999999760e-01 1.751738680337590059e-01 0.000000000000000000e+00 1.000000000000000056e-01 1.570796326794896558e+00 3.166793981359620096e+20 1.000000000000000000e+00 0.000000000000000000e+00 0.000000000000000000e+00 7.273999999999999355e-01 2.637999999999999790e-01 8.800000000000000530e-03 1.350172693521983820e+04
3.420000000000000000e+02 7.700000000000001137e+02 1.549724727137290465e+05 9.729999999999999760e-01 1.102419799527919186e-01 0.000000000000000000e+00 1.000000000000000056e-01 1.570796326794896558e+00 3.410469850412285952e+20 1.000000000000000000e+00 0.000000000000000000e+00 0.000000000000000000e+00 7.273999999999999355e-01 2.637999999999999790e-01 8.800000000000000530e-03 1.417634809513809523e+04
3.430000000000000000e+02 7.700000000000001137e+02 1.672095830720819940e+05 9.729999999999999760e-01 1.122819795368512619e+00 0.000000000000000000e+00 1.000000000000000056e-01 0.000000000000000000e+00 3.729512504225997128e+20 1.000000000000000000e+00 0.000000000000000000e+00 0.000000000000000000e+00 7.273999999999999355e-01 2.637999999999999790e-01 8.800000000000000530e-03 1.506501781960611697e+04
3.450000000000000000e+02 7.700000000000001137e+02 1.873787440904485993e+05 9.729999999999999760e-01 1.693950426927118280e-01 0.000000000000000000e+00 1.000000000000000056e-01 1.570796326794896558e+00 4.293255651283964396e+20 1.000000000000000000e+00 0.000000000000000000e+00 0.000000000000000000e+00 7.273999999999999355e-01 2.637999999999999790e-01 8.800000000000000530e-03 1.650201499938091729e+04
3.470000000000000000e+02 7.700000000000001137e+02 2.103586870792473492e+05 9.729999999999999760e-01 1.538395872131054665e+00 0.000000000000000000e+00 1.000000000000000056e-01 1.570796326794896558e+00 4.953866438314061332e+20 1.000000000000000000e+00 0.000000000000000000e+00 0.000000000000000000e+00 7.273999999999999355e-01 2.637999999999999790e-01 8.800000000000000530e-03 1.810210500487578611e+04
3.500000000000000000e+02 7.700000000000001137e+02 2.595847619532255922e+05 9.729999999999999760e-01 1.019780392871259211e+00 0.000000000000000000e+00 1.000000000000000056e-01 0.000000000000000000e+00 6.374579010729809019e+20 1.000000000000000000e+00 0.000000000000000000e+00 0.000000000000000000e+00 7.273999999999999355e-01 2.637999999999999790e-01 8.800000000000000530e-03 2.141825449380581995e+04
3.520000000000000000e+02 7.700000000000001137e+02 2.980535344375526183e+05 9.729999999999999760e-01 9.006829221572507649e-01 0.000000000000000000e+00 1.000000000000000056e-01 0.000000000000000000e+00 7.532502437649724211e+20 1.000000000000000000e+00 0.000000000000000000e+00 0.000000000000000000e+00 7.273999999999999355e-01 2.637999999999999790e-01 8.800000000000000530e-03 2.392192582957145351e+04
3.570000000000000000e+02 7.700000000000001137e+02 4.175023687570815091e+05 9.729999999999999760e-01 4.456172051070976803e-01 0.000000000000000000e+00 1.000000000000000056e-01 0.000000000000000000e+00 1.136013608212707410e+21 1.000000000000000000e+00 0.000000000000000000e+00 0.000000000000000000e+00 7.273999999999999355e-01 2.637999999999999790e-01 8.800000000000000530e-03 3.132476875271867539e+04
3.590000000000000000e+02 7.700000000000001137e+02 4.858109404796079616e+05 9.729999999999999760e-01 1.416630663512155941e+00 0.000000000000000000e+00 1.000000000000000056e-01 0.000000000000000000e+00 1.362762400921684279e+21 1.000000000000000000e+00 0.000000000000000000e+00 0.000000000000000000e+00 7.273999999999999355e-01 2.637999999999999790e-01 8.800000000000000530e-03 3.536181528471920319e+04
3.600000000000000000e+02 7.700000000000001137e+02 5.187985728447520523e+05 9.729999999999999760e-01 8.625044022492666107e-01 0.000000000000000000e+00 1.000000000000000056e-01 1.570796326794896558e+00 1.477917751194318799e+21 1.000000000000000000e+00 0.000000000000000000e+00 0.000000000000000000e+00 7.273999999999999355e-01 2.637999999999999790e-01 8.800000000000000530e-03 3.727002951640596439e+04
3.610000000000000000e+02 7.700000000000001137e+02 5.570195806036586873e+05 9.729999999999999760e-01 9.121981624853039428e-01 0.000000000000000000e+00 1.000000000000000056e-01 1.570796326794896558e+00 1.611806114957643219e+21 1.000000000000000000e+00 0.000000000000000000e+00 0.000000000000000000e+00 7.273999999999999355e-01 2.637999999999999790e-01 8.800000000000000530e-03 3.945091569676002109e+04
3.630000000000000000e+02 7.700000000000001137e+02 6.481914152256101370e+05 9.729999999999999760e-01 4.069959525309416737e-01 0.000000000000000000e+00 1.000000000000000056e-01 0.000000000000000000e+00 1.935946132590260388e+21 1.000000000000000000e+00 0.000000000000000000e+00 0.000000000000000000e+00 7.273999999999999355e-01 2.637999999999999790e-01 8.800000000000000530e-03 4.453724393463534943e+04
