# id_num orb_a mass spin spin_angle orb_inc orb_ecc orb_arg_periapse orb_ang_mom gen galaxy time_passed gw_freq gw_strain
1.600000000000000000e+01 1.573689173049379497e+04 3.654768200014974155e+01 -7.084891946990155842e-02 2.971842200515994570e+00 3.122958393428755919e+00 2.662447862879156052e-02 1.570796326794896558e+00 -1.000000000000000000e+00 1.000000000000000000e+00 0.000000000000000000e+00 0.000000000000000000e+00 -1.000000000000000000e+00 -1.000000000000000000e+00
2.700000000000000000e+01 2.922142460348492023e+04 1.312717078085563571e+01 9.598338410442927571e-03 1.525507988272493398e-01 3.170624268775314114e+00 1.813810550816890299e-01 1.570796326794896558e+00 -1.000000000000000000e+00 1.000000000000000000e+00 0.000000000000000000e+00 0.000000000000000000e+00 -1.000000000000000000e+00 -1.000000000000000000e+00
2.900000000000000000e+01 3.170994654683751287e+04 2.954962262362926850e+01 1.414052275951084015e-01 5.382047065176678163e-02 3.153472333651117232e+00 8.673462685329461075e-02 1.570796326794896558e+00 -1.000000000000000000e+00 1.000000000000000000e+00 0.000000000000000000e+00 0.000000000000000000e+00 -1.000000000000000000e+00 -1.000000000000000000e+00
3.000000000000000000e+01 2.891260999291358530e+04 3.167640792157547835e+01 -7.298007497280104700e-03 2.671369726709732717e+00 3.130432223299117300e+00 2.409153656733472315e-01 1.570796326794896558e+00 -1.000000000000000000e+00 1.000000000000000000e+00 0.000000000000000000e+00 0.000000000000000000e+00 -1.000000000000000000e+00 -1.000000000000000000e+00
4.600000000000000000e+01 3.511479046593772364e+04 1.492792003627240405e+01 7.470698700321232177e-02 5.407085126906980427e-02 3.176979640429677509e+00 1.696863854894823387e-01 1.570796326794896558e+00 -1.000000000000000000e+00 1.000000000000000000e+00 0.000000000000000000e+00 0.000000000000000000e+00 -1.000000000000000000e+00 -1.000000000000000000e+00
5.800000000000000000e+01 3.441122970657347469e+04 2.069964932150103110e+01 5.867174772292280127e-02 2.327131470612837649e-01 3.151409699456971136e+00 6.978435887191396236e-02 1.570796326794896558e+00 -1.000000000000000000e+00 1.000000000000000000e+00 0.000000000000000000e+00 0.000000000000000000e+00 -1.000000000000000000e+00 -1.000000000000000000e+00
7.100000000000000000e+01 4.703999532937777985e+04 1.016209291881642152e+01 -2.462735785439695152e-02 1.945492993658445968e+00 3.154595255300550516e+00 1.165335830902136938e-01 1.570796326794896558e+00 -1.000000000000000000e+00 1.000000000000000000e+00 0.000000000000000000e+00 0.000000000000000000e+00 -1.000000000000000000e+00 -1.000000000000000000e+00
7.900000000000000000e+01 4.828521889441672829e+04 1.575897013466839347e+01 -7.253017254862742513e-02 2.270008651873808070e+00 3.177704345513283180e+00 3.152311257765778169e-02 1.570796326794896558e+00 -1.000000000000000000e+00 1.000000000000000000e+00 0.000000000000000000e+00 0.000000000000000000e+00 -1.000000000000000000e+00 -1.000000000000000000e+00
8.500000000000000000e+01 2.664646236404269803e+04 1.952056844933119706e+01 -6.527008606750621389e-02 2.387671617337125518e+00 3.153677632730515601e+00 2.454350233680404614e-01 1.570796326794896558e+00 -1.000000000000000000e+00 1.000000000000000000e+00 0.000000000000000000e+00 0.000000000000000000e+00 -1.000000000000000000e+00 -1.000000000000000000e+00
8.700000000000000000e+01 2.193776324379643847e+04 1.469810492728888462e+01 -1.939223815147550489e-02 2.421962584123150464e+00 3.130944546551541752e+00 1.806858819833234431e-01 1.570796326794896558e+00 -1.000000000000000000e+00 1.000000000000000000e+00 0.000000000000000000e+00 0.000000000000000000e+00 -1.000000000000000000e+00 -1.000000000000000000e+00
1.000000000000000000e+02 2.796059092467941082e+04 1.237281534891407908e+01 1.434053178175249132e-01 2.118036631289190730e-01 3.127727178041019407e+00 2.564725729581118219e-01 1.570796326794896558e+00 -1.000000000000000000e+00 1.000000000000000000e+00 0.000000000000000000e+00 0.000000000000000000e+00 -1.000000000000000000e+00 -1.000000000000000000e+00
1.050000000000000000e+02 4.735829467866438063e+04 3.551934135679579896e+01 -4.223708915795602870e-02 2.488955469432382106e+00 3.179043789405927800e+00 3.875962538041181904e-02 1.570796326794896558e+00 -1.000000000000000000e+00 1.000000000000000000e+00 0.000000000000000000e+00 0.000000000000000000e+00 -1.000000000000000000e+00 -1.000000000000000000e+00
1.080000000000000000e+02 1.513139834504171995e+04 1.096711283611685239e+01 -4.301883525562506111e-02 2.817020755686804989e+00 3.113636834740807213e+00 1.359698999642990069e-02 1.570796326794896558e+00 -1.000000000000000000e+00 1.000000000000000000e+00 0.000000000000000000e+00 0.000000000000000000e+00 -1.000000000000000000e+00 -1.000000000000000000e+00
1.090000000000000000e+02 6.832120109665237578e+03 1.110265304315930912e+01 9.545117006413816885e-02 1.145087368456099153e+00 3.125385893649442526e+00 6.922922012044663287e-02 1.570796326794896558e+00 -1.000000000000000000e+00 1.000000000000000000e+00 0.000000000000000000e+00 0.000000000000000000e+00 -1.000000000000000000e+00 -1.000000000000000000e+00
1.110000000000000000e+02 4.058732553579103114e+04 2.460056341469546481e+01 -2.259176639593995367e-02 2.090564286553742157e+00 3.128482663586559465e+00 5.164600779239914008e-02 1.570796326794896558e+00 -1.000000000000000000e+00 1.000000000000000000e+00 0.000000000000000000e+00 0.000000000000000000e+00 -1.000000000000000000e+00 -1.000000000000000000e+00
1.320000000000000000e+02 5.807599040772265653e+03 1.016917859433379157e+01 -7.279010031067760511e-02 2.357860793313594439e+00 3.145188049347932502e+00 2.092361226595439716e-01 1.570796326794896558e+00 -1.000000000000000000e+00 1.000000000000000000e+00 0.000000000000000000e+00 0.000000000000000000e+00 -1.000000000000000000e+00 -1.000000000000000000e+00
1.370000000000000000e+02 4.217433523158089884e+03 1.080954397007910828e+01 2.051153870357923584e-02 9.243487791311052471e-01 3.148599429146569317e+00 2.011268955986675600e-01 1.570796326794896558e+00 -1.000000000000000000e+00 1.000000000000000000e+00 0.000000000000000000e+00 0.000000000000000000e+00 -1.000000000000000000e+00 -1.000000000000000000e+00
1.380000000000000000e+02 2.285136042717208511e+03 1.992514867867031825e+01 4.201973962396685081e-02 2.679134125330762672e-01 3.131410827571125655e+00 1.520593190257415739e-01 1.570796326794896558e+00 -1.000000000000000000e+00 1.000000000000000000e+00 0.000000000000000000e+00 0.000000000000000000e+00 -1.000000000000000000e+00 -1.000000000000000000e+00
1.470000000000000000e+02 3.778443774991942337e+04 1.339316947709735572e+01 2.223261157776854416e-02 6.896165577275328862e-02 3.172292720923870046e+00 1.744075104893991895e-02 1.570796326794896558e+00 -1.000000000000000000e+00 1.000000000000000000e+00 0.000000000000000000e+00 0.000000000000000000e+00 -1.000000000000000000e+00 -1.000000000000000000e+00
1.500000000000000000e+02 1.903811870128199735e+04 1.522487693728194991e+01 -1.345496276148365478e-02 2.491173021102610630e+00 3.153373862733589217e+00 6.589648318770875701e-02 1.570796326794896558e+00 -1.000000000000000000e+00 1.000000000000000000e+00 0.000000000000000000e+00 0.000000000000000000e+00 -1.000000000000000000e+00 -1.000000000000000000e+00
1.560000000000000000e+02 3.554126807321300294e+04 1.348695093308339210e+01 -3.442640691325417335e-02 2.351940260827043883e+00 3.166975049355186034e+00 2.797886380661414041e-01 1.570796326794896558e+00 -1.000000000000000000e+00 1.000000000000000000e+00 0.000000000000000000e+00 0.000000000000000000e+00 -1.000000000000000000e+00 -1.000000000000000000e+00
1.680000000000000000e+02 4.105203099469036533e+04 3.838497727594911169e+01 -1.366026664290879711e-01 2.779312643420431606e+00 3.122664606933230669e+00 2.941722930968322935e-01 1.570796326794896558e+00 -1.000000000000000000e+00 1.000000000000000000e+00 0.000000000000000000e+00 0.000000000000000000e+00 -1.000000000000000000e+00 -1.000000000000000000e+00
1.800000000000000000e+02 2.353105117909760884e+04 3.702628339105167754e+01 5.076454599598051454e-02 6.092204917752261917e-01 3.114026642208281626e+00 2.613428156632596755e-01 1.570796326794896558e+00 -1.000000000000000000e+00 1.000000000000000000e+00 0.000000000000000000e+00 0.000000000000000000e+00 -1.000000000000000000e+00 -1.000000000000000000e+00
1.830000000000000000e+02 7.802370095214187131e+03 1.004340678948037890e+01 2.248859709078721014e-01 1.571611675996990865e-01 3.161213468347678468e+00 6.408623896728150859e-02 1.570796326794896558e+00 -1.000000000000000000e+00 1.000000000000000000e+00 0.000000000000000000e+00 0.000000000000000000e+00 -1.000000000000000000e+00 -1.000000000000000000e+00
1.900000000000000000e+02 3.091577507413488638e+04 3.905200095360194723e+01 1.477918417476067059e-01 1.464996902638638687e+00 3.169473922473716510e+00 2.581570962135795733e-01 1.570796326794896558e+00 -1.000000000000000000e+00 1.000000000000000000e+00 0.000000000000000000e+00 0.000000000000000000e+00 -1.000000000000000000e+00 -1.000000000000000000e+00
1.920000000000000000e+02 4.304121567309349484e+04 1.271473524166930247e+01 1.323107230164569798e-02 1.467216136183398412e+00 3.095321800307881954e+00 1.703192479049297214e-01 1.570796326794896558e+00 -1.000000000000000000e+00 1.000000000000000000e+00 0.000000000000000000e+00 0.000000000000000000e+00 -1.000000000000000000e+00 -1.000000000000000000e+00
