# id_num orb_a mass spin spin_angle orb_inc orb_ecc orb_arg_periapse orb_ang_mom gen galaxy time_passed gw_freq gw_strain
1.600000000000000000e+01 1.573531839716046306e+04 3.654768200014974155e+01 -7.084891946990155842e-02 2.971842200515994570e+00 3.119525912566500914e+00 1.875781196212493104e-02 1.570796326794896558e+00 -1.000000000000000000e+00 1.000000000000000000e+00 0.000000000000000000e+00 0.000000000000000000e+00 -1.000000000000000000e+00 -1.000000000000000000e+00
2.700000000000000000e+01 2.921985127015158650e+04 1.312717078085563571e+01 9.598338410442927571e-03 1.525507988272493398e-01 3.167191787913059997e+00 1.735143884150223970e-01 1.570796326794896558e+00 -1.000000000000000000e+00 1.000000000000000000e+00 0.000000000000000000e+00 0.000000000000000000e+00 -1.000000000000000000e+00 -1.000000000000000000e+00
2.900000000000000000e+01 3.170837321350419734e+04 2.954962262362926850e+01 1.414052275951084015e-01 5.382047065176678163e-02 3.150039852788864447e+00 7.886796018662799168e-02 1.570796326794896558e+00 -1.000000000000000000e+00 1.000000000000000000e+00 0.000000000000000000e+00 0.000000000000000000e+00 -1.000000000000000000e+00 -1.000000000000000000e+00
3.000000000000000000e+01 2.891103665958024430e+04 3.167640792157547835e+01 -7.298007497280104700e-03 2.671369726709732717e+00 3.126999742436864960e+00 2.330486990066807929e-01 1.570796326794896558e+00 -1.000000000000000000e+00 1.000000000000000000e+00 0.000000000000000000e+00 0.000000000000000000e+00 -1.000000000000000000e+00 -1.000000000000000000e+00
4.600000000000000000e+01 3.511321713260448450e+04 1.492792003627240405e+01 7.470698700321232177e-02 5.407085126906980427e-02 3.173547159567423392e+00 1.618197188228157612e-01 1.570796326794896558e+00 -1.000000000000000000e+00 1.000000000000000000e+00 0.000000000000000000e+00 0.000000000000000000e+00 -1.000000000000000000e+00 -1.000000000000000000e+00
5.800000000000000000e+01 3.440965637324024283e+04 2.069964932150103110e+01 5.867174772292280127e-02 2.327131470612837649e-01 3.147977218594714355e+00 6.191769220524732942e-02 1.570796326794896558e+00 -1.000000000000000000e+00 1.000000000000000000e+00 0.000000000000000000e+00 0.000000000000000000e+00 -1.000000000000000000e+00 -1.000000000000000000e+00
7.100000000000000000e+01 4.703842199604448251e+04 1.016209291881642152e+01 -2.462735785439695152e-02 1.945492993658445968e+00 3.151162774438293734e+00 1.086669164235470608e-01 1.570796326794896558e+00 -1.000000000000000000e+00 1.000000000000000000e+00 0.000000000000000000e+00 0.000000000000000000e+00 -1.000000000000000000e+00 -1.000000000000000000e+00
7.900000000000000000e+01 4.828364556108341640e+04 1.575897013466839347e+01 -7.253017254862742513e-02 2.270008651873808070e+00 3.174271864651029507e+00 2.365644591099112792e-02 1.570796326794896558e+00 -1.000000000000000000e+00 1.000000000000000000e+00 0.000000000000000000e+00 0.000000000000000000e+00 -1.000000000000000000e+00 -1.000000000000000000e+00
8.500000000000000000e+01 2.664488903070934612e+04 1.952056844933119706e+01 -6.527008606750621389e-02 2.387671617337125518e+00 3.150245151868262372e+00 2.375683567013737452e-01 1.570796326794896558e+00 -1.000000000000000000e+00 1.000000000000000000e+00 0.000000000000000000e+00 0.000000000000000000e+00 -1.000000000000000000e+00 -1.000000000000000000e+00
8.700000000000000000e+01 2.193618991046310475e+04 1.469810492728888462e+01 -1.939223815147550489e-02 2.421962584123150464e+00 3.127512065689287635e+00 1.728192153166568934e-01 1.570796326794896558e+00 -1.000000000000000000e+00 1.000000000000000000e+00 0.000000000000000000e+00 0.000000000000000000e+00 -1.000000000000000000e+00 -1.000000000000000000e+00
1.000000000000000000e+02 2.795901759134605891e+04 1.237281534891407908e+01 1.434053178175249132e-01 2.118036631289190730e-01 3.124294697178763069e+00 2.486059062914456608e-01 1.570796326794896558e+00 -1.000000000000000000e+00 1.000000000000000000e+00 0.000000000000000000e+00 0.000000000000000000e+00 -1.000000000000000000e+00 -1.000000000000000000e+00
1.050000000000000000e+02 4.735672134533109784e+04 3.551934135679579896e+01 -4.223708915795602870e-02 2.488955469432382106e+00 3.175611308543672795e+00 3.089295871374519997e-02 1.570796326794896558e+00 -1.000000000000000000e+00 1.000000000000000000e+00 0.000000000000000000e+00 0.000000000000000000e+00 -1.000000000000000000e+00 -1.000000000000000000e+00
1.080000000000000000e+02 1.512982501170838805e+04 1.096711283611685239e+01 -4.301883525562506111e-02 2.817020755686804989e+00 3.110204353878553984e+00 5.730323329763239125e-03 1.570796326794896558e+00 -1.000000000000000000e+00 1.000000000000000000e+00 0.000000000000000000e+00 0.000000000000000000e+00 -1.000000000000000000e+00 -1.000000000000000000e+00
1.090000000000000000e+02 6.830546776331905676e+03 1.110265304315930912e+01 9.545117006413816885e-02 1.145087368456099153e+00 3.121953412787187965e+00 6.136255345377999992e-02 1.570796326794896558e+00 -1.000000000000000000e+00 1.000000000000000000e+00 0.000000000000000000e+00 0.000000000000000000e+00 -1.000000000000000000e+00 -1.000000000000000000e+00
1.110000000000000000e+02 4.058575220245777746e+04 2.460056341469546481e+01 -2.259176639593995367e-02 2.090564286553742157e+00 3.125050182724304904e+00 4.377934112573252101e-02 1.570796326794896558e+00 -1.000000000000000000e+00 1.000000000000000000e+00 0.000000000000000000e+00 0.000000000000000000e+00 -1.000000000000000000e+00 -1.000000000000000000e+00
1.320000000000000000e+02 5.806025707438933750e+03 1.016917859433379157e+01 -7.279010031067760511e-02 2.357860793313594439e+00 3.141755568485679273e+00 2.013694559928773942e-01 1.570796326794896558e+00 -1.000000000000000000e+00 1.000000000000000000e+00 0.000000000000000000e+00 0.000000000000000000e+00 -1.000000000000000000e+00 -1.000000000000000000e+00
1.370000000000000000e+02 4.215860189824757981e+03 1.080954397007910828e+01 2.051153870357923584e-02 9.243487791311052471e-01 3.145166948284316089e+00 1.932602289320007882e-01 1.570796326794896558e+00 -1.000000000000000000e+00 1.000000000000000000e+00 0.000000000000000000e+00 0.000000000000000000e+00 -1.000000000000000000e+00 -1.000000000000000000e+00
1.380000000000000000e+02 2.283562709383876609e+03 1.992514867867031825e+01 4.201973962396685081e-02 2.679134125330762672e-01 3.127978346708868429e+00 1.441926523590748299e-01 1.570796326794896558e+00 -1.000000000000000000e+00 1.000000000000000000e+00 0.000000000000000000e+00 0.000000000000000000e+00 -1.000000000000000000e+00 -1.000000000000000000e+00
1.470000000000000000e+02 3.778286441658618423e+04 1.339316947709735572e+01 2.223261157776854416e-02 6.896165577275328862e-02 3.168860240061615041e+00 9.574084382273272131e-03 1.570796326794896558e+00 -1.000000000000000000e+00 1.000000000000000000e+00 0.000000000000000000e+00 0.000000000000000000e+00 -1.000000000000000000e+00 -1.000000000000000000e+00
1.500000000000000000e+02 1.903654536794864907e+04 1.522487693728194991e+01 -1.345496276148365478e-02 2.491173021102610630e+00 3.149941381871334212e+00 5.802981652104210325e-02 1.570796326794896558e+00 -1.000000000000000000e+00 1.000000000000000000e+00 0.000000000000000000e+00 0.000000000000000000e+00 -1.000000000000000000e+00 -1.000000000000000000e+00
1.560000000000000000e+02 3.553969473987975653e+04 1.348695093308339210e+01 -3.442640691325417335e-02 2.351940260827043883e+00 3.163542568492929696e+00 2.719219713994752707e-01 1.570796326794896558e+00 -1.000000000000000000e+00 1.000000000000000000e+00 0.000000000000000000e+00 0.000000000000000000e+00 -1.000000000000000000e+00 -1.000000000000000000e+00
1.680000000000000000e+02 4.105045766135708982e+04 3.838497727594911169e+01 -1.366026664290879711e-01 2.779312643420431606e+00 3.119232126070976996e+00 2.863056264301662712e-01 1.570796326794896558e+00 -1.000000000000000000e+00 1.000000000000000000e+00 0.000000000000000000e+00 0.000000000000000000e+00 -1.000000000000000000e+00 -1.000000000000000000e+00
1.800000000000000000e+02 2.352947784576425693e+04 3.702628339105167754e+01 5.076454599598051454e-02 6.092204917752261917e-01 3.110594161346027953e+00 2.534761489965938197e-01 1.570796326794896558e+00 -1.000000000000000000e+00 1.000000000000000000e+00 0.000000000000000000e+00 0.000000000000000000e+00 -1.000000000000000000e+00 -1.000000000000000000e+00
1.830000000000000000e+02 7.800796761880855229e+03 1.004340678948037890e+01 2.248859709078721014e-01 1.571611675996990865e-01 3.157780987485424351e+00 5.621957230061487565e-02 1.570796326794896558e+00 -1.000000000000000000e+00 1.000000000000000000e+00 0.000000000000000000e+00 0.000000000000000000e+00 -1.000000000000000000e+00 -1.000000000000000000e+00
1.900000000000000000e+02 3.091420174080152719e+04 3.905200095360194723e+01 1.477918417476067059e-01 1.464996902638638687e+00 3.166041441611465057e+00 2.502904295469137175e-01 1.570796326794896558e+00 -1.000000000000000000e+00 1.000000000000000000e+00 0.000000000000000000e+00 0.000000000000000000e+00 -1.000000000000000000e+00 -1.000000000000000000e+00
1.920000000000000000e+02 4.303964233976019023e+04 1.271473524166930247e+01 1.323107230164569798e-02 1.467216136183398412e+00 3.091889319445626949e+00 1.624525812382630052e-01 1.570796326794896558e+00 -1.000000000000000000e+00 1.000000000000000000e+00 0.000000000000000000e+00 0.000000000000000000e+00 -1.000000000000000000e+00 -1.000000000000000000e+00
