# id_num orb_a mass spin spin_angle orb_inc orb_ecc orb_arg_periapse orb_ang_mom gen galaxy time_passed gw_freq gw_strain
0.000000000000000000e+00 4.108279728337149663e+02 2.783792780419364021e+01 -7.679520059414184086e-02 3.100000000000000089e+00 3.140606475057678537e+00 1.012337492239010969e-02 1.570796326794896558e+00 1.000000000000000000e+00 1.000000000000000000e+00 0.000000000000000000e+00 0.000000000000000000e+00 -1.000000000000000000e+00 -1.000000000000000000e+00
1.000000000000000000e+00 3.098924437647742525e+04 1.081646581705051879e+01 -3.037959764571293575e-02 1.397561733703508446e+00 3.128628666484353893e+00 4.423113186727682666e-02 1.570796326794896558e+00 1.000000000000000000e+00 1.000000000000000000e+00 0.000000000000000000e+00 0.000000000000000000e+00 -1.000000000000000000e+00 -1.000000000000000000e+00
2.000000000000000000e+00 1.513463890978457675e+04 1.293983810073602392e+01 7.944649447724036473e-02 9.908375601724620507e-01 2.165774479085665408e-02 1.249152872147195337e-02 0.000000000000000000e+00 1.000000000000000000e+00 1.000000000000000000e+00 0.000000000000000000e+00 0.000000000000000000e+00 -1.000000000000000000e+00 -1.000000000000000000e+00
3.000000000000000000e+00 2.753793169000182752e+04 3.345143927000385986e+01 8.292453992467091473e-02 8.245434475262372054e-01 3.146786719633994700e+00 1.955094216864581083e-02 0.000000000000000000e+00 1.000000000000000000e+00 1.000000000000000000e+00 0.000000000000000000e+00 0.000000000000000000e+00 -1.000000000000000000e+00 -1.000000000000000000e+00
5.000000000000000000e+00 3.292272143260293547e+02 1.086942710072233531e+01 -7.398042764961765272e-02 2.127038707638978732e+00 3.156316394676098369e+00 2.692780474054851797e-02 0.000000000000000000e+00 1.000000000000000000e+00 1.000000000000000000e+00 0.000000000000000000e+00 0.000000000000000000e+00 -1.000000000000000000e+00 -1.000000000000000000e+00
6.000000000000000000e+00 1.353053105477021199e+04 1.918564024653533195e+01 -6.197367804633609201e-02 3.086040000000000116e+00 3.162910969080606982e+00 4.606687571948948901e-02 1.570796326794896558e+00 1.000000000000000000e+00 1.000000000000000000e+00 0.000000000000000000e+00 0.000000000000000000e+00 -1.000000000000000000e+00 -1.000000000000000000e+00
7.000000000000000000e+00 4.772782542729258421e+04 1.818096231140280494e+01 -1.953359049359187916e-01 2.827835551866812125e+00 3.148874737285530578e+00 1.134834989383781342e-02 0.000000000000000000e+00 1.000000000000000000e+00 1.000000000000000000e+00 0.000000000000000000e+00 0.000000000000000000e+00 -1.000000000000000000e+00 -1.000000000000000000e+00
8.000000000000000000e+00 4.399070743118678365e+04 1.236239052557083262e+01 -1.197956627790715961e-01 2.770545764919634557e+00 -2.375076845734635719e-02 1.279443045558639191e-01 1.570796326794896558e+00 1.000000000000000000e+00 1.000000000000000000e+00 0.000000000000000000e+00 0.000000000000000000e+00 -1.000000000000000000e+00 -1.000000000000000000e+00
1.000000000000000000e+01 1.949328856744136283e+04 1.036601830144004310e+01 -1.839355641169674871e-01 3.100000000000000089e+00 3.168242182948677765e+00 1.061985843035404345e-02 1.570796326794896558e+00 1.000000000000000000e+00 1.000000000000000000e+00 0.000000000000000000e+00 0.000000000000000000e+00 -1.000000000000000000e+00 -1.000000000000000000e+00
1.200000000000000000e+01 2.733919149778924111e+04 1.036741983202862194e+01 4.370106692815962923e-02 9.503480984880574578e-01 3.381298777848078252e-02 2.094839113285011656e-02 0.000000000000000000e+00 1.000000000000000000e+00 1.000000000000000000e+00 0.000000000000000000e+00 0.000000000000000000e+00 -1.000000000000000000e+00 -1.000000000000000000e+00
1.300000000000000000e+01 5.000000000000000000e+04 1.609835422840329500e+01 -2.789257970858213254e-01 2.140532823864180756e+00 3.520406228618935818e-02 4.151595077497086811e-02 0.000000000000000000e+00 1.000000000000000000e+00 1.000000000000000000e+00 0.000000000000000000e+00 0.000000000000000000e+00 -1.000000000000000000e+00 -1.000000000000000000e+00
1.500000000000000000e+01 3.910301215546709864e+04 1.204303982742765200e+01 -1.724385127661028361e-01 3.100000000000000089e+00 3.183723755352942941e+00 3.353449077348143875e-02 1.570796326794896558e+00 1.000000000000000000e+00 1.000000000000000000e+00 0.000000000000000000e+00 0.000000000000000000e+00 -1.000000000000000000e+00 -1.000000000000000000e+00
1.900000000000000000e+01 1.629711892138042276e+04 1.207685644291191807e+01 -7.210058448477690840e-02 2.628616124114122599e+00 3.156715482203973799e+00 1.000000000000000021e-02 1.570796326794896558e+00 1.000000000000000000e+00 1.000000000000000000e+00 0.000000000000000000e+00 0.000000000000000000e+00 -1.000000000000000000e+00 -1.000000000000000000e+00
2.100000000000000000e+01 4.415774810807022004e+04 1.207231507921918734e+01 -9.218404941553008658e-02 2.668596160158263508e+00 3.153948513431926948e+00 5.455790771272259893e-02 1.570796326794896558e+00 1.000000000000000000e+00 1.000000000000000000e+00 0.000000000000000000e+00 0.000000000000000000e+00 -1.000000000000000000e+00 -1.000000000000000000e+00
2.300000000000000000e+01 5.000000000000000000e+04 3.798242404167473296e+01 -1.008931749746421747e-01 3.100000000000000089e+00 3.111149879095052473e+00 3.096513065786807642e-02 1.570796326794896558e+00 1.000000000000000000e+00 1.000000000000000000e+00 0.000000000000000000e+00 0.000000000000000000e+00 -1.000000000000000000e+00 -1.000000000000000000e+00
2.800000000000000000e+01 1.591272955207407722e+04 1.492217483247166676e+01 1.658437036091231498e-02 8.494484663862357232e-01 3.129723541284532562e+00 1.000000000000000021e-02 0.000000000000000000e+00 1.000000000000000000e+00 1.000000000000000000e+00 0.000000000000000000e+00 0.000000000000000000e+00 -1.000000000000000000e+00 -1.000000000000000000e+00
3.100000000000000000e+01 3.864805345008161385e+04 1.424955811341327916e+01 -9.635194936119022280e-02 3.100000000000000089e+00 3.145016340128222065e+00 2.921936676314640727e-02 1.570796326794896558e+00 1.000000000000000000e+00 1.000000000000000000e+00 0.000000000000000000e+00 0.000000000000000000e+00 -1.000000000000000000e+00 -1.000000000000000000e+00
3.300000000000000000e+01 2.096448807922883861e+04 2.199485943882293881e+01 1.898532252346003812e-02 7.417519526966844801e-01 2.151459078041336598e-02 1.000000000000000021e-02 0.000000000000000000e+00 1.000000000000000000e+00 1.000000000000000000e+00 0.000000000000000000e+00 0.000000000000000000e+00 -1.000000000000000000e+00 -1.000000000000000000e+00
3.400000000000000000e+01 2.078430974870602586e+04 1.626218471455510439e+01 -8.956066316197677790e-03 1.180062531425712713e+00 1.323682439046718930e-02 1.000000000000000056e-01 0.000000000000000000e+00 1.000000000000000000e+00 1.000000000000000000e+00 0.000000000000000000e+00 0.000000000000000000e+00 -1.000000000000000000e+00 -1.000000000000000000e+00
3.500000000000000000e+01 4.088699470623661227e+02 2.240137700579181868e+01 -2.163667841758542820e-01 2.235920413466550905e+00 3.142213974294478795e+00 1.031397886546820374e-02 0.000000000000000000e+00 1.000000000000000000e+00 1.000000000000000000e+00 0.000000000000000000e+00 0.000000000000000000e+00 -1.000000000000000000e+00 -1.000000000000000000e+00
3.600000000000000000e+01 1.316858068473993990e+04 1.296623654047219532e+01 -2.534164684872201589e-01 2.413383773138336075e+00 3.110322269971008247e+00 1.000000000000000021e-02 0.000000000000000000e+00 1.000000000000000000e+00 1.000000000000000000e+00 0.000000000000000000e+00 0.000000000000000000e+00 -1.000000000000000000e+00 -1.000000000000000000e+00
3.700000000000000000e+01 3.759888714521719521e+04 1.052580063997926274e+01 -2.361876336004339882e-01 2.991540333358926773e+00 -3.214468576932630328e-02 6.576094028229505228e-02 1.570796326794896558e+00 1.000000000000000000e+00 1.000000000000000000e+00 0.000000000000000000e+00 0.000000000000000000e+00 -1.000000000000000000e+00 -1.000000000000000000e+00
4.100000000000000000e+01 4.537764598907774052e+04 2.105827485533820109e+01 -5.821531444801412991e-02 1.709169618333757246e+00 -3.344728644152649560e-02 2.671691450336309559e-02 1.570796326794896558e+00 1.000000000000000000e+00 1.000000000000000000e+00 0.000000000000000000e+00 0.000000000000000000e+00 -1.000000000000000000e+00 -1.000000000000000000e+00
4.700000000000000000e+01 2.116871726564349956e+04 2.573476780480762471e+01 -8.339531918239991015e-02 2.311379208432412735e+00 3.113555347520865269e+00 2.463450348353305244e-02 1.570796326794896558e+00 1.000000000000000000e+00 1.000000000000000000e+00 0.000000000000000000e+00 0.000000000000000000e+00 -1.000000000000000000e+00 -1.000000000000000000e+00
4.800000000000000000e+01 4.080462263704657380e+04 1.268949036982583323e+01 1.611877820599240396e-02 1.889484211116662982e+00 3.147062735655086652e+00 1.973065551934451850e-02 1.570796326794896558e+00 1.000000000000000000e+00 1.000000000000000000e+00 0.000000000000000000e+00 0.000000000000000000e+00 -1.000000000000000000e+00 -1.000000000000000000e+00
5.000000000000000000e+01 4.043310870233887613e+02 1.323840048346673726e+01 -1.089932044802958550e-01 2.636435683938664898e+00 3.135618278518920388e+00 4.411349991575808788e-02 1.570796326794896558e+00 1.000000000000000000e+00 1.000000000000000000e+00 0.000000000000000000e+00 0.000000000000000000e+00 -1.000000000000000000e+00 -1.000000000000000000e+00
5.200000000000000000e+01 4.148396342098138803e+02 3.748587769195241037e+01 2.207710940781244802e-02 1.942727297431176225e+00 7.940303358664852276e-03 1.540714309617585709e-02 1.570796326794896558e+00 1.000000000000000000e+00 1.000000000000000000e+00 0.000000000000000000e+00 0.000000000000000000e+00 -1.000000000000000000e+00 -1.000000000000000000e+00
5.400000000000000000e+01 5.500000000000000728e+04 3.831532077524863666e+01 -1.383986309382592428e-01 3.100000000000000089e+00 3.161199380471813924e+00 1.000000000000000056e-01 1.570796326794896558e+00 1.000000000000000000e+00 1.000000000000000000e+00 0.000000000000000000e+00 0.000000000000000000e+00 -1.000000000000000000e+00 -1.000000000000000000e+00
5.700000000000000000e+01 4.477816528908953478e+04 1.035155163019711644e+01 -3.254239595529536538e-02 6.111296017261581559e-01 3.139762569551800997e+00 1.675698288098156213e-02 0.000000000000000000e+00 1.000000000000000000e+00 1.000000000000000000e+00 0.000000000000000000e+00 0.000000000000000000e+00 -1.000000000000000000e+00 -1.000000000000000000e+00
6.200000000000000000e+01 5.000000000000000000e+04 1.798539156310623000e+01 1.324915398503350716e-01 1.488113099865267630e+00 3.110395375896740422e+00 4.936063821202966301e-02 1.570796326794896558e+00 1.000000000000000000e+00 1.000000000000000000e+00 0.000000000000000000e+00 0.000000000000000000e+00 -1.000000000000000000e+00 -1.000000000000000000e+00
6.600000000000000000e+01 2.458501354899785656e+04 1.302526572976688790e+01 8.659155036662632976e-02 6.384962999412843176e-01 3.164753470807330604e+00 8.012707843403690799e-02 0.000000000000000000e+00 1.000000000000000000e+00 1.000000000000000000e+00 0.000000000000000000e+00 0.000000000000000000e+00 -1.000000000000000000e+00 -1.000000000000000000e+00
6.700000000000000000e+01 4.515378116407553898e+04 1.079801427260631641e+01 -8.390968517990889108e-02 2.494469970421433480e+00 3.191584701702430138e+00 5.830462343493313104e-02 0.000000000000000000e+00 1.000000000000000000e+00 1.000000000000000000e+00 0.000000000000000000e+00 0.000000000000000000e+00 -1.000000000000000000e+00 -1.000000000000000000e+00
6.800000000000000000e+01 4.559871845609814045e+04 1.222755382540270475e+01 1.329098512386545083e-02 2.031242218188410220e+00 3.146746873364060892e+00 8.465834770150056088e-02 1.570796326794896558e+00 1.000000000000000000e+00 1.000000000000000000e+00 0.000000000000000000e+00 0.000000000000000000e+00 -1.000000000000000000e+00 -1.000000000000000000e+00
7.300000000000000000e+01 4.300326053485379816e+04 1.649919128864114626e+01 -2.723764341914729215e-02 9.844965213509926372e-01 3.161716692136140594e+00 4.737984807024825384e-02 0.000000000000000000e+00 1.000000000000000000e+00 1.000000000000000000e+00 0.000000000000000000e+00 0.000000000000000000e+00 -1.000000000000000000e+00 -1.000000000000000000e+00
7.400000000000000000e+01 2.794331840010688029e+04 2.107785917156953914e+01 -1.646552327542294969e-01 2.902432637658189485e+00 -2.611560078088471376e-02 1.000000000000000021e-02 1.570796326794896558e+00 1.000000000000000000e+00 1.000000000000000000e+00 0.000000000000000000e+00 0.000000000000000000e+00 -1.000000000000000000e+00 -1.000000000000000000e+00
7.500000000000000000e+01 5.000000000000000000e+04 2.782109072116660542e+01 -1.648946216021539568e-01 2.323316230805201776e+00 3.099660221068084365e+00 1.930460448425024705e-02 1.570796326794896558e+00 1.000000000000000000e+00 1.000000000000000000e+00 0.000000000000000000e+00 0.000000000000000000e+00 -1.000000000000000000e+00 -1.000000000000000000e+00
7.800000000000000000e+01 4.224778675699599989e+04 3.112935542489360685e+01 -2.115670918308757142e-01 3.024533804852612917e+00 3.170883061400368241e+00 7.007362071144709881e-02 0.000000000000000000e+00 1.000000000000000000e+00 1.000000000000000000e+00 0.000000000000000000e+00 0.000000000000000000e+00 -1.000000000000000000e+00 -1.000000000000000000e+00
8.300000000000000000e+01 3.197218350926905623e+04 1.057076056417970733e+01 -1.767062802677814848e-01 3.100000000000000089e+00 -1.255750050079119592e-02 1.541987948775244872e-02 0.000000000000000000e+00 1.000000000000000000e+00 1.000000000000000000e+00 0.000000000000000000e+00 0.000000000000000000e+00 -1.000000000000000000e+00 -1.000000000000000000e+00
8.900000000000000000e+01 3.310443565702706110e+04 1.183211333973472534e+01 -1.880923924936940272e-01 3.100000000000000089e+00 3.139147254321022817e+00 4.370163284199166109e-02 1.570796326794896558e+00 1.000000000000000000e+00 1.000000000000000000e+00 0.000000000000000000e+00 0.000000000000000000e+00 -1.000000000000000000e+00 -1.000000000000000000e+00
9.100000000000000000e+01 5.000000000000000000e+04 1.112703950337393621e+01 -1.731693812535435861e-01 2.828114226238562345e+00 3.119285492685133665e+00 3.487411165596267931e-02 0.000000000000000000e+00 1.000000000000000000e+00 1.000000000000000000e+00 0.000000000000000000e+00 0.000000000000000000e+00 -1.000000000000000000e+00 -1.000000000000000000e+00
9.200000000000000000e+01 2.613907364888019583e+04 3.786884305512639770e+01 -1.313541006353474982e-01 2.970750055021418756e+00 -1.611436462453407978e-02 1.000000000000000021e-02 0.000000000000000000e+00 1.000000000000000000e+00 1.000000000000000000e+00 0.000000000000000000e+00 0.000000000000000000e+00 -1.000000000000000000e+00 -1.000000000000000000e+00
9.400000000000000000e+01 2.938659630794235636e+04 2.026449338725582905e+01 1.317675606749098283e-02 1.959756970466770998e+00 -9.329984943385424834e-03 1.000000000000000021e-02 1.570796326794896558e+00 1.000000000000000000e+00 1.000000000000000000e+00 0.000000000000000000e+00 0.000000000000000000e+00 -1.000000000000000000e+00 -1.000000000000000000e+00
9.500000000000000000e+01 1.432328779308446065e+04 1.216458892658177149e+01 -1.253863775700785055e-01 2.321150994141731427e+00 -9.735935221048562516e-03 1.000000000000000021e-02 1.570796326794896558e+00 1.000000000000000000e+00 1.000000000000000000e+00 0.000000000000000000e+00 0.000000000000000000e+00 -1.000000000000000000e+00 -1.000000000000000000e+00
9.600000000000000000e+01 1.751769126942633375e+04 1.400936289516794275e+01 3.636987153425616515e-02 1.891216520631759046e+00 3.163206827678048505e+00 2.972109070574883299e-02 1.570796326794896558e+00 1.000000000000000000e+00 1.000000000000000000e+00 0.000000000000000000e+00 0.000000000000000000e+00 -1.000000000000000000e+00 -1.000000000000000000e+00
9.900000000000000000e+01 3.944467747976933606e+04 1.734999469132791106e+01 -2.623150432903872259e-02 1.006568556504816137e+00 3.152630160497365885e+00 7.917266491087844582e-02 1.570796326794896558e+00 1.000000000000000000e+00 1.000000000000000000e+00 0.000000000000000000e+00 0.000000000000000000e+00 -1.000000000000000000e+00 -1.000000000000000000e+00
1.020000000000000000e+02 1.960780454737348919e+04 1.308654064061015809e+01 -6.236854831513748837e-02 1.030444639291098641e+00 -1.635704129698998741e-02 2.809238577168546303e-02 0.000000000000000000e+00 1.000000000000000000e+00 1.000000000000000000e+00 0.000000000000000000e+00 0.000000000000000000e+00 -1.000000000000000000e+00 -1.000000000000000000e+00
1.030000000000000000e+02 4.197061643981965631e+02 1.846398050263189106e+01 -1.073561639152842834e-01 3.100000000000000089e+00 3.142880744990751651e+00 2.409657109856013640e-02 1.570796326794896558e+00 1.000000000000000000e+00 1.000000000000000000e+00 0.000000000000000000e+00 0.000000000000000000e+00 -1.000000000000000000e+00 -1.000000000000000000e+00
1.040000000000000000e+02 4.399497383877528773e+04 1.031087455598623670e+01 -8.003337187151196574e-03 1.755002204914539954e+00 -1.325120343021439148e-02 2.796121061491704807e-02 1.570796326794896558e+00 1.000000000000000000e+00 1.000000000000000000e+00 0.000000000000000000e+00 0.000000000000000000e+00 -1.000000000000000000e+00 -1.000000000000000000e+00
1.060000000000000000e+02 3.836117196476594836e+04 1.475342833567872525e+01 -2.266104871149834665e-01 2.984873980309288299e+00 3.154791172255856591e+00 8.064080261300687891e-02 0.000000000000000000e+00 1.000000000000000000e+00 1.000000000000000000e+00 0.000000000000000000e+00 0.000000000000000000e+00 -1.000000000000000000e+00 -1.000000000000000000e+00
1.070000000000000000e+02 3.796333408051884908e+04 1.091199998370582058e+01 -1.544523917308017746e-01 2.586820513768984586e+00 3.123018906523628679e+00 8.843954827280188502e-02 0.000000000000000000e+00 1.000000000000000000e+00 1.000000000000000000e+00 0.000000000000000000e+00 0.000000000000000000e+00 -1.000000000000000000e+00 -1.000000000000000000e+00
1.120000000000000000e+02 1.267731023707930689e+02 1.198312300431224919e+01 -1.650120333363247482e-01 2.392327528189053254e+00 3.200458212122988755e+00 2.506290076595862892e-02 1.570796326794896558e+00 1.000000000000000000e+00 1.000000000000000000e+00 0.000000000000000000e+00 0.000000000000000000e+00 -1.000000000000000000e+00 -1.000000000000000000e+00
1.140000000000000000e+02 2.548497449508788122e+04 1.202225494532663497e+01 -1.327649928179805427e-02 1.812510452099830305e+00 -1.722845614375971557e-02 2.243062346348802596e-02 1.570796326794896558e+00 1.000000000000000000e+00 1.000000000000000000e+00 0.000000000000000000e+00 0.000000000000000000e+00 -1.000000000000000000e+00 -1.000000000000000000e+00
1.160000000000000000e+02 3.424801097503863275e+04 1.104717912645138078e+01 1.392482939505743610e-03 1.222423267955716319e+00 3.156166488036884044e+00 4.080476725007197575e-02 0.000000000000000000e+00 1.000000000000000000e+00 1.000000000000000000e+00 0.000000000000000000e+00 0.000000000000000000e+00 -1.000000000000000000e+00 -1.000000000000000000e+00
1.170000000000000000e+02 2.870896739956985402e+04 1.125807644023903720e+01 -7.266321032851144612e-03 8.832462714255154834e-01 3.115145458228381958e+00 9.400060481178518224e-02 0.000000000000000000e+00 1.000000000000000000e+00 1.000000000000000000e+00 0.000000000000000000e+00 0.000000000000000000e+00 -1.000000000000000000e+00 -1.000000000000000000e+00
1.210000000000000000e+02 5.163848236504926490e+02 2.414823241747189186e+01 -8.361051179248764342e-02 2.958554411388984562e+00 3.133171251240250754e+00 1.000000000000000056e-01 1.570796326794896558e+00 1.000000000000000000e+00 1.000000000000000000e+00 0.000000000000000000e+00 0.000000000000000000e+00 -1.000000000000000000e+00 -1.000000000000000000e+00
1.250000000000000000e+02 2.860494000283097557e+04 1.208711337150046106e+01 -4.546322904983421398e-02 1.842002809413443742e+00 3.118456697890524598e+00 1.914521332687180166e-02 0.000000000000000000e+00 1.000000000000000000e+00 1.000000000000000000e+00 0.000000000000000000e+00 0.000000000000000000e+00 -1.000000000000000000e+00 -1.000000000000000000e+00
1.290000000000000000e+02 3.834255002540632995e+04 1.259461802913334338e+01 -1.600915015621145326e-02 1.818813480889969858e+00 3.159590120788325240e+00 1.760719677571586164e-02 0.000000000000000000e+00 1.000000000000000000e+00 1.000000000000000000e+00 0.000000000000000000e+00 0.000000000000000000e+00 -1.000000000000000000e+00 -1.000000000000000000e+00
1.300000000000000000e+02 2.780254202926212020e+04 1.399883325995631544e+01 -1.171344779861302060e-01 3.093020000000000103e+00 -2.133294857940603098e-02 1.000000000000000056e-01 0.000000000000000000e+00 1.000000000000000000e+00 1.000000000000000000e+00 0.000000000000000000e+00 0.000000000000000000e+00 -1.000000000000000000e+00 -1.000000000000000000e+00
1.310000000000000000e+02 4.099543836834053218e+04 3.168113196479557914e+01 -9.686685674095046883e-02 3.100000000000000089e+00 -2.224228332765622318e-02 2.014199343708019882e-02 1.570796326794896558e+00 1.000000000000000000e+00 1.000000000000000000e+00 0.000000000000000000e+00 0.000000000000000000e+00 -1.000000000000000000e+00 -1.000000000000000000e+00
1.360000000000000000e+02 2.788638233775835033e+04 1.578741334552906039e+01 -7.899045077399327597e-02 3.100000000000000089e+00 3.248677441428554635e-02 1.192801748551327277e-02 0.000000000000000000e+00 1.000000000000000000e+00 1.000000000000000000e+00 0.000000000000000000e+00 0.000000000000000000e+00 -1.000000000000000000e+00 -1.000000000000000000e+00
1.390000000000000000e+02 3.979762671465173480e+04 1.117252378193699158e+01 -1.903583927138864096e-01 3.100000000000000089e+00 8.466726094467339273e-03 9.492677677263869351e-02 1.570796326794896558e+00 1.000000000000000000e+00 1.000000000000000000e+00 0.000000000000000000e+00 0.000000000000000000e+00 -1.000000000000000000e+00 -1.000000000000000000e+00
1.400000000000000000e+02 5.000000000000000000e+04 1.158794787935798531e+01 -3.417465095807210862e-02 1.268467802248730347e+00 -1.428664166299096865e-02 2.667586298587885582e-02 0.000000000000000000e+00 1.000000000000000000e+00 1.000000000000000000e+00 0.000000000000000000e+00 0.000000000000000000e+00 -1.000000000000000000e+00 -1.000000000000000000e+00
1.420000000000000000e+02 4.979094351989520533e+02 1.792741034134208178e+01 -7.980877635424192540e-02 2.181154374054334877e+00 3.147125924126396690e+00 6.775084577942566688e-02 1.570796326794896558e+00 1.000000000000000000e+00 1.000000000000000000e+00 0.000000000000000000e+00 0.000000000000000000e+00 -1.000000000000000000e+00 -1.000000000000000000e+00
1.450000000000000000e+02 2.276494611867814456e+04 1.183636179329757709e+01 -2.714307365172019537e-02 1.533611490579058101e+00 3.117932943049788630e+00 1.955018047911931747e-02 1.570796326794896558e+00 1.000000000000000000e+00 1.000000000000000000e+00 0.000000000000000000e+00 0.000000000000000000e+00 -1.000000000000000000e+00 -1.000000000000000000e+00
1.510000000000000000e+02 2.326091184444290411e+04 1.857706886289769344e+01 5.739255254922090432e-02 9.595193207303025495e-01 3.118549710898170790e+00 2.343111585841834224e-02 1.570796326794896558e+00 1.000000000000000000e+00 1.000000000000000000e+00 0.000000000000000000e+00 0.000000000000000000e+00 -1.000000000000000000e+00 -1.000000000000000000e+00
1.520000000000000000e+02 4.688897917061720364e+04 1.523936821063155733e+01 -9.654857506320196903e-03 1.035966511024496661e+00 3.137259736387935760e+00 8.871816324705640577e-02 0.000000000000000000e+00 1.000000000000000000e+00 1.000000000000000000e+00 0.000000000000000000e+00 0.000000000000000000e+00 -1.000000000000000000e+00 -1.000000000000000000e+00
1.530000000000000000e+02 4.202696709278343769e+04 1.755446717589328642e+01 -2.424294022048119612e-01 2.853249762909741971e+00 3.113316744278665116e+00 1.812376202033999170e-02 1.570796326794896558e+00 1.000000000000000000e+00 1.000000000000000000e+00 0.000000000000000000e+00 0.000000000000000000e+00 -1.000000000000000000e+00 -1.000000000000000000e+00
1.540000000000000000e+02 2.470930864583354196e+04 1.545811385751819600e+01 2.654950060085109476e-02 6.869399320204767623e-01 3.162543190813909888e+00 1.282518615055953243e-02 1.570796326794896558e+00 1.000000000000000000e+00 1.000000000000000000e+00 0.000000000000000000e+00 0.000000000000000000e+00 -1.000000000000000000e+00 -1.000000000000000000e+00
1.580000000000000000e+02 2.155897230784075509e+04 2.849878889496685375e+01 -8.115396110478596825e-02 3.100000000000000089e+00 3.128689510400482821e+00 1.000000000000000021e-02 1.570796326794896558e+00 1.000000000000000000e+00 1.000000000000000000e+00 0.000000000000000000e+00 0.000000000000000000e+00 -1.000000000000000000e+00 -1.000000000000000000e+00
1.600000000000000000e+02 5.108799620955136334e+02 1.191364209637774962e+01 1.359646335262656158e-01 1.470235623981421824e+00 3.135468394358789990e+00 5.462002951681419610e-02 0.000000000000000000e+00 1.000000000000000000e+00 1.000000000000000000e+00 0.000000000000000000e+00 0.000000000000000000e+00 -1.000000000000000000e+00 -1.000000000000000000e+00
1.620000000000000000e+02 5.031897186470943097e+02 2.311190554219643900e+01 -3.187063218902858597e-01 2.901786955794305456e+00 3.946435460596589388e-03 2.180961039146124547e-02 0.000000000000000000e+00 1.000000000000000000e+00 1.000000000000000000e+00 0.000000000000000000e+00 0.000000000000000000e+00 -1.000000000000000000e+00 -1.000000000000000000e+00
1.630000000000000000e+02 2.890265099525130790e+04 1.577727258099566932e+01 -8.292454633291510002e-02 3.061081885724778573e+00 3.117823876696352414e+00 1.000000000000000021e-02 1.570796326794896558e+00 1.000000000000000000e+00 1.000000000000000000e+00 0.000000000000000000e+00 0.000000000000000000e+00 -1.000000000000000000e+00 -1.000000000000000000e+00
1.640000000000000000e+02 3.105379049537020546e+04 1.091561673831456325e+01 1.283321069157034033e-01 1.123276056681786983e+00 -2.835689544251788693e-02 1.134156392316519602e-01 1.570796326794896558e+00 1.000000000000000000e+00 1.000000000000000000e+00 0.000000000000000000e+00 0.000000000000000000e+00 -1.000000000000000000e+00 -1.000000000000000000e+00
1.650000000000000000e+02 3.037133914668956641e+04 1.154401346103739989e+01 8.202838451700861233e-03 1.083500534196306875e+00 -9.650018959698584281e-03 2.624871902868194593e-02 0.000000000000000000e+00 1.000000000000000000e+00 1.000000000000000000e+00 0.000000000000000000e+00 0.000000000000000000e+00 -1.000000000000000000e+00 -1.000000000000000000e+00
1.660000000000000000e+02 4.495415044206591119e+04 1.397717258207240754e+01 -4.535389289793030632e-02 1.836391751236512437e+00 8.695981857518506053e-03 3.380313314921393891e-02 0.000000000000000000e+00 1.000000000000000000e+00 1.000000000000000000e+00 0.000000000000000000e+00 0.000000000000000000e+00 -1.000000000000000000e+00 -1.000000000000000000e+00
1.670000000000000000e+02 1.653245768441372275e+04 1.282738581889669582e+01 1.595563241764564322e-01 8.850292873567966456e-01 -1.337273982444804783e-02 1.000000000000000021e-02 0.000000000000000000e+00 1.000000000000000000e+00 1.000000000000000000e+00 0.000000000000000000e+00 0.000000000000000000e+00 -1.000000000000000000e+00 -1.000000000000000000e+00
1.690000000000000000e+02 2.720429362416805088e+04 1.262067374904438211e+01 -2.607179824926073586e-01 2.083968952132317476e+00 2.779281448913430153e-02 1.000000000000000021e-02 1.570796326794896558e+00 1.000000000000000000e+00 1.000000000000000000e+00 0.000000000000000000e+00 0.000000000000000000e+00 -1.000000000000000000e+00 -1.000000000000000000e+00
1.700000000000000000e+02 1.712765841326841110e+04 1.340425755870338698e+01 -1.028036106491291707e-02 1.013706500731067495e+00 3.172275171434120633e+00 1.000000000000000021e-02 0.000000000000000000e+00 1.000000000000000000e+00 1.000000000000000000e+00 0.000000000000000000e+00 0.000000000000000000e+00 -1.000000000000000000e+00 -1.000000000000000000e+00
1.710000000000000000e+02 5.686564303246846066e+02 2.701987411555406382e+01 4.794951541848475884e-02 6.475385674225518917e-01 3.129168489222529992e+00 2.952103677233374954e-02 0.000000000000000000e+00 1.000000000000000000e+00 1.000000000000000000e+00 0.000000000000000000e+00 0.000000000000000000e+00 -1.000000000000000000e+00 -1.000000000000000000e+00
1.730000000000000000e+02 4.813578954745769443e+04 2.898434314480455498e+01 4.583448823883196077e-02 8.044779993529184159e-01 3.118408732485949741e+00 1.184986920029289410e-02 0.000000000000000000e+00 1.000000000000000000e+00 1.000000000000000000e+00 0.000000000000000000e+00 0.000000000000000000e+00 -1.000000000000000000e+00 -1.000000000000000000e+00
1.760000000000000000e+02 5.000000000000000000e+04 1.771470351864893189e+01 -4.549967301185313395e-02 1.228724455022267348e+00 3.169060572391422248e+00 1.084020100237619300e-01 0.000000000000000000e+00 1.000000000000000000e+00 1.000000000000000000e+00 0.000000000000000000e+00 0.000000000000000000e+00 -1.000000000000000000e+00 -1.000000000000000000e+00
1.770000000000000000e+02 4.635756789919044240e+04 1.475774584136543766e+01 -7.845300790669908209e-02 3.100000000000000089e+00 3.105459834543313757e+00 2.168867656487094911e-02 0.000000000000000000e+00 1.000000000000000000e+00 1.000000000000000000e+00 0.000000000000000000e+00 0.000000000000000000e+00 -1.000000000000000000e+00 -1.000000000000000000e+00
1.780000000000000000e+02 5.000000000000000000e+04 1.061854043734829389e+01 -1.374957436887757345e-01 2.403287041553281433e+00 3.137068637106744440e+00 3.493222592367691004e-02 1.570796326794896558e+00 1.000000000000000000e+00 1.000000000000000000e+00 0.000000000000000000e+00 0.000000000000000000e+00 -1.000000000000000000e+00 -1.000000000000000000e+00
1.790000000000000000e+02 3.420155247817071358e+04 2.615783080283849671e+01 -2.311893732350682185e-01 2.794492506152660205e+00 2.519782568278939455e-02 1.778192755040306286e-02 1.570796326794896558e+00 1.000000000000000000e+00 1.000000000000000000e+00 0.000000000000000000e+00 0.000000000000000000e+00 -1.000000000000000000e+00 -1.000000000000000000e+00
1.810000000000000000e+02 3.325941674649158085e+04 3.684495591093300959e+01 -1.251351541073375817e-01 2.112292170905827771e+00 1.252508691380593321e-02 1.704845108259194636e-02 0.000000000000000000e+00 1.000000000000000000e+00 1.000000000000000000e+00 0.000000000000000000e+00 0.000000000000000000e+00 -1.000000000000000000e+00 -1.000000000000000000e+00
1.870000000000000000e+02 3.303761301786053809e+04 2.542856488152167316e+01 -2.089962550070351144e-02 8.517225499260353550e-01 1.461211858071450936e-03 8.180343187224953239e-02 0.000000000000000000e+00 1.000000000000000000e+00 1.000000000000000000e+00 0.000000000000000000e+00 0.000000000000000000e+00 -1.000000000000000000e+00 -1.000000000000000000e+00
1.910000000000000000e+02 3.386837129556564469e+04 1.600315976337714829e+01 -1.030968260254939983e-01 2.606669555563675633e+00 3.107475972397645503e+00 7.230555584978863581e-02 0.000000000000000000e+00 1.000000000000000000e+00 1.000000000000000000e+00 0.000000000000000000e+00 0.000000000000000000e+00 -1.000000000000000000e+00 -1.000000000000000000e+00
1.930000000000000000e+02 5.000000000000000000e+04 1.496710893101834294e+01 3.364054482366350858e-03 1.765138251149675153e+00 -1.063939379164027289e-02 3.344291790116513813e-02 1.570796326794896558e+00 1.000000000000000000e+00 1.000000000000000000e+00 0.000000000000000000e+00 0.000000000000000000e+00 -1.000000000000000000e+00 -1.000000000000000000e+00
1.940000000000000000e+02 5.000000000000000000e+04 2.322579229858828853e+01 -8.245075666648166157e-02 2.097051258330702161e+00 3.110399429742795263e+00 1.533847607942422087e-02 1.570796326794896558e+00 1.000000000000000000e+00 1.000000000000000000e+00 0.000000000000000000e+00 0.000000000000000000e+00 -1.000000000000000000e+00 -1.000000000000000000e+00
1.950000000000000000e+02 3.815583958822135173e+04 2.000099934101613641e+01 -6.459410495921144579e-02 2.009370378736159424e+00 3.126214750095643424e+00 4.717135611534885309e-02 1.570796326794896558e+00 1.000000000000000000e+00 1.000000000000000000e+00 0.000000000000000000e+00 0.000000000000000000e+00 -1.000000000000000000e+00 -1.000000000000000000e+00
1.980000000000000000e+02 3.310379573916604568e+04 1.948220891253274090e+01 -2.490644779816121035e-01 2.332114074679222160e+00 -3.383987662264972135e-02 2.884789409591628426e-02 1.570796326794896558e+00 1.000000000000000000e+00 1.000000000000000000e+00 0.000000000000000000e+00 0.000000000000000000e+00 -1.000000000000000000e+00 -1.000000000000000000e+00
2.000000000000000000e+02 3.122020058600864286e+04 1.049016660604475071e+01 -2.276302398162210680e-04 1.981789943060844328e+00 1.462008387309917702e-02 1.498833609074706925e-02 1.570796326794896558e+00 1.000000000000000000e+00 1.000000000000000000e+00 0.000000000000000000e+00 0.000000000000000000e+00 -1.000000000000000000e+00 -1.000000000000000000e+00
3.650000000000000000e+02 3.593769096228941180e+02 1.465715740898643915e+01 -2.455311137739509680e-02 1.264210890670309784e+00 0.000000000000000000e+00 1.193788003664926142e-02 -1.000000000000000000e+00 1.000000000000000000e+00 1.000000000000000000e+00 8.300000000000000000e+01 0.000000000000000000e+00 -1.000000000000000000e+00 -1.000000000000000000e+00
4.000000000000000000e+00 1.210377687340030752e+04 1.099019773690467261e+01 -1.718161515933646633e-01 2.205883545815686464e+00 0.000000000000000000e+00 2.268699695136848493e-02 1.570796326794896558e+00 1.000000000000000000e+00 1.000000000000000000e+00 0.000000000000000000e+00 0.000000000000000000e+00 -1.000000000000000000e+00 -1.000000000000000000e+00
9.000000000000000000e+00 3.066803108888422867e+04 1.319454220881014628e+01 -2.579176970152017856e-01 3.080121774389755540e+00 0.000000000000000000e+00 3.942161000048659963e-02 1.570796326794896558e+00 1.000000000000000000e+00 1.000000000000000000e+00 0.000000000000000000e+00 0.000000000000000000e+00 -1.000000000000000000e+00 -1.000000000000000000e+00
1.100000000000000000e+01 4.663068097635896993e+04 1.975176384173414590e+01 -4.603528285348086613e-02 2.004386337155972697e+00 0.000000000000000000e+00 3.307208420170111574e-02 1.570796326794896558e+00 1.000000000000000000e+00 1.000000000000000000e+00 0.000000000000000000e+00 0.000000000000000000e+00 -1.000000000000000000e+00 -1.000000000000000000e+00
1.400000000000000000e+01 4.334758657584703906e+04 1.118864943451898064e+01 -3.618823206031845235e-02 1.736104203778365829e+00 3.516368366078589935e-02 1.282117158901471821e-01 1.570796326794896558e+00 1.000000000000000000e+00 1.000000000000000000e+00 0.000000000000000000e+00 0.000000000000000000e+00 -1.000000000000000000e+00 -1.000000000000000000e+00
1.700000000000000000e+01 2.017347718629208248e+04 1.059513067706388334e+01 -2.103389773365031690e-02 2.001661211706641019e+00 8.656022658715501611e-03 1.303123815680137972e-02 1.570796326794896558e+00 1.000000000000000000e+00 1.000000000000000000e+00 0.000000000000000000e+00 0.000000000000000000e+00 -1.000000000000000000e+00 -1.000000000000000000e+00
3.900000000000000000e+01 7.156004290873638638e+02 1.881078952281729855e+01 6.093998395575095373e-02 1.401830341458459861e+00 9.972022150102283558e-03 1.000000000000000056e-01 1.570796326794896558e+00 1.000000000000000000e+00 1.000000000000000000e+00 0.000000000000000000e+00 0.000000000000000000e+00 -1.000000000000000000e+00 -1.000000000000000000e+00
6.100000000000000000e+01 2.198043977868924412e+04 2.003150164959138380e+01 3.260499009880241106e-02 1.831368176911210677e+00 0.000000000000000000e+00 1.000000000000000021e-02 1.570796326794896558e+00 1.000000000000000000e+00 1.000000000000000000e+00 0.000000000000000000e+00 0.000000000000000000e+00 -1.000000000000000000e+00 -1.000000000000000000e+00
7.000000000000000000e+01 3.375143340942785289e+04 1.216059245832326496e+01 2.511052584493006501e-02 1.261351863298717069e+00 1.388283382232697975e-02 3.026780438761404041e-02 1.570796326794896558e+00 1.000000000000000000e+00 1.000000000000000000e+00 0.000000000000000000e+00 0.000000000000000000e+00 -1.000000000000000000e+00 -1.000000000000000000e+00
7.200000000000000000e+01 3.129705555626569549e+04 1.020899871912096835e+01 -1.300907980549904364e-01 3.100000000000000089e+00 0.000000000000000000e+00 2.311705776993706191e-02 1.570796326794896558e+00 1.000000000000000000e+00 1.000000000000000000e+00 0.000000000000000000e+00 0.000000000000000000e+00 -1.000000000000000000e+00 -1.000000000000000000e+00
8.000000000000000000e+01 4.620899243651548022e+04 1.294870793285364208e+01 -6.906477767998572825e-02 1.724196279137379939e+00 1.315431309292134331e-02 5.790226169587963517e-02 1.570796326794896558e+00 1.000000000000000000e+00 1.000000000000000000e+00 0.000000000000000000e+00 0.000000000000000000e+00 -1.000000000000000000e+00 -1.000000000000000000e+00
8.100000000000000000e+01 3.455429140414983704e+04 1.542039489282985620e+01 -7.343972637772162859e-02 3.100000000000000089e+00 1.901630787398991135e-02 2.763232441752318594e-02 1.570796326794896558e+00 1.000000000000000000e+00 1.000000000000000000e+00 0.000000000000000000e+00 0.000000000000000000e+00 -1.000000000000000000e+00 -1.000000000000000000e+00
8.600000000000000000e+01 2.374374552977621352e+04 2.164411224270633483e+01 6.509833060796943460e-02 1.424034108507462371e+00 7.647030110673690671e-03 1.300960769913422216e-02 1.570796326794896558e+00 1.000000000000000000e+00 1.000000000000000000e+00 0.000000000000000000e+00 0.000000000000000000e+00 -1.000000000000000000e+00 -1.000000000000000000e+00
9.700000000000000000e+01 1.799575295559563892e+04 3.274838277715359425e+01 -2.448034707233512908e-01 2.469644301447350809e+00 1.178009712214303159e-02 1.000000000000000021e-02 1.570796326794896558e+00 1.000000000000000000e+00 1.000000000000000000e+00 0.000000000000000000e+00 0.000000000000000000e+00 -1.000000000000000000e+00 -1.000000000000000000e+00
9.800000000000000000e+01 4.141377874071244878e+04 2.095340216268974842e+01 1.874735843803229662e-02 1.311854049486749885e+00 0.000000000000000000e+00 1.312641043223166694e-02 1.570796326794896558e+00 1.000000000000000000e+00 1.000000000000000000e+00 0.000000000000000000e+00 0.000000000000000000e+00 -1.000000000000000000e+00 -1.000000000000000000e+00
1.200000000000000000e+02 5.000000000000000000e+04 1.372883188930004295e+01 1.272161170022205468e-01 5.580973716809917162e-01 1.045365781202513842e-03 1.725675886734255940e-02 1.570796326794896558e+00 1.000000000000000000e+00 1.000000000000000000e+00 0.000000000000000000e+00 0.000000000000000000e+00 -1.000000000000000000e+00 -1.000000000000000000e+00
1.340000000000000000e+02 4.007735723625270475e+04 1.999153394477846746e+01 -5.044493061694360625e-02 1.488970423642451912e+00 0.000000000000000000e+00 6.918613672664206127e-02 1.570796326794896558e+00 1.000000000000000000e+00 1.000000000000000000e+00 0.000000000000000000e+00 0.000000000000000000e+00 -1.000000000000000000e+00 -1.000000000000000000e+00
1.440000000000000000e+02 3.062878704068326988e+04 1.151382835167695617e+01 1.032191159723274687e-01 2.015746589859339633e+00 0.000000000000000000e+00 9.754768013647459324e-02 1.570796326794896558e+00 1.000000000000000000e+00 1.000000000000000000e+00 0.000000000000000000e+00 0.000000000000000000e+00 -1.000000000000000000e+00 -1.000000000000000000e+00
1.480000000000000000e+02 3.803393736713533144e+04 3.537339376501101640e+01 -5.909857331389938712e-02 1.127088794426783780e+00 2.372631194217020290e-02 3.200402238676660488e-02 1.570796326794896558e+00 1.000000000000000000e+00 1.000000000000000000e+00 0.000000000000000000e+00 0.000000000000000000e+00 -1.000000000000000000e+00 -1.000000000000000000e+00
1.750000000000000000e+02 5.630171930596401353e+02 2.415777655731618268e+01 -9.528557920110730661e-02 2.184902117776156505e+00 1.507241935866349830e-02 2.487265738677133312e-02 1.570796326794896558e+00 1.000000000000000000e+00 1.000000000000000000e+00 0.000000000000000000e+00 0.000000000000000000e+00 -1.000000000000000000e+00 -1.000000000000000000e+00
1.990000000000000000e+02 4.188405738451877551e+04 2.677664183233297024e+01 4.924043497152792714e-02 1.011720957039222490e+00 0.000000000000000000e+00 6.845841440291026980e-02 1.570796326794896558e+00 1.000000000000000000e+00 1.000000000000000000e+00 0.000000000000000000e+00 0.000000000000000000e+00 -1.000000000000000000e+00 -1.000000000000000000e+00
2.500000000000000000e+01 9.753234021162967110e+03 1.591105532485410023e+01 -9.461708817924475989e-02 2.620116383159484474e+00 0.000000000000000000e+00 4.748496691997417668e-02 0.000000000000000000e+00 1.000000000000000000e+00 1.000000000000000000e+00 0.000000000000000000e+00 0.000000000000000000e+00 -1.000000000000000000e+00 -1.000000000000000000e+00
3.800000000000000000e+01 8.470820305342387655e+03 1.236882380323269004e+01 -7.153333553081242524e-02 3.100000000000000089e+00 0.000000000000000000e+00 3.341148907898412734e-02 0.000000000000000000e+00 1.000000000000000000e+00 1.000000000000000000e+00 0.000000000000000000e+00 0.000000000000000000e+00 -1.000000000000000000e+00 -1.000000000000000000e+00
4.200000000000000000e+01 6.129057959519484484e+02 1.185073806145092234e+01 -1.066648766705597523e-02 1.218153540794107093e+00 0.000000000000000000e+00 1.503126978224456414e-02 0.000000000000000000e+00 1.000000000000000000e+00 1.000000000000000000e+00 0.000000000000000000e+00 0.000000000000000000e+00 -1.000000000000000000e+00 -1.000000000000000000e+00
5.500000000000000000e+01 6.795558110893459798e+02 3.501978417571434221e+01 -7.598978970937822486e-03 1.805081134681011834e+00 0.000000000000000000e+00 9.000000000000001055e-02 0.000000000000000000e+00 1.000000000000000000e+00 1.000000000000000000e+00 0.000000000000000000e+00 0.000000000000000000e+00 -1.000000000000000000e+00 -1.000000000000000000e+00
5.900000000000000000e+01 1.136727833288875445e+04 2.808437585545530624e+01 9.302237085560688401e-02 1.442605622961220968e+00 0.000000000000000000e+00 1.000000000000000021e-02 0.000000000000000000e+00 1.000000000000000000e+00 1.000000000000000000e+00 0.000000000000000000e+00 0.000000000000000000e+00 -1.000000000000000000e+00 -1.000000000000000000e+00
6.900000000000000000e+01 1.138150029165982050e+04 1.303869859150845301e+01 -2.540339897268294872e-02 1.893833962397641235e+00 0.000000000000000000e+00 1.000000000000000056e-01 0.000000000000000000e+00 1.000000000000000000e+00 1.000000000000000000e+00 0.000000000000000000e+00 0.000000000000000000e+00 -1.000000000000000000e+00 -1.000000000000000000e+00
8.400000000000000000e+01 3.805518895771561802e+03 1.075436018576988673e+01 -1.156189610544255258e-01 2.268151053074571877e+00 0.000000000000000000e+00 9.000000000000001055e-02 0.000000000000000000e+00 1.000000000000000000e+00 1.000000000000000000e+00 0.000000000000000000e+00 0.000000000000000000e+00 -1.000000000000000000e+00 -1.000000000000000000e+00
9.300000000000000000e+01 7.039649112920360494e+03 1.164569428494406189e+01 -8.686249081492676549e-02 2.766266729361647858e+00 0.000000000000000000e+00 2.592099248684800322e-02 0.000000000000000000e+00 1.000000000000000000e+00 1.000000000000000000e+00 0.000000000000000000e+00 0.000000000000000000e+00 -1.000000000000000000e+00 -1.000000000000000000e+00
1.150000000000000000e+02 8.093828423251745335e+03 1.056334028672868897e+01 -7.809995871186097005e-02 3.086040000000000116e+00 0.000000000000000000e+00 9.000000000000001055e-02 0.000000000000000000e+00 1.000000000000000000e+00 1.000000000000000000e+00 0.000000000000000000e+00 0.000000000000000000e+00 -1.000000000000000000e+00 -1.000000000000000000e+00
1.240000000000000000e+02 8.455998404178004648e+02 1.871959327295538245e+01 1.420704268154081296e-02 1.482132687415430805e+00 0.000000000000000000e+00 9.000000000000001055e-02 0.000000000000000000e+00 1.000000000000000000e+00 1.000000000000000000e+00 0.000000000000000000e+00 0.000000000000000000e+00 -1.000000000000000000e+00 -1.000000000000000000e+00
1.260000000000000000e+02 5.455768854332911360e+03 1.189267868193329214e+01 -1.282302771901457084e-01 2.784901616611079156e+00 0.000000000000000000e+00 1.000000000000000021e-02 0.000000000000000000e+00 1.000000000000000000e+00 1.000000000000000000e+00 0.000000000000000000e+00 0.000000000000000000e+00 -1.000000000000000000e+00 -1.000000000000000000e+00
1.270000000000000000e+02 1.409674687116063251e+04 1.623833586287796749e+01 -2.123833767113157134e-01 2.340655175040108560e+00 0.000000000000000000e+00 1.069442571802039013e-02 0.000000000000000000e+00 1.000000000000000000e+00 1.000000000000000000e+00 0.000000000000000000e+00 0.000000000000000000e+00 -1.000000000000000000e+00 -1.000000000000000000e+00
1.330000000000000000e+02 9.018638380341593802e+03 1.137876909207690268e+01 6.862279959172199774e-03 1.888990884911703860e+00 0.000000000000000000e+00 1.000000000000000021e-02 0.000000000000000000e+00 1.000000000000000000e+00 1.000000000000000000e+00 0.000000000000000000e+00 0.000000000000000000e+00 -1.000000000000000000e+00 -1.000000000000000000e+00
1.350000000000000000e+02 5.575326693337330653e+03 1.268421100984149597e+01 -1.536241719320902838e-02 1.099716744275634595e+00 0.000000000000000000e+00 9.000000000000001055e-02 0.000000000000000000e+00 1.000000000000000000e+00 1.000000000000000000e+00 0.000000000000000000e+00 0.000000000000000000e+00 -1.000000000000000000e+00 -1.000000000000000000e+00
1.460000000000000000e+02 2.605722050448438040e+03 1.612087884673933047e+01 -6.367732106357872068e-02 1.946214652510381171e+00 0.000000000000000000e+00 9.000000000000001055e-02 0.000000000000000000e+00 1.000000000000000000e+00 1.000000000000000000e+00 0.000000000000000000e+00 0.000000000000000000e+00 -1.000000000000000000e+00 -1.000000000000000000e+00
1.590000000000000000e+02 8.814500376978687200e+03 1.319310474871673122e+01 -1.997994713836492853e-01 2.562348769474052101e+00 0.000000000000000000e+00 3.340563305996730598e-02 0.000000000000000000e+00 1.000000000000000000e+00 1.000000000000000000e+00 0.000000000000000000e+00 0.000000000000000000e+00 -1.000000000000000000e+00 -1.000000000000000000e+00
1.820000000000000000e+02 6.433253464806020929e+03 1.674031999951360206e+01 -1.066899786590651822e-01 2.160029923363038229e+00 0.000000000000000000e+00 1.161394403451903798e-02 0.000000000000000000e+00 1.000000000000000000e+00 1.000000000000000000e+00 0.000000000000000000e+00 0.000000000000000000e+00 -1.000000000000000000e+00 -1.000000000000000000e+00
1.850000000000000000e+02 3.939220104380694465e+03 2.130111086131003972e+01 -1.285325145290333315e-01 3.100000000000000089e+00 0.000000000000000000e+00 9.000000000000001055e-02 0.000000000000000000e+00 1.000000000000000000e+00 1.000000000000000000e+00 0.000000000000000000e+00 0.000000000000000000e+00 -1.000000000000000000e+00 -1.000000000000000000e+00
1.890000000000000000e+02 9.213743314584202381e+03 1.075800498458383814e+01 -5.800924649280414513e-02 1.141235169715971054e+00 0.000000000000000000e+00 9.000000000000001055e-02 0.000000000000000000e+00 1.000000000000000000e+00 1.000000000000000000e+00 0.000000000000000000e+00 0.000000000000000000e+00 -1.000000000000000000e+00 -1.000000000000000000e+00
3.660000000000000000e+02 7.464588336850902124e+02 3.515125110289409349e+01 4.716107369086133816e-02 7.652311603639528892e-01 0.000000000000000000e+00 9.000000000000001055e-02 -1.000000000000000000e+00 1.000000000000000000e+00 1.000000000000000000e+00 8.300000000000000000e+01 1.000000000000000000e+05 -1.000000000000000000e+00 -1.000000000000000000e+00
3.670000000000000000e+02 7.680923361128441229e+02 1.453114881921090884e+01 -3.577831837603196591e-02 4.581802401359163501e-01 0.000000000000000000e+00 2.987308773875342952e-02 -1.000000000000000000e+00 1.000000000000000000e+00 1.000000000000000000e+00 8.300000000000000000e+01 2.000000000000000000e+05 -1.000000000000000000e+00 -1.000000000000000000e+00
3.690000000000000000e+02 1.129631306994827327e+02 1.439741132815922953e+01 -4.512628348004305706e-02 3.100000000000000089e+00 0.000000000000000000e+00 8.198821142815183871e-02 -1.000000000000000000e+00 1.000000000000000000e+00 1.000000000000000000e+00 8.300000000000000000e+01 3.000000000000000000e+05 -1.000000000000000000e+00 -1.000000000000000000e+00
3.710000000000000000e+02 7.749082643684934055e+02 1.795689047291572038e+01 3.235943932345190094e-02 7.148035315513386889e-01 0.000000000000000000e+00 1.068008022494431296e-02 -1.000000000000000000e+00 1.000000000000000000e+00 1.000000000000000000e+00 8.300000000000000000e+01 4.000000000000000000e+05 -1.000000000000000000e+00 -1.000000000000000000e+00
3.680000000000000000e+02 4.214929489677885431e+04 7.615986255378608405e+01 6.918738898485382594e-01 0.000000000000000000e+00 0.000000000000000000e+00 4.103026393140576933e-02 -1.000000000000000000e+00 1.000000000000000000e+00 2.000000000000000000e+00 8.300000000000000000e+01 4.600000000000000000e+05 -1.000000000000000000e+00 -1.000000000000000000e+00
3.720000000000000000e+02 4.351096862696432481e+02 1.595743991359453240e+01 -2.041517391258033109e-01 2.770673141076745338e+00 0.000000000000000000e+00 7.230883120562198174e-02 -1.000000000000000000e+00 1.000000000000000000e+00 1.000000000000000000e+00 8.300000000000000000e+01 5.000000000000000000e+05 -1.000000000000000000e+00 -1.000000000000000000e+00
3.750000000000000000e+02 6.908358568904135382e+02 2.783419951287425320e+01 6.296821815710874903e-02 5.943149774036764477e-01 0.000000000000000000e+00 9.000000000000001055e-02 -1.000000000000000000e+00 1.000000000000000000e+00 1.000000000000000000e+00 8.300000000000000000e+01 6.000000000000000000e+05 -1.000000000000000000e+00 -1.000000000000000000e+00
3.740000000000000000e+02 2.239940262056860593e+04 5.327281690615107124e+01 5.612540523081913646e-01 0.000000000000000000e+00 0.000000000000000000e+00 1.493262619869975723e-02 -1.000000000000000000e+00 1.000000000000000000e+00 2.000000000000000000e+00 8.300000000000000000e+01 6.100000000000000000e+05 -1.000000000000000000e+00 -1.000000000000000000e+00
3.760000000000000000e+02 3.923407815994222005e+02 1.199862805652572106e+01 1.881304138065246351e-02 1.025938345525188700e+00 0.000000000000000000e+00 1.000000000000000056e-01 -1.000000000000000000e+00 1.000000000000000000e+00 1.000000000000000000e+00 8.300000000000000000e+01 7.000000000000000000e+05 -1.000000000000000000e+00 -1.000000000000000000e+00
