# id_num orb_a mass spin spin_angle orb_inc orb_ecc orb_arg_periapse orb_ang_mom gen galaxy time_passed gw_freq gw_strain
0.000000000000000000e+00 5.000000000000000000e+04 1.313547473112441999e+01 1.070895106798956664e-02 1.193908300700344594e+00 -1.832396435000047466e-02 2.614740532367031481e-02 0.000000000000000000e+00 1.000000000000000000e+00 1.000000000000000000e+00 0.000000000000000000e+00 0.000000000000000000e+00 -1.000000000000000000e+00 -1.000000000000000000e+00
7.000000000000000000e+00 2.286906509918082520e+04 1.223954909637532040e+01 -1.391817768899440422e-01 3.087512434076546075e+00 -3.077141747190974622e-02 1.849262198938830468e-02 1.570796326794896558e+00 1.000000000000000000e+00 1.000000000000000000e+00 0.000000000000000000e+00 0.000000000000000000e+00 -1.000000000000000000e+00 -1.000000000000000000e+00
1.100000000000000000e+01 5.000000000000000000e+04 1.014342587306465759e+01 -1.464244445055140342e-01 2.324197210599889818e+00 3.167175100730318604e+00 6.256184733230830963e-02 0.000000000000000000e+00 1.000000000000000000e+00 1.000000000000000000e+00 0.000000000000000000e+00 0.000000000000000000e+00 -1.000000000000000000e+00 -1.000000000000000000e+00
1.300000000000000000e+01 2.130240726369361437e+04 1.991980869908151064e+01 5.009449146644290307e-02 5.075421367961531205e-01 3.132775187329925881e+00 2.015704839716576588e-02 0.000000000000000000e+00 1.000000000000000000e+00 1.000000000000000000e+00 0.000000000000000000e+00 0.000000000000000000e+00 -1.000000000000000000e+00 -1.000000000000000000e+00
1.400000000000000000e+01 4.828862153999476141e+04 1.184130448694126159e+01 -2.374143708684683246e-02 9.571894778681421245e-01 3.176980246008618280e+00 1.588274651582682884e-01 0.000000000000000000e+00 1.000000000000000000e+00 1.000000000000000000e+00 0.000000000000000000e+00 0.000000000000000000e+00 -1.000000000000000000e+00 -1.000000000000000000e+00
1.500000000000000000e+01 2.671738678117101153e+04 2.474784110809757465e+01 -9.570233197081443044e-02 3.065100000000000158e+00 1.679071559646772016e-02 9.000000000000001055e-02 1.570796326794896558e+00 1.000000000000000000e+00 1.000000000000000000e+00 0.000000000000000000e+00 0.000000000000000000e+00 -1.000000000000000000e+00 -1.000000000000000000e+00
1.700000000000000000e+01 1.605157616861280258e+04 1.039002204131936757e+01 -3.101754414373108365e-02 4.260062320152023796e-01 2.166878349764000955e-02 1.000000000000000056e-01 1.570796326794896558e+00 1.000000000000000000e+00 1.000000000000000000e+00 0.000000000000000000e+00 0.000000000000000000e+00 -1.000000000000000000e+00 -1.000000000000000000e+00
1.900000000000000000e+01 2.663258329352043438e+04 2.349438568212450562e+01 -7.636362881654452928e-02 2.071588676972402343e+00 3.117913862788446622e+00 3.136846244961106339e-02 0.000000000000000000e+00 1.000000000000000000e+00 1.000000000000000000e+00 0.000000000000000000e+00 0.000000000000000000e+00 -1.000000000000000000e+00 -1.000000000000000000e+00
2.100000000000000000e+01 2.767280696377992717e+04 1.955712153278368959e+01 4.849025595546003868e-03 5.593138685874573524e-01 3.172057088223029453e+00 1.270646204294747367e-02 0.000000000000000000e+00 1.000000000000000000e+00 1.000000000000000000e+00 0.000000000000000000e+00 0.000000000000000000e+00 -1.000000000000000000e+00 -1.000000000000000000e+00
2.400000000000000000e+01 3.782532751214926634e+02 1.201449426100214879e+01 6.961735917442164745e-02 4.432903469721663492e-01 2.456629068753924099e-03 1.250968405547079818e-02 1.570796326794896558e+00 1.000000000000000000e+00 1.000000000000000000e+00 0.000000000000000000e+00 0.000000000000000000e+00 -1.000000000000000000e+00 -1.000000000000000000e+00
2.500000000000000000e+01 2.550740422462284914e+04 1.144406093785941358e+01 9.017366319261918561e-02 1.435127870614464562e+00 3.168637626397170060e+00 8.196277277987101817e-02 1.570796326794896558e+00 1.000000000000000000e+00 1.000000000000000000e+00 0.000000000000000000e+00 0.000000000000000000e+00 -1.000000000000000000e+00 -1.000000000000000000e+00
2.700000000000000000e+01 3.534936106861655571e+04 3.433509203672789312e+01 1.345143946079533359e-01 8.633835560343180449e-01 -2.860364426054385484e-02 4.573479391355447787e-02 0.000000000000000000e+00 1.000000000000000000e+00 1.000000000000000000e+00 0.000000000000000000e+00 0.000000000000000000e+00 -1.000000000000000000e+00 -1.000000000000000000e+00
2.800000000000000000e+01 4.574733029127442592e+02 1.548676287210234470e+01 -2.791121740943269987e-03 6.386576214503925097e-01 3.150226932604212493e+00 5.166949650895188983e-02 1.570796326794896558e+00 1.000000000000000000e+00 1.000000000000000000e+00 0.000000000000000000e+00 0.000000000000000000e+00 -1.000000000000000000e+00 -1.000000000000000000e+00
3.100000000000000000e+01 5.000000000000000000e+04 1.882636264283159022e+01 -1.399779635173132586e-01 2.271027281621246896e+00 3.143159136386207475e+00 2.180248271732863063e-01 0.000000000000000000e+00 1.000000000000000000e+00 1.000000000000000000e+00 0.000000000000000000e+00 0.000000000000000000e+00 -1.000000000000000000e+00 -1.000000000000000000e+00
3.300000000000000000e+01 2.688490097636715291e+04 1.321782066171829229e+01 -1.154805275029053835e-01 2.335232937010261356e+00 3.107321310760290611e+00 2.259776258705735452e-02 0.000000000000000000e+00 1.000000000000000000e+00 1.000000000000000000e+00 0.000000000000000000e+00 0.000000000000000000e+00 -1.000000000000000000e+00 -1.000000000000000000e+00
3.400000000000000000e+01 4.075107855826149898e+04 1.490924321843485956e+01 -5.777133194888265516e-02 3.044652330882537949e+00 1.584715491904860806e-03 1.000000000000000056e-01 1.570796326794896558e+00 1.000000000000000000e+00 1.000000000000000000e+00 0.000000000000000000e+00 0.000000000000000000e+00 -1.000000000000000000e+00 -1.000000000000000000e+00
3.600000000000000000e+01 2.670088641204397572e+04 1.726901541592505396e+01 4.797820088394427751e-02 1.888079765583910774e+00 -2.430678284772707157e-02 4.240466589318424295e-02 0.000000000000000000e+00 1.000000000000000000e+00 1.000000000000000000e+00 0.000000000000000000e+00 0.000000000000000000e+00 -1.000000000000000000e+00 -1.000000000000000000e+00
3.700000000000000000e+01 4.566233846839293733e+02 1.433061106556722564e+01 -2.738940855924622553e-01 3.100000000000000089e+00 -7.406175673189082688e-03 8.902568482598888222e-02 0.000000000000000000e+00 1.000000000000000000e+00 1.000000000000000000e+00 0.000000000000000000e+00 0.000000000000000000e+00 -1.000000000000000000e+00 -1.000000000000000000e+00
3.800000000000000000e+01 5.000000000000000000e+04 1.840130097531680420e+01 -1.646859948009341268e-01 3.100000000000000089e+00 3.117296891104604395e+00 3.568292360750222741e-02 1.570796326794896558e+00 1.000000000000000000e+00 1.000000000000000000e+00 0.000000000000000000e+00 0.000000000000000000e+00 -1.000000000000000000e+00 -1.000000000000000000e+00
3.900000000000000000e+01 3.286362991856657027e+04 1.293517560764247598e+01 -1.654962473724175959e-02 1.499160997375562632e+00 1.464706521810565064e-02 1.199242117482921324e-02 0.000000000000000000e+00 1.000000000000000000e+00 1.000000000000000000e+00 0.000000000000000000e+00 0.000000000000000000e+00 -1.000000000000000000e+00 -1.000000000000000000e+00
4.100000000000000000e+01 2.291081604170908759e+04 3.539609117329320753e+01 3.761936010485748827e-02 5.855400979740131850e-01 3.144803988361974056e+00 1.000000000000000021e-02 0.000000000000000000e+00 1.000000000000000000e+00 1.000000000000000000e+00 0.000000000000000000e+00 0.000000000000000000e+00 -1.000000000000000000e+00 -1.000000000000000000e+00
4.200000000000000000e+01 5.000000000000000000e+04 1.592752194708292635e+01 -1.660418022040655583e-01 3.100000000000000089e+00 -7.950329969049801243e-03 2.332664667565178748e-02 0.000000000000000000e+00 1.000000000000000000e+00 1.000000000000000000e+00 0.000000000000000000e+00 0.000000000000000000e+00 -1.000000000000000000e+00 -1.000000000000000000e+00
4.300000000000000000e+01 3.701802150809522573e+04 1.843106132407791975e+01 3.429688729887922505e-02 5.495761775518270831e-01 -1.778956553159547621e-02 8.438065772099748174e-02 1.570796326794896558e+00 1.000000000000000000e+00 1.000000000000000000e+00 0.000000000000000000e+00 0.000000000000000000e+00 -1.000000000000000000e+00 -1.000000000000000000e+00
4.400000000000000000e+01 5.000000000000000000e+04 3.596389873823572714e+01 7.015675851293792786e-02 1.663693477723144021e+00 4.311179362681358262e-02 8.978894814324057949e-02 1.570796326794896558e+00 1.000000000000000000e+00 1.000000000000000000e+00 0.000000000000000000e+00 0.000000000000000000e+00 -1.000000000000000000e+00 -1.000000000000000000e+00
4.500000000000000000e+01 5.000000000000000000e+04 2.161118890836161910e+01 -7.444746752476741336e-02 2.104203786660268083e+00 3.103140347777081143e+00 4.260600405647322481e-02 1.570796326794896558e+00 1.000000000000000000e+00 1.000000000000000000e+00 0.000000000000000000e+00 0.000000000000000000e+00 -1.000000000000000000e+00 -1.000000000000000000e+00
4.800000000000000000e+01 5.000000000000000000e+04 3.564114486757466693e+01 4.048319195506790147e-02 1.315642094699049025e+00 1.389025161679847790e-02 3.328557630448160387e-02 1.570796326794896558e+00 1.000000000000000000e+00 1.000000000000000000e+00 0.000000000000000000e+00 0.000000000000000000e+00 -1.000000000000000000e+00 -1.000000000000000000e+00
4.900000000000000000e+01 3.380198522465459246e+04 1.876954098321764164e+01 1.138902429927555193e-01 1.676628323451165858e+00 -1.984314062721640251e-02 7.991428496092729816e-02 0.000000000000000000e+00 1.000000000000000000e+00 1.000000000000000000e+00 0.000000000000000000e+00 0.000000000000000000e+00 -1.000000000000000000e+00 -1.000000000000000000e+00
5.200000000000000000e+01 1.804715459784265113e+04 1.736079312676423214e+01 -1.966202130432453676e-01 2.345003327689740846e+00 -2.012821789604076622e-02 6.474281282614305355e-02 0.000000000000000000e+00 1.000000000000000000e+00 1.000000000000000000e+00 0.000000000000000000e+00 0.000000000000000000e+00 -1.000000000000000000e+00 -1.000000000000000000e+00
5.300000000000000000e+01 4.035836679242481478e+04 1.318233323502353116e+01 -4.024706453149003160e-02 9.576967582679301039e-01 3.155164672263237602e+00 1.356582040414217732e-02 0.000000000000000000e+00 1.000000000000000000e+00 1.000000000000000000e+00 0.000000000000000000e+00 0.000000000000000000e+00 -1.000000000000000000e+00 -1.000000000000000000e+00
5.400000000000000000e+01 4.990447943800992653e+04 1.245791140249514761e+01 -4.458990060948571366e-02 4.508001915556207329e-01 -3.550469430563459039e-02 3.398007382304278623e-02 1.570796326794896558e+00 1.000000000000000000e+00 1.000000000000000000e+00 0.000000000000000000e+00 0.000000000000000000e+00 -1.000000000000000000e+00 -1.000000000000000000e+00
5.500000000000000000e+01 5.000000000000000000e+04 1.098473165842876931e+01 -1.479895229367173826e-01 3.100000000000000089e+00 3.137719703762277046e+00 7.859635547000549949e-02 1.570796326794896558e+00 1.000000000000000000e+00 1.000000000000000000e+00 0.000000000000000000e+00 0.000000000000000000e+00 -1.000000000000000000e+00 -1.000000000000000000e+00
5.600000000000000000e+01 2.892877847412892879e+04 1.156072308864644071e+01 -1.531672613436348973e-01 3.100000000000000089e+00 7.906187405423479794e-03 2.129128400778252869e-02 0.000000000000000000e+00 1.000000000000000000e+00 1.000000000000000000e+00 0.000000000000000000e+00 0.000000000000000000e+00 -1.000000000000000000e+00 -1.000000000000000000e+00
5.800000000000000000e+01 3.666349927133276651e+04 1.080160547583770558e+01 3.201494586720279867e-02 1.035179792109446995e+00 1.302417260877814301e-03 1.227707944205088872e-02 0.000000000000000000e+00 1.000000000000000000e+00 1.000000000000000000e+00 0.000000000000000000e+00 0.000000000000000000e+00 -1.000000000000000000e+00 -1.000000000000000000e+00
6.000000000000000000e+01 1.895029122064642797e+04 2.140242184968743899e+01 -1.931219182328252904e-01 2.731525957868846444e+00 -2.482864312664072141e-03 9.000000000000001055e-02 0.000000000000000000e+00 1.000000000000000000e+00 1.000000000000000000e+00 0.000000000000000000e+00 0.000000000000000000e+00 -1.000000000000000000e+00 -1.000000000000000000e+00
6.100000000000000000e+01 2.622450623929887297e+04 2.556974437515952303e+01 3.525357784795275784e-02 9.350009498185281043e-01 -3.492255727724793285e-02 8.388448041080197315e-02 1.570796326794896558e+00 1.000000000000000000e+00 1.000000000000000000e+00 0.000000000000000000e+00 0.000000000000000000e+00 -1.000000000000000000e+00 -1.000000000000000000e+00
6.200000000000000000e+01 2.260122257335781796e+03 1.673002664721312271e+01 3.259418905720902482e-02 1.597318414982382029e+00 3.148531400981278150e+00 9.000000000000001055e-02 0.000000000000000000e+00 1.000000000000000000e+00 1.000000000000000000e+00 0.000000000000000000e+00 0.000000000000000000e+00 -1.000000000000000000e+00 -1.000000000000000000e+00
6.700000000000000000e+01 4.032378950465697562e+04 1.467295248360981219e+01 -4.447969742266265347e-02 1.814014459142757385e+00 3.164754904359353471e+00 1.284084334035389720e-02 0.000000000000000000e+00 1.000000000000000000e+00 1.000000000000000000e+00 0.000000000000000000e+00 0.000000000000000000e+00 -1.000000000000000000e+00 -1.000000000000000000e+00
6.800000000000000000e+01 5.000000000000000000e+04 2.609681393821839634e+01 -1.645526942699577500e-01 3.100000000000000089e+00 3.105324388906840483e+00 6.209844988264784371e-02 1.570796326794896558e+00 1.000000000000000000e+00 1.000000000000000000e+00 0.000000000000000000e+00 0.000000000000000000e+00 -1.000000000000000000e+00 -1.000000000000000000e+00
6.900000000000000000e+01 4.873726050501526856e+02 1.565150493123607234e+01 4.185514627629438600e-02 6.252835971996036912e-01 -6.442704554626620291e-03 1.571646439398824077e-02 1.570796326794896558e+00 1.000000000000000000e+00 1.000000000000000000e+00 0.000000000000000000e+00 0.000000000000000000e+00 -1.000000000000000000e+00 -1.000000000000000000e+00
7.100000000000000000e+01 1.004051700009905653e+04 1.060496036242795803e+01 4.246893645778249127e-02 1.146509946411553127e+00 -2.221610421923357614e-02 9.000000000000001055e-02 0.000000000000000000e+00 1.000000000000000000e+00 1.000000000000000000e+00 0.000000000000000000e+00 0.000000000000000000e+00 -1.000000000000000000e+00 -1.000000000000000000e+00
7.700000000000000000e+01 1.160489961495646094e+04 1.097445490780366839e+01 -5.873938791563291378e-02 2.980865946034310987e+00 1.526507176233191099e-02 5.388650407963332251e-02 0.000000000000000000e+00 1.000000000000000000e+00 1.000000000000000000e+00 0.000000000000000000e+00 0.000000000000000000e+00 -1.000000000000000000e+00 -1.000000000000000000e+00
7.800000000000000000e+01 5.512229963910880315e+02 1.817834665469011313e+01 4.267032822565848538e-02 1.569270331671678953e+00 3.144267193497991553e+00 1.000000000000000056e-01 1.570796326794896558e+00 1.000000000000000000e+00 1.000000000000000000e+00 0.000000000000000000e+00 0.000000000000000000e+00 -1.000000000000000000e+00 -1.000000000000000000e+00
7.900000000000000000e+01 3.492657579624007485e+04 3.328340825298603534e+01 -5.981543482780371512e-02 3.100000000000000089e+00 3.146625019874657259e+00 1.247257839352610732e-02 1.570796326794896558e+00 1.000000000000000000e+00 1.000000000000000000e+00 0.000000000000000000e+00 0.000000000000000000e+00 -1.000000000000000000e+00 -1.000000000000000000e+00
8.100000000000000000e+01 4.135389682383029140e+04 1.466595200616701433e+01 2.046169413017712158e-02 4.594840855102605426e-01 3.137986362857558831e+00 6.739049340723665682e-02 1.570796326794896558e+00 1.000000000000000000e+00 1.000000000000000000e+00 0.000000000000000000e+00 0.000000000000000000e+00 -1.000000000000000000e+00 -1.000000000000000000e+00
8.200000000000000000e+01 4.371696531332400627e+04 3.545119907454588315e+01 -1.400291415288348607e-01 3.090841328996476456e+00 3.149278135567898484e+00 3.411047284746163144e-02 0.000000000000000000e+00 1.000000000000000000e+00 1.000000000000000000e+00 0.000000000000000000e+00 0.000000000000000000e+00 -1.000000000000000000e+00 -1.000000000000000000e+00
8.400000000000000000e+01 5.590485821345490649e+02 3.873088622094299893e+01 -1.128944576582908421e-01 2.720838949919345051e+00 3.139486978314791621e+00 9.000000000000001055e-02 1.570796326794896558e+00 1.000000000000000000e+00 1.000000000000000000e+00 0.000000000000000000e+00 0.000000000000000000e+00 -1.000000000000000000e+00 -1.000000000000000000e+00
8.900000000000000000e+01 6.878280191884560963e+02 3.313034122018186167e+01 -4.736500902276599700e-02 9.452815500377904634e-01 3.144663603849997102e+00 9.000000000000001055e-02 1.570796326794896558e+00 1.000000000000000000e+00 1.000000000000000000e+00 0.000000000000000000e+00 0.000000000000000000e+00 -1.000000000000000000e+00 -1.000000000000000000e+00
9.000000000000000000e+01 5.702664317003731185e+02 2.073398557276611953e+01 -1.738984288526360666e-01 2.080189734481464381e+00 -1.252007685118959428e-02 1.034873594602267466e-02 1.570796326794896558e+00 1.000000000000000000e+00 1.000000000000000000e+00 0.000000000000000000e+00 0.000000000000000000e+00 -1.000000000000000000e+00 -1.000000000000000000e+00
9.300000000000000000e+01 5.308807553062187026e+02 1.063331501111202648e+01 -8.780901133388241409e-02 2.099914730084367243e+00 1.220376490723340535e-02 2.256220689647721669e-02 0.000000000000000000e+00 1.000000000000000000e+00 1.000000000000000000e+00 0.000000000000000000e+00 0.000000000000000000e+00 -1.000000000000000000e+00 -1.000000000000000000e+00
9.700000000000000000e+01 3.175649255896385876e+04 1.078443769387211404e+01 -1.345656394672678779e-01 2.794146460185391145e+00 3.156551197947194520e+00 2.470844668197210228e-02 1.570796326794896558e+00 1.000000000000000000e+00 1.000000000000000000e+00 0.000000000000000000e+00 0.000000000000000000e+00 -1.000000000000000000e+00 -1.000000000000000000e+00
9.900000000000000000e+01 5.293655619665044014e+02 1.447305948126568254e+01 -3.112540478915728701e-02 5.490660307184134226e-01 3.145448798959733505e+00 2.318061793702224510e-02 0.000000000000000000e+00 1.000000000000000000e+00 1.000000000000000000e+00 0.000000000000000000e+00 0.000000000000000000e+00 -1.000000000000000000e+00 -1.000000000000000000e+00
1.010000000000000000e+02 4.524014338016578404e+04 1.235195203179036305e+01 1.771592903190080115e-01 1.148517012883969235e+00 3.153012770445799973e+00 2.550755456644179242e-01 0.000000000000000000e+00 1.000000000000000000e+00 1.000000000000000000e+00 0.000000000000000000e+00 0.000000000000000000e+00 -1.000000000000000000e+00 -1.000000000000000000e+00
1.030000000000000000e+02 5.000000000000000000e+04 3.179145167171996533e+01 -1.252747930569652335e-01 2.191598406194295912e+00 3.098329809651436673e+00 3.701856204894331953e-02 0.000000000000000000e+00 1.000000000000000000e+00 1.000000000000000000e+00 0.000000000000000000e+00 0.000000000000000000e+00 -1.000000000000000000e+00 -1.000000000000000000e+00
1.040000000000000000e+02 2.093034742241174172e+04 3.451798232469911909e+01 1.061163020264025980e-01 1.748327388085968437e+00 -1.475954214781679012e-03 2.910701051948593951e-02 0.000000000000000000e+00 1.000000000000000000e+00 1.000000000000000000e+00 0.000000000000000000e+00 0.000000000000000000e+00 -1.000000000000000000e+00 -1.000000000000000000e+00
1.060000000000000000e+02 4.467851733281859924e+04 3.374572868071897602e+01 -3.375531370541858672e-03 1.035090330518168678e+00 3.144434758874231850e+00 2.191254725094776701e-02 1.570796326794896558e+00 1.000000000000000000e+00 1.000000000000000000e+00 0.000000000000000000e+00 0.000000000000000000e+00 -1.000000000000000000e+00 -1.000000000000000000e+00
1.080000000000000000e+02 5.000000000000000000e+04 1.497612087432171002e+01 -7.491891268883447974e-02 2.405084115790096622e+00 3.147938139212141717e+00 1.940679567834514840e-02 1.570796326794896558e+00 1.000000000000000000e+00 1.000000000000000000e+00 0.000000000000000000e+00 0.000000000000000000e+00 -1.000000000000000000e+00 -1.000000000000000000e+00
1.090000000000000000e+02 3.794641667042874906e+04 1.101349273828927089e+01 -1.995503509404738807e-01 2.683793237144650234e+00 3.098847046731161736e+00 7.863507645639158938e-02 0.000000000000000000e+00 1.000000000000000000e+00 1.000000000000000000e+00 0.000000000000000000e+00 0.000000000000000000e+00 -1.000000000000000000e+00 -1.000000000000000000e+00
1.150000000000000000e+02 1.331670722078176368e+04 1.484876379539071500e+01 -1.914369444957552957e-01 2.778463616684592630e+00 3.115313780458882409e+00 4.350394131346496662e-02 1.570796326794896558e+00 1.000000000000000000e+00 1.000000000000000000e+00 0.000000000000000000e+00 0.000000000000000000e+00 -1.000000000000000000e+00 -1.000000000000000000e+00
1.170000000000000000e+02 6.088689707395782307e+02 1.094505728465585115e+01 5.772788199963604754e-03 1.233089685254743273e+00 3.145613737000406918e+00 5.416541242207178336e-02 1.570796326794896558e+00 1.000000000000000000e+00 1.000000000000000000e+00 0.000000000000000000e+00 0.000000000000000000e+00 -1.000000000000000000e+00 -1.000000000000000000e+00
1.180000000000000000e+02 4.712813217680905655e+04 1.598598992119692497e+01 -1.246399181428912428e-01 2.405965330614268094e+00 -8.357708693994849586e-03 1.125920041200721006e-02 0.000000000000000000e+00 1.000000000000000000e+00 1.000000000000000000e+00 0.000000000000000000e+00 0.000000000000000000e+00 -1.000000000000000000e+00 -1.000000000000000000e+00
1.190000000000000000e+02 5.000000000000000000e+04 2.048308006285014926e+01 -2.503096878141574007e-03 4.191830782232862651e-01 3.095112019759233668e+00 1.522678580038538954e-02 0.000000000000000000e+00 1.000000000000000000e+00 1.000000000000000000e+00 0.000000000000000000e+00 0.000000000000000000e+00 -1.000000000000000000e+00 -1.000000000000000000e+00
1.200000000000000000e+02 2.054068847762937366e+04 1.092561099609326725e+01 -1.172106072463088844e-01 2.323330320687906347e+00 3.117482372626431797e+00 4.997897516942884089e-02 0.000000000000000000e+00 1.000000000000000000e+00 1.000000000000000000e+00 0.000000000000000000e+00 0.000000000000000000e+00 -1.000000000000000000e+00 -1.000000000000000000e+00
1.240000000000000000e+02 2.807970032881203952e+04 1.048968420362913001e+01 -4.776141543550180973e-02 2.517937592041195050e+00 1.255448865599478533e-02 5.051063876746871018e-02 1.570796326794896558e+00 1.000000000000000000e+00 1.000000000000000000e+00 0.000000000000000000e+00 0.000000000000000000e+00 -1.000000000000000000e+00 -1.000000000000000000e+00
1.290000000000000000e+02 1.818094062848464819e+04 1.175078029368385124e+01 -7.522850745520380522e-02 3.093020000000000103e+00 4.907741313170514447e-04 8.322072360347265718e-02 0.000000000000000000e+00 1.000000000000000000e+00 1.000000000000000000e+00 0.000000000000000000e+00 0.000000000000000000e+00 -1.000000000000000000e+00 -1.000000000000000000e+00
1.300000000000000000e+02 4.760533201281607762e+04 2.335120653653216038e+01 1.189106980111506451e-01 1.534982060298561990e+00 3.255159662660610936e-02 5.983110282651465939e-02 1.570796326794896558e+00 1.000000000000000000e+00 1.000000000000000000e+00 0.000000000000000000e+00 0.000000000000000000e+00 -1.000000000000000000e+00 -1.000000000000000000e+00
1.310000000000000000e+02 9.843350169024275601e+03 1.347529537415344336e+01 1.636337048098525093e-01 1.619682405656126090e+00 -2.053286808349246914e-02 1.000000000000000021e-02 0.000000000000000000e+00 1.000000000000000000e+00 1.000000000000000000e+00 0.000000000000000000e+00 0.000000000000000000e+00 -1.000000000000000000e+00 -1.000000000000000000e+00
1.330000000000000000e+02 2.995690625746436854e+04 1.308396571039645018e+01 -6.965355372098333553e-02 2.490700033149338299e+00 -1.088773840382547056e-02 2.122452137865481203e-02 0.000000000000000000e+00 1.000000000000000000e+00 1.000000000000000000e+00 0.000000000000000000e+00 0.000000000000000000e+00 -1.000000000000000000e+00 -1.000000000000000000e+00
1.350000000000000000e+02 2.494647415516733599e+04 1.385914625369118980e+01 8.531761657130869370e-03 1.276291901487382585e+00 -1.575440082067305209e-02 3.465094758769846073e-02 1.570796326794896558e+00 1.000000000000000000e+00 1.000000000000000000e+00 0.000000000000000000e+00 0.000000000000000000e+00 -1.000000000000000000e+00 -1.000000000000000000e+00
1.360000000000000000e+02 3.353086771835247782e+04 2.322833009608632437e+01 -1.059169748482970130e-02 8.054091208372774480e-01 3.136958452544719389e+00 1.116195535232088372e-02 0.000000000000000000e+00 1.000000000000000000e+00 1.000000000000000000e+00 0.000000000000000000e+00 0.000000000000000000e+00 -1.000000000000000000e+00 -1.000000000000000000e+00
1.380000000000000000e+02 6.042774248535282595e+02 1.913763451399331217e+01 -1.305949608401309470e-01 3.100000000000000089e+00 3.139329095728488284e+00 1.906721848059892907e-02 1.570796326794896558e+00 1.000000000000000000e+00 1.000000000000000000e+00 0.000000000000000000e+00 0.000000000000000000e+00 -1.000000000000000000e+00 -1.000000000000000000e+00
1.390000000000000000e+02 2.761529842757829465e+04 2.374235153018819844e+01 -1.758587575837430861e-01 2.689108175920264632e+00 3.146696025980388001e+00 7.155410025931496776e-02 1.570796326794896558e+00 1.000000000000000000e+00 1.000000000000000000e+00 0.000000000000000000e+00 0.000000000000000000e+00 -1.000000000000000000e+00 -1.000000000000000000e+00
1.420000000000000000e+02 3.957664876710668614e+04 1.127487101900525701e+01 6.940708863882289782e-03 9.277220595330512021e-01 3.135973094410015705e+00 9.489313500774960997e-02 0.000000000000000000e+00 1.000000000000000000e+00 1.000000000000000000e+00 0.000000000000000000e+00 0.000000000000000000e+00 -1.000000000000000000e+00 -1.000000000000000000e+00
1.470000000000000000e+02 3.023905172395092814e+04 1.067190893373660288e+01 -1.470722182862750360e-01 3.100000000000000089e+00 3.139040680879263689e+00 1.119281134990777193e-01 0.000000000000000000e+00 1.000000000000000000e+00 1.000000000000000000e+00 0.000000000000000000e+00 0.000000000000000000e+00 -1.000000000000000000e+00 -1.000000000000000000e+00
1.510000000000000000e+02 5.000000000000000000e+04 2.355491267489337659e+01 -3.384394181707207211e-02 1.675470258329461171e+00 3.100722648350582311e+00 9.674168500211248467e-02 0.000000000000000000e+00 1.000000000000000000e+00 1.000000000000000000e+00 0.000000000000000000e+00 0.000000000000000000e+00 -1.000000000000000000e+00 -1.000000000000000000e+00
1.520000000000000000e+02 3.444627868719203980e+04 1.422951268460112928e+01 4.024477353920004330e-02 1.798364328626931297e+00 2.516263738256181715e-02 3.539401760164649635e-02 1.570796326794896558e+00 1.000000000000000000e+00 1.000000000000000000e+00 0.000000000000000000e+00 0.000000000000000000e+00 -1.000000000000000000e+00 -1.000000000000000000e+00
1.540000000000000000e+02 2.406386109072251929e+04 1.015270982426294033e+01 -1.181604843317790587e-01 2.364733818184970193e+00 3.116298830101794426e+00 2.739459646906362497e-02 0.000000000000000000e+00 1.000000000000000000e+00 1.000000000000000000e+00 0.000000000000000000e+00 0.000000000000000000e+00 -1.000000000000000000e+00 -1.000000000000000000e+00
1.560000000000000000e+02 6.009536804062512374e+02 1.068095654898440294e+01 3.113308360624700288e-02 6.852043391993212218e-01 1.100547168320153936e-03 5.646103835901014611e-02 0.000000000000000000e+00 1.000000000000000000e+00 1.000000000000000000e+00 0.000000000000000000e+00 0.000000000000000000e+00 -1.000000000000000000e+00 -1.000000000000000000e+00
1.600000000000000000e+02 2.914113860714124894e+04 3.070047165057376404e+01 -2.364035343375862075e-01 2.142739474225856977e+00 -1.098574344862685449e-03 1.000000000000000021e-02 1.570796326794896558e+00 1.000000000000000000e+00 1.000000000000000000e+00 0.000000000000000000e+00 0.000000000000000000e+00 -1.000000000000000000e+00 -1.000000000000000000e+00
1.620000000000000000e+02 3.900847261764226278e+04 1.212517883623051596e+01 7.236169529510652100e-03 8.395845970420441340e-01 -5.247332477261755675e-03 6.118214662001542070e-02 0.000000000000000000e+00 1.000000000000000000e+00 1.000000000000000000e+00 0.000000000000000000e+00 0.000000000000000000e+00 -1.000000000000000000e+00 -1.000000000000000000e+00
1.630000000000000000e+02 1.738603614769166961e+04 1.132352110818016122e+01 1.473525236970612239e-03 6.856637782974791540e-01 -1.683320612998788317e-03 1.000000000000000021e-02 0.000000000000000000e+00 1.000000000000000000e+00 1.000000000000000000e+00 0.000000000000000000e+00 0.000000000000000000e+00 -1.000000000000000000e+00 -1.000000000000000000e+00
1.650000000000000000e+02 4.399045232808058063e+04 1.142539577328890488e+01 -1.630574460188871366e-01 2.565469205772907824e+00 3.108799303351632126e+00 8.997791160709797675e-02 1.570796326794896558e+00 1.000000000000000000e+00 1.000000000000000000e+00 0.000000000000000000e+00 0.000000000000000000e+00 -1.000000000000000000e+00 -1.000000000000000000e+00
1.690000000000000000e+02 1.620703339297450111e+04 1.923003981494436587e+01 8.802711411931284091e-02 6.282123766960705513e-01 -3.859390780440483809e-03 1.000000000000000056e-01 0.000000000000000000e+00 1.000000000000000000e+00 1.000000000000000000e+00 0.000000000000000000e+00 0.000000000000000000e+00 -1.000000000000000000e+00 -1.000000000000000000e+00
1.700000000000000000e+02 3.156343199296507737e+04 1.083792382915448016e+01 6.955923039308185840e-02 4.070423139437898685e-01 -1.741714593369663930e-02 5.950709372691802279e-02 1.570796326794896558e+00 1.000000000000000000e+00 1.000000000000000000e+00 0.000000000000000000e+00 0.000000000000000000e+00 -1.000000000000000000e+00 -1.000000000000000000e+00
1.710000000000000000e+02 4.864230105040546187e+04 2.929871112023459645e+01 -8.868164360616039021e-02 2.929340492509363791e+00 3.180315987958152846e+00 3.176716140129708099e-02 1.570796326794896558e+00 1.000000000000000000e+00 1.000000000000000000e+00 0.000000000000000000e+00 0.000000000000000000e+00 -1.000000000000000000e+00 -1.000000000000000000e+00
1.730000000000000000e+02 3.035408970710490030e+04 3.708712500628365660e+01 -1.173284873352991795e-02 3.918997021662361524e-01 3.130156072372302756e+00 5.431657027764563717e-02 1.570796326794896558e+00 1.000000000000000000e+00 1.000000000000000000e+00 0.000000000000000000e+00 0.000000000000000000e+00 -1.000000000000000000e+00 -1.000000000000000000e+00
1.740000000000000000e+02 4.627173011189229146e+04 1.737913416679337075e+01 -1.028298341061177762e-01 2.400363700121129096e+00 3.098856291386582917e+00 3.606113871320589664e-02 0.000000000000000000e+00 1.000000000000000000e+00 1.000000000000000000e+00 0.000000000000000000e+00 0.000000000000000000e+00 -1.000000000000000000e+00 -1.000000000000000000e+00
1.760000000000000000e+02 1.812706810113105530e+04 1.333650341710148624e+01 -7.002145173317080029e-02 3.100000000000000089e+00 1.521497953980582678e-02 1.252731901256958283e-02 1.570796326794896558e+00 1.000000000000000000e+00 1.000000000000000000e+00 0.000000000000000000e+00 0.000000000000000000e+00 -1.000000000000000000e+00 -1.000000000000000000e+00
1.790000000000000000e+02 3.455228656279334973e+04 3.736559748337262477e+01 1.720375735689960717e-02 8.710055361571144017e-01 2.134430840214926461e-02 2.070852827958915773e-02 1.570796326794896558e+00 1.000000000000000000e+00 1.000000000000000000e+00 0.000000000000000000e+00 0.000000000000000000e+00 -1.000000000000000000e+00 -1.000000000000000000e+00
1.800000000000000000e+02 3.492960325708873279e+04 1.229572060654031951e+01 2.303893496981895134e-02 1.440900685925387004e+00 3.165131732523080110e+00 1.000000000000000056e-01 0.000000000000000000e+00 1.000000000000000000e+00 1.000000000000000000e+00 0.000000000000000000e+00 0.000000000000000000e+00 -1.000000000000000000e+00 -1.000000000000000000e+00
1.840000000000000000e+02 7.735155133309412122e+03 1.160080017365730853e+01 9.978223917033421375e-02 2.766114607019298788e-01 3.155680396079740380e+00 3.077980057748596482e-02 1.570796326794896558e+00 1.000000000000000000e+00 1.000000000000000000e+00 0.000000000000000000e+00 0.000000000000000000e+00 -1.000000000000000000e+00 -1.000000000000000000e+00
1.850000000000000000e+02 9.137620374850748703e+03 1.701773274194971108e+01 1.060566762433129417e-02 1.092105107521047502e+00 3.130986688545030372e+00 1.000000000000000021e-02 0.000000000000000000e+00 1.000000000000000000e+00 1.000000000000000000e+00 0.000000000000000000e+00 0.000000000000000000e+00 -1.000000000000000000e+00 -1.000000000000000000e+00
1.870000000000000000e+02 4.304940646118608129e+04 2.934028599697479223e+01 -8.338814907573614821e-02 3.100000000000000089e+00 -1.862895148351827873e-02 2.094006008350369000e-02 0.000000000000000000e+00 1.000000000000000000e+00 1.000000000000000000e+00 0.000000000000000000e+00 0.000000000000000000e+00 -1.000000000000000000e+00 -1.000000000000000000e+00
1.910000000000000000e+02 3.302440621645496140e+04 1.084203615175640856e+01 5.282251707708701671e-02 6.937293240516135828e-01 3.391942038156589567e-02 2.297058941696286313e-02 1.570796326794896558e+00 1.000000000000000000e+00 1.000000000000000000e+00 0.000000000000000000e+00 0.000000000000000000e+00 -1.000000000000000000e+00 -1.000000000000000000e+00
1.930000000000000000e+02 2.393705543174493141e+04 1.112483682919263828e+01 -1.895336077866905389e-01 3.065100000000000158e+00 -1.668601992575423007e-02 1.000000000000000021e-02 0.000000000000000000e+00 1.000000000000000000e+00 1.000000000000000000e+00 0.000000000000000000e+00 0.000000000000000000e+00 -1.000000000000000000e+00 -1.000000000000000000e+00
1.940000000000000000e+02 4.124876572137376934e+04 1.253954258436740687e+01 -1.102441793058926284e-01 3.100000000000000089e+00 -9.084449817971840951e-03 1.738153671374488007e-01 0.000000000000000000e+00 1.000000000000000000e+00 1.000000000000000000e+00 0.000000000000000000e+00 0.000000000000000000e+00 -1.000000000000000000e+00 -1.000000000000000000e+00
1.950000000000000000e+02 2.161354541418339068e+04 1.358284204882444079e+01 -4.812912124801882290e-03 1.296432376089498906e+00 3.145440668185677691e+00 7.604015722947278511e-02 1.570796326794896558e+00 1.000000000000000000e+00 1.000000000000000000e+00 0.000000000000000000e+00 0.000000000000000000e+00 -1.000000000000000000e+00 -1.000000000000000000e+00
1.960000000000000000e+02 4.201449869460170157e+04 1.155968383999817206e+01 -2.117746985106176705e-02 4.028861858324050971e-01 3.128948914305095474e+00 1.022109689380579917e-01 0.000000000000000000e+00 1.000000000000000000e+00 1.000000000000000000e+00 0.000000000000000000e+00 0.000000000000000000e+00 -1.000000000000000000e+00 -1.000000000000000000e+00
1.970000000000000000e+02 4.652877190747170243e+04 1.854763887530733157e+01 -1.406420241842996910e-02 1.028889476240550938e+00 3.117312697375483665e+00 4.693776790854177483e-02 0.000000000000000000e+00 1.000000000000000000e+00 1.000000000000000000e+00 0.000000000000000000e+00 0.000000000000000000e+00 -1.000000000000000000e+00 -1.000000000000000000e+00
1.980000000000000000e+02 1.315564758274025735e+04 1.350100527383659177e+01 -1.071225619648358968e-01 3.065100000000000158e+00 3.164163087445567069e+00 6.515571864533187263e-02 0.000000000000000000e+00 1.000000000000000000e+00 1.000000000000000000e+00 0.000000000000000000e+00 0.000000000000000000e+00 -1.000000000000000000e+00 -1.000000000000000000e+00
2.000000000000000000e+02 5.000000000000000000e+04 1.591396492889851544e+01 -2.075780155608486499e-01 2.572964193639044606e+00 3.096666834131988288e+00 1.618919395065012562e-02 0.000000000000000000e+00 1.000000000000000000e+00 1.000000000000000000e+00 0.000000000000000000e+00 0.000000000000000000e+00 -1.000000000000000000e+00 -1.000000000000000000e+00
3.650000000000000000e+02 6.300000000000000000e+02 3.507109413149453303e+01 3.567461692179831056e-02 1.576652341562940762e+00 0.000000000000000000e+00 1.070012562406792364e-02 -1.000000000000000000e+00 1.000000000000000000e+00 1.000000000000000000e+00 9.500000000000000000e+01 0.000000000000000000e+00 -1.000000000000000000e+00 -1.000000000000000000e+00
8.000000000000000000e+00 3.390013824432522233e+04 1.254980257945382327e+01 2.653939761262569252e-02 6.836424349530819677e-01 1.036486503583840257e-02 1.003271645123517131e-02 1.570796326794896558e+00 1.000000000000000000e+00 1.000000000000000000e+00 0.000000000000000000e+00 0.000000000000000000e+00 -1.000000000000000000e+00 -1.000000000000000000e+00
1.600000000000000000e+01 8.356701292499637930e+02 1.152807802608081644e+01 -8.056083234322874986e-02 3.059942218195054853e+00 7.884280726315010326e-03 1.000000000000000056e-01 1.570796326794896558e+00 1.000000000000000000e+00 1.000000000000000000e+00 0.000000000000000000e+00 0.000000000000000000e+00 -1.000000000000000000e+00 -1.000000000000000000e+00
3.200000000000000000e+01 9.676655854351548669e+02 1.142023118038072660e+01 -9.639595061321032388e-03 1.341095482060253863e+00 1.125545638919708651e-02 9.000000000000001055e-02 1.570796326794896558e+00 1.000000000000000000e+00 1.000000000000000000e+00 0.000000000000000000e+00 0.000000000000000000e+00 -1.000000000000000000e+00 -1.000000000000000000e+00
7.200000000000000000e+01 4.498850873942666112e+03 2.614258032222858219e+01 -6.669460642277025286e-02 2.607329602504441901e+00 0.000000000000000000e+00 9.000000000000001055e-02 1.570796326794896558e+00 1.000000000000000000e+00 1.000000000000000000e+00 0.000000000000000000e+00 0.000000000000000000e+00 -1.000000000000000000e+00 -1.000000000000000000e+00
8.000000000000000000e+01 1.072243124230968533e+04 1.247269989352059127e+01 5.528543732076872386e-02 1.123901765054020396e+00 1.390638436322527531e-02 1.000000000000000021e-02 1.570796326794896558e+00 1.000000000000000000e+00 1.000000000000000000e+00 0.000000000000000000e+00 0.000000000000000000e+00 -1.000000000000000000e+00 -1.000000000000000000e+00
8.800000000000000000e+01 1.534033424983955410e+04 1.065272647844250464e+01 -1.643288254634556744e-01 3.079060000000000130e+00 2.732126642232088343e-02 1.000000000000000021e-02 1.570796326794896558e+00 1.000000000000000000e+00 1.000000000000000000e+00 0.000000000000000000e+00 0.000000000000000000e+00 -1.000000000000000000e+00 -1.000000000000000000e+00
9.100000000000000000e+01 2.842841023936656711e+04 1.090142736475945817e+01 -4.447411620477682848e-02 1.413265625796923164e+00 3.913801001177043964e-02 3.300641638056774074e-02 1.570796326794896558e+00 1.000000000000000000e+00 1.000000000000000000e+00 0.000000000000000000e+00 0.000000000000000000e+00 -1.000000000000000000e+00 -1.000000000000000000e+00
9.400000000000000000e+01 7.789182274515244444e+02 3.244803249909959675e+01 -8.480325055222538710e-02 2.718640364311041502e+00 3.797146158296870778e-03 1.000000000000000056e-01 1.570796326794896558e+00 1.000000000000000000e+00 1.000000000000000000e+00 0.000000000000000000e+00 0.000000000000000000e+00 -1.000000000000000000e+00 -1.000000000000000000e+00
1.070000000000000000e+02 1.232874124326596575e+04 1.404930152793752640e+01 2.002600730342530833e-01 5.326746544281044660e-01 8.521779321781984898e-03 2.213632808256518064e-02 1.570796326794896558e+00 1.000000000000000000e+00 1.000000000000000000e+00 0.000000000000000000e+00 0.000000000000000000e+00 -1.000000000000000000e+00 -1.000000000000000000e+00
1.160000000000000000e+02 4.931483867633344926e+04 1.466745162936099334e+01 -1.578488675540019315e-01 2.714875715176491511e+00 0.000000000000000000e+00 2.169812963411693260e-02 1.570796326794896558e+00 1.000000000000000000e+00 1.000000000000000000e+00 0.000000000000000000e+00 0.000000000000000000e+00 -1.000000000000000000e+00 -1.000000000000000000e+00
1.250000000000000000e+02 3.062939493025483171e+04 1.032203112420167201e+01 -8.083384046986442917e-02 1.993171002799392300e+00 0.000000000000000000e+00 5.538772875608485857e-02 1.570796326794896558e+00 1.000000000000000000e+00 1.000000000000000000e+00 0.000000000000000000e+00 0.000000000000000000e+00 -1.000000000000000000e+00 -1.000000000000000000e+00
1.260000000000000000e+02 4.009905770486575784e+04 2.306932854148131540e+01 -1.619670048746792990e-01 2.880060469912606003e+00 0.000000000000000000e+00 5.040201581104177680e-02 1.570796326794896558e+00 1.000000000000000000e+00 1.000000000000000000e+00 0.000000000000000000e+00 0.000000000000000000e+00 -1.000000000000000000e+00 -1.000000000000000000e+00
1.400000000000000000e+02 2.036191207667138951e+04 1.200373767569721650e+01 7.242213194898082518e-02 1.687179416303963286e+00 1.255743895408469729e-02 1.000000000000000021e-02 1.570796326794896558e+00 1.000000000000000000e+00 1.000000000000000000e+00 0.000000000000000000e+00 0.000000000000000000e+00 -1.000000000000000000e+00 -1.000000000000000000e+00
1.430000000000000000e+02 4.400541336632071761e+04 2.075610099255613861e+01 2.252369034109708568e-01 1.562196543082058575e+00 3.073614411579863107e-02 1.000000000000000056e-01 1.570796326794896558e+00 1.000000000000000000e+00 1.000000000000000000e+00 0.000000000000000000e+00 0.000000000000000000e+00 -1.000000000000000000e+00 -1.000000000000000000e+00
1.450000000000000000e+02 9.819141478232228110e+03 1.196429041447623298e+01 -2.076852309037267308e-01 2.041313592310016745e+00 0.000000000000000000e+00 4.247145517048862146e-02 1.570796326794896558e+00 1.000000000000000000e+00 1.000000000000000000e+00 0.000000000000000000e+00 0.000000000000000000e+00 -1.000000000000000000e+00 -1.000000000000000000e+00
1.490000000000000000e+02 4.736909200627630344e+04 2.802188544292981831e+01 1.917538300240856364e-02 1.593239146224696867e+00 0.000000000000000000e+00 1.012225490708673452e-02 1.570796326794896558e+00 1.000000000000000000e+00 1.000000000000000000e+00 0.000000000000000000e+00 0.000000000000000000e+00 -1.000000000000000000e+00 -1.000000000000000000e+00
1.640000000000000000e+02 4.305286961905723729e+04 1.248275273283274878e+01 -8.804250937901968166e-02 2.386157279801534248e+00 0.000000000000000000e+00 3.066729431840727049e-02 1.570796326794896558e+00 1.000000000000000000e+00 1.000000000000000000e+00 0.000000000000000000e+00 0.000000000000000000e+00 -1.000000000000000000e+00 -1.000000000000000000e+00
1.660000000000000000e+02 7.443318809116229204e+03 1.047419614166840240e+01 -6.545751386866710542e-02 2.267370904417028044e+00 7.633840020243223140e-03 1.000000000000000021e-02 1.570796326794896558e+00 1.000000000000000000e+00 1.000000000000000000e+00 0.000000000000000000e+00 0.000000000000000000e+00 -1.000000000000000000e+00 -1.000000000000000000e+00
1.670000000000000000e+02 1.316738929536357500e+04 2.326973422888124432e+01 -2.254487981275733050e-02 8.093629908983683841e-01 1.881520103578288028e-02 5.104753560261768297e-02 1.570796326794896558e+00 1.000000000000000000e+00 1.000000000000000000e+00 0.000000000000000000e+00 0.000000000000000000e+00 -1.000000000000000000e+00 -1.000000000000000000e+00
1.720000000000000000e+02 2.116263032182903407e+04 1.513490014069432554e+01 8.457514484487793638e-02 3.855976379636730234e-01 3.219455388510779077e-03 5.071043950862300781e-02 1.570796326794896558e+00 1.000000000000000000e+00 1.000000000000000000e+00 0.000000000000000000e+00 0.000000000000000000e+00 -1.000000000000000000e+00 -1.000000000000000000e+00
1.780000000000000000e+02 5.000000000000000000e+04 1.881030788385798047e+01 -1.321176635968628055e-02 1.399080034961655228e+00 0.000000000000000000e+00 1.000000000000000021e-02 1.570796326794896558e+00 1.000000000000000000e+00 1.000000000000000000e+00 0.000000000000000000e+00 0.000000000000000000e+00 -1.000000000000000000e+00 -1.000000000000000000e+00
1.860000000000000000e+02 1.944590099402160922e+04 1.065036994249873814e+01 -5.916716773971739812e-02 1.913289050474095587e+00 2.500450365530904051e-02 1.000000000000000021e-02 1.570796326794896558e+00 1.000000000000000000e+00 1.000000000000000000e+00 0.000000000000000000e+00 0.000000000000000000e+00 -1.000000000000000000e+00 -1.000000000000000000e+00
1.920000000000000000e+02 1.682112606405972110e+04 1.134849793485516756e+01 -1.004363460854414136e-02 1.224461695173908016e+00 0.000000000000000000e+00 9.000000000000001055e-02 1.570796326794896558e+00 1.000000000000000000e+00 1.000000000000000000e+00 0.000000000000000000e+00 0.000000000000000000e+00 -1.000000000000000000e+00 -1.000000000000000000e+00
2.200000000000000000e+01 7.230881355168088476e+02 1.104299811748358273e+01 -6.664013901583266952e-02 3.100000000000000089e+00 0.000000000000000000e+00 3.208099017566859446e-02 0.000000000000000000e+00 1.000000000000000000e+00 1.000000000000000000e+00 0.000000000000000000e+00 0.000000000000000000e+00 -1.000000000000000000e+00 -1.000000000000000000e+00
6.500000000000000000e+01 5.678164709218205644e+03 1.266802550685752493e+01 -1.841437676642359786e-03 1.568810595930678176e+00 0.000000000000000000e+00 1.401803675928172885e-02 0.000000000000000000e+00 1.000000000000000000e+00 1.000000000000000000e+00 0.000000000000000000e+00 0.000000000000000000e+00 -1.000000000000000000e+00 -1.000000000000000000e+00
1.000000000000000000e+02 4.922352462481689486e+02 1.154076452263928587e+01 -1.178183357010535726e-02 1.670176848272975301e+00 0.000000000000000000e+00 4.251797373970836458e-01 0.000000000000000000e+00 1.000000000000000000e+00 1.000000000000000000e+00 0.000000000000000000e+00 0.000000000000000000e+00 -1.000000000000000000e+00 -1.000000000000000000e+00
1.220000000000000000e+02 4.861408961604692195e+03 1.336541989140562414e+01 -1.735767855185763320e-01 3.093020000000000103e+00 0.000000000000000000e+00 9.000000000000001055e-02 0.000000000000000000e+00 1.000000000000000000e+00 1.000000000000000000e+00 0.000000000000000000e+00 0.000000000000000000e+00 -1.000000000000000000e+00 -1.000000000000000000e+00
1.370000000000000000e+02 3.266574227048786724e+03 1.113815273426929942e+01 -1.306178588436485155e-01 2.088100770047655264e+00 0.000000000000000000e+00 9.000000000000001055e-02 0.000000000000000000e+00 1.000000000000000000e+00 1.000000000000000000e+00 0.000000000000000000e+00 0.000000000000000000e+00 -1.000000000000000000e+00 -1.000000000000000000e+00
1.410000000000000000e+02 6.665193332958337123e+03 2.311458814356570812e+01 -3.500124254991469896e-02 7.704636700584485132e-01 0.000000000000000000e+00 1.000000000000000021e-02 0.000000000000000000e+00 1.000000000000000000e+00 1.000000000000000000e+00 0.000000000000000000e+00 0.000000000000000000e+00 -1.000000000000000000e+00 -1.000000000000000000e+00
1.590000000000000000e+02 1.204944790867990605e+03 1.314398755552593556e+01 -1.231538617715948331e-01 2.720037882816891184e+00 0.000000000000000000e+00 9.000000000000001055e-02 0.000000000000000000e+00 1.000000000000000000e+00 1.000000000000000000e+00 0.000000000000000000e+00 0.000000000000000000e+00 -1.000000000000000000e+00 -1.000000000000000000e+00
1.610000000000000000e+02 8.429219093152094501e+03 1.311752858327505500e+01 -2.135143363664093741e-02 8.996033959896517773e-01 0.000000000000000000e+00 9.000000000000001055e-02 0.000000000000000000e+00 1.000000000000000000e+00 1.000000000000000000e+00 0.000000000000000000e+00 0.000000000000000000e+00 -1.000000000000000000e+00 -1.000000000000000000e+00
1.750000000000000000e+02 3.627215009063924299e+03 2.276315107231566159e+01 2.846379557319550502e-02 1.315450624448761152e+00 0.000000000000000000e+00 9.000000000000001055e-02 0.000000000000000000e+00 1.000000000000000000e+00 1.000000000000000000e+00 0.000000000000000000e+00 0.000000000000000000e+00 -1.000000000000000000e+00 -1.000000000000000000e+00
3.660000000000000000e+02 1.363997751824610134e+02 1.875033681093241000e+01 -1.745078054690966107e-01 2.677142491889848319e+00 0.000000000000000000e+00 8.664803753563646294e-02 -1.000000000000000000e+00 1.000000000000000000e+00 1.000000000000000000e+00 9.500000000000000000e+01 1.000000000000000000e+05 -1.000000000000000000e+00 -1.000000000000000000e+00
3.670000000000000000e+02 7.661916589847835439e+02 3.209194518856863709e+01 -1.300928040696917032e-01 3.100000000000000089e+00 0.000000000000000000e+00 9.000000000000001055e-02 -1.000000000000000000e+00 1.000000000000000000e+00 1.000000000000000000e+00 9.500000000000000000e+01 2.000000000000000000e+05 -1.000000000000000000e+00 -1.000000000000000000e+00
3.680000000000000000e+02 2.768225481052975010e+04 4.398707457823475409e+01 5.425772337983182370e-01 0.000000000000000000e+00 0.000000000000000000e+00 1.000000000000000056e-01 -1.000000000000000000e+00 1.000000000000000000e+00 2.000000000000000000e+00 9.500000000000000000e+01 2.800000000000000000e+05 -1.000000000000000000e+00 -1.000000000000000000e+00
3.690000000000000000e+02 8.271811120045723555e+02 1.257705544838159462e+01 -6.268911782768546437e-02 2.927977188446406753e+00 0.000000000000000000e+00 1.000000000000000056e-01 -1.000000000000000000e+00 1.000000000000000000e+00 1.000000000000000000e+00 9.500000000000000000e+01 3.000000000000000000e+05 -1.000000000000000000e+00 -1.000000000000000000e+00
3.700000000000000000e+02 9.097247903892185832e+02 1.171944084118841900e+01 4.234155479758116430e-02 1.390774911979084094e-01 0.000000000000000000e+00 9.000000000000001055e-02 -1.000000000000000000e+00 1.000000000000000000e+00 1.000000000000000000e+00 9.500000000000000000e+01 4.000000000000000000e+05 -1.000000000000000000e+00 -1.000000000000000000e+00
3.720000000000000000e+02 1.481403649500889696e+04 2.162600047453075547e+01 6.944223989381835827e-01 0.000000000000000000e+00 0.000000000000000000e+00 1.000000000000000056e-01 -1.000000000000000000e+00 1.000000000000000000e+00 2.000000000000000000e+00 9.500000000000000000e+01 4.900000000000000000e+05 -1.000000000000000000e+00 -1.000000000000000000e+00
3.710000000000000000e+02 1.196014033235042916e+04 2.060489384024499060e+01 6.807865785035129846e-01 0.000000000000000000e+00 0.000000000000000000e+00 1.000000000000000021e-02 -1.000000000000000000e+00 1.000000000000000000e+00 2.000000000000000000e+00 9.500000000000000000e+01 5.000000000000000000e+05 -1.000000000000000000e+00 -1.000000000000000000e+00
3.730000000000000000e+02 1.589572909904709093e+02 3.083649248107544238e+01 -5.780409580910914231e-03 3.099153924981816299e+00 0.000000000000000000e+00 9.964859427344895104e-02 -1.000000000000000000e+00 1.000000000000000000e+00 1.000000000000000000e+00 9.500000000000000000e+01 5.000000000000000000e+05 -1.000000000000000000e+00 -1.000000000000000000e+00
