# id_num orb_a mass spin spin_angle orb_inc orb_ecc orb_arg_periapse orb_ang_mom gen galaxy time_passed gw_freq gw_strain
0.000000000000000000e+00 3.738464537320905947e+04 1.130838710470347053e+01 2.227172293979339315e-02 6.854957783134734139e-01 3.109439624674701808e+00 8.332248364971329979e-02 0.000000000000000000e+00 -1.000000000000000000e+00 1.000000000000000000e+00 0.000000000000000000e+00 0.000000000000000000e+00 -1.000000000000000000e+00 -1.000000000000000000e+00
1.000000000000000000e+00 1.263280391957612301e+04 2.296902873965887437e+01 -4.275274491318482861e-02 2.274880256343978058e+00 3.261653458588817140e-05 2.138265279876313540e-01 0.000000000000000000e+00 -1.000000000000000000e+00 1.000000000000000000e+00 0.000000000000000000e+00 0.000000000000000000e+00 -1.000000000000000000e+00 -1.000000000000000000e+00
2.000000000000000000e+00 2.672396891987644995e+04 1.026945884701342493e+01 1.109607676819623356e-01 1.245206128672106116e+00 1.740360344073175677e-02 2.710551541924163116e-02 0.000000000000000000e+00 -1.000000000000000000e+00 1.000000000000000000e+00 0.000000000000000000e+00 0.000000000000000000e+00 -1.000000000000000000e+00 -1.000000000000000000e+00
4.000000000000000000e+00 2.624103152980525920e+04 3.025247158928948110e+01 -2.425256109429196061e-01 2.780374601886414609e+00 3.113668425024225694e+00 1.558064490537654778e-01 1.570796326794896558e+00 -1.000000000000000000e+00 1.000000000000000000e+00 0.000000000000000000e+00 0.000000000000000000e+00 -1.000000000000000000e+00 -1.000000000000000000e+00
9.000000000000000000e+00 1.514539412854983675e+04 2.003491864528977118e+01 -8.719856188700239596e-02 1.756532586231477344e+00 3.119201406585048630e+00 2.678466599614650612e-01 1.570796326794896558e+00 -1.000000000000000000e+00 1.000000000000000000e+00 0.000000000000000000e+00 0.000000000000000000e+00 -1.000000000000000000e+00 -1.000000000000000000e+00
1.000000000000000000e+01 1.922934728145189183e+03 1.993683120963655497e+01 1.112696833788341944e-01 8.321063122566414449e-01 3.214072177204956981e-03 7.605746081231733180e-02 1.570796326794896558e+00 -1.000000000000000000e+00 1.000000000000000000e+00 0.000000000000000000e+00 0.000000000000000000e+00 -1.000000000000000000e+00 -1.000000000000000000e+00
1.100000000000000000e+01 3.712406100786995376e+04 1.929942106723875028e+01 -2.731080781980392905e-02 2.409990124112415533e+00 3.175166691822249643e+00 2.520730811105948432e-01 1.570796326794896558e+00 -1.000000000000000000e+00 1.000000000000000000e+00 0.000000000000000000e+00 0.000000000000000000e+00 -1.000000000000000000e+00 -1.000000000000000000e+00
1.400000000000000000e+01 2.567131201133445211e+04 1.000336671577788650e+01 1.186483992864386522e-01 4.229875696859225487e-01 3.112274984774859518e-02 2.652767850620504214e-02 1.570796326794896558e+00 -1.000000000000000000e+00 1.000000000000000000e+00 0.000000000000000000e+00 0.000000000000000000e+00 -1.000000000000000000e+00 -1.000000000000000000e+00
1.500000000000000000e+01 3.146198685998988003e+04 1.502360460940736608e+01 1.465033044768847825e-01 4.997266623736894564e-01 3.159880405616209753e+00 1.996877039485841776e-01 0.000000000000000000e+00 -1.000000000000000000e+00 1.000000000000000000e+00 0.000000000000000000e+00 0.000000000000000000e+00 -1.000000000000000000e+00 -1.000000000000000000e+00
1.600000000000000000e+01 2.129669884435570566e+04 1.942535744968216704e+01 -1.847841926967970505e-01 2.647703903467469644e+00 3.145452226612526214e+00 1.776964964015186610e-01 0.000000000000000000e+00 -1.000000000000000000e+00 1.000000000000000000e+00 0.000000000000000000e+00 0.000000000000000000e+00 -1.000000000000000000e+00 -1.000000000000000000e+00
1.700000000000000000e+01 4.097889147012730064e+03 1.085167300957143510e+01 -7.138588587522691487e-02 2.569113341449998256e+00 3.155996421912327765e+00 8.416051934591625705e-02 1.570796326794896558e+00 -1.000000000000000000e+00 1.000000000000000000e+00 0.000000000000000000e+00 0.000000000000000000e+00 -1.000000000000000000e+00 -1.000000000000000000e+00
2.000000000000000000e+01 3.308115239043941983e+04 1.693207298577703313e+01 -6.779019667383993919e-02 2.383431507696718743e+00 3.135780711364880347e+00 2.088197536406252164e-01 0.000000000000000000e+00 -1.000000000000000000e+00 1.000000000000000000e+00 0.000000000000000000e+00 0.000000000000000000e+00 -1.000000000000000000e+00 -1.000000000000000000e+00
2.400000000000000000e+01 4.379408846627842649e+03 1.227853271955667225e+01 1.059425940901582985e-01 1.541899776318417015e+00 3.144567170059335837e+00 4.318280719017811992e-02 0.000000000000000000e+00 -1.000000000000000000e+00 1.000000000000000000e+00 0.000000000000000000e+00 0.000000000000000000e+00 -1.000000000000000000e+00 -1.000000000000000000e+00
2.500000000000000000e+01 9.991301761038444965e+03 1.346074891337103452e+01 -1.806975549433731953e-01 2.157654829278147002e+00 1.828332813368194198e-02 1.922212824003369236e-01 1.570796326794896558e+00 -1.000000000000000000e+00 1.000000000000000000e+00 0.000000000000000000e+00 0.000000000000000000e+00 -1.000000000000000000e+00 -1.000000000000000000e+00
2.600000000000000000e+01 4.526432827439100220e+04 1.104581301791361270e+01 -1.191314662429261706e-01 2.605759142183217136e+00 1.226824069626718250e-02 5.623507330759349582e-02 0.000000000000000000e+00 -1.000000000000000000e+00 1.000000000000000000e+00 0.000000000000000000e+00 0.000000000000000000e+00 -1.000000000000000000e+00 -1.000000000000000000e+00
2.700000000000000000e+01 2.211318655309956739e+04 1.555999370197080900e+01 5.978661123252582144e-02 1.086416130385219558e+00 3.147053497421996138e+00 1.500910641569459525e-01 1.570796326794896558e+00 -1.000000000000000000e+00 1.000000000000000000e+00 0.000000000000000000e+00 0.000000000000000000e+00 -1.000000000000000000e+00 -1.000000000000000000e+00
2.900000000000000000e+01 3.534151695659132383e+04 1.122718137254532245e+01 5.729179331628369773e-03 4.438338240900326359e-01 3.137668442550932912e+00 5.899220249505510161e-02 1.570796326794896558e+00 -1.000000000000000000e+00 1.000000000000000000e+00 0.000000000000000000e+00 0.000000000000000000e+00 -1.000000000000000000e+00 -1.000000000000000000e+00
3.000000000000000000e+01 4.303067033252948022e+04 1.743828956111383377e+01 -2.078716659963657509e-01 2.288977959825162500e+00 3.165874641883702267e+00 2.776100919754714846e-01 0.000000000000000000e+00 -1.000000000000000000e+00 1.000000000000000000e+00 0.000000000000000000e+00 0.000000000000000000e+00 -1.000000000000000000e+00 -1.000000000000000000e+00
3.500000000000000000e+01 2.784189750207616817e+04 1.775989696546791308e+01 -6.448725594589288512e-02 2.145686702431645720e+00 1.121277872845247332e-02 2.757127846673560478e-01 1.570796326794896558e+00 -1.000000000000000000e+00 1.000000000000000000e+00 0.000000000000000000e+00 0.000000000000000000e+00 -1.000000000000000000e+00 -1.000000000000000000e+00
3.600000000000000000e+01 4.768905434433029586e+04 2.308711270290982753e+01 -8.335540315721888527e-02 2.852896664166677532e+00 4.051439232134073504e-02 7.151823361455895978e-02 1.570796326794896558e+00 -1.000000000000000000e+00 1.000000000000000000e+00 0.000000000000000000e+00 0.000000000000000000e+00 -1.000000000000000000e+00 -1.000000000000000000e+00
3.700000000000000000e+01 1.467095349986462679e+04 1.044499091835140803e+01 3.986204000967549094e-02 5.787960786223257381e-01 -1.078922973202130556e-02 8.780869037167213231e-02 1.570796326794896558e+00 -1.000000000000000000e+00 1.000000000000000000e+00 0.000000000000000000e+00 0.000000000000000000e+00 -1.000000000000000000e+00 -1.000000000000000000e+00
3.900000000000000000e+01 3.404385194672040961e+04 1.028773183382925005e+01 1.775145299618043808e-03 1.055008936541008913e+00 3.145432839515335921e+00 1.656949518455765047e-01 1.570796326794896558e+00 -1.000000000000000000e+00 1.000000000000000000e+00 0.000000000000000000e+00 0.000000000000000000e+00 -1.000000000000000000e+00 -1.000000000000000000e+00
4.000000000000000000e+01 2.396039586547055296e+04 1.049495630555139947e+01 1.269327152100945544e-01 1.457686466896221500e+00 -3.052780810826989308e-02 2.863795073077322062e-01 1.570796326794896558e+00 -1.000000000000000000e+00 1.000000000000000000e+00 0.000000000000000000e+00 0.000000000000000000e+00 -1.000000000000000000e+00 -1.000000000000000000e+00
4.200000000000000000e+01 3.167965428392260037e+03 2.510688669466861001e+01 -1.074403406632316316e-01 3.002328123541071925e+00 2.963792943392499352e-03 2.764087077328056252e-01 1.570796326794896558e+00 -1.000000000000000000e+00 1.000000000000000000e+00 0.000000000000000000e+00 0.000000000000000000e+00 -1.000000000000000000e+00 -1.000000000000000000e+00
4.400000000000000000e+01 4.514668515929669957e+04 1.052431523330794505e+01 1.242089145916065729e-01 1.235048681795490211e+00 3.122735551137140853e+00 1.251533903697011896e-01 0.000000000000000000e+00 -1.000000000000000000e+00 1.000000000000000000e+00 0.000000000000000000e+00 0.000000000000000000e+00 -1.000000000000000000e+00 -1.000000000000000000e+00
4.500000000000000000e+01 6.263400568324584128e+03 1.341947294501434840e+01 -2.657233926755321607e-02 1.659371886291657328e+00 3.153735628140436287e+00 2.592090031954348839e-01 1.570796326794896558e+00 -1.000000000000000000e+00 1.000000000000000000e+00 0.000000000000000000e+00 0.000000000000000000e+00 -1.000000000000000000e+00 -1.000000000000000000e+00
4.600000000000000000e+01 3.344987201926475973e+04 1.615665002999837796e+01 1.527162195793514421e-01 6.325350086963307250e-01 3.105658059324905906e+00 3.296830316619869914e-04 0.000000000000000000e+00 -1.000000000000000000e+00 1.000000000000000000e+00 0.000000000000000000e+00 0.000000000000000000e+00 -1.000000000000000000e+00 -1.000000000000000000e+00
4.700000000000000000e+01 9.905853574779395785e+03 2.068870167846942820e+01 -7.731825185261881339e-02 2.836649080762474462e+00 -7.193860853877622960e-03 1.458340591707916190e-01 1.570796326794896558e+00 -1.000000000000000000e+00 1.000000000000000000e+00 0.000000000000000000e+00 0.000000000000000000e+00 -1.000000000000000000e+00 -1.000000000000000000e+00
4.800000000000000000e+01 7.502159344944776421e+03 2.016447824164791314e+01 4.286532820616778539e-02 8.862628402168318820e-01 -1.137021177527561440e-02 1.941124208614754543e-01 1.570796326794896558e+00 -1.000000000000000000e+00 1.000000000000000000e+00 0.000000000000000000e+00 0.000000000000000000e+00 -1.000000000000000000e+00 -1.000000000000000000e+00
5.000000000000000000e+01 3.674114109843508777e+04 1.405541115661469576e+01 4.062853631178812985e-02 9.760905599412036393e-01 3.953762417513714128e-03 2.706100884041625632e-01 1.570796326794896558e+00 -1.000000000000000000e+00 1.000000000000000000e+00 0.000000000000000000e+00 0.000000000000000000e+00 -1.000000000000000000e+00 -1.000000000000000000e+00
5.500000000000000000e+01 2.210330973451919999e+04 3.215484606092948638e+01 -8.079859882823778316e-02 3.095344662169467576e+00 -2.849992822637517978e-02 1.102788988257116277e-02 0.000000000000000000e+00 -1.000000000000000000e+00 1.000000000000000000e+00 0.000000000000000000e+00 0.000000000000000000e+00 -1.000000000000000000e+00 -1.000000000000000000e+00
5.600000000000000000e+01 6.807140144473562941e+03 1.571378715321776021e+01 -1.751516549517700277e-02 1.574501105345160301e+00 3.155026916910995904e+00 2.595449974908271562e-01 1.570796326794896558e+00 -1.000000000000000000e+00 1.000000000000000000e+00 0.000000000000000000e+00 0.000000000000000000e+00 -1.000000000000000000e+00 -1.000000000000000000e+00
5.800000000000000000e+01 1.715717674939348217e+04 3.247853829628041211e+01 3.252990410010243166e-02 3.986355979076701139e-01 3.158026804474296956e+00 1.848437871479057248e-01 0.000000000000000000e+00 -1.000000000000000000e+00 1.000000000000000000e+00 0.000000000000000000e+00 0.000000000000000000e+00 -1.000000000000000000e+00 -1.000000000000000000e+00
5.900000000000000000e+01 3.254868052928235556e+04 1.288985414010506503e+01 7.633163085371179324e-02 5.906258805679192037e-01 3.135270798238909862e+00 2.025478316664796608e-01 0.000000000000000000e+00 -1.000000000000000000e+00 1.000000000000000000e+00 0.000000000000000000e+00 0.000000000000000000e+00 -1.000000000000000000e+00 -1.000000000000000000e+00
6.000000000000000000e+01 4.931093187378475704e+04 1.238889622558254189e+01 5.065751220920179654e-02 5.591476651935637365e-01 3.151982912301106499e+00 1.240656098439595484e-01 0.000000000000000000e+00 -1.000000000000000000e+00 1.000000000000000000e+00 0.000000000000000000e+00 0.000000000000000000e+00 -1.000000000000000000e+00 -1.000000000000000000e+00
6.100000000000000000e+01 1.938235920752793618e+03 1.289966852014941523e+01 -4.438779544783506142e-02 2.811282568756562128e+00 -6.312763724682059034e-03 2.618440990440865090e-01 0.000000000000000000e+00 -1.000000000000000000e+00 1.000000000000000000e+00 0.000000000000000000e+00 0.000000000000000000e+00 -1.000000000000000000e+00 -1.000000000000000000e+00
6.200000000000000000e+01 4.556032720310960576e+04 1.920673045629917652e+01 8.865135093788395482e-02 1.292429550732391741e+00 -3.932406734648793978e-02 2.977326449366897096e-02 0.000000000000000000e+00 -1.000000000000000000e+00 1.000000000000000000e+00 0.000000000000000000e+00 0.000000000000000000e+00 -1.000000000000000000e+00 -1.000000000000000000e+00
6.500000000000000000e+01 3.656348765819372784e+04 1.355329502747407489e+01 1.801410775182241686e-01 1.517390097962870943e+00 -2.200300026178680403e-03 3.342708650942941701e-02 1.570796326794896558e+00 -1.000000000000000000e+00 1.000000000000000000e+00 0.000000000000000000e+00 0.000000000000000000e+00 -1.000000000000000000e+00 -1.000000000000000000e+00
6.800000000000000000e+01 4.628286565622538910e+04 2.435379906001366379e+01 8.943538082177000803e-02 8.002006504209204785e-01 1.814787805029114201e-02 3.384780470303994787e-02 1.570796326794896558e+00 -1.000000000000000000e+00 1.000000000000000000e+00 0.000000000000000000e+00 0.000000000000000000e+00 -1.000000000000000000e+00 -1.000000000000000000e+00
6.900000000000000000e+01 3.425939580210199347e+04 1.071805480740394501e+01 -1.112102016871335808e-02 2.986617589214158208e+00 3.159056971946013537e+00 2.592167599755734186e-01 0.000000000000000000e+00 -1.000000000000000000e+00 1.000000000000000000e+00 0.000000000000000000e+00 0.000000000000000000e+00 -1.000000000000000000e+00 -1.000000000000000000e+00
7.000000000000000000e+01 3.184417471743111309e+04 2.705556297617085804e+01 1.112711021883688346e-02 1.374583027609262320e+00 -1.269944351573252779e-03 2.308365695826957165e-01 1.570796326794896558e+00 -1.000000000000000000e+00 1.000000000000000000e+00 0.000000000000000000e+00 0.000000000000000000e+00 -1.000000000000000000e+00 -1.000000000000000000e+00
7.500000000000000000e+01 4.398675234167057351e+04 1.481761596053479479e+01 -1.372777826498036979e-01 3.031476458019961129e+00 1.687260310519987649e-02 5.055217378888445662e-02 0.000000000000000000e+00 -1.000000000000000000e+00 1.000000000000000000e+00 0.000000000000000000e+00 0.000000000000000000e+00 -1.000000000000000000e+00 -1.000000000000000000e+00
7.800000000000000000e+01 2.352633217087401863e+04 1.138303183050963163e+01 -1.683450506494156285e-01 3.074577050733728001e+00 3.164700117245467847e+00 2.244800520823878320e-01 0.000000000000000000e+00 -1.000000000000000000e+00 1.000000000000000000e+00 0.000000000000000000e+00 0.000000000000000000e+00 -1.000000000000000000e+00 -1.000000000000000000e+00
7.900000000000000000e+01 3.364733023728372063e+04 1.866732524571463614e+01 -2.498080226094233705e-02 2.861373466129998100e+00 3.125501728602694040e+00 2.487428378770064064e-01 0.000000000000000000e+00 -1.000000000000000000e+00 1.000000000000000000e+00 0.000000000000000000e+00 0.000000000000000000e+00 -1.000000000000000000e+00 -1.000000000000000000e+00
8.100000000000000000e+01 2.400156439574757314e+04 1.094068092230166300e+01 -7.462550950901103604e-03 2.089157298617934977e+00 1.019331199376538946e-02 2.223268523203640948e-02 1.570796326794896558e+00 -1.000000000000000000e+00 1.000000000000000000e+00 0.000000000000000000e+00 0.000000000000000000e+00 -1.000000000000000000e+00 -1.000000000000000000e+00
8.200000000000000000e+01 2.145705335593367272e+04 1.617286185940132981e+01 2.328543117114638752e-02 1.483987002192947102e+00 -3.177569321881387049e-02 1.576961694733226560e-01 0.000000000000000000e+00 -1.000000000000000000e+00 1.000000000000000000e+00 0.000000000000000000e+00 0.000000000000000000e+00 -1.000000000000000000e+00 -1.000000000000000000e+00
8.300000000000000000e+01 8.979896263373490001e+03 1.192685924066399750e+01 1.623208558077307850e-01 1.530835263181421491e+00 8.292986356818536978e-03 1.616030142077170273e-01 0.000000000000000000e+00 -1.000000000000000000e+00 1.000000000000000000e+00 0.000000000000000000e+00 0.000000000000000000e+00 -1.000000000000000000e+00 -1.000000000000000000e+00
8.500000000000000000e+01 1.950388324547414959e+04 1.219881062251895187e+01 3.175513178207763770e-02 1.195570116249754511e+00 -2.464721051970531970e-02 6.168683543233248467e-02 0.000000000000000000e+00 -1.000000000000000000e+00 1.000000000000000000e+00 0.000000000000000000e+00 0.000000000000000000e+00 -1.000000000000000000e+00 -1.000000000000000000e+00
8.600000000000000000e+01 1.328759132772797238e+04 1.065216076564726677e+01 4.061824252585970706e-03 4.233813351037956085e-01 -1.478488868936412258e-02 7.845512818309488545e-02 1.570796326794896558e+00 -1.000000000000000000e+00 1.000000000000000000e+00 0.000000000000000000e+00 0.000000000000000000e+00 -1.000000000000000000e+00 -1.000000000000000000e+00
8.700000000000000000e+01 2.413377556710401041e+04 1.449877374273498276e+01 6.084462411917938157e-02 1.000148791247203128e+00 3.153529074932913012e+00 1.492523964048544649e-01 1.570796326794896558e+00 -1.000000000000000000e+00 1.000000000000000000e+00 0.000000000000000000e+00 0.000000000000000000e+00 -1.000000000000000000e+00 -1.000000000000000000e+00
8.800000000000000000e+01 8.184220829678431983e+03 1.309367292229033808e+01 -1.377867444849705664e-02 1.648452163900854472e+00 3.162846383272988504e+00 9.392888294471736510e-02 0.000000000000000000e+00 -1.000000000000000000e+00 1.000000000000000000e+00 0.000000000000000000e+00 0.000000000000000000e+00 -1.000000000000000000e+00 -1.000000000000000000e+00
9.000000000000000000e+01 2.990737597797233889e+02 3.547839972483192383e+01 1.012928459148973587e-01 1.310027935509144648e+00 -2.088165835834883410e-03 2.678361975152240143e-02 1.570796326794896558e+00 -1.000000000000000000e+00 1.000000000000000000e+00 0.000000000000000000e+00 0.000000000000000000e+00 -1.000000000000000000e+00 -1.000000000000000000e+00
9.200000000000000000e+01 3.047291015708160921e+04 2.409361415369808057e+01 3.813264144904934816e-02 6.620290845003986568e-01 2.953741478841413054e-02 2.967378843959589396e-02 1.570796326794896558e+00 -1.000000000000000000e+00 1.000000000000000000e+00 0.000000000000000000e+00 0.000000000000000000e+00 -1.000000000000000000e+00 -1.000000000000000000e+00
9.400000000000000000e+01 1.504588673143285996e+04 2.751528086670469975e+01 -4.130795344916875916e-02 2.630459957378688429e+00 3.124826030985633274e+00 2.006655426122536945e-01 0.000000000000000000e+00 -1.000000000000000000e+00 1.000000000000000000e+00 0.000000000000000000e+00 0.000000000000000000e+00 -1.000000000000000000e+00 -1.000000000000000000e+00
9.700000000000000000e+01 2.814240625462381649e+04 1.434981284305937166e+01 -2.571969122623046777e-01 2.797355683604196841e+00 3.107275213011940540e+00 2.740402061335389747e-03 1.570796326794896558e+00 -1.000000000000000000e+00 1.000000000000000000e+00 0.000000000000000000e+00 0.000000000000000000e+00 -1.000000000000000000e+00 -1.000000000000000000e+00
9.800000000000000000e+01 3.688332857259535376e+04 1.037702592176850658e+01 -5.316033423700841296e-03 3.082868511718292126e+00 -3.746421395691590384e-02 2.385713894243156330e-01 1.570796326794896558e+00 -1.000000000000000000e+00 1.000000000000000000e+00 0.000000000000000000e+00 0.000000000000000000e+00 -1.000000000000000000e+00 -1.000000000000000000e+00
9.900000000000000000e+01 2.170223252991151821e+04 1.503094008380315039e+01 -8.283617759977786321e-02 2.336905026235140515e+00 3.118298454924232299e+00 1.794026853084593476e-01 0.000000000000000000e+00 -1.000000000000000000e+00 1.000000000000000000e+00 0.000000000000000000e+00 0.000000000000000000e+00 -1.000000000000000000e+00 -1.000000000000000000e+00
1.010000000000000000e+02 3.277728551828598575e+04 3.501165356269960682e+01 1.605265899095731363e-01 1.072144343502552610e+00 3.146829755333178547e+00 2.727347078515620082e-01 0.000000000000000000e+00 -1.000000000000000000e+00 1.000000000000000000e+00 0.000000000000000000e+00 0.000000000000000000e+00 -1.000000000000000000e+00 -1.000000000000000000e+00
1.020000000000000000e+02 3.227316687950060077e+04 1.460637987804001625e+01 1.237624888096142128e-01 1.200452243660313778e+00 -1.248569504013181085e-02 2.087461457104623774e-01 1.570796326794896558e+00 -1.000000000000000000e+00 1.000000000000000000e+00 0.000000000000000000e+00 0.000000000000000000e+00 -1.000000000000000000e+00 -1.000000000000000000e+00
1.060000000000000000e+02 3.850918881170827808e+04 2.675712713607246229e+01 1.060183592890304172e-01 1.133680219054816085e+00 3.142785625872385413e+00 2.558542316075374523e-01 0.000000000000000000e+00 -1.000000000000000000e+00 1.000000000000000000e+00 0.000000000000000000e+00 0.000000000000000000e+00 -1.000000000000000000e+00 -1.000000000000000000e+00
1.080000000000000000e+02 1.267332737446216743e+04 1.332890934679536343e+01 7.132810533730553348e-02 2.709519543210919812e-01 2.128509365627384228e-02 1.074273561295855522e-01 0.000000000000000000e+00 -1.000000000000000000e+00 1.000000000000000000e+00 0.000000000000000000e+00 0.000000000000000000e+00 -1.000000000000000000e+00 -1.000000000000000000e+00
1.090000000000000000e+02 1.517615782185498938e+04 1.093349137809201821e+01 -2.362418426324579962e-02 1.808862332108485571e+00 4.423555030073360490e-03 2.391130331876952231e-01 1.570796326794896558e+00 -1.000000000000000000e+00 1.000000000000000000e+00 0.000000000000000000e+00 0.000000000000000000e+00 -1.000000000000000000e+00 -1.000000000000000000e+00
1.100000000000000000e+02 3.501532842882569093e+04 1.868598384508132781e+01 1.907317718465848522e-01 1.209660457882939522e+00 3.115478922899950653e+00 7.628449877169229433e-03 1.570796326794896558e+00 -1.000000000000000000e+00 1.000000000000000000e+00 0.000000000000000000e+00 0.000000000000000000e+00 -1.000000000000000000e+00 -1.000000000000000000e+00
1.150000000000000000e+02 4.684296149164824601e+04 1.785111308517045003e+01 -4.733762673939421323e-02 2.905976743508337456e+00 -2.445546398362833523e-02 1.782102005632180131e-01 0.000000000000000000e+00 -1.000000000000000000e+00 1.000000000000000000e+00 0.000000000000000000e+00 0.000000000000000000e+00 -1.000000000000000000e+00 -1.000000000000000000e+00
1.180000000000000000e+02 1.114173321428192503e+04 1.288128034990222659e+01 1.179898142130270111e-01 1.391783253658036346e+00 3.166334496705043744e+00 7.048566526715548813e-03 1.570796326794896558e+00 -1.000000000000000000e+00 1.000000000000000000e+00 0.000000000000000000e+00 0.000000000000000000e+00 -1.000000000000000000e+00 -1.000000000000000000e+00
1.200000000000000000e+02 8.360425070804603820e+03 1.023266750548391180e+01 1.791522971065145908e-01 2.999835272743739401e-01 3.162301783664252408e+00 2.956181309923113787e-01 1.570796326794896558e+00 -1.000000000000000000e+00 1.000000000000000000e+00 0.000000000000000000e+00 0.000000000000000000e+00 -1.000000000000000000e+00 -1.000000000000000000e+00
1.210000000000000000e+02 4.556681577110027138e+04 1.038087999484259960e+01 1.912211109476681103e-01 7.655187609066502752e-01 3.099864960912352085e+00 1.644766054243258502e-01 0.000000000000000000e+00 -1.000000000000000000e+00 1.000000000000000000e+00 0.000000000000000000e+00 0.000000000000000000e+00 -1.000000000000000000e+00 -1.000000000000000000e+00
1.270000000000000000e+02 1.315431970145988089e+04 1.510719150747705797e+01 -1.310637605920764448e-01 2.489366097740683514e+00 5.198138995006953283e-03 6.019226760457607392e-03 1.570796326794896558e+00 -1.000000000000000000e+00 1.000000000000000000e+00 0.000000000000000000e+00 0.000000000000000000e+00 -1.000000000000000000e+00 -1.000000000000000000e+00
1.280000000000000000e+02 3.568877450206923095e+04 3.612380813962784032e+01 -8.775382322286906511e-02 1.960314250412929393e+00 7.551438758135697177e-03 2.797671359917127676e-01 0.000000000000000000e+00 -1.000000000000000000e+00 1.000000000000000000e+00 0.000000000000000000e+00 0.000000000000000000e+00 -1.000000000000000000e+00 -1.000000000000000000e+00
1.300000000000000000e+02 4.822124603794283757e+04 1.421210518431278302e+01 -1.309793016150895967e-02 1.885142657678185119e+00 3.148626748337965076e+00 2.538062323473480042e-01 1.570796326794896558e+00 -1.000000000000000000e+00 1.000000000000000000e+00 0.000000000000000000e+00 0.000000000000000000e+00 -1.000000000000000000e+00 -1.000000000000000000e+00
1.320000000000000000e+02 1.805866835100538810e+04 2.073186477556264862e+01 1.484601507757759287e-01 1.038262487824204383e+00 1.100446166925905973e-02 2.426515029778633092e-01 1.570796326794896558e+00 -1.000000000000000000e+00 1.000000000000000000e+00 0.000000000000000000e+00 0.000000000000000000e+00 -1.000000000000000000e+00 -1.000000000000000000e+00
1.330000000000000000e+02 1.295590140467652236e+04 1.146906964146348962e+01 1.792013544195116340e-02 1.220086777323082572e+00 1.566511714360062368e-02 4.372771350037417404e-02 0.000000000000000000e+00 -1.000000000000000000e+00 1.000000000000000000e+00 0.000000000000000000e+00 0.000000000000000000e+00 -1.000000000000000000e+00 -1.000000000000000000e+00
1.340000000000000000e+02 3.709045374680135137e+04 3.415889908930024887e+01 7.282614029370214348e-02 6.739301250995653574e-03 -1.847447565272733808e-02 7.921366090467536758e-02 1.570796326794896558e+00 -1.000000000000000000e+00 1.000000000000000000e+00 0.000000000000000000e+00 0.000000000000000000e+00 -1.000000000000000000e+00 -1.000000000000000000e+00
1.380000000000000000e+02 3.471805693858220184e+04 1.383685576799885730e+01 -9.626333491433934630e-02 2.620347104754614964e+00 3.147283651656501924e+00 1.328484614426505284e-01 1.570796326794896558e+00 -1.000000000000000000e+00 1.000000000000000000e+00 0.000000000000000000e+00 0.000000000000000000e+00 -1.000000000000000000e+00 -1.000000000000000000e+00
1.410000000000000000e+02 2.702053234042725671e+04 1.225879573896419572e+01 2.986042607301847562e-01 1.324101342274044635e+00 -3.368589042835997555e-02 2.759779376806584250e-01 1.570796326794896558e+00 -1.000000000000000000e+00 1.000000000000000000e+00 0.000000000000000000e+00 0.000000000000000000e+00 -1.000000000000000000e+00 -1.000000000000000000e+00
1.420000000000000000e+02 3.986747738294667943e+04 3.448036499622136830e+01 1.351623306930615880e-02 9.899662775947123405e-01 5.152392680841277016e-03 8.725959329674737308e-02 0.000000000000000000e+00 -1.000000000000000000e+00 1.000000000000000000e+00 0.000000000000000000e+00 0.000000000000000000e+00 -1.000000000000000000e+00 -1.000000000000000000e+00
1.440000000000000000e+02 1.432702630547713125e+04 1.059992724138352926e+01 5.227387349046037912e-02 1.135436703519725476e+00 3.163264359517055979e+00 8.742436318889042213e-02 1.570796326794896558e+00 -1.000000000000000000e+00 1.000000000000000000e+00 0.000000000000000000e+00 0.000000000000000000e+00 -1.000000000000000000e+00 -1.000000000000000000e+00
1.460000000000000000e+02 1.721323295940098978e+04 1.085595051511341325e+01 -1.090517673105601965e-01 2.930206785831094507e+00 -3.053366126159074226e-02 5.657905523153380217e-02 1.570796326794896558e+00 -1.000000000000000000e+00 1.000000000000000000e+00 0.000000000000000000e+00 0.000000000000000000e+00 -1.000000000000000000e+00 -1.000000000000000000e+00
1.480000000000000000e+02 2.782848449078562771e+04 1.053921589370565570e+01 1.238399326660741678e-01 1.563779488922624195e+00 3.516811587591332083e-02 8.378654063390394979e-02 1.570796326794896558e+00 -1.000000000000000000e+00 1.000000000000000000e+00 0.000000000000000000e+00 0.000000000000000000e+00 -1.000000000000000000e+00 -1.000000000000000000e+00
1.510000000000000000e+02 1.430790010247330065e+04 1.090456334594101229e+01 1.330609661384860309e-01 1.239905443868583479e+00 3.147105651993689968e+00 1.103724176046256972e-01 1.570796326794896558e+00 -1.000000000000000000e+00 1.000000000000000000e+00 0.000000000000000000e+00 0.000000000000000000e+00 -1.000000000000000000e+00 -1.000000000000000000e+00
1.520000000000000000e+02 2.222524994620828875e+04 2.360183172433675125e+01 1.186914355236677772e-02 3.497875503761763705e-01 3.121012826307591581e+00 1.232169839500014685e-01 1.570796326794896558e+00 -1.000000000000000000e+00 1.000000000000000000e+00 0.000000000000000000e+00 0.000000000000000000e+00 -1.000000000000000000e+00 -1.000000000000000000e+00
1.540000000000000000e+02 1.288079341124602615e+04 1.219600009910563898e+01 6.045425413071259246e-02 1.333686150000729986e+00 -3.111088045813857617e-03 1.122504831548405274e-01 1.570796326794896558e+00 -1.000000000000000000e+00 1.000000000000000000e+00 0.000000000000000000e+00 0.000000000000000000e+00 -1.000000000000000000e+00 -1.000000000000000000e+00
1.560000000000000000e+02 4.927263898730230721e+04 1.632531162572972505e+01 -8.022657832299676106e-02 1.915907693654908872e+00 3.133340768028036738e+00 1.801185441540178733e-01 0.000000000000000000e+00 -1.000000000000000000e+00 1.000000000000000000e+00 0.000000000000000000e+00 0.000000000000000000e+00 -1.000000000000000000e+00 -1.000000000000000000e+00
1.570000000000000000e+02 2.170502559439847755e+04 2.223442184099483399e+01 -8.425933064265869743e-02 2.178170935215493209e+00 -8.771976164905929962e-03 1.229931444323537626e-01 1.570796326794896558e+00 -1.000000000000000000e+00 1.000000000000000000e+00 0.000000000000000000e+00 0.000000000000000000e+00 -1.000000000000000000e+00 -1.000000000000000000e+00
1.600000000000000000e+02 4.239116614609782118e+03 1.273481373972875019e+01 -4.994609287329492692e-02 2.410544316474488191e+00 1.328722466127112319e-02 1.178893599939881826e-01 1.570796326794896558e+00 -1.000000000000000000e+00 1.000000000000000000e+00 0.000000000000000000e+00 0.000000000000000000e+00 -1.000000000000000000e+00 -1.000000000000000000e+00
1.610000000000000000e+02 2.308845193984527941e+04 1.095710962235960650e+01 1.291799823493009203e-01 6.426805780815795233e-01 1.897894640742063890e-02 8.480987559797277531e-02 1.570796326794896558e+00 -1.000000000000000000e+00 1.000000000000000000e+00 0.000000000000000000e+00 0.000000000000000000e+00 -1.000000000000000000e+00 -1.000000000000000000e+00
1.640000000000000000e+02 1.219122614788107421e+04 1.626581058970959148e+01 -1.868543274902036977e-01 2.887704551755446936e+00 3.161641085971198084e+00 9.986987994253014676e-04 0.000000000000000000e+00 -1.000000000000000000e+00 1.000000000000000000e+00 0.000000000000000000e+00 0.000000000000000000e+00 -1.000000000000000000e+00 -1.000000000000000000e+00
1.670000000000000000e+02 2.443202729343083774e+04 2.952316453552025521e+01 8.280160373657086126e-02 5.492877961802851150e-01 -1.339358739476244689e-02 5.185872993411278636e-02 1.570796326794896558e+00 -1.000000000000000000e+00 1.000000000000000000e+00 0.000000000000000000e+00 0.000000000000000000e+00 -1.000000000000000000e+00 -1.000000000000000000e+00
1.740000000000000000e+02 2.096654310602524856e+04 1.270682627731439496e+01 -2.063104698943520887e-01 2.508213774104586236e+00 5.146748182427263868e-03 2.504593131841070242e-01 0.000000000000000000e+00 -1.000000000000000000e+00 1.000000000000000000e+00 0.000000000000000000e+00 0.000000000000000000e+00 -1.000000000000000000e+00 -1.000000000000000000e+00
1.750000000000000000e+02 1.938285377375928147e+04 3.574672387096171633e+01 -9.622490970599452409e-03 2.163241113700489660e+00 -6.803386417389097052e-03 6.784701421327199444e-03 0.000000000000000000e+00 -1.000000000000000000e+00 1.000000000000000000e+00 0.000000000000000000e+00 0.000000000000000000e+00 -1.000000000000000000e+00 -1.000000000000000000e+00
1.760000000000000000e+02 1.120708412922180105e+04 1.671550917598823105e+01 -7.182211532281579380e-02 3.135733602759119165e+00 3.155525419366044471e+00 1.820011944552275274e-01 0.000000000000000000e+00 -1.000000000000000000e+00 1.000000000000000000e+00 0.000000000000000000e+00 0.000000000000000000e+00 -1.000000000000000000e+00 -1.000000000000000000e+00
1.770000000000000000e+02 4.390851326911448268e+04 1.112234860336095110e+01 -6.473698564355560847e-02 1.642262736031181891e+00 3.121579057845885075e+00 2.922385799204015866e-01 1.570796326794896558e+00 -1.000000000000000000e+00 1.000000000000000000e+00 0.000000000000000000e+00 0.000000000000000000e+00 -1.000000000000000000e+00 -1.000000000000000000e+00
1.780000000000000000e+02 7.834587247878279413e+03 2.219049307484563371e+01 2.547065772047722443e-01 1.041090969137377753e+00 -1.055582768837917001e-04 2.928345909713967465e-01 0.000000000000000000e+00 -1.000000000000000000e+00 1.000000000000000000e+00 0.000000000000000000e+00 0.000000000000000000e+00 -1.000000000000000000e+00 -1.000000000000000000e+00
1.790000000000000000e+02 3.295901186327773758e+04 2.634332774135021893e+01 -9.198323302604810570e-02 2.901894680934156590e+00 -2.288430228890597773e-02 2.239788546814182879e-01 1.570796326794896558e+00 -1.000000000000000000e+00 1.000000000000000000e+00 0.000000000000000000e+00 0.000000000000000000e+00 -1.000000000000000000e+00 -1.000000000000000000e+00
1.800000000000000000e+02 2.490570396193658962e+04 1.624684805735373061e+01 -1.668303156496678818e-01 1.661627130240559858e+00 3.104643127271572212e+00 4.278622500384637872e-02 1.570796326794896558e+00 -1.000000000000000000e+00 1.000000000000000000e+00 0.000000000000000000e+00 0.000000000000000000e+00 -1.000000000000000000e+00 -1.000000000000000000e+00
1.820000000000000000e+02 3.098892869381532000e+04 1.674953072173229174e+01 1.066707374666417546e-01 1.416920667119149435e+00 3.117049702223776197e+00 3.034347340971480303e-02 0.000000000000000000e+00 -1.000000000000000000e+00 1.000000000000000000e+00 0.000000000000000000e+00 0.000000000000000000e+00 -1.000000000000000000e+00 -1.000000000000000000e+00
1.830000000000000000e+02 9.901052771020540604e+03 1.041686946058526964e+01 -3.390460054820833291e-02 1.598921585846817539e+00 1.371652544168547316e-02 2.062963548167432160e-01 1.570796326794896558e+00 -1.000000000000000000e+00 1.000000000000000000e+00 0.000000000000000000e+00 0.000000000000000000e+00 -1.000000000000000000e+00 -1.000000000000000000e+00
1.850000000000000000e+02 2.195658387148845941e+04 1.101142354309118687e+01 -1.120242526685713280e-01 2.936931865755143534e+00 1.155538274607216098e-03 2.772013026277510561e-01 0.000000000000000000e+00 -1.000000000000000000e+00 1.000000000000000000e+00 0.000000000000000000e+00 0.000000000000000000e+00 -1.000000000000000000e+00 -1.000000000000000000e+00
1.860000000000000000e+02 2.169759486998172724e+04 1.367438337208824173e+01 1.145523303432822715e-01 1.537295017626124860e+00 3.140396727276669520e+00 2.774353673748949922e-01 0.000000000000000000e+00 -1.000000000000000000e+00 1.000000000000000000e+00 0.000000000000000000e+00 0.000000000000000000e+00 -1.000000000000000000e+00 -1.000000000000000000e+00
1.880000000000000000e+02 3.468038560422752198e+04 1.598250834393861197e+01 1.948615423039714786e-02 7.348260325345029598e-01 3.116467408065376699e+00 2.346313377363177521e-01 0.000000000000000000e+00 -1.000000000000000000e+00 1.000000000000000000e+00 0.000000000000000000e+00 0.000000000000000000e+00 -1.000000000000000000e+00 -1.000000000000000000e+00
1.900000000000000000e+02 5.645269658541975332e+03 1.898896240745257913e+01 -8.145547692427330261e-03 2.678964230909976152e+00 3.125668542883394796e+00 1.981710446733882802e-01 1.570796326794896558e+00 -1.000000000000000000e+00 1.000000000000000000e+00 0.000000000000000000e+00 0.000000000000000000e+00 -1.000000000000000000e+00 -1.000000000000000000e+00
1.950000000000000000e+02 2.764693491208463092e+04 3.671657012614036830e+01 -1.266309786978500607e-01 3.041157898999985676e+00 3.107581406101214139e+00 6.087108509508254439e-02 0.000000000000000000e+00 -1.000000000000000000e+00 1.000000000000000000e+00 0.000000000000000000e+00 0.000000000000000000e+00 -1.000000000000000000e+00 -1.000000000000000000e+00
1.960000000000000000e+02 8.173418236361334266e+01 1.446460218412951093e+01 1.189905037925144171e-04 1.548837895881431503e+00 3.131913809425348028e+00 1.734988425110167709e-01 1.570796326794896558e+00 -1.000000000000000000e+00 1.000000000000000000e+00 0.000000000000000000e+00 0.000000000000000000e+00 -1.000000000000000000e+00 -1.000000000000000000e+00
1.970000000000000000e+02 4.793000877326129739e+03 1.015898543010482769e+01 2.010075404283683254e-01 1.710373258052229617e-01 3.138068672930776515e+00 1.817440108079291516e-01 0.000000000000000000e+00 -1.000000000000000000e+00 1.000000000000000000e+00 0.000000000000000000e+00 0.000000000000000000e+00 -1.000000000000000000e+00 -1.000000000000000000e+00
1.980000000000000000e+02 3.635922746744615142e+04 1.191545348240218516e+01 -4.362990428577565721e-02 2.238022955783876888e+00 2.623804099961064579e-03 5.235337972694926317e-02 1.570796326794896558e+00 -1.000000000000000000e+00 1.000000000000000000e+00 0.000000000000000000e+00 0.000000000000000000e+00 -1.000000000000000000e+00 -1.000000000000000000e+00
