# id_num orb_a mass spin spin_angle orb_inc orb_ecc orb_arg_periapse orb_ang_mom gen galaxy time_passed star_X star_Y star_Z radius
2.370000000000000000e+02 3.354476977473336063e+01 1.268711350472505046e+03 8.959999999999999076e-01 9.691780642029774739e-01 0.000000000000000000e+00 6.043098203028027804e-01 0.000000000000000000e+00 1.014732395238970368e+18 1.000000000000000000e+00 0.000000000000000000e+00 0.000000000000000000e+00 7.273999999999999355e-01 2.637999999999999790e-01 8.800000000000000530e-03 2.991561218321695037e+02
2.380000000000000000e+02 5.449633525214976260e+01 1.683687590685940904e+03 8.959999999999999076e-01 1.247678071201029359e+00 0.000000000000000000e+00 2.355221430199735261e-02 0.000000000000000000e+00 1.356437379029987584e+18 1.000000000000000000e+00 0.000000000000000000e+00 0.000000000000000000e+00 7.273999999999999355e-01 2.637999999999999790e-01 8.800000000000000530e-03 3.751602729128958913e+02
2.430000000000000000e+02 4.161766101795652162e+01 1.715451047853937098e+03 8.959999999999999076e-01 8.624030410714147443e-01 0.000000000000000000e+00 3.666472304487050082e-01 1.570796326794896558e+00 1.432140110084721920e+18 1.000000000000000000e+00 0.000000000000000000e+00 0.000000000000000000e+00 7.273999999999999355e-01 2.637999999999999790e-01 8.800000000000000530e-03 3.808117129906649438e+02
2.450000000000000000e+02 5.550540045125089250e+01 1.826798887456551029e+03 8.959999999999999076e-01 1.034915533645148322e+00 0.000000000000000000e+00 1.756238985943225570e-02 1.570796326794896558e+00 1.547450774264230144e+18 1.000000000000000000e+00 0.000000000000000000e+00 0.000000000000000000e+00 7.273999999999999355e-01 2.637999999999999790e-01 8.800000000000000530e-03 4.004609977370357683e+02
2.470000000000000000e+02 4.536738506455223074e+01 2.320122237067690548e+03 8.959999999999999076e-01 1.559742064796876715e+00 0.000000000000000000e+00 2.713114534270507083e-01 0.000000000000000000e+00 1.994055500183396864e+18 1.000000000000000000e+00 0.000000000000000000e+00 0.000000000000000000e+00 7.273999999999999355e-01 2.637999999999999790e-01 8.800000000000000530e-03 4.848599669604232645e+02
2.480000000000000000e+02 6.071710275690448100e+01 2.317554294941963235e+03 8.959999999999999076e-01 9.188104599512415538e-01 0.000000000000000000e+00 5.220754215376563478e-02 1.570796326794896558e+00 2.006524687423495936e+18 1.000000000000000000e+00 0.000000000000000000e+00 0.000000000000000000e+00 7.273999999999999355e-01 2.637999999999999790e-01 8.800000000000000530e-03 4.844305998576513730e+02
2.550000000000000000e+02 4.746340895510888913e+01 2.879515759082597924e+03 8.959999999999999076e-01 1.525630909877789376e+00 0.000000000000000000e+00 1.676743907321987526e-01 0.000000000000000000e+00 2.626544412909129216e+18 1.000000000000000000e+00 0.000000000000000000e+00 0.000000000000000000e+00 7.273999999999999355e-01 2.637999999999999790e-01 8.800000000000000530e-03 5.763193509723409989e+02
2.560000000000000000e+02 5.480797833408797715e+01 3.020138696222893941e+03 8.959999999999999076e-01 1.501911086121070493e+00 0.000000000000000000e+00 1.104333134210243317e-01 1.570796326794896558e+00 2.776076043575043072e+18 1.000000000000000000e+00 0.000000000000000000e+00 0.000000000000000000e+00 7.273999999999999355e-01 2.637999999999999790e-01 8.800000000000000530e-03 5.987274152452445151e+02
2.590000000000000000e+02 5.253671986548921780e+01 3.417312260281141789e+03 8.959999999999999076e-01 6.189263994193310303e-01 0.000000000000000000e+00 1.175862361943387363e-01 1.570796326794896558e+00 3.214795656247625216e+18 1.000000000000000000e+00 0.000000000000000000e+00 0.000000000000000000e+00 7.273999999999999355e-01 2.637999999999999790e-01 8.800000000000000530e-03 6.609298491291290247e+02
2.600000000000000000e+02 4.695790608925418752e+01 3.025702167619162537e+03 8.959999999999999076e-01 1.153381161697475843e+00 0.000000000000000000e+00 2.644079286198766643e-01 1.570796326794896558e+00 2.869942401557946368e+18 1.000000000000000000e+00 0.000000000000000000e+00 0.000000000000000000e+00 7.273999999999999355e-01 2.637999999999999790e-01 8.800000000000000530e-03 5.996095971642509994e+02
2.610000000000000000e+02 7.247487837592171900e+01 2.900053300795135328e+03 8.959999999999999076e-01 1.009319921714713075e+00 0.000000000000000000e+00 9.000000000000001055e-02 1.570796326794896558e+00 2.770237236515672576e+18 1.000000000000000000e+00 0.000000000000000000e+00 0.000000000000000000e+00 7.273999999999999355e-01 2.637999999999999790e-01 8.800000000000000530e-03 5.796053937048175158e+02
2.620000000000000000e+02 8.029233143943390871e+01 3.531719525933350724e+03 8.959999999999999076e-01 1.797788974422614094e+00 0.000000000000000000e+00 6.269213866001890900e-02 1.570796326794896558e+00 3.400540977694981120e+18 1.000000000000000000e+00 0.000000000000000000e+00 0.000000000000000000e+00 7.273999999999999355e-01 2.637999999999999790e-01 8.800000000000000530e-03 6.785730377025555526e+02
2.630000000000000000e+02 7.046310578883159792e+01 4.201423776190730678e+03 8.959999999999999076e-01 1.839753855111975200e+00 0.000000000000000000e+00 1.975894361492205181e-02 1.570796326794896558e+00 4.078061851425341952e+18 1.000000000000000000e+00 0.000000000000000000e+00 0.000000000000000000e+00 7.273999999999999355e-01 2.637999999999999790e-01 8.800000000000000530e-03 7.796951367222187628e+02
2.650000000000000000e+02 8.259527839111156311e+01 4.307815370997337595e+03 8.959999999999999076e-01 1.658646293255463089e+00 0.000000000000000000e+00 3.449485846511442244e-02 0.000000000000000000e+00 4.248071651949052928e+18 1.000000000000000000e+00 0.000000000000000000e+00 0.000000000000000000e+00 7.273999999999999355e-01 2.637999999999999790e-01 8.800000000000000530e-03 7.954507571420429031e+02
2.670000000000000000e+02 8.742262515072739859e+01 4.758816908998544022e+03 8.979999999999999094e-01 1.007802062501644391e+00 0.000000000000000000e+00 9.000000000000001055e-02 1.570796326794896558e+00 4.769617302447727616e+18 1.000000000000000000e+00 0.000000000000000000e+00 0.000000000000000000e+00 7.273999999999999355e-01 2.637999999999999790e-01 8.800000000000000530e-03 8.614038949339545752e+02
2.680000000000000000e+02 1.019474583938142445e+02 4.460197849015609791e+03 8.979999999999999094e-01 6.803390490272220870e-01 0.000000000000000000e+00 1.968867657320435421e-02 1.570796326794896558e+00 4.506389053312198144e+18 1.000000000000000000e+00 0.000000000000000000e+00 0.000000000000000000e+00 7.273999999999999355e-01 2.637999999999999790e-01 8.800000000000000530e-03 8.178825331925507953e+02
2.720000000000000000e+02 8.727531294743940293e+01 5.727654698895471483e+03 8.979999999999999094e-01 6.252061761940564955e-01 0.000000000000000000e+00 1.811702104834199759e-02 0.000000000000000000e+00 5.979976138412815360e+18 1.000000000000000000e+00 0.000000000000000000e+00 0.000000000000000000e+00 7.273999999999999355e-01 2.637999999999999790e-01 8.800000000000000530e-03 9.990543075145927787e+02
2.730000000000000000e+02 1.032505040640520377e+02 5.351313322944917672e+03 8.959999999999999076e-01 1.019063723583957692e+00 0.000000000000000000e+00 9.000000000000001055e-02 0.000000000000000000e+00 5.633815002017969152e+18 1.000000000000000000e+00 0.000000000000000000e+00 0.000000000000000000e+00 7.273999999999999355e-01 2.637999999999999790e-01 8.800000000000000530e-03 9.461847373058708399e+02
2.750000000000000000e+02 1.104503879458353310e+02 5.948760679520566555e+03 8.959999999999999076e-01 1.668503332505841597e+00 0.000000000000000000e+00 1.217416591518063161e-02 1.570796326794896558e+00 6.367774978802603008e+18 1.000000000000000000e+00 0.000000000000000000e+00 0.000000000000000000e+00 7.273999999999999355e-01 2.637999999999999790e-01 8.800000000000000530e-03 1.029790384327124002e+03
2.760000000000000000e+02 1.085172487173844331e+02 6.021665455317060150e+03 8.979999999999999094e-01 1.499290813803982214e+00 0.000000000000000000e+00 1.286422907748030302e-02 1.570796326794896558e+00 6.503520024105799680e+18 1.000000000000000000e+00 0.000000000000000000e+00 0.000000000000000000e+00 7.273999999999999355e-01 2.637999999999999790e-01 8.800000000000000530e-03 1.039874511669310095e+03
2.790000000000000000e+02 1.133855501987167713e+02 7.494640486880019125e+03 8.959999999999999076e-01 6.087409501443374893e-01 0.000000000000000000e+00 9.000000000000001055e-02 0.000000000000000000e+00 8.302661506862221312e+18 1.000000000000000000e+00 0.000000000000000000e+00 0.000000000000000000e+00 7.273999999999999355e-01 2.637999999999999790e-01 8.800000000000000530e-03 1.238820199741893930e+03
2.800000000000000000e+02 1.082616692117758248e+02 7.086779435030256536e+03 8.959999999999999076e-01 8.052499760380863458e-01 0.000000000000000000e+00 1.098064936735387680e-02 1.570796326794896558e+00 7.917907578879925248e+18 1.000000000000000000e+00 0.000000000000000000e+00 0.000000000000000000e+00 7.273999999999999355e-01 2.637999999999999790e-01 8.800000000000000530e-03 1.184586468200873924e+03
2.810000000000000000e+02 1.245619085187250619e+02 7.311841040226107907e+03 8.979999999999999094e-01 7.687038962413139664e-01 0.000000000000000000e+00 1.553152175733944589e-02 0.000000000000000000e+00 8.243925968684955648e+18 1.000000000000000000e+00 0.000000000000000000e+00 0.000000000000000000e+00 7.273999999999999355e-01 2.637999999999999790e-01 8.800000000000000530e-03 1.214588115433397888e+03
2.820000000000000000e+02 1.358566810870628956e+02 7.449823789249594483e+03 8.959999999999999076e-01 1.798888810706603669e+00 0.000000000000000000e+00 9.000000000000001055e-02 0.000000000000000000e+00 8.469890952566140928e+18 1.000000000000000000e+00 0.000000000000000000e+00 0.000000000000000000e+00 7.273999999999999355e-01 2.637999999999999790e-01 8.800000000000000530e-03 1.232890297165519996e+03
2.840000000000000000e+02 1.214909687323103356e+02 8.689137704147426120e+03 8.959999999999999076e-01 1.525783068422834621e+00 0.000000000000000000e+00 5.394911723034326312e-02 1.570796326794896558e+00 1.005624201164971008e+19 1.000000000000000000e+00 0.000000000000000000e+00 0.000000000000000000e+00 7.273999999999999355e-01 2.637999999999999790e-01 8.800000000000000530e-03 1.394405150429073274e+03
2.850000000000000000e+02 1.230261761530413480e+02 9.458025792426644330e+03 8.959999999999999076e-01 1.610269710522382658e+00 0.000000000000000000e+00 4.291636443157321318e-02 1.570796326794896558e+00 1.104526825449902899e+19 1.000000000000000000e+00 0.000000000000000000e+00 0.000000000000000000e+00 7.273999999999999355e-01 2.637999999999999790e-01 8.800000000000000530e-03 1.492272134932689596e+03
2.870000000000000000e+02 1.484361377809102294e+02 9.357960215258968674e+03 8.959999999999999076e-01 1.414066653169541610e+00 0.000000000000000000e+00 1.000000000000000056e-01 1.570796326794896558e+00 1.112508786417952358e+19 1.000000000000000000e+00 0.000000000000000000e+00 0.000000000000000000e+00 7.273999999999999355e-01 2.637999999999999790e-01 8.800000000000000530e-03 1.479628165997978840e+03
2.900000000000000000e+02 1.467462002386776874e+02 1.139947915899498003e+04 8.959999999999999076e-01 1.806303786442498671e+00 0.000000000000000000e+00 4.994490110838234465e-02 0.000000000000000000e+00 1.392883529389089587e+19 1.000000000000000000e+00 0.000000000000000000e+00 0.000000000000000000e+00 7.273999999999999355e-01 2.637999999999999790e-01 8.800000000000000530e-03 1.732669144194311684e+03
2.920000000000000000e+02 1.451306687321782363e+02 1.163985476533501787e+04 8.959999999999999076e-01 1.633202097622903137e+00 0.000000000000000000e+00 5.296132592854361359e-02 0.000000000000000000e+00 1.448719786424694170e+19 1.000000000000000000e+00 0.000000000000000000e+00 0.000000000000000000e+00 7.273999999999999355e-01 2.637999999999999790e-01 8.800000000000000530e-03 1.761836826456009248e+03
2.930000000000000000e+02 1.672327530076020992e+02 1.253920603559545998e+04 8.979999999999999094e-01 1.919882988412061842e+00 0.000000000000000000e+00 4.142672205667514984e-02 1.570796326794896558e+00 1.575199570712518042e+19 1.000000000000000000e+00 0.000000000000000000e+00 0.000000000000000000e+00 7.273999999999999355e-01 2.637999999999999790e-01 8.800000000000000530e-03 1.869922748643195519e+03
2.940000000000000000e+02 1.660213439375469875e+02 1.407108277199666918e+04 8.959999999999999076e-01 1.618376230643048697e+00 0.000000000000000000e+00 1.000000000000000056e-01 1.570796326794896558e+00 1.784406578045744333e+19 1.000000000000000000e+00 0.000000000000000000e+00 0.000000000000000000e+00 7.273999999999999355e-01 2.637999999999999790e-01 8.800000000000000530e-03 2.050546624280461401e+03
2.970000000000000000e+02 1.421523298739959671e+02 1.522083949845273492e+04 8.959999999999999076e-01 1.251148169895429874e+00 0.000000000000000000e+00 1.893781716428618103e-02 0.000000000000000000e+00 1.985915077855869338e+19 1.000000000000000000e+00 0.000000000000000000e+00 0.000000000000000000e+00 7.273999999999999355e-01 2.637999999999999790e-01 8.800000000000000530e-03 2.183526763451274292e+03
3.020000000000000000e+02 1.613024370089320598e+02 1.867301266823407423e+04 8.959999999999999076e-01 2.113593762287012456e+00 0.000000000000000000e+00 1.022340514621020678e-02 0.000000000000000000e+00 2.557516344698866893e+19 1.000000000000000000e+00 0.000000000000000000e+00 0.000000000000000000e+00 7.273999999999999355e-01 2.637999999999999790e-01 8.800000000000000530e-03 2.571456297472460847e+03
3.040000000000000000e+02 2.738163712132334808e+02 2.118304462386801970e+04 8.959999999999999076e-01 1.825721827519208640e+00 0.000000000000000000e+00 9.000000000000001055e-02 0.000000000000000000e+00 2.959541326134503014e+19 1.000000000000000000e+00 0.000000000000000000e+00 0.000000000000000000e+00 7.273999999999999355e-01 2.637999999999999790e-01 8.800000000000000530e-03 2.844450229724088786e+03
3.050000000000000000e+02 1.490522123269589656e+02 2.180659346739993634e+04 8.959999999999999076e-01 9.866744583554207804e-01 0.000000000000000000e+00 2.936423167649861513e-02 1.570796326794896558e+00 3.077500795731972915e+19 1.000000000000000000e+00 0.000000000000000000e+00 0.000000000000000000e+00 7.273999999999999355e-01 2.637999999999999790e-01 8.800000000000000530e-03 2.911239238135813594e+03
3.070000000000000000e+02 1.928472341058953816e+02 2.443613781899710011e+04 8.959999999999999076e-01 8.302323114594191145e-01 0.000000000000000000e+00 9.000000000000001055e-02 1.570796326794896558e+00 3.519813823676433613e+19 1.000000000000000000e+00 0.000000000000000000e+00 0.000000000000000000e+00 7.273999999999999355e-01 2.637999999999999790e-01 8.800000000000000530e-03 3.188847033689818545e+03
3.090000000000000000e+02 2.173404880900964997e+02 2.592071270046475183e+04 8.959999999999999076e-01 6.063608089326274486e-01 0.000000000000000000e+00 9.000000000000001055e-02 0.000000000000000000e+00 3.811157572299174707e+19 1.000000000000000000e+00 0.000000000000000000e+00 0.000000000000000000e+00 7.273999999999999355e-01 2.637999999999999790e-01 8.800000000000000530e-03 3.342913853933535847e+03
3.110000000000000000e+02 2.415921182412915016e+02 2.887689980441278021e+04 8.959999999999999076e-01 1.853671255999773004e+00 0.000000000000000000e+00 9.000000000000001055e-02 1.570796326794896558e+00 4.335243186200272896e+19 1.000000000000000000e+00 0.000000000000000000e+00 0.000000000000000000e+00 7.273999999999999355e-01 2.637999999999999790e-01 8.800000000000000530e-03 3.644585030746052780e+03
3.150000000000000000e+02 2.303792634933488443e+02 3.495451690747123939e+04 8.959999999999999076e-01 1.225167948170010179e+00 0.000000000000000000e+00 9.000000000000001055e-02 1.570796326794896558e+00 5.476061157808424550e+19 1.000000000000000000e+00 0.000000000000000000e+00 0.000000000000000000e+00 7.273999999999999355e-01 2.637999999999999790e-01 8.800000000000000530e-03 4.246296128433952617e+03
3.170000000000000000e+02 3.177431746725708308e+02 3.956723170213303092e+04 8.959999999999999076e-01 1.486300204926881863e+00 0.000000000000000000e+00 9.000000000000001055e-02 0.000000000000000000e+00 6.334898554031872410e+19 1.000000000000000000e+00 0.000000000000000000e+00 0.000000000000000000e+00 7.273999999999999355e-01 2.637999999999999790e-01 8.800000000000000530e-03 4.688956105759193633e+03
3.180000000000000000e+02 2.262020627149208849e+02 4.175602558072976535e+04 8.959999999999999076e-01 1.503582831948596876e+00 0.000000000000000000e+00 9.000000000000001055e-02 0.000000000000000000e+00 6.759686708188893184e+19 1.000000000000000000e+00 0.000000000000000000e+00 0.000000000000000000e+00 7.273999999999999355e-01 2.637999999999999790e-01 8.800000000000000530e-03 4.895341101147715563e+03
3.190000000000000000e+02 1.928401154355568394e+02 4.320317796060689579e+04 8.959999999999999076e-01 1.256199576235981885e+00 0.000000000000000000e+00 1.048185557015205403e-02 1.570796326794896558e+00 7.071483050935309926e+19 1.000000000000000000e+00 0.000000000000000000e+00 0.000000000000000000e+00 7.273999999999999355e-01 2.637999999999999790e-01 8.800000000000000530e-03 5.030604668747848336e+03
3.200000000000000000e+02 1.738463526159565333e+02 4.612435667261237541e+04 8.959999999999999076e-01 1.649526475719023777e+00 0.000000000000000000e+00 9.000000000000001055e-02 1.570796326794896558e+00 7.634661535478962586e+19 1.000000000000000000e+00 0.000000000000000000e+00 0.000000000000000000e+00 7.273999999999999355e-01 2.637999999999999790e-01 8.800000000000000530e-03 5.300927832819622381e+03
3.210000000000000000e+02 1.958210118888672469e+02 4.698405271984534193e+04 8.959999999999999076e-01 1.590632432355699954e+00 0.000000000000000000e+00 1.000000000000000056e-01 1.570796326794896558e+00 7.863684508650858086e+19 1.000000000000000000e+00 0.000000000000000000e+00 0.000000000000000000e+00 7.273999999999999355e-01 2.637999999999999790e-01 8.800000000000000530e-03 5.379823335914398740e+03
3.250000000000000000e+02 1.674955619279347729e+02 5.914071523289175093e+04 8.959999999999999076e-01 6.966935651635993709e-01 0.000000000000000000e+00 1.000000000000000056e-01 0.000000000000000000e+00 1.036036057522997494e+20 1.000000000000000000e+00 0.000000000000000000e+00 0.000000000000000000e+00 7.273999999999999355e-01 2.637999999999999790e-01 8.800000000000000530e-03 6.467208941379591124e+03
3.270000000000000000e+02 2.219010583372295855e+02 6.594341007020146935e+04 8.959999999999999076e-01 6.518052121178063985e-01 0.000000000000000000e+00 9.000000000000001055e-02 1.570796326794896558e+00 1.182573970643427000e+20 1.000000000000000000e+00 0.000000000000000000e+00 0.000000000000000000e+00 7.273999999999999355e-01 2.637999999999999790e-01 8.800000000000000530e-03 7.055775526380156407e+03
3.290000000000000000e+02 1.975952828156013652e+02 7.220390296069660690e+04 8.959999999999999076e-01 1.896671636495261604e+00 0.000000000000000000e+00 1.000000000000000056e-01 0.000000000000000000e+00 1.326015464623726592e+20 1.000000000000000000e+00 0.000000000000000000e+00 0.000000000000000000e+00 7.273999999999999355e-01 2.637999999999999790e-01 8.800000000000000530e-03 7.586756988486281443e+03
3.340000000000000000e+02 1.585361717128798489e+02 9.987587304880839656e+04 8.959999999999999076e-01 1.341507157055436661e+00 0.000000000000000000e+00 2.058911320946491333e-02 1.570796326794896558e+00 1.949318257694288773e+20 1.000000000000000000e+00 0.000000000000000000e+00 0.000000000000000000e+00 7.273999999999999355e-01 2.637999999999999790e-01 8.800000000000000530e-03 9.835039425968330761e+03
3.370000000000000000e+02 7.700000000000001137e+02 1.184677114405414904e+05 8.959999999999999076e-01 2.016704371295886755e+00 0.000000000000000000e+00 1.000000000000000056e-01 1.570796326794896558e+00 2.400853766398023762e+20 1.000000000000000000e+00 0.000000000000000000e+00 0.000000000000000000e+00 7.273999999999999355e-01 2.637999999999999790e-01 8.800000000000000530e-03 1.127424928741686927e+04
3.390000000000000000e+02 7.700000000000001137e+02 1.326686440354554506e+05 8.959999999999999076e-01 1.026227308681672890e+00 0.000000000000000000e+00 1.000000000000000056e-01 1.570796326794896558e+00 2.758631230739621806e+20 1.000000000000000000e+00 0.000000000000000000e+00 0.000000000000000000e+00 7.273999999999999355e-01 2.637999999999999790e-01 8.800000000000000530e-03 1.234304370019586167e+04
3.400000000000000000e+02 7.700000000000001137e+02 1.404741045350737404e+05 8.959999999999999076e-01 8.223413838411500754e-01 0.000000000000000000e+00 1.000000000000000056e-01 0.000000000000000000e+00 2.958858236121128632e+20 1.000000000000000000e+00 0.000000000000000000e+00 0.000000000000000000e+00 7.273999999999999355e-01 2.637999999999999790e-01 8.800000000000000530e-03 1.292065862401160120e+04
3.410000000000000000e+02 7.700000000000001137e+02 1.523019823012482666e+05 8.959999999999999076e-01 7.119516677404177374e-01 0.000000000000000000e+00 1.000000000000000056e-01 1.570796326794896558e+00 3.250331554926391460e+20 1.000000000000000000e+00 0.000000000000000000e+00 0.000000000000000000e+00 7.273999999999999355e-01 2.637999999999999790e-01 8.800000000000000530e-03 1.378389890085546540e+04
3.420000000000000000e+02 7.700000000000001137e+02 1.574711239628311887e+05 8.959999999999999076e-01 1.004638295905029288e+00 0.000000000000000000e+00 1.000000000000000056e-01 0.000000000000000000e+00 3.405278086393596477e+20 1.000000000000000000e+00 0.000000000000000000e+00 0.000000000000000000e+00 7.273999999999999355e-01 2.637999999999999790e-01 8.800000000000000530e-03 1.415690690418399572e+04
3.460000000000000000e+02 7.700000000000001137e+02 2.026817900259640010e+05 8.959999999999999076e-01 1.451336841263870525e+00 0.000000000000000000e+00 1.000000000000000056e-01 0.000000000000000000e+00 4.625760969362303877e+20 1.000000000000000000e+00 0.000000000000000000e+00 0.000000000000000000e+00 7.273999999999999355e-01 2.637999999999999790e-01 8.800000000000000530e-03 1.732444853687012437e+04
3.480000000000000000e+02 7.700000000000001137e+02 2.331967076496298541e+05 8.959999999999999076e-01 1.488269787152275425e+00 0.000000000000000000e+00 1.000000000000000056e-01 1.570796326794896558e+00 5.471066599734205481e+20 1.000000000000000000e+00 0.000000000000000000e+00 0.000000000000000000e+00 7.273999999999999355e-01 2.637999999999999790e-01 8.800000000000000530e-03 1.938141879835724467e+04
3.490000000000000000e+02 7.700000000000001137e+02 2.445876193696778209e+05 8.959999999999999076e-01 1.246302802391938247e+00 0.000000000000000000e+00 1.000000000000000056e-01 0.000000000000000000e+00 5.819743035240786821e+20 1.000000000000000000e+00 0.000000000000000000e+00 0.000000000000000000e+00 7.273999999999999355e-01 2.637999999999999790e-01 8.800000000000000530e-03 2.013516580877025262e+04
3.520000000000000000e+02 7.700000000000001137e+02 3.006249999971956713e+05 8.959999999999999076e-01 7.184302142655283330e-01 0.000000000000000000e+00 1.000000000000000056e-01 0.000000000000000000e+00 7.465577974331557806e+20 1.000000000000000000e+00 0.000000000000000000e+00 0.000000000000000000e+00 7.273999999999999355e-01 2.637999999999999790e-01 8.800000000000000530e-03 2.374803658324530261e+04
3.540000000000000000e+02 7.700000000000001137e+02 3.479897311967051355e+05 8.959999999999999076e-01 2.006689381486439494e+00 0.000000000000000000e+00 1.000000000000000056e-01 1.570796326794896558e+00 8.897157004324253204e+20 1.000000000000000000e+00 0.000000000000000000e+00 0.000000000000000000e+00 7.273999999999999355e-01 2.637999999999999790e-01 8.800000000000000530e-03 2.669689646089655071e+04
3.570000000000000000e+02 7.700000000000001137e+02 4.279102339592837961e+05 8.959999999999999076e-01 7.315998638324784364e-01 0.000000000000000000e+00 1.000000000000000056e-01 1.570796326794896558e+00 1.144094800792736629e+21 1.000000000000000000e+00 0.000000000000000000e+00 0.000000000000000000e+00 7.273999999999999355e-01 2.637999999999999790e-01 8.800000000000000530e-03 3.149849276886251755e+04
3.600000000000000000e+02 7.700000000000001137e+02 5.312891870473847957e+05 8.959999999999999076e-01 6.637672722702568917e-01 0.000000000000000000e+00 1.000000000000000056e-01 0.000000000000000000e+00 1.487302398319119827e+21 1.000000000000000000e+00 0.000000000000000000e+00 0.000000000000000000e+00 7.273999999999999355e-01 2.637999999999999790e-01 8.800000000000000530e-03 3.745177589631509181e+04
3.610000000000000000e+02 7.700000000000001137e+02 5.678409771732550580e+05 8.959999999999999076e-01 1.072611009336326360e+00 0.000000000000000000e+00 1.000000000000000056e-01 1.570796326794896558e+00 1.614726814811913716e+21 1.000000000000000000e+00 0.000000000000000000e+00 0.000000000000000000e+00 7.273999999999999355e-01 2.637999999999999790e-01 8.800000000000000530e-03 3.949926531086264731e+04
3.640000000000000000e+02 7.700000000000001137e+02 3.024557093246520380e+05 8.959999999999999076e-01 7.665728178807317272e-01 0.000000000000000000e+00 1.000000000000000056e-01 0.000000000000000000e+00 8.995471137184118211e+20 1.000000000000000000e+00 0.000000000000000000e+00 0.000000000000000000e+00 7.273999999999999355e-01 2.637999999999999790e-01 8.800000000000000530e-03 2.386366060926075806e+04
