# id_num orb_a mass spin spin_angle orb_inc orb_ecc orb_arg_periapse orb_ang_mom gen galaxy time_passed gw_freq gw_strain
1.000000000000000000e+00 4.331569175675868610e+04 2.393948956198213907e+01 -8.173713469388795005e-02 2.445846014595253859e+00 1.442584890013321255e-02 1.529264245089017801e-02 1.570796326794896558e+00 1.000000000000000000e+00 1.000000000000000000e+00 0.000000000000000000e+00 0.000000000000000000e+00 -1.000000000000000000e+00 -1.000000000000000000e+00
5.000000000000000000e+00 4.892376640597746155e+04 1.289553948770343972e+01 9.360613247566929029e-02 1.028671808407528365e+00 2.233106185780869835e-02 8.153878222778994378e-02 0.000000000000000000e+00 1.000000000000000000e+00 1.000000000000000000e+00 0.000000000000000000e+00 0.000000000000000000e+00 -1.000000000000000000e+00 -1.000000000000000000e+00
6.000000000000000000e+00 5.000000000000000000e+04 1.657540877704284554e+01 -7.096903467080699530e-03 5.045777263477013719e-01 3.134228003939056428e+00 2.817657808126767804e-01 1.570796326794896558e+00 1.000000000000000000e+00 1.000000000000000000e+00 0.000000000000000000e+00 0.000000000000000000e+00 -1.000000000000000000e+00 -1.000000000000000000e+00
9.000000000000000000e+00 2.415696734573852518e+04 1.437735336429924971e+01 -2.462398033175485293e-02 2.830286463456294310e+00 3.172092235313337394e+00 1.000000000000000021e-02 1.570796326794896558e+00 1.000000000000000000e+00 1.000000000000000000e+00 0.000000000000000000e+00 0.000000000000000000e+00 -1.000000000000000000e+00 -1.000000000000000000e+00
1.100000000000000000e+01 1.479273670037679221e+04 1.376968934648159149e+01 5.106914118538344316e-02 1.431889705233500232e+00 9.725950759641352125e-03 1.000000000000000056e-01 1.570796326794896558e+00 1.000000000000000000e+00 1.000000000000000000e+00 0.000000000000000000e+00 0.000000000000000000e+00 -1.000000000000000000e+00 -1.000000000000000000e+00
1.300000000000000000e+01 2.286389321350361934e+04 2.051497910852636153e+01 1.084501006645333943e-01 1.679179402288790146e-01 3.133404843647596749e+00 1.389996693854795608e-02 1.570796326794896558e+00 1.000000000000000000e+00 1.000000000000000000e+00 0.000000000000000000e+00 0.000000000000000000e+00 -1.000000000000000000e+00 -1.000000000000000000e+00
1.400000000000000000e+01 2.093059789051284679e+04 2.474129974842267998e+01 -1.477687231066460716e-01 1.765889383256511236e+00 -1.172011078338900877e-02 7.508341978672834760e-02 0.000000000000000000e+00 1.000000000000000000e+00 1.000000000000000000e+00 0.000000000000000000e+00 0.000000000000000000e+00 -1.000000000000000000e+00 -1.000000000000000000e+00
1.500000000000000000e+01 3.323024041705021227e+04 2.494004167924103399e+01 -5.806743022500661378e-02 3.089802230570399377e+00 3.126278443226685244e+00 2.396454928086675928e-01 1.570796326794896558e+00 1.000000000000000000e+00 1.000000000000000000e+00 0.000000000000000000e+00 0.000000000000000000e+00 -1.000000000000000000e+00 -1.000000000000000000e+00
1.600000000000000000e+01 7.507216890985180271e+02 2.815495009519338865e+01 -2.263200047589299102e-02 2.490747443810322093e+00 3.124997328758155835e+00 9.000000000000001055e-02 0.000000000000000000e+00 1.000000000000000000e+00 1.000000000000000000e+00 0.000000000000000000e+00 0.000000000000000000e+00 -1.000000000000000000e+00 -1.000000000000000000e+00
1.700000000000000000e+01 2.621365452700032620e+04 1.486508804541282025e+01 -2.149493974661304263e-01 2.770226307956253908e+00 3.130536179888802284e+00 1.642712532867933797e-02 1.570796326794896558e+00 1.000000000000000000e+00 1.000000000000000000e+00 0.000000000000000000e+00 0.000000000000000000e+00 -1.000000000000000000e+00 -1.000000000000000000e+00
1.800000000000000000e+01 2.731343415697571254e+04 1.232305728118777033e+01 1.771011181538618140e-01 1.133170841942928719e+00 1.716437256953958976e-02 1.584795957291874335e-01 1.570796326794896558e+00 1.000000000000000000e+00 1.000000000000000000e+00 0.000000000000000000e+00 0.000000000000000000e+00 -1.000000000000000000e+00 -1.000000000000000000e+00
1.900000000000000000e+01 3.477488337360763398e+04 1.053661145782671404e+01 1.180622925676586693e-02 1.671380266172102669e+00 4.564180767299132364e-03 9.654031293449759354e-02 0.000000000000000000e+00 1.000000000000000000e+00 1.000000000000000000e+00 0.000000000000000000e+00 0.000000000000000000e+00 -1.000000000000000000e+00 -1.000000000000000000e+00
2.000000000000000000e+01 2.824221076904296410e+02 1.058478947428546846e+01 -2.637076167020068612e-02 2.850837197560585956e+00 3.159984113509610726e+00 1.030822351571445000e-01 0.000000000000000000e+00 1.000000000000000000e+00 1.000000000000000000e+00 0.000000000000000000e+00 0.000000000000000000e+00 -1.000000000000000000e+00 -1.000000000000000000e+00
2.100000000000000000e+01 8.322450468315755643e+03 1.360347073257376671e+01 -9.759164016733036517e-02 3.041814164769017115e+00 3.118407926430489585e+00 4.383142756980065724e-02 0.000000000000000000e+00 1.000000000000000000e+00 1.000000000000000000e+00 0.000000000000000000e+00 0.000000000000000000e+00 -1.000000000000000000e+00 -1.000000000000000000e+00
2.500000000000000000e+01 1.683935719513738513e+04 1.568744762607387955e+01 4.400772446148577821e-02 3.407896726511269736e-01 3.132780639007545442e+00 1.000000000000000021e-02 1.570796326794896558e+00 1.000000000000000000e+00 1.000000000000000000e+00 0.000000000000000000e+00 0.000000000000000000e+00 -1.000000000000000000e+00 -1.000000000000000000e+00
2.800000000000000000e+01 3.798256279011361130e+03 1.129876162756587199e+01 2.780424601613515345e-02 6.797569290958354049e-01 -1.717140510954510979e-02 9.000000000000001055e-02 1.570796326794896558e+00 1.000000000000000000e+00 1.000000000000000000e+00 0.000000000000000000e+00 0.000000000000000000e+00 -1.000000000000000000e+00 -1.000000000000000000e+00
2.900000000000000000e+01 8.746084106542070003e+03 1.317567792212748756e+01 6.193189742489521588e-02 8.730773599544746633e-01 3.138387262198361505e+00 3.490928602936949759e-02 1.570796326794896558e+00 1.000000000000000000e+00 1.000000000000000000e+00 0.000000000000000000e+00 0.000000000000000000e+00 -1.000000000000000000e+00 -1.000000000000000000e+00
3.000000000000000000e+01 1.057995842899530544e+04 1.711132966094319841e+01 2.517603639090333634e-02 7.483233224044305576e-01 -2.146160846985899207e-02 1.000000000000000056e-01 0.000000000000000000e+00 1.000000000000000000e+00 1.000000000000000000e+00 0.000000000000000000e+00 0.000000000000000000e+00 -1.000000000000000000e+00 -1.000000000000000000e+00
3.200000000000000000e+01 6.087102947412105095e+03 2.491715793121291966e+01 2.227289391003161034e-01 8.955223802991715276e-01 3.163685252223071842e+00 9.000000000000001055e-02 1.570796326794896558e+00 1.000000000000000000e+00 1.000000000000000000e+00 0.000000000000000000e+00 0.000000000000000000e+00 -1.000000000000000000e+00 -1.000000000000000000e+00
3.300000000000000000e+01 3.533080208958150615e+04 1.173772091588891087e+01 -9.248832698102625594e-02 3.100000000000000089e+00 3.117837891077511969e+00 2.748098694092910854e-01 1.570796326794896558e+00 1.000000000000000000e+00 1.000000000000000000e+00 0.000000000000000000e+00 0.000000000000000000e+00 -1.000000000000000000e+00 -1.000000000000000000e+00
3.400000000000000000e+01 8.194214491564740456e+03 2.020109112287753206e+01 -4.292690665813826689e-02 3.100000000000000089e+00 3.154188289257116473e+00 9.000000000000001055e-02 0.000000000000000000e+00 1.000000000000000000e+00 1.000000000000000000e+00 0.000000000000000000e+00 0.000000000000000000e+00 -1.000000000000000000e+00 -1.000000000000000000e+00
3.800000000000000000e+01 1.204521518819133689e+03 1.413635884351143090e+01 -7.672405873320618797e-02 2.299688577311620463e+00 3.130068447559777756e+00 9.000000000000001055e-02 0.000000000000000000e+00 1.000000000000000000e+00 1.000000000000000000e+00 0.000000000000000000e+00 0.000000000000000000e+00 -1.000000000000000000e+00 -1.000000000000000000e+00
4.100000000000000000e+01 6.180302097437628390e+02 1.678218225282493137e+01 -1.161863371344267967e-02 1.504478637006404718e+00 2.430427499292259208e-03 9.000000000000001055e-02 0.000000000000000000e+00 1.000000000000000000e+00 1.000000000000000000e+00 0.000000000000000000e+00 0.000000000000000000e+00 -1.000000000000000000e+00 -1.000000000000000000e+00
4.200000000000000000e+01 5.701111309258975552e+02 1.290044906124189694e+01 -1.385685706874365819e-01 3.100000000000000089e+00 2.372141633594851851e-03 2.909336802949745102e-02 1.570796326794896558e+00 1.000000000000000000e+00 1.000000000000000000e+00 0.000000000000000000e+00 0.000000000000000000e+00 -1.000000000000000000e+00 -1.000000000000000000e+00
4.300000000000000000e+01 1.537026518856985240e+04 1.196775067923309344e+01 -8.787429813622903152e-02 2.150508450410303585e+00 3.148072503114395460e+00 4.725876384409653796e-02 0.000000000000000000e+00 1.000000000000000000e+00 1.000000000000000000e+00 0.000000000000000000e+00 0.000000000000000000e+00 -1.000000000000000000e+00 -1.000000000000000000e+00
4.600000000000000000e+01 4.320408674110200081e+04 2.965565357728464591e+01 -7.128058775803283731e-02 2.799959134842840758e+00 3.242200514232577296e-02 1.303383203347237840e-01 1.570796326794896558e+00 1.000000000000000000e+00 1.000000000000000000e+00 0.000000000000000000e+00 0.000000000000000000e+00 -1.000000000000000000e+00 -1.000000000000000000e+00
4.800000000000000000e+01 4.214777370022842661e+04 1.030965279655582201e+01 7.161479718191071653e-02 1.384930900627462380e+00 3.152364363725653540e+00 8.818613911614607559e-02 0.000000000000000000e+00 1.000000000000000000e+00 1.000000000000000000e+00 0.000000000000000000e+00 0.000000000000000000e+00 -1.000000000000000000e+00 -1.000000000000000000e+00
5.100000000000000000e+01 2.959916782379315191e+04 1.124930534757575451e+01 -9.072935013949311178e-03 3.812457823575963745e-01 3.098536115514743727e+00 2.106535000123532231e-01 1.570796326794896558e+00 1.000000000000000000e+00 1.000000000000000000e+00 0.000000000000000000e+00 0.000000000000000000e+00 -1.000000000000000000e+00 -1.000000000000000000e+00
5.200000000000000000e+01 4.666650243651966593e+04 1.480728403118707703e+01 5.289359965829928956e-02 8.702202025137592001e-01 -1.489401073823919813e-02 3.097356089580340435e-02 0.000000000000000000e+00 1.000000000000000000e+00 1.000000000000000000e+00 0.000000000000000000e+00 0.000000000000000000e+00 -1.000000000000000000e+00 -1.000000000000000000e+00
5.400000000000000000e+01 4.219421486446797644e+04 1.361458709981991433e+01 -1.189253814915176150e-01 2.423523924835682575e+00 -9.812567383048399761e-03 2.117037694635803824e-02 1.570796326794896558e+00 1.000000000000000000e+00 1.000000000000000000e+00 0.000000000000000000e+00 0.000000000000000000e+00 -1.000000000000000000e+00 -1.000000000000000000e+00
5.600000000000000000e+01 4.853254024594148359e+04 1.016800943301592852e+01 4.558263990397130871e-02 1.289946503477552131e+00 3.426911009757329426e-03 4.025451354344933980e-02 0.000000000000000000e+00 1.000000000000000000e+00 1.000000000000000000e+00 0.000000000000000000e+00 0.000000000000000000e+00 -1.000000000000000000e+00 -1.000000000000000000e+00
5.800000000000000000e+01 4.154538041553387302e+04 1.123171049621378081e+01 -1.545762030055249370e-01 3.089330004603826563e+00 2.749021994008093300e-02 2.122329949770288826e-01 0.000000000000000000e+00 1.000000000000000000e+00 1.000000000000000000e+00 0.000000000000000000e+00 0.000000000000000000e+00 -1.000000000000000000e+00 -1.000000000000000000e+00
6.000000000000000000e+01 4.364215297046776686e+04 1.564794926125837549e+01 -1.926754410650910118e-02 2.214552893944551126e+00 5.640506542110785074e-03 1.032709286153199457e-02 1.570796326794896558e+00 1.000000000000000000e+00 1.000000000000000000e+00 0.000000000000000000e+00 0.000000000000000000e+00 -1.000000000000000000e+00 -1.000000000000000000e+00
6.100000000000000000e+01 3.472902844823172927e+04 1.405696143757321970e+01 1.508763395198118862e-01 4.186775710950184637e-01 2.211285019253597314e-03 1.875241561681325053e-01 1.570796326794896558e+00 1.000000000000000000e+00 1.000000000000000000e+00 0.000000000000000000e+00 0.000000000000000000e+00 -1.000000000000000000e+00 -1.000000000000000000e+00
6.200000000000000000e+01 3.781912064559058490e+04 3.310830234113056747e+01 1.585062021475741045e-01 6.310826827124041971e-01 3.147405930239810523e+00 1.728945643453707881e-01 1.570796326794896558e+00 1.000000000000000000e+00 1.000000000000000000e+00 0.000000000000000000e+00 0.000000000000000000e+00 -1.000000000000000000e+00 -1.000000000000000000e+00
6.500000000000000000e+01 1.936939972971231691e+04 1.033980251732309519e+01 9.273907381681899265e-02 4.482251575986830883e-01 1.761465945369238700e-02 2.797259615189768775e-02 1.570796326794896558e+00 1.000000000000000000e+00 1.000000000000000000e+00 0.000000000000000000e+00 0.000000000000000000e+00 -1.000000000000000000e+00 -1.000000000000000000e+00
6.600000000000000000e+01 2.119535981923159125e+04 1.431473417627871214e+01 1.198536071785850643e-01 1.354046128267414106e+00 2.624356970756375890e-02 9.000000000000001055e-02 0.000000000000000000e+00 1.000000000000000000e+00 1.000000000000000000e+00 0.000000000000000000e+00 0.000000000000000000e+00 -1.000000000000000000e+00 -1.000000000000000000e+00
6.800000000000000000e+01 1.312118569211901104e+03 1.341170187385794677e+01 1.305041044540098116e-01 1.311489958100736875e+00 3.127621061714328743e+00 9.000000000000001055e-02 1.570796326794896558e+00 1.000000000000000000e+00 1.000000000000000000e+00 0.000000000000000000e+00 0.000000000000000000e+00 -1.000000000000000000e+00 -1.000000000000000000e+00
6.900000000000000000e+01 1.448054627362563042e+04 1.686629127027411101e+01 -1.820455001778165799e-02 6.980569942133617589e-01 -2.148571722104716461e-02 7.444017862600767199e-02 1.570796326794896558e+00 1.000000000000000000e+00 1.000000000000000000e+00 0.000000000000000000e+00 0.000000000000000000e+00 -1.000000000000000000e+00 -1.000000000000000000e+00
7.100000000000000000e+01 1.254900604374339309e+04 1.577197136362331698e+01 8.323333105021474276e-02 1.440986652494508968e+00 -2.828539837833548079e-02 1.000000000000000021e-02 1.570796326794896558e+00 1.000000000000000000e+00 1.000000000000000000e+00 0.000000000000000000e+00 0.000000000000000000e+00 -1.000000000000000000e+00 -1.000000000000000000e+00
7.200000000000000000e+01 2.536748142777266912e+04 2.529881085041323985e+01 -7.082874102572100927e-02 2.196983321484424767e+00 3.145077826101469132e+00 9.000000000000001055e-02 1.570796326794896558e+00 1.000000000000000000e+00 1.000000000000000000e+00 0.000000000000000000e+00 0.000000000000000000e+00 -1.000000000000000000e+00 -1.000000000000000000e+00
7.300000000000000000e+01 4.393782139580464718e+04 1.421246160028481142e+01 -8.678240305477900873e-02 2.675900138302999220e+00 3.151606788926037517e+00 1.913923495578803424e-01 0.000000000000000000e+00 1.000000000000000000e+00 1.000000000000000000e+00 0.000000000000000000e+00 0.000000000000000000e+00 -1.000000000000000000e+00 -1.000000000000000000e+00
7.400000000000000000e+01 3.166494862709401059e+04 3.085481932106611325e+01 5.970912506410705478e-02 2.772507136869370448e-01 -3.550814754218620944e-02 3.794350366549860409e-02 1.570796326794896558e+00 1.000000000000000000e+00 1.000000000000000000e+00 0.000000000000000000e+00 0.000000000000000000e+00 -1.000000000000000000e+00 -1.000000000000000000e+00
7.700000000000000000e+01 7.838398793676085461e+02 2.481288970376325054e+01 -4.545286556625745267e-02 1.819810910308555352e+00 4.370467214141826075e-03 9.000000000000001055e-02 1.570796326794896558e+00 1.000000000000000000e+00 1.000000000000000000e+00 0.000000000000000000e+00 0.000000000000000000e+00 -1.000000000000000000e+00 -1.000000000000000000e+00
7.900000000000000000e+01 1.751522145275262665e+04 1.617397810087245702e+01 2.600700399303274013e-02 2.432339655106874887e-01 3.162083520744186416e+00 1.000000000000000056e-01 0.000000000000000000e+00 1.000000000000000000e+00 1.000000000000000000e+00 0.000000000000000000e+00 0.000000000000000000e+00 -1.000000000000000000e+00 -1.000000000000000000e+00
8.000000000000000000e+01 1.067787904103374785e+04 1.008886196409083702e+01 3.761748794969230897e-02 6.882971362881319388e-01 -2.949761368241498108e-02 3.131965442457936705e-02 0.000000000000000000e+00 1.000000000000000000e+00 1.000000000000000000e+00 0.000000000000000000e+00 0.000000000000000000e+00 -1.000000000000000000e+00 -1.000000000000000000e+00
8.400000000000000000e+01 1.119637134172775404e+04 1.568788381817331512e+01 3.671541420803442479e-02 1.270678132012108552e+00 3.159264212489683477e+00 1.000000000000000021e-02 1.570796326794896558e+00 1.000000000000000000e+00 1.000000000000000000e+00 0.000000000000000000e+00 0.000000000000000000e+00 -1.000000000000000000e+00 -1.000000000000000000e+00
8.900000000000000000e+01 3.437167197462491458e+04 1.438521694778785864e+01 -7.465647884188511552e-02 2.849574723760786021e+00 -3.569092450453356657e-02 4.346879805838711752e-02 0.000000000000000000e+00 1.000000000000000000e+00 1.000000000000000000e+00 0.000000000000000000e+00 0.000000000000000000e+00 -1.000000000000000000e+00 -1.000000000000000000e+00
9.000000000000000000e+01 3.192084564465275616e+04 1.071348174625672911e+01 -2.251635383417988773e-02 2.342519990484559056e+00 3.172582673900812722e+00 1.595018014952200580e-01 0.000000000000000000e+00 1.000000000000000000e+00 1.000000000000000000e+00 0.000000000000000000e+00 0.000000000000000000e+00 -1.000000000000000000e+00 -1.000000000000000000e+00
9.100000000000000000e+01 4.453037998534778308e+04 1.110859577918558116e+01 1.567872722541436281e-01 1.121659140632586205e+00 -4.332500880518507652e-02 1.000000000000000021e-02 0.000000000000000000e+00 1.000000000000000000e+00 1.000000000000000000e+00 0.000000000000000000e+00 0.000000000000000000e+00 -1.000000000000000000e+00 -1.000000000000000000e+00
9.300000000000000000e+01 2.346136918230408628e+04 3.086968301437325479e+01 2.045957579178611652e-02 1.677540525976166208e+00 3.132502415364463388e+00 1.493345136183783610e-02 1.570796326794896558e+00 1.000000000000000000e+00 1.000000000000000000e+00 0.000000000000000000e+00 0.000000000000000000e+00 -1.000000000000000000e+00 -1.000000000000000000e+00
9.800000000000000000e+01 3.848639190281213087e+04 1.354678213740813320e+01 -1.062892955330314859e-01 2.366173562113873974e+00 3.160801385571824884e+00 2.674984183665060078e-01 1.570796326794896558e+00 1.000000000000000000e+00 1.000000000000000000e+00 0.000000000000000000e+00 0.000000000000000000e+00 -1.000000000000000000e+00 -1.000000000000000000e+00
1.000000000000000000e+02 1.215951416999228786e+04 1.391361687279062842e+01 -3.672295809689173768e-02 2.016288136684179833e+00 3.142598038224298840e+00 1.256128839980219167e-02 0.000000000000000000e+00 1.000000000000000000e+00 1.000000000000000000e+00 0.000000000000000000e+00 0.000000000000000000e+00 -1.000000000000000000e+00 -1.000000000000000000e+00
1.010000000000000000e+02 4.962444143677968532e+04 1.116222987576751358e+01 -9.630904914340919498e-02 2.877748844721808918e+00 3.108187160370549762e+00 6.680316663639311592e-02 1.570796326794896558e+00 1.000000000000000000e+00 1.000000000000000000e+00 0.000000000000000000e+00 0.000000000000000000e+00 -1.000000000000000000e+00 -1.000000000000000000e+00
1.020000000000000000e+02 3.189215579132654966e+04 1.436966491899687526e+01 9.023315992139929742e-02 6.691995344336462148e-01 -2.804694813943228032e-02 7.508675703055181505e-02 0.000000000000000000e+00 1.000000000000000000e+00 1.000000000000000000e+00 0.000000000000000000e+00 0.000000000000000000e+00 -1.000000000000000000e+00 -1.000000000000000000e+00
1.030000000000000000e+02 3.032560110945832639e+04 1.999301263560338526e+01 -2.289239593167422537e-01 1.904161821654390296e+00 3.160631120536372851e+00 5.854529048250568801e-02 1.570796326794896558e+00 1.000000000000000000e+00 1.000000000000000000e+00 0.000000000000000000e+00 0.000000000000000000e+00 -1.000000000000000000e+00 -1.000000000000000000e+00
1.040000000000000000e+02 4.655060772865072795e+04 2.264278293701063305e+01 1.435380919262662647e-01 6.768443381660560476e-01 3.135245992609588583e+00 2.087561173026243611e-02 0.000000000000000000e+00 1.000000000000000000e+00 1.000000000000000000e+00 0.000000000000000000e+00 0.000000000000000000e+00 -1.000000000000000000e+00 -1.000000000000000000e+00
1.050000000000000000e+02 3.330897139579029317e+04 3.625411557353685765e+01 -5.352657468700468962e-02 2.967016146112645192e+00 3.707637238638623184e-02 2.113073730742895950e-01 0.000000000000000000e+00 1.000000000000000000e+00 1.000000000000000000e+00 0.000000000000000000e+00 0.000000000000000000e+00 -1.000000000000000000e+00 -1.000000000000000000e+00
1.060000000000000000e+02 2.928920853913296014e+04 1.130834113311385458e+01 2.105948338446850254e-02 4.820716911248325576e-01 -2.496986182062981008e-02 2.508898807439603473e-01 0.000000000000000000e+00 1.000000000000000000e+00 1.000000000000000000e+00 0.000000000000000000e+00 0.000000000000000000e+00 -1.000000000000000000e+00 -1.000000000000000000e+00
1.070000000000000000e+02 2.234175362632476754e+04 1.073688107344819187e+01 4.182465059690914505e-02 1.106621248221367093e+00 -4.649764491184820055e-03 2.429825092276602025e-02 1.570796326794896558e+00 1.000000000000000000e+00 1.000000000000000000e+00 0.000000000000000000e+00 0.000000000000000000e+00 -1.000000000000000000e+00 -1.000000000000000000e+00
1.080000000000000000e+02 2.461277324841995505e+04 1.020011201230924058e+01 1.161256130079409699e-01 4.599051323125336599e-01 1.050560029167260309e-02 2.620068844025130045e-02 1.570796326794896558e+00 1.000000000000000000e+00 1.000000000000000000e+00 0.000000000000000000e+00 0.000000000000000000e+00 -1.000000000000000000e+00 -1.000000000000000000e+00
1.090000000000000000e+02 3.734503048788834712e+04 1.245581939704779550e+01 1.378376398308921863e-02 2.149147315773184963e-01 3.161705207147595509e+00 1.871930479667295311e-01 0.000000000000000000e+00 1.000000000000000000e+00 1.000000000000000000e+00 0.000000000000000000e+00 0.000000000000000000e+00 -1.000000000000000000e+00 -1.000000000000000000e+00
1.100000000000000000e+02 1.731565404370144824e+04 1.298678195402780133e+01 -1.240472240502521473e-01 1.957391179999537822e+00 1.211164574071160217e-02 1.000000000000000021e-02 1.570796326794896558e+00 1.000000000000000000e+00 1.000000000000000000e+00 0.000000000000000000e+00 0.000000000000000000e+00 -1.000000000000000000e+00 -1.000000000000000000e+00
1.110000000000000000e+02 4.401541152079198218e+04 1.173904337672788678e+01 -4.158518446576505573e-02 2.740626811095228543e+00 4.064642894506763620e-04 1.487996443821632507e-02 1.570796326794896558e+00 1.000000000000000000e+00 1.000000000000000000e+00 0.000000000000000000e+00 0.000000000000000000e+00 -1.000000000000000000e+00 -1.000000000000000000e+00
1.130000000000000000e+02 2.596497798655070710e+03 1.011291044198225997e+01 9.991711298088067073e-02 1.027812481186207272e+00 -2.362864782560846096e-03 9.000000000000001055e-02 0.000000000000000000e+00 1.000000000000000000e+00 1.000000000000000000e+00 0.000000000000000000e+00 0.000000000000000000e+00 -1.000000000000000000e+00 -1.000000000000000000e+00
1.140000000000000000e+02 3.853810103748497204e+04 1.267078643462684973e+01 -8.186750011810213501e-02 2.687595285462654804e+00 3.101148265684050109e+00 1.070531608083707259e-02 1.570796326794896558e+00 1.000000000000000000e+00 1.000000000000000000e+00 0.000000000000000000e+00 0.000000000000000000e+00 -1.000000000000000000e+00 -1.000000000000000000e+00
1.150000000000000000e+02 1.646654662705267765e+04 3.270154251594076555e+01 -9.608893881030912409e-02 2.820668366745217703e+00 3.115765542614522765e+00 1.152183182269046757e-02 0.000000000000000000e+00 1.000000000000000000e+00 1.000000000000000000e+00 0.000000000000000000e+00 0.000000000000000000e+00 -1.000000000000000000e+00 -1.000000000000000000e+00
1.170000000000000000e+02 4.170147199768090650e+04 1.626888092914901307e+01 2.690401920450793266e-02 4.383768885379214497e-01 3.174050627526285862e+00 5.354585367670562646e-02 0.000000000000000000e+00 1.000000000000000000e+00 1.000000000000000000e+00 0.000000000000000000e+00 0.000000000000000000e+00 -1.000000000000000000e+00 -1.000000000000000000e+00
1.190000000000000000e+02 6.999883272395712766e+02 2.218671287826642669e+01 1.242621868138541474e-01 7.421152446148688853e-01 3.813819543846424902e-03 1.000000000000000056e-01 0.000000000000000000e+00 1.000000000000000000e+00 1.000000000000000000e+00 0.000000000000000000e+00 0.000000000000000000e+00 -1.000000000000000000e+00 -1.000000000000000000e+00
1.260000000000000000e+02 4.411742241901122907e+04 1.302674156249969428e+01 -1.589124019466572058e-01 2.314152045102232158e+00 3.176053897914630220e+00 1.915162685139523702e-01 1.570796326794896558e+00 1.000000000000000000e+00 1.000000000000000000e+00 0.000000000000000000e+00 0.000000000000000000e+00 -1.000000000000000000e+00 -1.000000000000000000e+00
1.280000000000000000e+02 1.929230379728713160e+04 2.270319937154747691e+01 1.331651951020612901e-01 1.229254388879078341e+00 3.153235326480971157e+00 4.655186095718489431e-02 0.000000000000000000e+00 1.000000000000000000e+00 1.000000000000000000e+00 0.000000000000000000e+00 0.000000000000000000e+00 -1.000000000000000000e+00 -1.000000000000000000e+00
1.300000000000000000e+02 9.914349460376921343e+03 2.834808431410391449e+01 -1.559183874098186151e-01 1.924395464233605413e+00 1.112016884460730661e-04 2.688171768133226433e-02 1.570796326794896558e+00 1.000000000000000000e+00 1.000000000000000000e+00 0.000000000000000000e+00 0.000000000000000000e+00 -1.000000000000000000e+00 -1.000000000000000000e+00
1.330000000000000000e+02 8.344131561301408510e+03 1.844049913234428928e+01 6.660172956721974180e-02 8.191691665158687963e-01 3.122391263158043717e+00 3.283248911450380864e-02 0.000000000000000000e+00 1.000000000000000000e+00 1.000000000000000000e+00 0.000000000000000000e+00 0.000000000000000000e+00 -1.000000000000000000e+00 -1.000000000000000000e+00
1.350000000000000000e+02 1.805715880070035928e+04 2.772864112313951424e+01 8.154726952367995219e-02 1.360165673146878529e+00 -1.628311043492783328e-02 1.388226571272406333e-02 1.570796326794896558e+00 1.000000000000000000e+00 1.000000000000000000e+00 0.000000000000000000e+00 0.000000000000000000e+00 -1.000000000000000000e+00 -1.000000000000000000e+00
1.370000000000000000e+02 2.740388504019927859e+04 1.407665402560885326e+01 -1.298134258181491141e-01 1.754110323709837216e+00 -3.614980408169387455e-02 2.486402851836188310e-01 1.570796326794896558e+00 1.000000000000000000e+00 1.000000000000000000e+00 0.000000000000000000e+00 0.000000000000000000e+00 -1.000000000000000000e+00 -1.000000000000000000e+00
1.410000000000000000e+02 1.300844829977879817e+04 1.230000343911181027e+01 -7.534949239383795239e-02 2.189884531179352667e+00 3.127471540781713966e+00 1.280994635903925580e-02 1.570796326794896558e+00 1.000000000000000000e+00 1.000000000000000000e+00 0.000000000000000000e+00 0.000000000000000000e+00 -1.000000000000000000e+00 -1.000000000000000000e+00
1.430000000000000000e+02 3.513329903623798600e+04 1.146045350317321088e+01 2.294800142671728493e-01 2.258266373740933086e-01 -2.598944181630718359e-02 3.426775648746282349e-02 0.000000000000000000e+00 1.000000000000000000e+00 1.000000000000000000e+00 0.000000000000000000e+00 0.000000000000000000e+00 -1.000000000000000000e+00 -1.000000000000000000e+00
1.440000000000000000e+02 4.959539492330586654e+04 1.198169247695814121e+01 -4.882650276131571265e-02 3.100000000000000089e+00 3.142182481118100945e+00 2.763813441237322199e-01 1.570796326794896558e+00 1.000000000000000000e+00 1.000000000000000000e+00 0.000000000000000000e+00 0.000000000000000000e+00 -1.000000000000000000e+00 -1.000000000000000000e+00
1.460000000000000000e+02 2.387651126725414201e+02 1.175645916198141450e+01 -5.525786191374397471e-02 2.048720402055220990e+00 3.200863621708121443e+00 4.880229993854577619e-02 0.000000000000000000e+00 1.000000000000000000e+00 1.000000000000000000e+00 0.000000000000000000e+00 0.000000000000000000e+00 -1.000000000000000000e+00 -1.000000000000000000e+00
1.470000000000000000e+02 2.548639033666915930e+04 1.214587900506754536e+01 -3.080837534145996690e-02 1.820901464113265034e+00 3.170824630380412845e+00 1.178254331375885727e-01 0.000000000000000000e+00 1.000000000000000000e+00 1.000000000000000000e+00 0.000000000000000000e+00 0.000000000000000000e+00 -1.000000000000000000e+00 -1.000000000000000000e+00
1.490000000000000000e+02 4.909626961327586469e+04 1.494257707523783019e+01 -4.274034917355249569e-02 2.816781492238811690e+00 3.825190171132918787e-02 4.837234878812959188e-02 0.000000000000000000e+00 1.000000000000000000e+00 1.000000000000000000e+00 0.000000000000000000e+00 0.000000000000000000e+00 -1.000000000000000000e+00 -1.000000000000000000e+00
1.500000000000000000e+02 1.444517987198551236e+04 1.661301472993468309e+01 -2.520591678247581235e-01 3.048716999882429501e+00 3.132217466488766089e+00 6.450850192146934114e-02 0.000000000000000000e+00 1.000000000000000000e+00 1.000000000000000000e+00 0.000000000000000000e+00 0.000000000000000000e+00 -1.000000000000000000e+00 -1.000000000000000000e+00
1.520000000000000000e+02 5.613608438088328512e+03 1.277729768873491700e+01 -2.326385745225379720e-01 2.717480733811620919e+00 1.442109224201938190e-02 1.337176758680575991e-02 1.570796326794896558e+00 1.000000000000000000e+00 1.000000000000000000e+00 0.000000000000000000e+00 0.000000000000000000e+00 -1.000000000000000000e+00 -1.000000000000000000e+00
1.550000000000000000e+02 6.533744955118049802e+02 2.723751764539527542e+01 1.591870041812433745e-01 7.374956960980973975e-01 -1.388628274538867419e-02 1.612562126376133192e-02 0.000000000000000000e+00 1.000000000000000000e+00 1.000000000000000000e+00 0.000000000000000000e+00 0.000000000000000000e+00 -1.000000000000000000e+00 -1.000000000000000000e+00
1.570000000000000000e+02 2.871826770923785443e+04 1.022176363032868807e+01 4.383380785050348949e-02 3.220700553347116135e-01 2.465971827813826997e-02 8.247765658654229726e-02 0.000000000000000000e+00 1.000000000000000000e+00 1.000000000000000000e+00 0.000000000000000000e+00 0.000000000000000000e+00 -1.000000000000000000e+00 -1.000000000000000000e+00
1.590000000000000000e+02 1.085607415768448664e+04 3.873160495782493484e+01 -3.875230632933801544e-02 2.969178810138493940e+00 3.120529727951223631e+00 1.168149229247465552e-02 1.570796326794896558e+00 1.000000000000000000e+00 1.000000000000000000e+00 0.000000000000000000e+00 0.000000000000000000e+00 -1.000000000000000000e+00 -1.000000000000000000e+00
1.610000000000000000e+02 9.209198519054549479e+02 1.373669259054961422e+01 -1.119703687428712235e-02 1.426260514739205343e+00 3.129375855739580103e+00 9.000000000000001055e-02 0.000000000000000000e+00 1.000000000000000000e+00 1.000000000000000000e+00 0.000000000000000000e+00 0.000000000000000000e+00 -1.000000000000000000e+00 -1.000000000000000000e+00
1.620000000000000000e+02 3.847449832569988212e+04 1.099604916577374780e+01 -1.373353962051899746e-01 3.010414515615443154e+00 3.121403322429487925e+00 1.956052483414992896e-02 1.570796326794896558e+00 1.000000000000000000e+00 1.000000000000000000e+00 0.000000000000000000e+00 0.000000000000000000e+00 -1.000000000000000000e+00 -1.000000000000000000e+00
1.630000000000000000e+02 3.487553678695589042e+04 2.315331097799069582e+01 6.453194068052217278e-03 1.253732881527578114e+00 -1.875567236745304123e-02 1.378457235905120905e-02 0.000000000000000000e+00 1.000000000000000000e+00 1.000000000000000000e+00 0.000000000000000000e+00 0.000000000000000000e+00 -1.000000000000000000e+00 -1.000000000000000000e+00
1.640000000000000000e+02 4.022998603223100508e+04 1.086476519531640150e+01 -1.538000588683290371e-01 3.100000000000000089e+00 3.166712000823002970e+00 2.089896545600524458e-01 1.570796326794896558e+00 1.000000000000000000e+00 1.000000000000000000e+00 0.000000000000000000e+00 0.000000000000000000e+00 -1.000000000000000000e+00 -1.000000000000000000e+00
1.650000000000000000e+02 5.000000000000000000e+04 2.815493662227384064e+01 1.719320059054345040e-01 8.298497054091860115e-01 2.889215675126209290e-02 2.259471240891566535e-01 1.570796326794896558e+00 1.000000000000000000e+00 1.000000000000000000e+00 0.000000000000000000e+00 0.000000000000000000e+00 -1.000000000000000000e+00 -1.000000000000000000e+00
1.660000000000000000e+02 6.696352291409349391e+02 2.516641787352780923e+01 -1.100804030715070714e-01 2.710135374699587540e+00 3.147997356708624572e+00 9.000000000000001055e-02 1.570796326794896558e+00 1.000000000000000000e+00 1.000000000000000000e+00 0.000000000000000000e+00 0.000000000000000000e+00 -1.000000000000000000e+00 -1.000000000000000000e+00
1.670000000000000000e+02 4.010788972281292445e+03 1.121606176242095643e+01 -2.484408874382739926e-02 2.480360718806070341e+00 -9.801227484425914776e-04 9.000000000000001055e-02 0.000000000000000000e+00 1.000000000000000000e+00 1.000000000000000000e+00 0.000000000000000000e+00 0.000000000000000000e+00 -1.000000000000000000e+00 -1.000000000000000000e+00
1.680000000000000000e+02 1.791187851561663410e+04 3.011206449749640157e+01 -1.814529219880636063e-02 1.573948226799456895e+00 6.793704518687252239e-03 6.155257187237359734e-02 1.570796326794896558e+00 1.000000000000000000e+00 1.000000000000000000e+00 0.000000000000000000e+00 0.000000000000000000e+00 -1.000000000000000000e+00 -1.000000000000000000e+00
1.690000000000000000e+02 7.782063615095938758e+02 1.735920154568933782e+01 -1.974951699946556408e-03 1.674101305415165442e+00 1.579298171931564632e-02 2.220032429674020924e-02 1.570796326794896558e+00 1.000000000000000000e+00 1.000000000000000000e+00 0.000000000000000000e+00 0.000000000000000000e+00 -1.000000000000000000e+00 -1.000000000000000000e+00
1.700000000000000000e+02 8.134428919237819173e+03 1.166160095059338886e+01 -5.487252331804028452e-03 5.992468850420761273e-01 3.116828524173561821e+00 9.000000000000001055e-02 0.000000000000000000e+00 1.000000000000000000e+00 1.000000000000000000e+00 0.000000000000000000e+00 0.000000000000000000e+00 -1.000000000000000000e+00 -1.000000000000000000e+00
1.710000000000000000e+02 2.491310835161737486e+04 1.333760386598053493e+01 1.115424233913912822e-02 1.351246479314019755e+00 -3.324996490800720406e-02 2.366703579670200175e-01 1.570796326794896558e+00 1.000000000000000000e+00 1.000000000000000000e+00 0.000000000000000000e+00 0.000000000000000000e+00 -1.000000000000000000e+00 -1.000000000000000000e+00
1.720000000000000000e+02 7.612911143511869341e+03 2.428711933738442497e+01 1.134051067523834250e-02 3.487539981150881152e-01 2.090497560123562651e-02 9.000000000000001055e-02 0.000000000000000000e+00 1.000000000000000000e+00 1.000000000000000000e+00 0.000000000000000000e+00 0.000000000000000000e+00 -1.000000000000000000e+00 -1.000000000000000000e+00
1.730000000000000000e+02 2.651492243634033366e+04 1.996828242291118016e+01 -3.016978911219595633e-02 2.741711051627932161e+00 -2.616138366449884817e-02 2.906227035668769096e-02 0.000000000000000000e+00 1.000000000000000000e+00 1.000000000000000000e+00 0.000000000000000000e+00 0.000000000000000000e+00 -1.000000000000000000e+00 -1.000000000000000000e+00
1.750000000000000000e+02 4.361185837747125333e+04 1.968766364163914062e+01 -1.998624336126587908e-02 1.901945517239850281e+00 3.132887718642773045e+00 7.729851712961127719e-02 0.000000000000000000e+00 1.000000000000000000e+00 1.000000000000000000e+00 0.000000000000000000e+00 0.000000000000000000e+00 -1.000000000000000000e+00 -1.000000000000000000e+00
1.760000000000000000e+02 3.241380542750022141e+04 2.571446581170940959e+01 -3.363802372697403259e-02 2.684257312642323701e+00 3.114752056453051310e+00 2.213963113227321589e-01 1.570796326794896558e+00 1.000000000000000000e+00 1.000000000000000000e+00 0.000000000000000000e+00 0.000000000000000000e+00 -1.000000000000000000e+00 -1.000000000000000000e+00
1.780000000000000000e+02 1.397202075465899179e+04 3.362740473972139910e+01 9.398621382410727448e-03 2.481337177231926483e-01 1.222300342799013300e-03 1.000000000000000021e-02 0.000000000000000000e+00 1.000000000000000000e+00 1.000000000000000000e+00 0.000000000000000000e+00 0.000000000000000000e+00 -1.000000000000000000e+00 -1.000000000000000000e+00
1.790000000000000000e+02 3.022245019242855415e+04 1.521135105084267103e+01 -3.256602902578704245e-02 2.108434506786616591e+00 3.170707962680557657e+00 6.520392409902336928e-02 0.000000000000000000e+00 1.000000000000000000e+00 1.000000000000000000e+00 0.000000000000000000e+00 0.000000000000000000e+00 -1.000000000000000000e+00 -1.000000000000000000e+00
1.810000000000000000e+02 2.413895467006311810e+04 1.982079583231138642e+01 -4.328876931420277269e-02 2.890456673643989394e+00 3.136694318321443298e+00 3.291062047552878456e-02 0.000000000000000000e+00 1.000000000000000000e+00 1.000000000000000000e+00 0.000000000000000000e+00 0.000000000000000000e+00 -1.000000000000000000e+00 -1.000000000000000000e+00
1.820000000000000000e+02 2.705201237896200473e+04 1.767211566040937498e+01 -7.651026926848755738e-02 1.998160430936708254e+00 3.139717382616467933e+00 8.718970359666522452e-02 1.570796326794896558e+00 1.000000000000000000e+00 1.000000000000000000e+00 0.000000000000000000e+00 0.000000000000000000e+00 -1.000000000000000000e+00 -1.000000000000000000e+00
1.830000000000000000e+02 1.911383571345783639e+04 3.303538810182903518e+01 8.823114561185869953e-02 1.227719929967034274e+00 3.164511636155011853e+00 1.178855546732756818e-02 0.000000000000000000e+00 1.000000000000000000e+00 1.000000000000000000e+00 0.000000000000000000e+00 0.000000000000000000e+00 -1.000000000000000000e+00 -1.000000000000000000e+00
1.840000000000000000e+02 4.333795140906793677e+04 2.699809356873364763e+01 8.669174015103285613e-02 4.430335974647361397e-01 3.159063839049741418e+00 1.687229178872292068e-01 0.000000000000000000e+00 1.000000000000000000e+00 1.000000000000000000e+00 0.000000000000000000e+00 0.000000000000000000e+00 -1.000000000000000000e+00 -1.000000000000000000e+00
1.850000000000000000e+02 1.118148527978031234e+04 3.118757995632579849e+01 -9.007563808693372365e-03 1.477489396945075306e+00 1.119286975501149022e-02 1.000000000000000056e-01 1.570796326794896558e+00 1.000000000000000000e+00 1.000000000000000000e+00 0.000000000000000000e+00 0.000000000000000000e+00 -1.000000000000000000e+00 -1.000000000000000000e+00
1.860000000000000000e+02 1.814994893997072359e+04 1.077274232810925092e+01 6.766798838444441910e-02 7.306731704110350778e-01 2.095926198227531997e-02 1.000000000000000021e-02 1.570796326794896558e+00 1.000000000000000000e+00 1.000000000000000000e+00 0.000000000000000000e+00 0.000000000000000000e+00 -1.000000000000000000e+00 -1.000000000000000000e+00
1.870000000000000000e+02 3.820678054580207390e+04 1.091881745026315365e+01 -8.299940987717706331e-02 2.271390348446930663e+00 1.358122975285303881e-02 1.213487695999238697e-01 0.000000000000000000e+00 1.000000000000000000e+00 1.000000000000000000e+00 0.000000000000000000e+00 0.000000000000000000e+00 -1.000000000000000000e+00 -1.000000000000000000e+00
1.900000000000000000e+02 9.037083020808739093e+03 1.250661321155652494e+01 -9.918225382994218242e-02 1.874616559002650895e+00 3.136117867240062473e+00 5.099630873919655527e-02 0.000000000000000000e+00 1.000000000000000000e+00 1.000000000000000000e+00 0.000000000000000000e+00 0.000000000000000000e+00 -1.000000000000000000e+00 -1.000000000000000000e+00
1.910000000000000000e+02 4.672115528959953735e+03 1.807856699560013780e+01 -9.852687542369131801e-02 2.130546673242402989e+00 3.151718412589944673e+00 9.000000000000001055e-02 0.000000000000000000e+00 1.000000000000000000e+00 1.000000000000000000e+00 0.000000000000000000e+00 0.000000000000000000e+00 -1.000000000000000000e+00 -1.000000000000000000e+00
1.930000000000000000e+02 4.622748677923013747e+04 1.039556212959363712e+01 -6.291890005380590400e-02 1.885187590151360837e+00 4.490531703783308404e-02 2.639872405887817575e-01 1.570796326794896558e+00 1.000000000000000000e+00 1.000000000000000000e+00 0.000000000000000000e+00 0.000000000000000000e+00 -1.000000000000000000e+00 -1.000000000000000000e+00
1.940000000000000000e+02 2.618845803751619314e+04 2.139432234514108089e+01 -7.617141751520367654e-02 3.100000000000000089e+00 -1.199538933248398172e-02 1.333592764323900462e-02 1.570796326794896558e+00 1.000000000000000000e+00 1.000000000000000000e+00 0.000000000000000000e+00 0.000000000000000000e+00 -1.000000000000000000e+00 -1.000000000000000000e+00
1.970000000000000000e+02 4.993348596218772582e+04 1.074510025153438697e+01 -3.014144661927420712e-02 2.547927562231474319e+00 3.136621224191376900e+00 2.856466616689411486e-01 1.570796326794896558e+00 1.000000000000000000e+00 1.000000000000000000e+00 0.000000000000000000e+00 0.000000000000000000e+00 -1.000000000000000000e+00 -1.000000000000000000e+00
1.990000000000000000e+02 3.957173942603867181e+04 1.651326665705143526e+01 -1.848250304297774649e-01 2.440185976683149516e+00 -6.780188153219439233e-03 2.717117636820506887e-01 0.000000000000000000e+00 1.000000000000000000e+00 1.000000000000000000e+00 0.000000000000000000e+00 0.000000000000000000e+00 -1.000000000000000000e+00 -1.000000000000000000e+00
2.000000000000000000e+02 2.133328014544659163e+04 1.164576561977765934e+01 -2.200135201882022148e-04 1.436284160076048311e+00 1.759808571693657897e-02 1.109318403015111670e-01 1.570796326794896558e+00 1.000000000000000000e+00 1.000000000000000000e+00 0.000000000000000000e+00 0.000000000000000000e+00 -1.000000000000000000e+00 -1.000000000000000000e+00
3.650000000000000000e+02 7.086254639679810907e+02 3.362443184826736342e+01 -6.256261754395882335e-02 1.866579753142560749e+00 0.000000000000000000e+00 9.000000000000001055e-02 -1.000000000000000000e+00 1.000000000000000000e+00 1.000000000000000000e+00 3.200000000000000000e+01 0.000000000000000000e+00 -1.000000000000000000e+00 -1.000000000000000000e+00
3.000000000000000000e+00 1.988026808359706774e+04 2.234774311721404061e+01 7.853142029972887128e-02 1.592796127153102592e+00 0.000000000000000000e+00 1.829065671335198401e-02 1.570796326794896558e+00 1.000000000000000000e+00 1.000000000000000000e+00 0.000000000000000000e+00 0.000000000000000000e+00 -1.000000000000000000e+00 -1.000000000000000000e+00
1.000000000000000000e+01 5.000000000000000000e+04 1.360681087355037810e+01 7.403699689996619260e-02 8.384088466660095662e-01 3.136208043500758602e-02 2.321829783563412464e-01 1.570796326794896558e+00 1.000000000000000000e+00 1.000000000000000000e+00 0.000000000000000000e+00 0.000000000000000000e+00 -1.000000000000000000e+00 -1.000000000000000000e+00
2.200000000000000000e+01 7.978435113237292171e+02 3.013477224596586268e+01 -2.473277227794365707e-01 2.608833531538526707e+00 0.000000000000000000e+00 9.000000000000001055e-02 1.570796326794896558e+00 1.000000000000000000e+00 1.000000000000000000e+00 0.000000000000000000e+00 0.000000000000000000e+00 -1.000000000000000000e+00 -1.000000000000000000e+00
2.600000000000000000e+01 1.570459835655233655e+04 1.464837414652011205e+01 4.853459328503943737e-02 1.510573659678078995e+00 1.918488869199316132e-02 4.488343673587173732e-02 1.570796326794896558e+00 1.000000000000000000e+00 1.000000000000000000e+00 0.000000000000000000e+00 0.000000000000000000e+00 -1.000000000000000000e+00 -1.000000000000000000e+00
3.500000000000000000e+01 4.132713087871346215e+04 1.897728100828086895e+01 -1.527868025060514501e-01 2.480396871189155750e+00 0.000000000000000000e+00 2.695490580133001468e-01 1.570796326794896558e+00 1.000000000000000000e+00 1.000000000000000000e+00 0.000000000000000000e+00 0.000000000000000000e+00 -1.000000000000000000e+00 -1.000000000000000000e+00
5.700000000000000000e+01 6.457379197269005999e+03 1.149832715992792664e+01 1.127376910374084384e-01 1.391924866229734103e+00 1.279064501648118773e-02 1.000000000000000021e-02 1.570796326794896558e+00 1.000000000000000000e+00 1.000000000000000000e+00 0.000000000000000000e+00 0.000000000000000000e+00 -1.000000000000000000e+00 -1.000000000000000000e+00
7.000000000000000000e+01 2.640471818108119987e+04 3.242350922501663746e+01 8.989131320967339023e-02 1.416741382438092556e+00 0.000000000000000000e+00 3.313618081458683667e-02 1.570796326794896558e+00 1.000000000000000000e+00 1.000000000000000000e+00 0.000000000000000000e+00 0.000000000000000000e+00 -1.000000000000000000e+00 -1.000000000000000000e+00
7.600000000000000000e+01 4.230237506384933658e+04 1.012294499153265370e+01 -1.156108562543538137e-01 1.934379338253829239e+00 0.000000000000000000e+00 1.230892949966771177e-01 1.570796326794896558e+00 1.000000000000000000e+00 1.000000000000000000e+00 0.000000000000000000e+00 0.000000000000000000e+00 -1.000000000000000000e+00 -1.000000000000000000e+00
7.800000000000000000e+01 4.497302162889270676e+02 2.950745956996869168e+01 -4.216867570090922224e-02 2.145892595170667327e+00 0.000000000000000000e+00 1.971094827267131852e-02 1.570796326794896558e+00 1.000000000000000000e+00 1.000000000000000000e+00 0.000000000000000000e+00 0.000000000000000000e+00 -1.000000000000000000e+00 -1.000000000000000000e+00
8.600000000000000000e+01 5.000000000000000000e+04 1.076087203904151046e+01 8.349274225854397269e-02 4.148668586026082461e-01 5.051625903955692110e-02 5.050075427591576432e-02 1.570796326794896558e+00 1.000000000000000000e+00 1.000000000000000000e+00 0.000000000000000000e+00 0.000000000000000000e+00 -1.000000000000000000e+00 -1.000000000000000000e+00
9.700000000000000000e+01 6.766862029123971297e+03 1.069238800514565213e+01 8.084002664603624766e-02 2.916062454062938181e-01 2.210170960982475730e-02 2.675792238203591328e-02 1.570796326794896558e+00 1.000000000000000000e+00 1.000000000000000000e+00 0.000000000000000000e+00 0.000000000000000000e+00 -1.000000000000000000e+00 -1.000000000000000000e+00
1.160000000000000000e+02 1.252453923793262038e+04 2.799438571066667336e+01 2.834984269275477725e-02 8.691011134200045118e-01 1.353303438302214980e-03 3.214624283777907376e-02 1.570796326794896558e+00 1.000000000000000000e+00 1.000000000000000000e+00 0.000000000000000000e+00 0.000000000000000000e+00 -1.000000000000000000e+00 -1.000000000000000000e+00
1.220000000000000000e+02 3.004983509161265829e+04 1.051949560212458756e+01 5.100508938686169891e-02 1.165412094900695195e+00 8.748079273745861667e-03 1.193439057712523121e-01 1.570796326794896558e+00 1.000000000000000000e+00 1.000000000000000000e+00 0.000000000000000000e+00 0.000000000000000000e+00 -1.000000000000000000e+00 -1.000000000000000000e+00
1.290000000000000000e+02 6.642453128262365681e+03 1.063477711140234661e+01 5.336612489909231538e-02 1.056207707567255794e+00 2.330838321484167853e-03 1.000000000000000021e-02 1.570796326794896558e+00 1.000000000000000000e+00 1.000000000000000000e+00 0.000000000000000000e+00 0.000000000000000000e+00 -1.000000000000000000e+00 -1.000000000000000000e+00
1.310000000000000000e+02 8.386704874882468630e+02 3.760225600777992838e+01 -7.151608945413420737e-02 2.848527059617262047e+00 4.552729721560413133e-03 9.000000000000001055e-02 1.570796326794896558e+00 1.000000000000000000e+00 1.000000000000000000e+00 0.000000000000000000e+00 0.000000000000000000e+00 -1.000000000000000000e+00 -1.000000000000000000e+00
1.320000000000000000e+02 1.032225486539933445e+04 1.206118010203107893e+01 1.586117749038054026e-01 9.443418358827123660e-01 0.000000000000000000e+00 5.919852997522256910e-02 1.570796326794896558e+00 1.000000000000000000e+00 1.000000000000000000e+00 0.000000000000000000e+00 0.000000000000000000e+00 -1.000000000000000000e+00 -1.000000000000000000e+00
1.340000000000000000e+02 4.682832131390357245e+04 1.345956739916178257e+01 1.602865585022434647e-01 1.994673873425827915e-01 8.020581706831968541e-03 3.542108234169024511e-02 1.570796326794896558e+00 1.000000000000000000e+00 1.000000000000000000e+00 0.000000000000000000e+00 0.000000000000000000e+00 -1.000000000000000000e+00 -1.000000000000000000e+00
1.380000000000000000e+02 1.792501144135767026e+04 1.016193261465629227e+01 5.946688034442010329e-02 3.506546640213677457e-01 4.615461141714788731e-03 1.687655687413519290e-01 1.570796326794896558e+00 1.000000000000000000e+00 1.000000000000000000e+00 0.000000000000000000e+00 0.000000000000000000e+00 -1.000000000000000000e+00 -1.000000000000000000e+00
1.480000000000000000e+02 1.311758842046364407e+04 1.267110896611020898e+01 9.636122367275304357e-02 5.738808140309644701e-01 0.000000000000000000e+00 1.000000000000000056e-01 1.570796326794896558e+00 1.000000000000000000e+00 1.000000000000000000e+00 0.000000000000000000e+00 0.000000000000000000e+00 -1.000000000000000000e+00 -1.000000000000000000e+00
1.540000000000000000e+02 5.023781671831482527e+03 1.005492391241992500e+01 -1.374985080532830500e-02 0.000000000000000000e+00 0.000000000000000000e+00 1.551657509358704383e-02 1.570796326794896558e+00 1.000000000000000000e+00 1.000000000000000000e+00 0.000000000000000000e+00 0.000000000000000000e+00 -1.000000000000000000e+00 -1.000000000000000000e+00
1.580000000000000000e+02 4.276193967269458517e+04 1.102331289392369662e+01 9.913118749059333934e-02 9.391863931587411951e-01 0.000000000000000000e+00 9.525334600386428652e-02 1.570796326794896558e+00 1.000000000000000000e+00 1.000000000000000000e+00 0.000000000000000000e+00 0.000000000000000000e+00 -1.000000000000000000e+00 -1.000000000000000000e+00
1.600000000000000000e+02 1.001949512748882285e+03 1.258876148219754754e+01 1.482082599313410132e-01 1.285676044277869412e+00 4.002282725030297320e-03 9.000000000000001055e-02 1.570796326794896558e+00 1.000000000000000000e+00 1.000000000000000000e+00 0.000000000000000000e+00 0.000000000000000000e+00 -1.000000000000000000e+00 -1.000000000000000000e+00
1.880000000000000000e+02 4.672793573991476296e+04 2.580268123119541102e+01 -9.992419783966843827e-02 2.542192706718787054e+00 0.000000000000000000e+00 2.655336338655130135e-02 1.570796326794896558e+00 1.000000000000000000e+00 1.000000000000000000e+00 0.000000000000000000e+00 0.000000000000000000e+00 -1.000000000000000000e+00 -1.000000000000000000e+00
1.980000000000000000e+02 1.970626937912014546e+04 1.406232802743411803e+01 1.292421319366734989e-01 8.704962017763014925e-01 2.323999213396833047e-02 8.305796242556062747e-02 1.570796326794896558e+00 1.000000000000000000e+00 1.000000000000000000e+00 0.000000000000000000e+00 0.000000000000000000e+00 -1.000000000000000000e+00 -1.000000000000000000e+00
1.200000000000000000e+02 8.955423925273655186e+03 1.139455934536631609e+01 -5.135435770904017011e-02 2.597046245388805463e+00 0.000000000000000000e+00 1.835315855660690221e-01 0.000000000000000000e+00 1.000000000000000000e+00 1.000000000000000000e+00 0.000000000000000000e+00 0.000000000000000000e+00 -1.000000000000000000e+00 -1.000000000000000000e+00
1.210000000000000000e+02 1.091421854015524332e+03 2.346708911216338223e+01 -2.103667578299715790e-02 3.100000000000000089e+00 0.000000000000000000e+00 5.948779211718221438e-01 0.000000000000000000e+00 1.000000000000000000e+00 1.000000000000000000e+00 0.000000000000000000e+00 0.000000000000000000e+00 -1.000000000000000000e+00 -1.000000000000000000e+00
1.420000000000000000e+02 5.638631370842528668e+03 1.203039847911508708e+01 -1.422687329852934390e-01 2.228589812657542524e+00 0.000000000000000000e+00 1.561904175278074902e-01 0.000000000000000000e+00 1.000000000000000000e+00 1.000000000000000000e+00 0.000000000000000000e+00 0.000000000000000000e+00 -1.000000000000000000e+00 -1.000000000000000000e+00
1.890000000000000000e+02 1.872822827425247669e+04 1.456739773822529216e+01 -6.985082999287244021e-02 3.100000000000000089e+00 0.000000000000000000e+00 4.732350215487082790e-01 0.000000000000000000e+00 1.000000000000000000e+00 1.000000000000000000e+00 0.000000000000000000e+00 0.000000000000000000e+00 -1.000000000000000000e+00 -1.000000000000000000e+00
1.950000000000000000e+02 2.821717977685626829e+04 1.057627384386311675e+01 -4.316133610210644289e-02 3.100000000000000089e+00 0.000000000000000000e+00 5.888787267066640796e-01 0.000000000000000000e+00 1.000000000000000000e+00 1.000000000000000000e+00 0.000000000000000000e+00 0.000000000000000000e+00 -1.000000000000000000e+00 -1.000000000000000000e+00
1.450000000000000000e+02 1.564295547079190692e+04 1.007706167157179777e+01 -1.930870712899175612e-02 1.746176651463331231e+00 3.133049485957726255e+00 1.581168599928218718e-02 1.570796326794896558e+00 1.000000000000000000e+00 1.000000000000000000e+00 0.000000000000000000e+00 0.000000000000000000e+00 -1.000000000000000000e+00 -1.000000000000000000e+00
3.660000000000000000e+02 2.195931731539285465e+02 1.463412410935550056e+01 -1.146393635187683557e-01 2.605981653062550141e+00 0.000000000000000000e+00 8.912057310932666732e-02 -1.000000000000000000e+00 1.000000000000000000e+00 1.000000000000000000e+00 3.200000000000000000e+01 1.000000000000000000e+05 -1.000000000000000000e+00 -1.000000000000000000e+00
