# id_num orb_a mass spin spin_angle orb_inc orb_ecc orb_arg_periapse orb_ang_mom gen galaxy time_passed star_X star_Y star_Z radius
2.380000000000000000e+02 4.858749590919970274e+01 1.969218764810009134e+03 8.959999999999999076e-01 1.143076153306469056e+00 0.000000000000000000e+00 7.165663563108136402e-02 0.000000000000000000e+00 1.587013798169221376e+18 1.000000000000000000e+00 0.000000000000000000e+00 0.000000000000000000e+00 7.273999999999999355e-01 2.637999999999999790e-01 8.800000000000000530e-03 4.252485160153746619e+02
2.390000000000000000e+02 4.320477704389070794e+01 1.453648190967320261e+03 8.959999999999999076e-01 2.118764620178530400e+00 0.000000000000000000e+00 2.134142896687991064e-01 0.000000000000000000e+00 1.179574412846672384e+18 1.000000000000000000e+00 0.000000000000000000e+00 0.000000000000000000e+00 7.273999999999999355e-01 2.637999999999999790e-01 8.800000000000000530e-03 3.335608593446165173e+02
2.430000000000000000e+02 4.185026399488847204e+01 2.067657340538470635e+03 8.959999999999999076e-01 1.618246137803639462e+00 0.000000000000000000e+00 2.019104020744337535e-01 1.570796326794896558e+00 1.727021430036270848e+18 1.000000000000000000e+00 0.000000000000000000e+00 0.000000000000000000e+00 7.273999999999999355e-01 2.637999999999999790e-01 8.800000000000000530e-03 4.421712368179627788e+02
2.450000000000000000e+02 4.312522181517849162e+01 2.050738022708747394e+03 8.959999999999999076e-01 1.285582555728641108e+00 0.000000000000000000e+00 2.176944970748596608e-01 1.570796326794896558e+00 1.737543411656605696e+18 1.000000000000000000e+00 0.000000000000000000e+00 0.000000000000000000e+00 7.273999999999999355e-01 2.637999999999999790e-01 8.800000000000000530e-03 4.392742857803768288e+02
2.460000000000000000e+02 3.492746352560928358e+01 2.011846734565625866e+03 8.959999999999999076e-01 1.529825182460795796e+00 0.000000000000000000e+00 4.333971004167899710e-01 1.570796326794896558e+00 1.717535938681801984e+18 1.000000000000000000e+00 0.000000000000000000e+00 0.000000000000000000e+00 7.273999999999999355e-01 2.637999999999999790e-01 8.800000000000000530e-03 4.325970447486065495e+02
2.470000000000000000e+02 3.550333225574027551e+01 2.102887896103672119e+03 8.959999999999999076e-01 1.411853162884112001e+00 0.000000000000000000e+00 4.270034818516623698e-01 1.570796326794896558e+00 1.807796815312397056e+18 1.000000000000000000e+00 0.000000000000000000e+00 0.000000000000000000e+00 7.273999999999999355e-01 2.637999999999999790e-01 8.800000000000000530e-03 4.481883168038025360e+02
2.480000000000000000e+02 4.841549718916385103e+01 2.493652188532155378e+03 8.959999999999999076e-01 7.144994543805474052e-01 0.000000000000000000e+00 3.653706253275103982e-02 1.570796326794896558e+00 2.159729185791539200e+18 1.000000000000000000e+00 0.000000000000000000e+00 0.000000000000000000e+00 7.273999999999999355e-01 2.637999999999999790e-01 8.800000000000000530e-03 5.136606974468485305e+02
2.490000000000000000e+02 4.107340134239432672e+01 2.247274767028512088e+03 8.959999999999999076e-01 9.114781132684095510e-01 0.000000000000000000e+00 3.605253075727465895e-01 0.000000000000000000e+00 1.960536880683110656e+18 1.000000000000000000e+00 0.000000000000000000e+00 0.000000000000000000e+00 7.273999999999999355e-01 2.637999999999999790e-01 8.800000000000000530e-03 4.726422865442311263e+02
2.500000000000000000e+02 5.507159903463291784e+01 2.356649405649923665e+03 8.959999999999999076e-01 1.841425978245002870e+00 0.000000000000000000e+00 7.450405364302736810e-02 0.000000000000000000e+00 2.071245244571411456e+18 1.000000000000000000e+00 0.000000000000000000e+00 0.000000000000000000e+00 7.273999999999999355e-01 2.637999999999999790e-01 8.800000000000000530e-03 4.909571812140362113e+02
2.520000000000000000e+02 5.691556681853166566e+01 2.647287251122759244e+03 8.959999999999999076e-01 1.388619297031101762e+00 0.000000000000000000e+00 4.290310863321079859e-02 0.000000000000000000e+00 2.361844095463458304e+18 1.000000000000000000e+00 0.000000000000000000e+00 0.000000000000000000e+00 7.273999999999999355e-01 2.637999999999999790e-01 8.800000000000000530e-03 5.388259320643051069e+02
2.530000000000000000e+02 5.391033368911826074e+01 2.833702899795893245e+03 8.959999999999999076e-01 1.721624755886499436e+00 0.000000000000000000e+00 1.323864399783025898e-02 0.000000000000000000e+00 2.547273664684200448e+18 1.000000000000000000e+00 0.000000000000000000e+00 0.000000000000000000e+00 7.273999999999999355e-01 2.637999999999999790e-01 8.800000000000000530e-03 5.689722507144267638e+02
2.580000000000000000e+02 6.180571276102765665e+01 3.246318973158183780e+03 8.959999999999999076e-01 1.592855586975757465e+00 0.000000000000000000e+00 2.055983644885238035e-02 1.570796326794896558e+00 3.031730937797335040e+18 1.000000000000000000e+00 0.000000000000000000e+00 0.000000000000000000e+00 7.273999999999999355e-01 2.637999999999999790e-01 8.800000000000000530e-03 6.343377922009188978e+02
2.590000000000000000e+02 7.030980704802756520e+01 3.196211954899115881e+03 8.959999999999999076e-01 1.432197931446659300e+00 0.000000000000000000e+00 1.533342444441077035e-02 0.000000000000000000e+00 3.008615056110148608e+18 1.000000000000000000e+00 0.000000000000000000e+00 0.000000000000000000e+00 7.273999999999999355e-01 2.637999999999999790e-01 8.800000000000000530e-03 6.264928106136892438e+02
2.610000000000000000e+02 7.054371072830009837e+01 3.752738099874410182e+03 8.959999999999999076e-01 1.055113450809705977e+00 0.000000000000000000e+00 1.000000000000000056e-01 0.000000000000000000e+00 3.587027679581623808e+18 1.000000000000000000e+00 0.000000000000000000e+00 0.000000000000000000e+00 7.273999999999999355e-01 2.637999999999999790e-01 8.800000000000000530e-03 7.123382080920986255e+02
2.640000000000000000e+02 6.730316446306775902e+01 4.021161975566877118e+03 8.959999999999999076e-01 6.862162338776642834e-01 0.000000000000000000e+00 9.000000000000001055e-02 0.000000000000000000e+00 3.936175645734166016e+18 1.000000000000000000e+00 0.000000000000000000e+00 0.000000000000000000e+00 7.273999999999999355e-01 2.637999999999999790e-01 8.800000000000000530e-03 7.528160818804905148e+02
2.680000000000000000e+02 7.638316820695391129e+01 4.520526531284637713e+03 8.959999999999999076e-01 2.051440129013248903e+00 0.000000000000000000e+00 6.115247412374658076e-02 1.570796326794896558e+00 4.569088029243870208e+18 1.000000000000000000e+00 0.000000000000000000e+00 0.000000000000000000e+00 7.273999999999999355e-01 2.637999999999999790e-01 8.800000000000000530e-03 8.267207768464074888e+02
2.690000000000000000e+02 7.984717659196995498e+01 4.443696665421933176e+03 8.959999999999999076e-01 2.103248826060012622e+00 0.000000000000000000e+00 5.761002663983224442e-02 1.570796326794896558e+00 4.528614600869112832e+18 1.000000000000000000e+00 0.000000000000000000e+00 0.000000000000000000e+00 7.273999999999999355e-01 2.637999999999999790e-01 8.800000000000000530e-03 8.154609311449440838e+02
2.700000000000000000e+02 7.696632533830047862e+01 4.355476771245515920e+03 8.959999999999999076e-01 1.207531034646493584e+00 0.000000000000000000e+00 2.244055375778238048e-02 1.570796326794896558e+00 4.474166993919661568e+18 1.000000000000000000e+00 0.000000000000000000e+00 0.000000000000000000e+00 7.273999999999999355e-01 2.637999999999999790e-01 8.800000000000000530e-03 8.024836556740367541e+02
2.730000000000000000e+02 8.000130835723604150e+01 5.485078936071838143e+03 8.959999999999999076e-01 1.243981452266014642e+00 0.000000000000000000e+00 3.777969365502553689e-02 1.570796326794896558e+00 5.777740865493620736e+18 1.000000000000000000e+00 0.000000000000000000e+00 0.000000000000000000e+00 7.273999999999999355e-01 2.637999999999999790e-01 8.800000000000000530e-03 9.650591657274757154e+02
2.780000000000000000e+02 9.840835641789367116e+01 7.470350327578924407e+03 8.959999999999999076e-01 1.990775674886978264e+00 0.000000000000000000e+00 1.000000000000000056e-01 0.000000000000000000e+00 8.206940280493869056e+18 1.000000000000000000e+00 0.000000000000000000e+00 0.000000000000000000e+00 7.273999999999999355e-01 2.637999999999999790e-01 8.800000000000000530e-03 1.235607140461363770e+03
2.790000000000000000e+02 8.112144983596898840e+01 7.017471007201364955e+03 8.999999999999999112e-01 1.225409521429886794e+00 0.000000000000000000e+00 2.224392149945971300e-02 1.570796326794896558e+00 7.778087682035862528e+18 1.000000000000000000e+00 0.000000000000000000e+00 0.000000000000000000e+00 7.273999999999999355e-01 2.637999999999999790e-01 8.800000000000000530e-03 1.175309200570595976e+03
2.800000000000000000e+02 7.514644213717397747e+01 8.223607402555240697e+03 8.959999999999999076e-01 9.765165650041182088e-01 0.000000000000000000e+00 1.335199000813036205e-02 1.570796326794896558e+00 9.192721349376623616e+18 1.000000000000000000e+00 0.000000000000000000e+00 0.000000000000000000e+00 7.273999999999999355e-01 2.637999999999999790e-01 8.800000000000000530e-03 1.334312422501678157e+03
2.850000000000000000e+02 8.967592933633328300e+01 8.937076314612888382e+03 8.959999999999999076e-01 1.990606368280652960e+00 0.000000000000000000e+00 2.048670142943282216e-02 0.000000000000000000e+00 1.044181997511779738e+19 1.000000000000000000e+00 0.000000000000000000e+00 0.000000000000000000e+00 7.273999999999999355e-01 2.637999999999999790e-01 8.800000000000000530e-03 1.426146063308661724e+03
2.860000000000000000e+02 1.121076004835002209e+02 1.017523373312980948e+04 8.959999999999999076e-01 1.050928318793617366e+00 0.000000000000000000e+00 1.692073151345948809e-02 1.570796326794896558e+00 1.199265009367747174e+19 1.000000000000000000e+00 0.000000000000000000e+00 0.000000000000000000e+00 7.273999999999999355e-01 2.637999999999999790e-01 8.800000000000000530e-03 1.582133584597050913e+03
2.870000000000000000e+02 1.238850692468918595e+02 1.084024995636021049e+04 8.959999999999999076e-01 1.479280527076350049e+00 0.000000000000000000e+00 2.532968782753614034e-02 1.570796326794896558e+00 1.289294717751863296e+19 1.000000000000000000e+00 0.000000000000000000e+00 0.000000000000000000e+00 7.273999999999999355e-01 2.637999999999999790e-01 8.800000000000000530e-03 1.664328581524639048e+03
2.890000000000000000e+02 1.088158657979034842e+02 1.051263059037195853e+04 8.959999999999999076e-01 7.726453945860746186e-01 0.000000000000000000e+00 1.000000000000000056e-01 0.000000000000000000e+00 1.273288236652648038e+19 1.000000000000000000e+00 0.000000000000000000e+00 0.000000000000000000e+00 7.273999999999999355e-01 2.637999999999999790e-01 8.800000000000000530e-03 1.623965345108478459e+03
2.910000000000000000e+02 9.824489251267436885e+01 1.099167217635725319e+04 8.959999999999999076e-01 2.106205673415774804e+00 0.000000000000000000e+00 1.301070607754952965e-02 0.000000000000000000e+00 1.356240683645114573e+19 1.000000000000000000e+00 0.000000000000000000e+00 0.000000000000000000e+00 7.273999999999999355e-01 2.637999999999999790e-01 8.800000000000000530e-03 1.682901308326294156e+03
2.920000000000000000e+02 1.090450919229578375e+02 1.252427829292217575e+04 8.979999999999999094e-01 9.523408459627438205e-01 0.000000000000000000e+00 1.454660607301090820e-02 0.000000000000000000e+00 1.559505828685901619e+19 1.000000000000000000e+00 0.000000000000000000e+00 0.000000000000000000e+00 7.273999999999999355e-01 2.637999999999999790e-01 8.800000000000000530e-03 1.868141643829805389e+03
2.940000000000000000e+02 1.280528244132177065e+02 1.314649069260936812e+04 8.979999999999999094e-01 1.118160710590208495e+00 0.000000000000000000e+00 1.506716748516960351e-02 1.570796326794896558e+00 1.668060040204283699e+19 1.000000000000000000e+00 0.000000000000000000e+00 0.000000000000000000e+00 7.273999999999999355e-01 2.637999999999999790e-01 8.800000000000000530e-03 1.942028079105888310e+03
2.960000000000000000e+02 1.468904904818843704e+02 1.327545048289800070e+04 9.019999999999999130e-01 1.478614368459420181e+00 0.000000000000000000e+00 9.000000000000001055e-02 1.570796326794896558e+00 1.716638583168072704e+19 1.000000000000000000e+00 0.000000000000000000e+00 0.000000000000000000e+00 7.273999999999999355e-01 2.637999999999999790e-01 8.800000000000000530e-03 1.957253363311433986e+03
2.970000000000000000e+02 1.086098069105672295e+02 1.542230641194044620e+04 8.959999999999999076e-01 6.317649705013326233e-01 0.000000000000000000e+00 1.885183771964112423e-02 1.570796326794896558e+00 2.013251391683604070e+19 1.000000000000000000e+00 0.000000000000000000e+00 0.000000000000000000e+00 7.273999999999999355e-01 2.637999999999999790e-01 8.800000000000000530e-03 2.206617693972777943e+03
2.980000000000000000e+02 1.390779982073124472e+02 1.590383424237102736e+04 8.959999999999999076e-01 6.732543962327676157e-01 0.000000000000000000e+00 1.438190042406695818e-02 0.000000000000000000e+00 2.096040468071339622e+19 1.000000000000000000e+00 0.000000000000000000e+00 0.000000000000000000e+00 7.273999999999999355e-01 2.637999999999999790e-01 8.800000000000000530e-03 2.261565168881185855e+03
2.990000000000000000e+02 1.359782737810591584e+02 1.650751008802546494e+04 8.999999999999999112e-01 8.550619162870969348e-01 0.000000000000000000e+00 1.716568001564600099e-02 0.000000000000000000e+00 2.196771133136453632e+19 1.000000000000000000e+00 0.000000000000000000e+00 0.000000000000000000e+00 7.273999999999999355e-01 2.637999999999999790e-01 8.800000000000000530e-03 2.329983745951656601e+03
3.000000000000000000e+02 1.578790615054281830e+02 1.677191997143826666e+04 8.979999999999999094e-01 1.308268932676371454e+00 0.000000000000000000e+00 1.000000000000000056e-01 0.000000000000000000e+00 2.253648475552248218e+19 1.000000000000000000e+00 0.000000000000000000e+00 0.000000000000000000e+00 7.273999999999999355e-01 2.637999999999999790e-01 8.800000000000000530e-03 2.359792733506502827e+03
3.010000000000000000e+02 1.472041116867858932e+02 1.870428245105035967e+04 8.959999999999999076e-01 1.619406499657274567e+00 0.000000000000000000e+00 4.159442127646781340e-02 0.000000000000000000e+00 2.538479670645868134e+19 1.000000000000000000e+00 0.000000000000000000e+00 0.000000000000000000e+00 7.273999999999999355e-01 2.637999999999999790e-01 8.800000000000000530e-03 2.574900644675823060e+03
3.020000000000000000e+02 1.582409107097834351e+02 1.954488995625017924e+04 8.959999999999999076e-01 1.106272707770201480e+00 0.000000000000000000e+00 4.371636301053574009e-02 1.570796326794896558e+00 2.679024473869528269e+19 1.000000000000000000e+00 0.000000000000000000e+00 0.000000000000000000e+00 7.273999999999999355e-01 2.637999999999999790e-01 8.800000000000000530e-03 2.667068793927788192e+03
3.030000000000000000e+02 1.998950520917653080e+02 2.028345865157324079e+04 8.959999999999999076e-01 8.772332308528208999e-01 0.000000000000000000e+00 1.000000000000000056e-01 1.570796326794896558e+00 2.807786575476391526e+19 1.000000000000000000e+00 0.000000000000000000e+00 0.000000000000000000e+00 7.273999999999999355e-01 2.637999999999999790e-01 8.800000000000000530e-03 2.747395883297785076e+03
3.040000000000000000e+02 1.639886129308506781e+02 2.066091070538271015e+04 8.959999999999999076e-01 1.873557479038481688e+00 0.000000000000000000e+00 3.888973504786502611e-02 0.000000000000000000e+00 2.888349375109463245e+19 1.000000000000000000e+00 0.000000000000000000e+00 0.000000000000000000e+00 7.273999999999999355e-01 2.637999999999999790e-01 8.800000000000000530e-03 2.788221058043485755e+03
3.050000000000000000e+02 1.324996658818641890e+02 2.159665023889517761e+04 8.959999999999999076e-01 1.174663442730840446e+00 0.000000000000000000e+00 1.000000000000000056e-01 0.000000000000000000e+00 3.050162505815980851e+19 1.000000000000000000e+00 0.000000000000000000e+00 0.000000000000000000e+00 7.273999999999999355e-01 2.637999999999999790e-01 8.800000000000000530e-03 2.888795176075923791e+03
3.070000000000000000e+02 1.915990805961943124e+02 2.327544974643696332e+04 8.959999999999999076e-01 1.786686581892154013e+00 0.000000000000000000e+00 1.149438466722891607e-02 1.570796326794896558e+00 3.354402075769294029e+19 1.000000000000000000e+00 0.000000000000000000e+00 0.000000000000000000e+00 7.273999999999999355e-01 2.637999999999999790e-01 8.800000000000000530e-03 3.067087030355522984e+03
3.100000000000000000e+02 2.053764183795595386e+02 2.789927227046272674e+04 8.959999999999999076e-01 1.330195496908538111e+00 0.000000000000000000e+00 1.537557826314127352e-02 1.570796326794896558e+00 4.147034404347776205e+19 1.000000000000000000e+00 0.000000000000000000e+00 0.000000000000000000e+00 7.273999999999999355e-01 2.637999999999999790e-01 8.800000000000000530e-03 3.545536286373591793e+03
3.120000000000000000e+02 2.252474856916674639e+02 2.908768187101319199e+04 8.979999999999999094e-01 6.100392853836702489e-01 0.000000000000000000e+00 9.000000000000001055e-02 1.570796326794896558e+00 4.416116596427106714e+19 1.000000000000000000e+00 0.000000000000000000e+00 0.000000000000000000e+00 7.273999999999999355e-01 2.637999999999999790e-01 8.800000000000000530e-03 3.665851968853700782e+03
3.130000000000000000e+02 1.676632369542737706e+02 3.191092927274844624e+04 8.959999999999999076e-01 9.491743281569924306e-01 0.000000000000000000e+00 1.000000000000000056e-01 0.000000000000000000e+00 4.896231171505049600e+19 1.000000000000000000e+00 0.000000000000000000e+00 0.000000000000000000e+00 7.273999999999999355e-01 2.637999999999999790e-01 8.800000000000000530e-03 3.947836839905376110e+03
3.140000000000000000e+02 2.106670149130532366e+02 3.376695494591018360e+04 8.979999999999999094e-01 1.021488316631214754e+00 0.000000000000000000e+00 9.000000000000001055e-02 0.000000000000000000e+00 5.236666542416999219e+19 1.000000000000000000e+00 0.000000000000000000e+00 0.000000000000000000e+00 7.273999999999999355e-01 2.637999999999999790e-01 8.800000000000000530e-03 4.130485985799847185e+03
3.150000000000000000e+02 2.664844578183216299e+02 3.614766066904419131e+04 8.979999999999999094e-01 1.721462508474181030e+00 0.000000000000000000e+00 9.000000000000001055e-02 1.570796326794896558e+00 5.666147711627006771e+19 1.000000000000000000e+00 0.000000000000000000e+00 0.000000000000000000e+00 7.273999999999999355e-01 2.637999999999999790e-01 8.800000000000000530e-03 4.361860698292839515e+03
3.160000000000000000e+02 2.426527700569432966e+02 3.657304362848168967e+04 8.979999999999999094e-01 8.502136004263943780e-01 0.000000000000000000e+00 9.000000000000001055e-02 0.000000000000000000e+00 5.795197961764739482e+19 1.000000000000000000e+00 0.000000000000000000e+00 0.000000000000000000e+00 7.273999999999999355e-01 2.637999999999999790e-01 8.800000000000000530e-03 4.402876640069427594e+03
3.190000000000000000e+02 3.312805531929117251e+02 4.199965186330283905e+04 8.959999999999999076e-01 1.513750932040283992e+00 0.000000000000000000e+00 9.000000000000001055e-02 1.570796326794896558e+00 6.877526217160298496e+19 1.000000000000000000e+00 0.000000000000000000e+00 0.000000000000000000e+00 7.273999999999999355e-01 2.637999999999999790e-01 8.800000000000000530e-03 4.918177365131889928e+03
3.200000000000000000e+02 1.082098822585562488e+02 4.558239823265931773e+04 8.979999999999999094e-01 1.292163323415258303e+00 0.000000000000000000e+00 1.000000000000000056e-01 1.570796326794896558e+00 7.548659873479601357e+19 1.000000000000000000e+00 0.000000000000000000e+00 0.000000000000000000e+00 7.273999999999999355e-01 2.637999999999999790e-01 8.800000000000000530e-03 5.251040538997329350e+03
3.210000000000000000e+02 5.449500027572190675e+02 4.750283622216590447e+04 8.999999999999999112e-01 8.375570839858631489e-01 0.000000000000000000e+00 9.000000000000001055e-02 1.570796326794896558e+00 7.955164252877465190e+19 1.000000000000000000e+00 0.000000000000000000e+00 0.000000000000000000e+00 7.273999999999999355e-01 2.637999999999999790e-01 8.800000000000000530e-03 5.427292981686557141e+03
3.230000000000000000e+02 1.794633674669449022e+02 5.314317037347080623e+04 8.979999999999999094e-01 1.830637965594520189e+00 0.000000000000000000e+00 1.000000000000000056e-01 1.570796326794896558e+00 9.103744917993875046e+19 1.000000000000000000e+00 0.000000000000000000e+00 0.000000000000000000e+00 7.273999999999999355e-01 2.637999999999999790e-01 8.800000000000000530e-03 5.936980220175156319e+03
3.240000000000000000e+02 9.180180761196457695e+01 5.687124332181610953e+04 9.019999999999999130e-01 2.112344703976868132e+00 0.000000000000000000e+00 9.000000000000001055e-02 1.570796326794896558e+00 9.855059491194542490e+19 1.000000000000000000e+00 0.000000000000000000e+00 0.000000000000000000e+00 7.273999999999999355e-01 2.637999999999999790e-01 8.800000000000000530e-03 6.267896444681753565e+03
3.250000000000000000e+02 1.502607206778940565e+02 6.016368668762811285e+04 8.999999999999999112e-01 7.649443539119805680e-01 0.000000000000000000e+00 1.000000000000000056e-01 1.570796326794896558e+00 1.054720188332451430e+20 1.000000000000000000e+00 0.000000000000000000e+00 0.000000000000000000e+00 7.273999999999999355e-01 2.637999999999999790e-01 8.800000000000000530e-03 6.556547125189091275e+03
3.270000000000000000e+02 1.481803484870000318e+02 6.874469410512928152e+04 8.959999999999999076e-01 1.646747702914161504e+00 0.000000000000000000e+00 1.000000000000000056e-01 0.000000000000000000e+00 1.233648155117485097e+20 1.000000000000000000e+00 0.000000000000000000e+00 0.000000000000000000e+00 7.273999999999999355e-01 2.637999999999999790e-01 8.800000000000000530e-03 7.294557993010831524e+03
3.290000000000000000e+02 9.361402403473843492e+01 7.403980944162783271e+04 8.959999999999999076e-01 1.585634564588483730e+00 0.000000000000000000e+00 1.215766545905693982e-02 1.570796326794896558e+00 1.360387621297990205e+20 1.000000000000000000e+00 0.000000000000000000e+00 0.000000000000000000e+00 7.273999999999999355e-01 2.637999999999999790e-01 8.800000000000000530e-03 7.740693440524942162e+03
3.310000000000000000e+02 7.700000000000001137e+02 8.178096645765649737e+04 8.959999999999999076e-01 2.161470617085463619e+00 0.000000000000000000e+00 1.000000000000000056e-01 0.000000000000000000e+00 1.539378856559602893e+20 1.000000000000000000e+00 0.000000000000000000e+00 0.000000000000000000e+00 7.273999999999999355e-01 2.637999999999999790e-01 8.800000000000000530e-03 8.381648137850115745e+03
3.320000000000000000e+02 7.700000000000001137e+02 8.715458707362807763e+04 8.959999999999999076e-01 1.226806806291046437e+00 0.000000000000000000e+00 1.000000000000000056e-01 0.000000000000000000e+00 1.660469081080340480e+20 1.000000000000000000e+00 0.000000000000000000e+00 0.000000000000000000e+00 7.273999999999999355e-01 2.637999999999999790e-01 8.800000000000000530e-03 8.819416118022763840e+03
3.370000000000000000e+02 7.700000000000001137e+02 1.186914597084599955e+05 8.959999999999999076e-01 8.611183412902783108e-01 0.000000000000000000e+00 1.000000000000000056e-01 1.570796326794896558e+00 2.407147618515279544e+20 1.000000000000000000e+00 0.000000000000000000e+00 0.000000000000000000e+00 7.273999999999999355e-01 2.637999999999999790e-01 8.800000000000000530e-03 1.129128088288113031e+04
3.390000000000000000e+02 7.700000000000001137e+02 1.339418468161097262e+05 8.959999999999999076e-01 1.204703600878070047e+00 0.000000000000000000e+00 1.000000000000000056e-01 0.000000000000000000e+00 2.786669800748529091e+20 1.000000000000000000e+00 0.000000000000000000e+00 0.000000000000000000e+00 7.273999999999999355e-01 2.637999999999999790e-01 8.800000000000000530e-03 1.243771670213293510e+04
3.420000000000000000e+02 7.700000000000001137e+02 1.601783508069084201e+05 8.959999999999999076e-01 1.060407723047552375e+00 0.000000000000000000e+00 1.000000000000000056e-01 0.000000000000000000e+00 3.465961596202886758e+20 1.000000000000000000e+00 0.000000000000000000e+00 0.000000000000000000e+00 7.273999999999999355e-01 2.637999999999999790e-01 8.800000000000000530e-03 1.435128167830324674e+04
3.430000000000000000e+02 7.700000000000001137e+02 1.714795576545374061e+05 8.959999999999999076e-01 1.107444106364457337e+00 0.000000000000000000e+00 1.000000000000000056e-01 1.570796326794896558e+00 3.760387953444502241e+20 1.000000000000000000e+00 0.000000000000000000e+00 0.000000000000000000e+00 7.273999999999999355e-01 2.637999999999999790e-01 8.800000000000000530e-03 1.515575297086295723e+04
3.450000000000000000e+02 7.700000000000001137e+02 1.922055714844941103e+05 8.959999999999999076e-01 8.872349197751006056e-01 0.000000000000000000e+00 1.000000000000000056e-01 1.570796326794896558e+00 4.330080942219727995e+20 1.000000000000000000e+00 0.000000000000000000e+00 0.000000000000000000e+00 7.273999999999999355e-01 2.637999999999999790e-01 8.800000000000000530e-03 1.660429391445063084e+04
3.460000000000000000e+02 7.700000000000001137e+02 2.058832335277650564e+05 8.959999999999999076e-01 1.327190199023028816e+00 0.000000000000000000e+00 1.000000000000000056e-01 1.570796326794896558e+00 4.702340163403643617e+20 1.000000000000000000e+00 0.000000000000000000e+00 0.000000000000000000e+00 7.273999999999999355e-01 2.637999999999999790e-01 8.800000000000000530e-03 1.754302243214550617e+04
3.470000000000000000e+02 7.700000000000001137e+02 2.174223975528819137e+05 8.959999999999999076e-01 1.013606614149336727e+00 0.000000000000000000e+00 1.000000000000000056e-01 1.570796326794896558e+00 5.034643724392373944e+20 1.000000000000000000e+00 0.000000000000000000e+00 0.000000000000000000e+00 7.273999999999999355e-01 2.637999999999999790e-01 8.800000000000000530e-03 1.832529854660720230e+04
3.480000000000000000e+02 7.700000000000001137e+02 2.337531434025190247e+05 8.959999999999999076e-01 1.635263479946836185e+00 0.000000000000000000e+00 1.000000000000000056e-01 0.000000000000000000e+00 5.488602057971014697e+20 1.000000000000000000e+00 0.000000000000000000e+00 0.000000000000000000e+00 7.273999999999999355e-01 2.637999999999999790e-01 8.800000000000000530e-03 1.941840711986889073e+04
3.500000000000000000e+02 7.700000000000001137e+02 2.629967005491639138e+05 8.959999999999999076e-01 1.644330697211484393e+00 0.000000000000000000e+00 1.000000000000000056e-01 1.570796326794896558e+00 6.351715158780569190e+20 1.000000000000000000e+00 0.000000000000000000e+00 0.000000000000000000e+00 7.273999999999999355e-01 2.637999999999999790e-01 8.800000000000000530e-03 2.133869590244635765e+04
3.530000000000000000e+02 7.700000000000001137e+02 3.215290068968260312e+05 8.959999999999999076e-01 1.909786170617466361e+00 0.000000000000000000e+00 1.000000000000000056e-01 0.000000000000000000e+00 8.107495392336548987e+20 1.000000000000000000e+00 0.000000000000000000e+00 0.000000000000000000e+00 7.273999999999999355e-01 2.637999999999999790e-01 8.800000000000000530e-03 2.506015550593516309e+04
3.540000000000000000e+02 7.700000000000001137e+02 3.467228459291016334e+05 8.959999999999999076e-01 9.750659864100826857e-01 0.000000000000000000e+00 1.000000000000000056e-01 0.000000000000000000e+00 8.871873885341940449e+20 1.000000000000000000e+00 0.000000000000000000e+00 0.000000000000000000e+00 7.273999999999999355e-01 2.637999999999999790e-01 8.800000000000000530e-03 2.661911431299142350e+04
3.550000000000000000e+02 7.700000000000001137e+02 3.754177792150711175e+05 8.959999999999999076e-01 1.417784834184234732e+00 0.000000000000000000e+00 1.000000000000000056e-01 0.000000000000000000e+00 9.748300881105109647e+20 1.000000000000000000e+00 0.000000000000000000e+00 0.000000000000000000e+00 7.273999999999999355e-01 2.637999999999999790e-01 8.800000000000000530e-03 2.836739809059122126e+04
3.560000000000000000e+02 7.700000000000001137e+02 3.988706136848223978e+05 8.959999999999999076e-01 1.885485259467022834e+00 0.000000000000000000e+00 1.000000000000000056e-01 1.570796326794896558e+00 1.051360526249309897e+21 1.000000000000000000e+00 0.000000000000000000e+00 0.000000000000000000e+00 7.273999999999999355e-01 2.637999999999999790e-01 8.800000000000000530e-03 2.977647387574124514e+04
3.570000000000000000e+02 7.700000000000001137e+02 4.269661526101487107e+05 8.959999999999999076e-01 1.007473993000800760e+00 0.000000000000000000e+00 1.000000000000000056e-01 0.000000000000000000e+00 1.142503698589542515e+21 1.000000000000000000e+00 0.000000000000000000e+00 0.000000000000000000e+00 7.273999999999999355e-01 2.637999999999999790e-01 8.800000000000000530e-03 3.144288539372189553e+04
3.600000000000000000e+02 7.700000000000001137e+02 5.302286077874583425e+05 8.959999999999999076e-01 1.578484861118802485e+00 0.000000000000000000e+00 1.000000000000000056e-01 0.000000000000000000e+00 1.485547756933652152e+21 1.000000000000000000e+00 0.000000000000000000e+00 0.000000000000000000e+00 7.273999999999999355e-01 2.637999999999999790e-01 8.800000000000000530e-03 3.739195384348295920e+04
3.620000000000000000e+02 7.700000000000001137e+02 6.177995796830882318e+05 8.959999999999999076e-01 9.241740486053499071e-01 0.000000000000000000e+00 1.000000000000000056e-01 1.570796326794896558e+00 1.786083979711990727e+21 1.000000000000000000e+00 0.000000000000000000e+00 0.000000000000000000e+00 7.273999999999999355e-01 2.637999999999999790e-01 8.800000000000000530e-03 4.225574091913794109e+04
3.630000000000000000e+02 7.700000000000001137e+02 6.703444555112712551e+05 8.959999999999999076e-01 1.276718349104831507e+00 0.000000000000000000e+00 1.000000000000000056e-01 1.570796326794896558e+00 1.968987062095000109e+21 1.000000000000000000e+00 0.000000000000000000e+00 0.000000000000000000e+00 7.273999999999999355e-01 2.637999999999999790e-01 8.800000000000000530e-03 4.510721892636574921e+04
