# id_num orb_a mass spin spin_angle orb_inc orb_ecc orb_arg_periapse orb_ang_mom gen galaxy time_passed gw_freq gw_strain
1.000000000000000000e+00 1.730853546576974986e+04 1.261948231901226691e+01 9.155672835635023099e-03 9.487882403714091861e-01 -2.413556431010373954e-03 3.179238483953783501e-02 1.570796326794896558e+00 1.000000000000000000e+00 1.000000000000000000e+00 0.000000000000000000e+00 0.000000000000000000e+00 -1.000000000000000000e+00 -1.000000000000000000e+00
3.000000000000000000e+00 2.147848582515044473e+04 1.053996637604893749e+01 1.390834170193925301e-01 1.233783089214171680e+00 3.146394888148837499e+00 5.552075974414845405e-02 0.000000000000000000e+00 1.000000000000000000e+00 1.000000000000000000e+00 0.000000000000000000e+00 0.000000000000000000e+00 -1.000000000000000000e+00 -1.000000000000000000e+00
5.000000000000000000e+00 4.588684686382244399e+04 1.721976825407327283e+01 -3.617766045376852313e-02 1.558826370360074431e+00 2.690005928968757648e-02 1.753638387518424019e-02 0.000000000000000000e+00 1.000000000000000000e+00 1.000000000000000000e+00 0.000000000000000000e+00 0.000000000000000000e+00 -1.000000000000000000e+00 -1.000000000000000000e+00
6.000000000000000000e+00 2.445442807855651336e+04 1.207726942634608136e+01 9.773566854061518927e-02 7.962724901945461564e-01 3.148707884690998604e+00 5.387815558844713526e-02 1.570796326794896558e+00 1.000000000000000000e+00 1.000000000000000000e+00 0.000000000000000000e+00 0.000000000000000000e+00 -1.000000000000000000e+00 -1.000000000000000000e+00
7.000000000000000000e+00 2.839859905074498238e+04 1.568335130498816810e+01 -5.413427281613032716e-02 2.087895484152433756e+00 3.135835743852730673e+00 1.731255543523937956e-02 1.570796326794896558e+00 1.000000000000000000e+00 1.000000000000000000e+00 0.000000000000000000e+00 0.000000000000000000e+00 -1.000000000000000000e+00 -1.000000000000000000e+00
9.000000000000000000e+00 4.125721587851779759e+02 1.034545482103996683e+01 7.712331102116828929e-02 1.072707534970261500e+00 3.140103979266447354e+00 1.823306003913303594e-02 0.000000000000000000e+00 1.000000000000000000e+00 1.000000000000000000e+00 0.000000000000000000e+00 0.000000000000000000e+00 -1.000000000000000000e+00 -1.000000000000000000e+00
1.400000000000000000e+01 4.058285148286604453e+02 1.117683127515728359e+01 1.678540837781170580e-01 1.589093805211442501e+00 3.146469031924980619e+00 1.973648645853927353e-02 0.000000000000000000e+00 1.000000000000000000e+00 1.000000000000000000e+00 0.000000000000000000e+00 0.000000000000000000e+00 -1.000000000000000000e+00 -1.000000000000000000e+00
1.700000000000000000e+01 4.758776617549296498e+04 1.364754785084585365e+01 1.173247092074755915e-01 1.152277527377441713e+00 2.586989776010343786e-02 1.031071528652753172e-01 0.000000000000000000e+00 1.000000000000000000e+00 1.000000000000000000e+00 0.000000000000000000e+00 0.000000000000000000e+00 -1.000000000000000000e+00 -1.000000000000000000e+00
2.000000000000000000e+01 3.015441819514781673e+04 2.239232364272589848e+01 -6.373694873630018909e-02 2.928641978604134444e+00 3.311677263829923556e-02 3.976418283989446162e-02 1.570796326794896558e+00 1.000000000000000000e+00 1.000000000000000000e+00 0.000000000000000000e+00 0.000000000000000000e+00 -1.000000000000000000e+00 -1.000000000000000000e+00
2.300000000000000000e+01 4.106856565888684418e+04 1.146357105537349241e+01 -1.323717497963603495e-01 3.100000000000000089e+00 3.113153834993529046e+00 2.815531283257535072e-02 0.000000000000000000e+00 1.000000000000000000e+00 1.000000000000000000e+00 0.000000000000000000e+00 0.000000000000000000e+00 -1.000000000000000000e+00 -1.000000000000000000e+00
2.400000000000000000e+01 4.210244877762607939e+04 1.235611651734621930e+01 -9.012479955592379854e-02 2.268747142754269142e+00 3.684278986998915789e-02 2.430913213806044568e-02 0.000000000000000000e+00 1.000000000000000000e+00 1.000000000000000000e+00 0.000000000000000000e+00 0.000000000000000000e+00 -1.000000000000000000e+00 -1.000000000000000000e+00
2.600000000000000000e+01 1.764241753688793324e+04 1.385541633957934238e+01 -6.082577628237660627e-02 2.535578228996846484e+00 3.155888195613102187e+00 2.222474867395529338e-02 1.570796326794896558e+00 1.000000000000000000e+00 1.000000000000000000e+00 0.000000000000000000e+00 0.000000000000000000e+00 -1.000000000000000000e+00 -1.000000000000000000e+00
2.700000000000000000e+01 8.277269908460115403e+03 3.480687291974533082e+01 6.100244576261171225e-02 6.599130338109441274e-01 1.708954453862040340e-02 1.000000000000000021e-02 1.570796326794896558e+00 1.000000000000000000e+00 1.000000000000000000e+00 0.000000000000000000e+00 0.000000000000000000e+00 -1.000000000000000000e+00 -1.000000000000000000e+00
3.700000000000000000e+01 2.789268800949277647e+04 1.590375705096464998e+01 -8.113561045153332152e-02 2.487450023411934552e+00 3.157707232456802959e+00 1.000000000000000021e-02 1.570796326794896558e+00 1.000000000000000000e+00 1.000000000000000000e+00 0.000000000000000000e+00 0.000000000000000000e+00 -1.000000000000000000e+00 -1.000000000000000000e+00
4.400000000000000000e+01 4.976799960176115292e+02 1.653110848828347912e+01 -2.106773067123754728e-01 2.850592823045434265e+00 -2.984734586143294663e-03 3.349557628108266322e-02 0.000000000000000000e+00 1.000000000000000000e+00 1.000000000000000000e+00 0.000000000000000000e+00 0.000000000000000000e+00 -1.000000000000000000e+00 -1.000000000000000000e+00
4.800000000000000000e+01 5.000000000000000000e+04 1.850900110924366260e+01 -1.223490580009406331e-01 3.100000000000000089e+00 3.132249822922492793e-02 8.441166860763989199e-02 0.000000000000000000e+00 1.000000000000000000e+00 1.000000000000000000e+00 0.000000000000000000e+00 0.000000000000000000e+00 -1.000000000000000000e+00 -1.000000000000000000e+00
4.900000000000000000e+01 3.979464374181646349e+02 1.043802833604891589e+01 2.288707607316246839e-02 1.206219176666756043e+00 3.130841344857124398e+00 1.263501678466716349e-02 1.570796326794896558e+00 1.000000000000000000e+00 1.000000000000000000e+00 0.000000000000000000e+00 0.000000000000000000e+00 -1.000000000000000000e+00 -1.000000000000000000e+00
5.400000000000000000e+01 3.217224072311572309e+04 1.674101393522284908e+01 5.526741980587211722e-02 1.730595586623971505e+00 1.996439982459196835e-02 2.093603935486014825e-02 1.570796326794896558e+00 1.000000000000000000e+00 1.000000000000000000e+00 0.000000000000000000e+00 0.000000000000000000e+00 -1.000000000000000000e+00 -1.000000000000000000e+00
5.500000000000000000e+01 3.328469510216093477e+04 2.568496936813297182e+01 -3.264803543727901741e-02 8.925470679359985837e-01 3.110312544363546206e+00 2.641956172698598990e-02 1.570796326794896558e+00 1.000000000000000000e+00 1.000000000000000000e+00 0.000000000000000000e+00 0.000000000000000000e+00 -1.000000000000000000e+00 -1.000000000000000000e+00
5.800000000000000000e+01 5.000000000000000000e+04 1.352262768132505322e+01 -1.547619693924694867e-02 1.473275051857447115e+00 1.764741806994272327e-02 1.039443802351283086e-01 1.570796326794896558e+00 1.000000000000000000e+00 1.000000000000000000e+00 0.000000000000000000e+00 0.000000000000000000e+00 -1.000000000000000000e+00 -1.000000000000000000e+00
6.100000000000000000e+01 1.180752504847317869e+04 1.132659198672497425e+01 4.254069357074680147e-02 3.305164941347769059e-01 3.146146918241740309e+00 1.917441235979006758e-02 1.570796326794896558e+00 1.000000000000000000e+00 1.000000000000000000e+00 0.000000000000000000e+00 0.000000000000000000e+00 -1.000000000000000000e+00 -1.000000000000000000e+00
6.200000000000000000e+01 1.554026689907184482e+04 2.333009027090894349e+01 4.618038989846533215e-02 9.488458178043642777e-01 3.136655981144536920e+00 1.000000000000000021e-02 1.570796326794896558e+00 1.000000000000000000e+00 1.000000000000000000e+00 0.000000000000000000e+00 0.000000000000000000e+00 -1.000000000000000000e+00 -1.000000000000000000e+00
6.400000000000000000e+01 1.478648844624772937e+04 1.103726819443041407e+01 -3.521813232312709374e-02 8.752192028627227005e-01 2.039092778272713277e-02 1.000000000000000056e-01 0.000000000000000000e+00 1.000000000000000000e+00 1.000000000000000000e+00 0.000000000000000000e+00 0.000000000000000000e+00 -1.000000000000000000e+00 -1.000000000000000000e+00
6.600000000000000000e+01 5.000000000000000000e+04 1.906402070996084674e+01 2.401544897557283953e-02 1.499832764924608597e+00 3.096462946647819958e+00 4.320313135522377279e-02 1.570796326794896558e+00 1.000000000000000000e+00 1.000000000000000000e+00 0.000000000000000000e+00 0.000000000000000000e+00 -1.000000000000000000e+00 -1.000000000000000000e+00
7.000000000000000000e+01 2.002307825053037959e+04 1.105964531559675734e+01 1.484545560459412383e-01 8.929739955403320772e-01 -1.728488910132857520e-02 1.000000000000000021e-02 0.000000000000000000e+00 1.000000000000000000e+00 1.000000000000000000e+00 0.000000000000000000e+00 0.000000000000000000e+00 -1.000000000000000000e+00 -1.000000000000000000e+00
7.300000000000000000e+01 5.000000000000000000e+04 2.616767731151799126e+01 1.626017803827754793e-02 9.236727289652988393e-01 3.170427151126368859e+00 1.753284334818499823e-01 0.000000000000000000e+00 1.000000000000000000e+00 1.000000000000000000e+00 0.000000000000000000e+00 0.000000000000000000e+00 -1.000000000000000000e+00 -1.000000000000000000e+00
8.100000000000000000e+01 5.000000000000000000e+04 3.362183394786381996e+01 2.725523378973747357e-02 7.732673260325677589e-01 3.852270674597144118e-02 8.962242693509260560e-02 1.570796326794896558e+00 1.000000000000000000e+00 1.000000000000000000e+00 0.000000000000000000e+00 0.000000000000000000e+00 -1.000000000000000000e+00 -1.000000000000000000e+00
8.200000000000000000e+01 1.644847750824475952e+04 1.121683690402129940e+01 -9.353288471921600289e-03 1.577119401786543973e+00 3.133994754909806169e+00 1.002594499370162290e-02 1.570796326794896558e+00 1.000000000000000000e+00 1.000000000000000000e+00 0.000000000000000000e+00 0.000000000000000000e+00 -1.000000000000000000e+00 -1.000000000000000000e+00
8.400000000000000000e+01 3.140063837146753212e+04 1.297842241269619024e+01 -1.632501287831184256e-01 2.430831461673339966e+00 3.111740897580295151e+00 2.935152724673788585e-02 1.570796326794896558e+00 1.000000000000000000e+00 1.000000000000000000e+00 0.000000000000000000e+00 0.000000000000000000e+00 -1.000000000000000000e+00 -1.000000000000000000e+00
8.600000000000000000e+01 2.464969483501209834e+04 1.023627082638210695e+01 -1.415546580598551762e-01 2.906231061909843483e+00 3.162255031335410749e+00 2.631709311766757334e-02 1.570796326794896558e+00 1.000000000000000000e+00 1.000000000000000000e+00 0.000000000000000000e+00 0.000000000000000000e+00 -1.000000000000000000e+00 -1.000000000000000000e+00
8.800000000000000000e+01 4.866467172237983618e+02 1.039365871452391943e+01 -1.923178151848374887e-02 1.194736307485658289e+00 3.129143608968530721e+00 1.262658354880680754e-02 0.000000000000000000e+00 1.000000000000000000e+00 1.000000000000000000e+00 0.000000000000000000e+00 0.000000000000000000e+00 -1.000000000000000000e+00 -1.000000000000000000e+00
9.000000000000000000e+01 4.379005984780374274e+04 1.569281712193610367e+01 -4.836273328140567457e-02 2.613918159672230956e+00 -4.466782897897265264e-02 9.725776501945165853e-02 1.570796326794896558e+00 1.000000000000000000e+00 1.000000000000000000e+00 0.000000000000000000e+00 0.000000000000000000e+00 -1.000000000000000000e+00 -1.000000000000000000e+00
9.100000000000000000e+01 2.677062099043503258e+04 1.932861140957131951e+01 -1.575146684509604045e-01 2.058906352226157921e+00 4.674402539890215244e-03 4.477214018091958680e-02 0.000000000000000000e+00 1.000000000000000000e+00 1.000000000000000000e+00 0.000000000000000000e+00 0.000000000000000000e+00 -1.000000000000000000e+00 -1.000000000000000000e+00
9.200000000000000000e+01 3.650360190795345261e+04 1.077819230028896591e+01 -1.634890623314058308e-03 1.669933918667311668e+00 3.100263838419639040e+00 1.852934844085848409e-01 0.000000000000000000e+00 1.000000000000000000e+00 1.000000000000000000e+00 0.000000000000000000e+00 0.000000000000000000e+00 -1.000000000000000000e+00 -1.000000000000000000e+00
9.700000000000000000e+01 2.612069571887003258e+04 1.158797608917412880e+01 -8.945246271952402017e-02 3.100000000000000089e+00 3.530727738608544636e-02 1.000000000000000021e-02 1.570796326794896558e+00 1.000000000000000000e+00 1.000000000000000000e+00 0.000000000000000000e+00 0.000000000000000000e+00 -1.000000000000000000e+00 -1.000000000000000000e+00
9.900000000000000000e+01 4.637282547103377510e+02 1.373405301558691782e+01 -4.945573732120410460e-02 2.265003083702969544e+00 -1.007941078470325942e-02 1.617262978890140687e-02 0.000000000000000000e+00 1.000000000000000000e+00 1.000000000000000000e+00 0.000000000000000000e+00 0.000000000000000000e+00 -1.000000000000000000e+00 -1.000000000000000000e+00
1.000000000000000000e+02 5.000000000000000000e+04 1.261845283483040525e+01 -3.661491386928581587e-02 1.308453284858374754e+00 3.101673713802852284e+00 8.418427582851727153e-02 0.000000000000000000e+00 1.000000000000000000e+00 1.000000000000000000e+00 0.000000000000000000e+00 0.000000000000000000e+00 -1.000000000000000000e+00 -1.000000000000000000e+00
1.010000000000000000e+02 4.715409339815251997e+02 1.887621819568700587e+01 -1.018018050691341381e-01 2.282677515048133987e+00 3.126116110532658254e+00 2.579883385937868645e-02 1.570796326794896558e+00 1.000000000000000000e+00 1.000000000000000000e+00 0.000000000000000000e+00 0.000000000000000000e+00 -1.000000000000000000e+00 -1.000000000000000000e+00
1.020000000000000000e+02 4.020740585676979390e+04 1.173379949445764758e+01 -2.716207237964836374e-02 1.702553536504885612e+00 3.184769912779209733e+00 7.520603434742569038e-02 1.570796326794896558e+00 1.000000000000000000e+00 1.000000000000000000e+00 0.000000000000000000e+00 0.000000000000000000e+00 -1.000000000000000000e+00 -1.000000000000000000e+00
1.060000000000000000e+02 2.999148625167362843e+04 1.014863150469272668e+01 4.300806320543787420e-02 7.076521157903629122e-01 -4.493470414516984035e-02 1.019169693764559181e-01 1.570796326794896558e+00 1.000000000000000000e+00 1.000000000000000000e+00 0.000000000000000000e+00 0.000000000000000000e+00 -1.000000000000000000e+00 -1.000000000000000000e+00
1.080000000000000000e+02 3.664791454622036690e+04 1.160895479482049097e+01 -1.261328267931164926e-01 2.058052136254667541e+00 3.257438052721415428e-02 9.021500468248050408e-02 1.570796326794896558e+00 1.000000000000000000e+00 1.000000000000000000e+00 0.000000000000000000e+00 0.000000000000000000e+00 -1.000000000000000000e+00 -1.000000000000000000e+00
1.090000000000000000e+02 5.000000000000000000e+04 1.355698709884675601e+01 -1.922246840764568476e-01 3.015799253579568795e+00 3.149054319864594831e+00 6.405285411301246679e-02 0.000000000000000000e+00 1.000000000000000000e+00 1.000000000000000000e+00 0.000000000000000000e+00 0.000000000000000000e+00 -1.000000000000000000e+00 -1.000000000000000000e+00
1.100000000000000000e+02 4.674605444473077659e+04 1.303354302918507202e+01 1.015666235114414534e-02 1.334852246405916487e+00 1.607023124559163289e-03 4.560804689739433870e-02 0.000000000000000000e+00 1.000000000000000000e+00 1.000000000000000000e+00 0.000000000000000000e+00 0.000000000000000000e+00 -1.000000000000000000e+00 -1.000000000000000000e+00
1.120000000000000000e+02 5.103978270075542696e+02 2.847374319925922137e+01 -1.012644113884590136e-01 2.929245501553379150e+00 -1.106887455522550558e-02 3.180638443364579293e-02 0.000000000000000000e+00 1.000000000000000000e+00 1.000000000000000000e+00 0.000000000000000000e+00 0.000000000000000000e+00 -1.000000000000000000e+00 -1.000000000000000000e+00
1.130000000000000000e+02 3.701511929879162199e+04 1.165094098676919998e+01 3.063625079180798405e-02 1.682926910157724221e+00 4.461376107002065772e-02 1.213442009430480695e-02 0.000000000000000000e+00 1.000000000000000000e+00 1.000000000000000000e+00 0.000000000000000000e+00 0.000000000000000000e+00 -1.000000000000000000e+00 -1.000000000000000000e+00
1.140000000000000000e+02 5.000000000000000000e+04 1.113844615818832651e+01 -1.500547105434929529e-01 3.100000000000000089e+00 -4.559537647782682668e-02 3.525637729584570057e-02 1.570796326794896558e+00 1.000000000000000000e+00 1.000000000000000000e+00 0.000000000000000000e+00 0.000000000000000000e+00 -1.000000000000000000e+00 -1.000000000000000000e+00
1.150000000000000000e+02 3.156374344513502365e+04 2.108093843594970451e+01 6.888493398755540786e-02 3.863699973099279372e-01 -9.952603676192680812e-03 6.535106179877757382e-02 1.570796326794896558e+00 1.000000000000000000e+00 1.000000000000000000e+00 0.000000000000000000e+00 0.000000000000000000e+00 -1.000000000000000000e+00 -1.000000000000000000e+00
1.180000000000000000e+02 3.799903249769024842e+04 1.300485256251849719e+01 -1.586119969739482605e-01 3.043204651208291978e+00 3.118734617964221467e+00 1.442817080052630728e-02 1.570796326794896558e+00 1.000000000000000000e+00 1.000000000000000000e+00 0.000000000000000000e+00 0.000000000000000000e+00 -1.000000000000000000e+00 -1.000000000000000000e+00
1.190000000000000000e+02 5.418937495247005245e+02 2.670426584715094620e+01 -1.219444125812408214e-01 2.030093059063942551e+00 4.403345426785529142e-03 4.518604804044180218e-02 0.000000000000000000e+00 1.000000000000000000e+00 1.000000000000000000e+00 0.000000000000000000e+00 0.000000000000000000e+00 -1.000000000000000000e+00 -1.000000000000000000e+00
1.200000000000000000e+02 6.285883912547669752e+02 3.346771029230671957e+01 -1.078484927751889588e-01 3.100000000000000089e+00 1.172151161868720433e-02 1.000000000000000056e-01 0.000000000000000000e+00 1.000000000000000000e+00 1.000000000000000000e+00 0.000000000000000000e+00 0.000000000000000000e+00 -1.000000000000000000e+00 -1.000000000000000000e+00
1.240000000000000000e+02 5.000000000000000000e+04 1.017530802738719409e+01 2.737951985892440876e-02 6.791511011436788259e-01 -3.662656746283005690e-03 1.102239086229835768e-01 0.000000000000000000e+00 1.000000000000000000e+00 1.000000000000000000e+00 0.000000000000000000e+00 0.000000000000000000e+00 -1.000000000000000000e+00 -1.000000000000000000e+00
1.260000000000000000e+02 3.897028298116238147e+04 1.286155827257619855e+01 2.448225967340542097e-02 9.610681062074067915e-01 3.109546504087176366e+00 1.866905313757606377e-01 1.570796326794896558e+00 1.000000000000000000e+00 1.000000000000000000e+00 0.000000000000000000e+00 0.000000000000000000e+00 -1.000000000000000000e+00 -1.000000000000000000e+00
1.270000000000000000e+02 3.481510843426480278e+04 1.239747854799142246e+01 3.953197326411434648e-03 1.694483058584247637e+00 3.161590990490100062e+00 2.484272344370874741e-02 1.570796326794896558e+00 1.000000000000000000e+00 1.000000000000000000e+00 0.000000000000000000e+00 0.000000000000000000e+00 -1.000000000000000000e+00 -1.000000000000000000e+00
1.310000000000000000e+02 5.965964698852437778e+02 2.202113017426203356e+01 2.770726099351640548e-02 6.316224317592169513e-01 3.146167097834064563e+00 9.000000000000001055e-02 1.570796326794896558e+00 1.000000000000000000e+00 1.000000000000000000e+00 0.000000000000000000e+00 0.000000000000000000e+00 -1.000000000000000000e+00 -1.000000000000000000e+00
1.340000000000000000e+02 6.081260921729326583e+02 1.689542111052845286e+01 -4.930294463884705297e-02 3.100000000000000089e+00 3.154157858567234296e+00 9.000000000000001055e-02 0.000000000000000000e+00 1.000000000000000000e+00 1.000000000000000000e+00 0.000000000000000000e+00 0.000000000000000000e+00 -1.000000000000000000e+00 -1.000000000000000000e+00
1.350000000000000000e+02 1.180943499198119025e+04 1.178268946594841360e+01 -7.278254558226629478e-02 2.774560463125852472e+00 6.294570979534651507e-04 9.000000000000001055e-02 1.570796326794896558e+00 1.000000000000000000e+00 1.000000000000000000e+00 0.000000000000000000e+00 0.000000000000000000e+00 -1.000000000000000000e+00 -1.000000000000000000e+00
1.370000000000000000e+02 3.636475790063362365e+04 1.723473713437995514e+01 -1.058894540860948752e-01 2.677083627602354632e+00 3.159411642264053466e+00 1.269678706600607491e-02 0.000000000000000000e+00 1.000000000000000000e+00 1.000000000000000000e+00 0.000000000000000000e+00 0.000000000000000000e+00 -1.000000000000000000e+00 -1.000000000000000000e+00
1.390000000000000000e+02 1.580469111952376261e+04 1.742378516527719157e+01 -7.980607001129284839e-03 1.210650628610678403e+00 -2.962585929157430381e-02 1.000000000000000021e-02 1.570796326794896558e+00 1.000000000000000000e+00 1.000000000000000000e+00 0.000000000000000000e+00 0.000000000000000000e+00 -1.000000000000000000e+00 -1.000000000000000000e+00
1.400000000000000000e+02 2.646127773178816278e+04 1.064079821074638588e+01 -1.698719999524528901e-01 1.923538122100832082e+00 3.144312623148087571e+00 1.105502576593037252e-02 0.000000000000000000e+00 1.000000000000000000e+00 1.000000000000000000e+00 0.000000000000000000e+00 0.000000000000000000e+00 -1.000000000000000000e+00 -1.000000000000000000e+00
1.430000000000000000e+02 7.106921877218101145e+02 2.952720898401536687e+01 -2.471376077243025715e-01 2.897325614911771652e+00 -1.119663193999294402e-03 1.508637906094086913e-02 1.570796326794896558e+00 1.000000000000000000e+00 1.000000000000000000e+00 0.000000000000000000e+00 0.000000000000000000e+00 -1.000000000000000000e+00 -1.000000000000000000e+00
1.440000000000000000e+02 2.113656941818678388e+04 1.093850643583513715e+01 1.203866800647611091e-01 1.235690544886080433e+00 3.144767797030269207e+00 6.467220659415261197e-02 1.570796326794896558e+00 1.000000000000000000e+00 1.000000000000000000e+00 0.000000000000000000e+00 0.000000000000000000e+00 -1.000000000000000000e+00 -1.000000000000000000e+00
1.450000000000000000e+02 2.907582543421081937e+04 1.124130828566023510e+01 -1.936910579615855679e-02 1.251682155297764387e+00 3.142528769234909092e+00 4.753597461545532726e-02 1.570796326794896558e+00 1.000000000000000000e+00 1.000000000000000000e+00 0.000000000000000000e+00 0.000000000000000000e+00 -1.000000000000000000e+00 -1.000000000000000000e+00
1.470000000000000000e+02 4.165106892728537787e+04 3.594388864764498948e+01 -1.116108885649491483e-01 2.449503550652185169e+00 -2.416782979077890248e-02 1.426314413234965744e-02 1.570796326794896558e+00 1.000000000000000000e+00 1.000000000000000000e+00 0.000000000000000000e+00 0.000000000000000000e+00 -1.000000000000000000e+00 -1.000000000000000000e+00
1.480000000000000000e+02 1.289480992662071912e+04 3.233062150247061339e+01 8.048484748430884128e-02 1.174209607211607942e+00 -1.973005229762931842e-02 1.000000000000000021e-02 0.000000000000000000e+00 1.000000000000000000e+00 1.000000000000000000e+00 0.000000000000000000e+00 0.000000000000000000e+00 -1.000000000000000000e+00 -1.000000000000000000e+00
1.500000000000000000e+02 9.899883646826365293e+03 1.608796855869407239e+01 1.394591080259510035e-02 1.377723557462401827e+00 -1.317450346070583346e-02 9.000000000000001055e-02 0.000000000000000000e+00 1.000000000000000000e+00 1.000000000000000000e+00 0.000000000000000000e+00 0.000000000000000000e+00 -1.000000000000000000e+00 -1.000000000000000000e+00
1.530000000000000000e+02 3.864320999390273937e+04 1.109722521553695529e+01 -1.885731316207070116e-02 5.287826086340660092e-01 4.688298684044280018e-02 7.245585759809999860e-02 1.570796326794896558e+00 1.000000000000000000e+00 1.000000000000000000e+00 0.000000000000000000e+00 0.000000000000000000e+00 -1.000000000000000000e+00 -1.000000000000000000e+00
1.540000000000000000e+02 3.556623305923812586e+04 2.567463886996505096e+01 -8.600599571193191795e-02 2.927849140473406830e+00 -5.009332041758327719e-04 8.476549694255074152e-02 0.000000000000000000e+00 1.000000000000000000e+00 1.000000000000000000e+00 0.000000000000000000e+00 0.000000000000000000e+00 -1.000000000000000000e+00 -1.000000000000000000e+00
1.560000000000000000e+02 3.508556296634299360e+04 3.495699272586730189e+01 1.283046308770346977e-02 1.302885138210856164e+00 5.095427966434983285e-04 8.921993958536401925e-02 0.000000000000000000e+00 1.000000000000000000e+00 1.000000000000000000e+00 0.000000000000000000e+00 0.000000000000000000e+00 -1.000000000000000000e+00 -1.000000000000000000e+00
1.570000000000000000e+02 3.948020118109783652e+04 1.638991907159179817e+01 1.704871219113981151e-01 9.277431494446873872e-01 2.416475860690171090e-02 3.350971060229075704e-02 1.570796326794896558e+00 1.000000000000000000e+00 1.000000000000000000e+00 0.000000000000000000e+00 0.000000000000000000e+00 -1.000000000000000000e+00 -1.000000000000000000e+00
1.580000000000000000e+02 6.024537942490995874e+02 1.068950190380379972e+01 -6.558213159478144816e-02 2.727339864853796758e+00 3.151556363326649901e+00 1.962711210196529943e-02 1.570796326794896558e+00 1.000000000000000000e+00 1.000000000000000000e+00 0.000000000000000000e+00 0.000000000000000000e+00 -1.000000000000000000e+00 -1.000000000000000000e+00
1.590000000000000000e+02 2.078272840259285294e+04 1.199225418877109561e+01 -6.992775311919002812e-02 1.997615863708452011e+00 3.163388376219329778e+00 1.891416749108597653e-02 0.000000000000000000e+00 1.000000000000000000e+00 1.000000000000000000e+00 0.000000000000000000e+00 0.000000000000000000e+00 -1.000000000000000000e+00 -1.000000000000000000e+00
1.600000000000000000e+02 2.628394930807363562e+04 1.469992518812254190e+01 -1.274241932621974494e-01 2.577710828830583445e+00 -1.608703484284680629e-02 1.064986622509939279e-01 1.570796326794896558e+00 1.000000000000000000e+00 1.000000000000000000e+00 0.000000000000000000e+00 0.000000000000000000e+00 -1.000000000000000000e+00 -1.000000000000000000e+00
1.610000000000000000e+02 3.993419307282856607e+04 1.182843519934137255e+01 -2.848604483305957613e-01 3.100000000000000089e+00 3.162969464051252899e+00 7.308169861738138262e-02 1.570796326794896558e+00 1.000000000000000000e+00 1.000000000000000000e+00 0.000000000000000000e+00 0.000000000000000000e+00 -1.000000000000000000e+00 -1.000000000000000000e+00
1.620000000000000000e+02 4.463444057035806327e+04 2.951700172508211750e+01 -1.678408288457472128e-02 1.456744723612082737e+00 2.312672343670591976e-02 5.526501121000107486e-02 1.570796326794896558e+00 1.000000000000000000e+00 1.000000000000000000e+00 0.000000000000000000e+00 0.000000000000000000e+00 -1.000000000000000000e+00 -1.000000000000000000e+00
1.640000000000000000e+02 3.176467123418684787e+04 1.023174059951187331e+01 8.495391408782795861e-02 4.172538546903294954e-01 6.523890148327288890e-03 1.323432650660975006e-02 1.570796326794896558e+00 1.000000000000000000e+00 1.000000000000000000e+00 0.000000000000000000e+00 0.000000000000000000e+00 -1.000000000000000000e+00 -1.000000000000000000e+00
1.660000000000000000e+02 4.317328642011396732e+04 1.089818242025821782e+01 9.874099265215541266e-03 4.681656561258257243e-01 1.840642060749200781e-02 2.358969928773654509e-02 1.570796326794896558e+00 1.000000000000000000e+00 1.000000000000000000e+00 0.000000000000000000e+00 0.000000000000000000e+00 -1.000000000000000000e+00 -1.000000000000000000e+00
1.670000000000000000e+02 4.838686893913452514e+04 1.652486316339823347e+01 3.168324421015185528e-03 6.945636165267781159e-01 3.100733358660062056e+00 1.461720011771503180e-01 0.000000000000000000e+00 1.000000000000000000e+00 1.000000000000000000e+00 0.000000000000000000e+00 0.000000000000000000e+00 -1.000000000000000000e+00 -1.000000000000000000e+00
1.690000000000000000e+02 2.732120319803935126e+04 2.423781885518107515e+01 2.035363841070119556e-02 1.407463643237306661e+00 3.132477073192706296e+00 1.000000000000000021e-02 0.000000000000000000e+00 1.000000000000000000e+00 1.000000000000000000e+00 0.000000000000000000e+00 0.000000000000000000e+00 -1.000000000000000000e+00 -1.000000000000000000e+00
1.710000000000000000e+02 5.000000000000000000e+04 1.917799170662953401e+01 -5.931721568064523414e-02 2.349706891911418349e+00 3.179395172088796961e+00 3.779766296827037630e-02 0.000000000000000000e+00 1.000000000000000000e+00 1.000000000000000000e+00 0.000000000000000000e+00 0.000000000000000000e+00 -1.000000000000000000e+00 -1.000000000000000000e+00
1.720000000000000000e+02 3.049602089694426468e+04 2.051903124722183236e+01 7.076320091260457357e-02 3.878751122746632585e-01 1.565291178439912750e-02 3.317196133439605926e-02 1.570796326794896558e+00 1.000000000000000000e+00 1.000000000000000000e+00 0.000000000000000000e+00 0.000000000000000000e+00 -1.000000000000000000e+00 -1.000000000000000000e+00
1.750000000000000000e+02 1.768678808187367758e+04 1.124994652373186810e+01 1.360185153538970848e-01 1.754203684828643528e+00 -7.330367284029799639e-03 1.000000000000000021e-02 0.000000000000000000e+00 1.000000000000000000e+00 1.000000000000000000e+00 0.000000000000000000e+00 0.000000000000000000e+00 -1.000000000000000000e+00 -1.000000000000000000e+00
1.760000000000000000e+02 4.769235025424521154e+04 1.210840661625433512e+01 -3.463134986090873890e-02 1.519079344913066398e+00 -6.340820241728747746e-03 9.915316794046891147e-02 0.000000000000000000e+00 1.000000000000000000e+00 1.000000000000000000e+00 0.000000000000000000e+00 0.000000000000000000e+00 -1.000000000000000000e+00 -1.000000000000000000e+00
1.780000000000000000e+02 3.406551181529262249e+04 1.087315325877288608e+01 -3.515619993509135066e-02 1.600444015871522740e+00 3.170173326182658791e+00 1.390054330907157867e-02 0.000000000000000000e+00 1.000000000000000000e+00 1.000000000000000000e+00 0.000000000000000000e+00 0.000000000000000000e+00 -1.000000000000000000e+00 -1.000000000000000000e+00
1.820000000000000000e+02 6.300000000000000000e+02 3.680218044945951306e+01 -3.240059252590540839e-02 1.252210834224148694e+00 3.152185161895566967e+00 9.632493059941699826e-03 0.000000000000000000e+00 1.000000000000000000e+00 1.000000000000000000e+00 0.000000000000000000e+00 0.000000000000000000e+00 -1.000000000000000000e+00 -1.000000000000000000e+00
1.830000000000000000e+02 5.000000000000000000e+04 1.397253155576189165e+01 -1.158505512415648614e-01 3.100000000000000089e+00 4.576041256290676491e-03 7.164668050340518290e-02 1.570796326794896558e+00 1.000000000000000000e+00 1.000000000000000000e+00 0.000000000000000000e+00 0.000000000000000000e+00 -1.000000000000000000e+00 -1.000000000000000000e+00
1.860000000000000000e+02 1.885733632691459570e+04 1.850649675862735322e+01 -8.019428118404363370e-02 2.980850940299236917e+00 3.123471960454178742e+00 7.647899903362154195e-02 1.570796326794896558e+00 1.000000000000000000e+00 1.000000000000000000e+00 0.000000000000000000e+00 0.000000000000000000e+00 -1.000000000000000000e+00 -1.000000000000000000e+00
1.870000000000000000e+02 3.810144609409342956e+04 1.469625110822433633e+01 -2.780208111078325689e-02 1.246623934877074680e+00 3.159991924733569046e+00 9.036863074626093340e-02 1.570796326794896558e+00 1.000000000000000000e+00 1.000000000000000000e+00 0.000000000000000000e+00 0.000000000000000000e+00 -1.000000000000000000e+00 -1.000000000000000000e+00
1.880000000000000000e+02 3.131273592660790382e+04 2.121617590849243129e+01 -1.660968160099878244e-01 2.293284614611171612e+00 3.118583546489618108e+00 1.443749780541949725e-02 0.000000000000000000e+00 1.000000000000000000e+00 1.000000000000000000e+00 0.000000000000000000e+00 0.000000000000000000e+00 -1.000000000000000000e+00 -1.000000000000000000e+00
1.890000000000000000e+02 6.676064321760820803e+02 1.492714763358369900e+01 3.926733080634381423e-02 1.781324489673171918e+00 1.345234966230980048e-04 9.000000000000001055e-02 0.000000000000000000e+00 1.000000000000000000e+00 1.000000000000000000e+00 0.000000000000000000e+00 0.000000000000000000e+00 -1.000000000000000000e+00 -1.000000000000000000e+00
1.900000000000000000e+02 4.750661134130779101e+04 1.880640340788232123e+01 -5.407052620373722224e-02 3.100000000000000089e+00 3.148563703213324683e+00 7.771596901796919143e-02 0.000000000000000000e+00 1.000000000000000000e+00 1.000000000000000000e+00 0.000000000000000000e+00 0.000000000000000000e+00 -1.000000000000000000e+00 -1.000000000000000000e+00
1.910000000000000000e+02 2.132852724944341026e+04 2.136284086181299813e+01 -7.782385532353108815e-02 2.953026144671115016e+00 1.336061480819371490e-02 1.000000000000000056e-01 1.570796326794896558e+00 1.000000000000000000e+00 1.000000000000000000e+00 0.000000000000000000e+00 0.000000000000000000e+00 -1.000000000000000000e+00 -1.000000000000000000e+00
1.940000000000000000e+02 2.537385699746688988e+04 1.768021034207501074e+01 -1.898680923195784354e-01 1.925967901589336062e+00 3.156069915502621726e+00 2.194034612870555262e-02 0.000000000000000000e+00 1.000000000000000000e+00 1.000000000000000000e+00 0.000000000000000000e+00 0.000000000000000000e+00 -1.000000000000000000e+00 -1.000000000000000000e+00
1.950000000000000000e+02 1.231356685965756515e+04 1.291067337548883032e+01 -1.392379436815243884e-02 1.547474842772297299e+00 1.539960492189166273e-02 1.000000000000000021e-02 0.000000000000000000e+00 1.000000000000000000e+00 1.000000000000000000e+00 0.000000000000000000e+00 0.000000000000000000e+00 -1.000000000000000000e+00 -1.000000000000000000e+00
1.960000000000000000e+02 3.436322584899067442e+04 2.833519409137443290e+01 -1.889952222351242994e-01 3.100000000000000089e+00 3.172050016841832409e+00 2.004196734699184926e-02 0.000000000000000000e+00 1.000000000000000000e+00 1.000000000000000000e+00 0.000000000000000000e+00 0.000000000000000000e+00 -1.000000000000000000e+00 -1.000000000000000000e+00
1.980000000000000000e+02 3.507334323278471857e+04 1.130984927979215193e+01 -1.471026473689705516e-01 2.326245290537493293e+00 3.171799258600785709e+00 1.454175222080862917e-01 0.000000000000000000e+00 1.000000000000000000e+00 1.000000000000000000e+00 0.000000000000000000e+00 0.000000000000000000e+00 -1.000000000000000000e+00 -1.000000000000000000e+00
3.650000000000000000e+02 7.643960926114565382e+02 1.905106908962704892e+01 -1.748725907490693843e-01 2.656179245095235508e+00 0.000000000000000000e+00 1.000000000000000056e-01 -1.000000000000000000e+00 1.000000000000000000e+00 1.000000000000000000e+00 5.600000000000000000e+01 0.000000000000000000e+00 -1.000000000000000000e+00 -1.000000000000000000e+00
2.000000000000000000e+00 2.107344256797733033e+04 1.200973561344343743e+01 -1.354221674401067943e-01 3.093020000000000103e+00 2.861196963431865414e-03 1.000000000000000021e-02 1.570796326794896558e+00 1.000000000000000000e+00 1.000000000000000000e+00 0.000000000000000000e+00 0.000000000000000000e+00 -1.000000000000000000e+00 -1.000000000000000000e+00
4.000000000000000000e+00 2.041491500284650101e+04 1.509795898870619268e+01 -6.660211308319975709e-02 1.999939481870637970e+00 1.563372511267584544e-02 1.000000000000000021e-02 1.570796326794896558e+00 1.000000000000000000e+00 1.000000000000000000e+00 0.000000000000000000e+00 0.000000000000000000e+00 -1.000000000000000000e+00 -1.000000000000000000e+00
8.000000000000000000e+00 1.777828315551370542e+04 1.240605028481327210e+01 3.950696655459040585e-02 1.823246883424110898e+00 6.297082408602963817e-03 6.189588810602394270e-02 1.570796326794896558e+00 1.000000000000000000e+00 1.000000000000000000e+00 0.000000000000000000e+00 0.000000000000000000e+00 -1.000000000000000000e+00 -1.000000000000000000e+00
1.000000000000000000e+01 3.944763743817408249e+04 1.426584982626792808e+01 2.981725695762624251e-02 7.303717847240174255e-01 0.000000000000000000e+00 1.376651089748652870e-02 1.570796326794896558e+00 1.000000000000000000e+00 1.000000000000000000e+00 0.000000000000000000e+00 0.000000000000000000e+00 -1.000000000000000000e+00 -1.000000000000000000e+00
2.100000000000000000e+01 2.587768564712206353e+04 1.471877026581473302e+01 -1.007856605047082882e-01 2.384545945239490816e+00 1.059260543446006834e-02 3.055155683305331785e-02 1.570796326794896558e+00 1.000000000000000000e+00 1.000000000000000000e+00 0.000000000000000000e+00 0.000000000000000000e+00 -1.000000000000000000e+00 -1.000000000000000000e+00
2.900000000000000000e+01 5.000000000000000000e+04 2.880564954542545664e+01 1.664845569809974279e-01 1.465959166472734276e+00 9.550628667187989126e-03 3.313947201653406199e-02 1.570796326794896558e+00 1.000000000000000000e+00 1.000000000000000000e+00 0.000000000000000000e+00 0.000000000000000000e+00 -1.000000000000000000e+00 -1.000000000000000000e+00
3.300000000000000000e+01 4.331158771563845221e+04 1.856302547024623095e+01 4.705900968450305033e-02 1.418364960222975757e+00 0.000000000000000000e+00 1.788402452485327379e-02 1.570796326794896558e+00 1.000000000000000000e+00 1.000000000000000000e+00 0.000000000000000000e+00 0.000000000000000000e+00 -1.000000000000000000e+00 -1.000000000000000000e+00
4.100000000000000000e+01 2.577446491657181014e+02 1.314637146030858084e+01 -2.175162990200019825e-02 1.495221281029700311e+00 2.567994780628531093e-03 4.252573122569103248e-02 1.570796326794896558e+00 1.000000000000000000e+00 1.000000000000000000e+00 0.000000000000000000e+00 0.000000000000000000e+00 -1.000000000000000000e+00 -1.000000000000000000e+00
4.200000000000000000e+01 5.000000000000000000e+04 3.351779426643179960e+01 -6.773377157964884099e-02 2.228262967854065746e+00 5.043953732808859752e-02 3.427706522650795368e-02 1.570796326794896558e+00 1.000000000000000000e+00 1.000000000000000000e+00 0.000000000000000000e+00 0.000000000000000000e+00 -1.000000000000000000e+00 -1.000000000000000000e+00
4.300000000000000000e+01 2.780488330878180568e+04 1.081874757468617965e+01 -1.503007777217372776e-01 2.941301081062623002e+00 0.000000000000000000e+00 3.701779645804734176e-02 1.570796326794896558e+00 1.000000000000000000e+00 1.000000000000000000e+00 0.000000000000000000e+00 0.000000000000000000e+00 -1.000000000000000000e+00 -1.000000000000000000e+00
5.600000000000000000e+01 1.444471950026851482e+04 1.618498398409575856e+01 -2.247520692816828425e-01 2.139930965282982545e+00 1.478957199386963725e-02 9.000000000000001055e-02 1.570796326794896558e+00 1.000000000000000000e+00 1.000000000000000000e+00 0.000000000000000000e+00 0.000000000000000000e+00 -1.000000000000000000e+00 -1.000000000000000000e+00
5.700000000000000000e+01 2.465710946684423834e+04 3.294890866207938274e+01 2.544261111484953652e-02 6.709902814717235708e-01 0.000000000000000000e+00 1.000000000000000021e-02 1.570796326794896558e+00 1.000000000000000000e+00 1.000000000000000000e+00 0.000000000000000000e+00 0.000000000000000000e+00 -1.000000000000000000e+00 -1.000000000000000000e+00
6.300000000000000000e+01 7.174609524178329593e+03 1.206644452964348346e+01 1.054101332777210992e-02 1.638079296270897656e+00 1.448573753297610102e-02 1.000000000000000021e-02 1.570796326794896558e+00 1.000000000000000000e+00 1.000000000000000000e+00 0.000000000000000000e+00 0.000000000000000000e+00 -1.000000000000000000e+00 -1.000000000000000000e+00
7.600000000000000000e+01 3.804580309585169016e+04 2.090971822826799809e+01 4.959427314064501768e-02 8.749166943065141977e-01 6.902016694606392770e-03 3.191189651592478416e-02 1.570796326794896558e+00 1.000000000000000000e+00 1.000000000000000000e+00 0.000000000000000000e+00 0.000000000000000000e+00 -1.000000000000000000e+00 -1.000000000000000000e+00
8.300000000000000000e+01 2.795554747024337848e+04 1.050222654262382527e+01 5.593773827543729871e-02 1.114394529189939531e+00 1.165764809136413636e-02 3.551489028541642695e-02 1.570796326794896558e+00 1.000000000000000000e+00 1.000000000000000000e+00 0.000000000000000000e+00 0.000000000000000000e+00 -1.000000000000000000e+00 -1.000000000000000000e+00
1.070000000000000000e+02 4.879251863346322352e+04 1.267349758881846711e+01 -1.068106869581947616e-01 2.463825617656731026e+00 2.943536606684050635e-02 6.192740597413367437e-02 1.570796326794896558e+00 1.000000000000000000e+00 1.000000000000000000e+00 0.000000000000000000e+00 0.000000000000000000e+00 -1.000000000000000000e+00 -1.000000000000000000e+00
1.160000000000000000e+02 4.475578558213247743e+04 3.577684454851017648e+01 -2.638175659911076026e-02 1.563410343357343413e+00 3.786696238817204713e-02 1.130355114311199644e-02 1.570796326794896558e+00 1.000000000000000000e+00 1.000000000000000000e+00 0.000000000000000000e+00 0.000000000000000000e+00 -1.000000000000000000e+00 -1.000000000000000000e+00
1.170000000000000000e+02 7.458235790670187271e+02 3.656086919225688803e+01 1.838074065179804428e-01 1.774338904991547672e+00 0.000000000000000000e+00 9.000000000000001055e-02 1.570796326794896558e+00 1.000000000000000000e+00 1.000000000000000000e+00 0.000000000000000000e+00 0.000000000000000000e+00 -1.000000000000000000e+00 -1.000000000000000000e+00
1.210000000000000000e+02 3.088324638052792579e+04 1.791895619468910184e+01 5.359012926560735579e-02 1.015577671228948153e+00 0.000000000000000000e+00 1.669540472324156088e-02 1.570796326794896558e+00 1.000000000000000000e+00 1.000000000000000000e+00 0.000000000000000000e+00 0.000000000000000000e+00 -1.000000000000000000e+00 -1.000000000000000000e+00
1.220000000000000000e+02 1.246279699843298295e+04 1.220738926591388918e+01 1.328407016168208221e-01 7.504479337664701211e-01 0.000000000000000000e+00 6.519452728502705963e-02 1.570796326794896558e+00 1.000000000000000000e+00 1.000000000000000000e+00 0.000000000000000000e+00 0.000000000000000000e+00 -1.000000000000000000e+00 -1.000000000000000000e+00
1.280000000000000000e+02 1.520713425472373638e+04 1.158726095753410057e+01 -1.423481520095728481e-01 2.718929147027007609e+00 0.000000000000000000e+00 1.000000000000000021e-02 1.570796326794896558e+00 1.000000000000000000e+00 1.000000000000000000e+00 0.000000000000000000e+00 0.000000000000000000e+00 -1.000000000000000000e+00 -1.000000000000000000e+00
1.290000000000000000e+02 3.470387038441037294e+04 1.148840608847421940e+01 1.322879152214565673e-02 1.692738357744715039e+00 1.486947529998470380e-02 1.294536608033313406e-02 1.570796326794896558e+00 1.000000000000000000e+00 1.000000000000000000e+00 0.000000000000000000e+00 0.000000000000000000e+00 -1.000000000000000000e+00 -1.000000000000000000e+00
1.330000000000000000e+02 2.455032158897727277e+04 1.287504012244827223e+01 1.365001655431732908e-02 4.926034109713925413e-01 3.035379223811693686e-02 6.067388175796088051e-02 1.570796326794896558e+00 1.000000000000000000e+00 1.000000000000000000e+00 0.000000000000000000e+00 0.000000000000000000e+00 -1.000000000000000000e+00 -1.000000000000000000e+00
1.410000000000000000e+02 2.267390798748845555e+04 3.710913921339736987e+01 6.363141814615490277e-02 4.219663482525822795e-01 5.877532558889116826e-03 1.000000000000000021e-02 1.570796326794896558e+00 1.000000000000000000e+00 1.000000000000000000e+00 0.000000000000000000e+00 0.000000000000000000e+00 -1.000000000000000000e+00 -1.000000000000000000e+00
1.420000000000000000e+02 7.640934733403175869e+02 1.623330871846346568e+01 5.246746021367210133e-02 1.127129150671363211e+00 8.944225487558911739e-03 9.000000000000001055e-02 1.570796326794896558e+00 1.000000000000000000e+00 1.000000000000000000e+00 0.000000000000000000e+00 0.000000000000000000e+00 -1.000000000000000000e+00 -1.000000000000000000e+00
1.460000000000000000e+02 4.248126781689032941e+04 1.669476386387993472e+01 4.736648679337267243e-02 5.246389581486793352e-01 3.681894888120532811e-02 4.955264771727116435e-02 1.570796326794896558e+00 1.000000000000000000e+00 1.000000000000000000e+00 0.000000000000000000e+00 0.000000000000000000e+00 -1.000000000000000000e+00 -1.000000000000000000e+00
1.510000000000000000e+02 4.141338668263659929e+04 3.004290369809657690e+01 9.980460778696484403e-02 1.861625474811652303e+00 0.000000000000000000e+00 2.702495777755623343e-02 1.570796326794896558e+00 1.000000000000000000e+00 1.000000000000000000e+00 0.000000000000000000e+00 0.000000000000000000e+00 -1.000000000000000000e+00 -1.000000000000000000e+00
1.520000000000000000e+02 3.688270778756181971e+04 1.488165362583044704e+01 5.433532392835252467e-02 4.408487675316719590e-01 2.950539759827040809e-02 2.021857163240056016e-02 1.570796326794896558e+00 1.000000000000000000e+00 1.000000000000000000e+00 0.000000000000000000e+00 0.000000000000000000e+00 -1.000000000000000000e+00 -1.000000000000000000e+00
1.730000000000000000e+02 5.000000000000000000e+04 1.113190178772895678e+01 -1.875085750665721473e-01 2.781559690188623257e+00 2.534513177246916146e-02 1.369705201931766259e-01 1.570796326794896558e+00 1.000000000000000000e+00 1.000000000000000000e+00 0.000000000000000000e+00 0.000000000000000000e+00 -1.000000000000000000e+00 -1.000000000000000000e+00
1.740000000000000000e+02 2.571949086806974810e+04 2.609369466288314143e+01 1.274773718103903719e-01 1.618532769967243823e+00 3.057944579667179474e-02 2.934549730194964054e-02 1.570796326794896558e+00 1.000000000000000000e+00 1.000000000000000000e+00 0.000000000000000000e+00 0.000000000000000000e+00 -1.000000000000000000e+00 -1.000000000000000000e+00
1.790000000000000000e+02 1.786300250859892549e+04 1.103768169373615571e+01 1.904422178084103634e-01 1.510148761604131584e+00 0.000000000000000000e+00 9.000000000000001055e-02 1.570796326794896558e+00 1.000000000000000000e+00 1.000000000000000000e+00 0.000000000000000000e+00 0.000000000000000000e+00 -1.000000000000000000e+00 -1.000000000000000000e+00
1.920000000000000000e+02 1.925716610395852331e+04 1.180205238530427891e+01 4.038490733142555134e-02 5.143580027340869387e-01 0.000000000000000000e+00 4.041788560205652331e-02 1.570796326794896558e+00 1.000000000000000000e+00 1.000000000000000000e+00 0.000000000000000000e+00 0.000000000000000000e+00 -1.000000000000000000e+00 -1.000000000000000000e+00
1.930000000000000000e+02 8.213766252927433698e+02 1.423507214707492885e+01 -1.241607401515471554e-01 2.796808667822214378e+00 0.000000000000000000e+00 2.325128977181617138e-02 1.570796326794896558e+00 1.000000000000000000e+00 1.000000000000000000e+00 0.000000000000000000e+00 0.000000000000000000e+00 -1.000000000000000000e+00 -1.000000000000000000e+00
1.990000000000000000e+02 8.233530266248434373e+02 1.331453100952097302e+01 3.395574883803614830e-02 5.154525940319748534e-01 2.298420802456564976e-03 1.320740778313985939e-02 1.570796326794896558e+00 1.000000000000000000e+00 1.000000000000000000e+00 0.000000000000000000e+00 0.000000000000000000e+00 -1.000000000000000000e+00 -1.000000000000000000e+00
2.000000000000000000e+02 1.153928482655289190e+04 1.105218812379385795e+01 -2.957470655530924225e-02 6.439538955707204693e-01 0.000000000000000000e+00 1.000000000000000021e-02 1.570796326794896558e+00 1.000000000000000000e+00 1.000000000000000000e+00 0.000000000000000000e+00 0.000000000000000000e+00 -1.000000000000000000e+00 -1.000000000000000000e+00
1.200000000000000000e+01 9.729574858688225504e+03 2.227818333623518043e+01 -1.007510537131224571e-01 2.153073106172469497e+00 0.000000000000000000e+00 1.000000000000000021e-02 0.000000000000000000e+00 1.000000000000000000e+00 1.000000000000000000e+00 0.000000000000000000e+00 0.000000000000000000e+00 -1.000000000000000000e+00 -1.000000000000000000e+00
2.800000000000000000e+01 1.057261334099684063e+04 2.916298235864435284e+01 -3.454631576945258603e-03 3.926095877437932868e-01 0.000000000000000000e+00 1.000000000000000021e-02 0.000000000000000000e+00 1.000000000000000000e+00 1.000000000000000000e+00 0.000000000000000000e+00 0.000000000000000000e+00 -1.000000000000000000e+00 -1.000000000000000000e+00
5.300000000000000000e+01 6.458104950123725757e+03 1.109187535784434608e+01 -9.142973359668486732e-02 1.902346789561445206e+00 0.000000000000000000e+00 1.000000000000000021e-02 0.000000000000000000e+00 1.000000000000000000e+00 1.000000000000000000e+00 0.000000000000000000e+00 0.000000000000000000e+00 -1.000000000000000000e+00 -1.000000000000000000e+00
6.500000000000000000e+01 2.581371122810547149e+03 1.323270546492171107e+01 -5.683491682367912759e-03 1.580764668542717244e+00 0.000000000000000000e+00 9.000000000000001055e-02 0.000000000000000000e+00 1.000000000000000000e+00 1.000000000000000000e+00 0.000000000000000000e+00 0.000000000000000000e+00 -1.000000000000000000e+00 -1.000000000000000000e+00
8.700000000000000000e+01 7.693162281067909134e+03 1.588016387299762577e+01 7.697580159243061493e-02 1.430195316296870134e+00 0.000000000000000000e+00 1.000000000000000021e-02 0.000000000000000000e+00 1.000000000000000000e+00 1.000000000000000000e+00 0.000000000000000000e+00 0.000000000000000000e+00 -1.000000000000000000e+00 -1.000000000000000000e+00
8.900000000000000000e+01 2.709266258463859685e+03 3.748473877184662229e+01 2.654513924820349480e-02 1.571693452851773420e+00 0.000000000000000000e+00 9.000000000000001055e-02 0.000000000000000000e+00 1.000000000000000000e+00 1.000000000000000000e+00 0.000000000000000000e+00 0.000000000000000000e+00 -1.000000000000000000e+00 -1.000000000000000000e+00
9.400000000000000000e+01 6.348098967912306762e+03 1.537795340109593845e+01 -1.378195939849073959e-01 2.164700961042271832e+00 0.000000000000000000e+00 1.321603893322166601e-02 0.000000000000000000e+00 1.000000000000000000e+00 1.000000000000000000e+00 0.000000000000000000e+00 0.000000000000000000e+00 -1.000000000000000000e+00 -1.000000000000000000e+00
9.500000000000000000e+01 7.953322994029853135e+02 1.048772524648518356e+01 -1.232054757486483187e-01 1.901846728619644322e+00 0.000000000000000000e+00 3.112652647130279004e-01 0.000000000000000000e+00 1.000000000000000000e+00 1.000000000000000000e+00 0.000000000000000000e+00 0.000000000000000000e+00 -1.000000000000000000e+00 -1.000000000000000000e+00
1.300000000000000000e+02 1.856507107718884072e+03 3.592454820575831320e+01 4.374405134449514676e-02 8.260571713074974509e-01 0.000000000000000000e+00 9.000000000000001055e-02 0.000000000000000000e+00 1.000000000000000000e+00 1.000000000000000000e+00 0.000000000000000000e+00 0.000000000000000000e+00 -1.000000000000000000e+00 -1.000000000000000000e+00
1.770000000000000000e+02 5.766952396288046657e+03 1.517354707074302489e+01 -1.517026243584528034e-01 2.641762563336608416e+00 0.000000000000000000e+00 1.516830256942048594e-01 0.000000000000000000e+00 1.000000000000000000e+00 1.000000000000000000e+00 0.000000000000000000e+00 0.000000000000000000e+00 -1.000000000000000000e+00 -1.000000000000000000e+00
3.660000000000000000e+02 1.276100320718150442e+03 1.076367094264629998e+01 -1.532151873670871967e-01 1.898622107303447271e+00 0.000000000000000000e+00 1.000000000000000056e-01 -1.000000000000000000e+00 1.000000000000000000e+00 1.000000000000000000e+00 5.600000000000000000e+01 1.000000000000000000e+05 -1.000000000000000000e+00 -1.000000000000000000e+00
3.670000000000000000e+02 9.388058662063976101e+01 1.648063396570407235e+01 1.101822370829918379e-02 4.403401682199414857e-01 0.000000000000000000e+00 9.355265433835076305e-02 -1.000000000000000000e+00 1.000000000000000000e+00 1.000000000000000000e+00 5.600000000000000000e+01 2.000000000000000000e+05 -1.000000000000000000e+00 -1.000000000000000000e+00
3.680000000000000000e+02 1.602032522599357378e+02 1.242588715646773778e+01 -8.865593974817947975e-02 3.051677326570677806e+00 0.000000000000000000e+00 8.933726884745844810e-02 -1.000000000000000000e+00 1.000000000000000000e+00 1.000000000000000000e+00 5.600000000000000000e+01 3.000000000000000000e+05 -1.000000000000000000e+00 -1.000000000000000000e+00
3.700000000000000000e+02 8.799253538490776236e+02 1.091708308528959392e+01 -1.729680425846788216e-01 2.274555248154066955e+00 0.000000000000000000e+00 1.000000000000000056e-01 -1.000000000000000000e+00 1.000000000000000000e+00 1.000000000000000000e+00 5.600000000000000000e+01 4.000000000000000000e+05 -1.000000000000000000e+00 -1.000000000000000000e+00
3.690000000000000000e+02 2.317223070665042542e+04 2.089788698550933077e+01 6.816927437634281439e-01 0.000000000000000000e+00 0.000000000000000000e+00 1.000000000000000021e-02 -1.000000000000000000e+00 1.000000000000000000e+00 2.000000000000000000e+00 5.600000000000000000e+01 4.700000000000000000e+05 -1.000000000000000000e+00 -1.000000000000000000e+00
