# id_num orb_a mass spin spin_angle orb_inc orb_ecc orb_arg_periapse orb_ang_mom gen galaxy time_passed star_X star_Y star_Z radius
2.390000000000000000e+02 3.785311509570501443e+01 1.614486607763537222e+03 9.579999999999999627e-01 3.886853811764923172e-01 0.000000000000000000e+00 6.491750255269239656e-01 0.000000000000000000e+00 1.328536829326329088e+18 1.000000000000000000e+00 0.000000000000000000e+00 0.000000000000000000e+00 7.273999999999999355e-01 2.637999999999999790e-01 8.800000000000000530e-03 3.669354093160963544e+02
2.400000000000000000e+02 5.927101211145500059e+01 1.938144048477051911e+03 9.579999999999999627e-01 7.792170946944558807e-01 0.000000000000000000e+00 2.883640456701782803e-02 0.000000000000000000e+00 1.606585091229914624e+18 1.000000000000000000e+00 0.000000000000000000e+00 0.000000000000000000e+00 7.273999999999999355e-01 2.637999999999999790e-01 8.800000000000000530e-03 4.246888972840365000e+02
2.440000000000000000e+02 5.703839704040101566e+01 2.077174065026914832e+03 9.579999999999999627e-01 1.490557867502508183e+00 0.000000000000000000e+00 1.226114660196052225e-01 1.570796326794896558e+00 1.772358039355208192e+18 1.000000000000000000e+00 0.000000000000000000e+00 0.000000000000000000e+00 7.273999999999999355e-01 2.637999999999999790e-01 8.800000000000000530e-03 4.488904633511048701e+02
2.450000000000000000e+02 4.171878775459503430e+01 2.413425091417664589e+03 9.579999999999999627e-01 1.171310090856310993e+00 0.000000000000000000e+00 5.977046892892905472e-01 0.000000000000000000e+00 2.073870496270139648e+18 1.000000000000000000e+00 0.000000000000000000e+00 0.000000000000000000e+00 7.273999999999999355e-01 2.637999999999999790e-01 8.800000000000000530e-03 5.061382097733661567e+02
2.480000000000000000e+02 4.865670182391461651e+01 1.906578139523212030e+03 9.579999999999999627e-01 7.980546736926019680e-01 0.000000000000000000e+00 5.441126393161919150e-01 1.570796326794896558e+00 1.674759823695570432e+18 1.000000000000000000e+00 0.000000000000000000e+00 0.000000000000000000e+00 7.273999999999999355e-01 2.637999999999999790e-01 8.800000000000000530e-03 4.191464122432512909e+02
2.490000000000000000e+02 4.448772191872438952e+01 2.420927374276239334e+03 9.579999999999999627e-01 1.067832456003127817e+00 0.000000000000000000e+00 6.952746438843492305e-01 1.570796326794896558e+00 2.142380953458138112e+18 1.000000000000000000e+00 0.000000000000000000e+00 0.000000000000000000e+00 7.273999999999999355e-01 2.637999999999999790e-01 8.800000000000000530e-03 5.073965088150303018e+02
2.500000000000000000e+02 6.327925423587808496e+01 2.523833183076571913e+03 9.579999999999999627e-01 1.602101491024365165e+00 0.000000000000000000e+00 1.347685488457725685e-02 0.000000000000000000e+00 2.248850032075459072e+18 1.000000000000000000e+00 0.000000000000000000e+00 0.000000000000000000e+00 7.273999999999999355e-01 2.637999999999999790e-01 8.800000000000000530e-03 5.245786156005411840e+02
2.570000000000000000e+02 5.133626572640411467e+01 3.289921593973941071e+03 9.579999999999999627e-01 4.739993562479971612e-01 0.000000000000000000e+00 5.158548630278758651e-01 0.000000000000000000e+00 3.091584675574865920e+18 1.000000000000000000e+00 0.000000000000000000e+00 0.000000000000000000e+00 7.273999999999999355e-01 2.637999999999999790e-01 8.800000000000000530e-03 6.485007819155756579e+02
2.580000000000000000e+02 6.719639994252426618e+01 3.830389305424381291e+03 9.579999999999999627e-01 8.850957921874896828e-01 0.000000000000000000e+00 4.117771539057744207e-02 0.000000000000000000e+00 3.627425697032275968e+18 1.000000000000000000e+00 0.000000000000000000e+00 0.000000000000000000e+00 7.273999999999999355e-01 2.637999999999999790e-01 8.800000000000000530e-03 7.324135977670804323e+02
2.600000000000000000e+02 4.350098872578376330e+01 3.343248433493459288e+03 9.579999999999999627e-01 1.305206718234886987e+00 0.000000000000000000e+00 4.529505458875552892e-01 1.570796326794896558e+00 3.215189234219357184e+18 1.000000000000000000e+00 0.000000000000000000e+00 0.000000000000000000e+00 7.273999999999999355e-01 2.637999999999999790e-01 8.800000000000000530e-03 6.568965569710755972e+02
2.610000000000000000e+02 7.926014297355317240e+01 3.613997471419942485e+03 9.579999999999999627e-01 1.046621382755137164e+00 0.000000000000000000e+00 1.434136799921362400e-02 1.570796326794896558e+00 3.503783797889736192e+18 1.000000000000000000e+00 0.000000000000000000e+00 0.000000000000000000e+00 7.273999999999999355e-01 2.637999999999999790e-01 8.800000000000000530e-03 6.991209898653464734e+02
2.620000000000000000e+02 8.958491196267141277e+01 3.595295426167402184e+03 9.579999999999999627e-01 2.451395717020302123e-01 0.000000000000000000e+00 9.000000000000001055e-02 0.000000000000000000e+00 3.513476181149394432e+18 1.000000000000000000e+00 0.000000000000000000e+00 0.000000000000000000e+00 7.273999999999999355e-01 2.637999999999999790e-01 8.800000000000000530e-03 6.962251887021312768e+02
2.690000000000000000e+02 7.658784111006713147e+01 4.633371191861077023e+03 9.599999999999999645e-01 7.522053139175529646e-01 0.000000000000000000e+00 4.569781144033073506e-02 1.570796326794896558e+00 4.786679867382070272e+18 1.000000000000000000e+00 0.000000000000000000e+00 0.000000000000000000e+00 7.273999999999999355e-01 2.637999999999999790e-01 8.800000000000000530e-03 8.528639177481222760e+02
2.700000000000000000e+02 8.782521885372696602e+01 5.164445567668812146e+03 9.579999999999999627e-01 2.674482120753571834e-01 0.000000000000000000e+00 2.275350977025217269e-02 1.570796326794896558e+00 5.380532874506281984e+18 1.000000000000000000e+00 0.000000000000000000e+00 0.000000000000000000e+00 7.273999999999999355e-01 2.637999999999999790e-01 8.800000000000000530e-03 9.302100541722829803e+02
2.730000000000000000e+02 9.377790465832831046e+01 5.599548323735360100e+03 9.579999999999999627e-01 7.118959629777529274e-01 0.000000000000000000e+00 1.000000000000000056e-01 0.000000000000000000e+00 5.980367437390443520e+18 1.000000000000000000e+00 0.000000000000000000e+00 0.000000000000000000e+00 7.273999999999999355e-01 2.637999999999999790e-01 8.800000000000000530e-03 9.923947619062707872e+02
2.770000000000000000e+02 1.035326319645025990e+02 5.660565604234974671e+03 9.579999999999999627e-01 9.159999602920023687e-01 0.000000000000000000e+00 9.000000000000001055e-02 1.570796326794896558e+00 6.253821624520927232e+18 1.000000000000000000e+00 0.000000000000000000e+00 0.000000000000000000e+00 7.273999999999999355e-01 2.637999999999999790e-01 8.800000000000000530e-03 1.001036534874328368e+03
2.780000000000000000e+02 1.022289029486073844e+02 7.362147196073005034e+03 9.579999999999999627e-01 1.439183869230946655e+00 0.000000000000000000e+00 9.000000000000001055e-02 1.570796326794896558e+00 8.204659218827657216e+18 1.000000000000000000e+00 0.000000000000000000e+00 0.000000000000000000e+00 7.273999999999999355e-01 2.637999999999999790e-01 8.800000000000000530e-03 1.235280719186757096e+03
2.810000000000000000e+02 6.350201477941305939e+01 7.380678479146587051e+03 9.579999999999999627e-01 1.341030807835041472e+00 0.000000000000000000e+00 4.143881695541147547e-02 0.000000000000000000e+00 8.439685241114383360e+18 1.000000000000000000e+00 0.000000000000000000e+00 0.000000000000000000e+00 7.273999999999999355e-01 2.637999999999999790e-01 8.800000000000000530e-03 1.237767556777059326e+03
2.830000000000000000e+02 1.053186317078535836e+02 8.296629952049490385e+03 9.579999999999999627e-01 1.506618833598059259e+00 0.000000000000000000e+00 9.000000000000001055e-02 0.000000000000000000e+00 9.655340280370196480e+18 1.000000000000000000e+00 0.000000000000000000e+00 0.000000000000000000e+00 7.273999999999999355e-01 2.637999999999999790e-01 8.800000000000000530e-03 1.359200237600723312e+03
2.850000000000000000e+02 9.243431908682391906e+01 9.519831328612463039e+03 9.579999999999999627e-01 1.585572796669719065e+00 0.000000000000000000e+00 9.000000000000001055e-02 0.000000000000000000e+00 1.127909928314344858e+19 1.000000000000000000e+00 0.000000000000000000e+00 0.000000000000000000e+00 7.273999999999999355e-01 2.637999999999999790e-01 8.800000000000000530e-03 1.517279075826804956e+03
2.860000000000000000e+02 1.116775883071388762e+02 9.708289287891535423e+03 9.579999999999999627e-01 1.272422552509382410e+00 0.000000000000000000e+00 9.000000000000001055e-02 1.570796326794896558e+00 1.160521167522565939e+19 1.000000000000000000e+00 0.000000000000000000e+00 0.000000000000000000e+00 7.273999999999999355e-01 2.637999999999999790e-01 8.800000000000000530e-03 1.541261155264934587e+03
2.870000000000000000e+02 1.223211599944324490e+02 9.744628484744800517e+03 9.579999999999999627e-01 1.158823883476497896e+00 0.000000000000000000e+00 2.470071729627391563e-02 0.000000000000000000e+00 1.175194975134267187e+19 1.000000000000000000e+00 0.000000000000000000e+00 0.000000000000000000e+00 7.273999999999999355e-01 2.637999999999999790e-01 8.800000000000000530e-03 1.545874718598608979e+03
2.890000000000000000e+02 1.314303730078144952e+02 1.020214871186668097e+04 9.579999999999999627e-01 1.358161718108160887e+00 0.000000000000000000e+00 9.000000000000001055e-02 0.000000000000000000e+00 1.252970314156375450e+19 1.000000000000000000e+00 0.000000000000000000e+00 0.000000000000000000e+00 7.273999999999999355e-01 2.637999999999999790e-01 8.800000000000000530e-03 1.603671405603662151e+03
2.900000000000000000e+02 1.164853338262808222e+02 1.038966792065231311e+04 9.599999999999999645e-01 0.000000000000000000e+00 0.000000000000000000e+00 9.000000000000001055e-02 1.570796326794896558e+00 1.287820719351111680e+19 1.000000000000000000e+00 0.000000000000000000e+00 0.000000000000000000e+00 7.273999999999999355e-01 2.637999999999999790e-01 8.800000000000000530e-03 1.627209230189263053e+03
2.910000000000000000e+02 1.431885617722711856e+02 1.158036828813373722e+04 9.579999999999999627e-01 2.784582540068322731e-01 0.000000000000000000e+00 5.066624975742439058e-02 0.000000000000000000e+00 1.448597007421997466e+19 1.000000000000000000e+00 0.000000000000000000e+00 0.000000000000000000e+00 7.273999999999999355e-01 2.637999999999999790e-01 8.800000000000000530e-03 1.774761352449144397e+03
2.920000000000000000e+02 1.149899983016390053e+02 1.199198531676820676e+04 9.579999999999999627e-01 1.192085257262671449e+00 0.000000000000000000e+00 2.359390859953625075e-02 1.570796326794896558e+00 1.514091523362214707e+19 1.000000000000000000e+00 0.000000000000000000e+00 0.000000000000000000e+00 7.273999999999999355e-01 2.637999999999999790e-01 8.800000000000000530e-03 1.825050710653873011e+03
2.930000000000000000e+02 1.270520169654538307e+02 1.280805435160222260e+04 9.579999999999999627e-01 1.606417573498595708e+00 0.000000000000000000e+00 3.976361303106429324e-02 0.000000000000000000e+00 1.632264301117964698e+19 1.000000000000000000e+00 0.000000000000000000e+00 0.000000000000000000e+00 7.273999999999999355e-01 2.637999999999999790e-01 8.800000000000000530e-03 1.923749833469253645e+03
2.940000000000000000e+02 1.441136429668955827e+02 1.218841840350502207e+04 9.579999999999999627e-01 1.438530076317963813e+00 0.000000000000000000e+00 5.012003138799654700e-02 1.570796326794896558e+00 1.568011360229978931e+19 1.000000000000000000e+00 0.000000000000000000e+00 0.000000000000000000e+00 7.273999999999999355e-01 2.637999999999999790e-01 8.800000000000000530e-03 1.848927786005463076e+03
2.950000000000000000e+02 1.350683846967258148e+02 1.343241264976525235e+04 9.579999999999999627e-01 1.130547313978646606e+00 0.000000000000000000e+00 1.620488983144502751e-02 1.570796326794896558e+00 1.744348063536288563e+19 1.000000000000000000e+00 0.000000000000000000e+00 0.000000000000000000e+00 7.273999999999999355e-01 2.637999999999999790e-01 8.800000000000000530e-03 1.998413182233959105e+03
3.000000000000000000e+02 1.594659219536481487e+02 1.694537065280145544e+04 9.579999999999999627e-01 2.245810495309079058e-01 0.000000000000000000e+00 1.332139499216506047e-02 0.000000000000000000e+00 2.309169902818168832e+19 1.000000000000000000e+00 0.000000000000000000e+00 0.000000000000000000e+00 7.273999999999999355e-01 2.637999999999999790e-01 8.800000000000000530e-03 2.406594522914302161e+03
3.020000000000000000e+02 1.526316177372434026e+02 1.882998018987746036e+04 9.579999999999999627e-01 1.386145691926732981e+00 0.000000000000000000e+00 2.395456173404605926e-02 1.570796326794896558e+00 2.616876179408809574e+19 1.000000000000000000e+00 0.000000000000000000e+00 0.000000000000000000e+00 7.273999999999999355e-01 2.637999999999999790e-01 8.800000000000000530e-03 2.618435957405655245e+03
3.030000000000000000e+02 1.543120818035477839e+02 2.038232455346889037e+04 9.579999999999999627e-01 1.106327601209588840e+00 0.000000000000000000e+00 9.000000000000001055e-02 1.570796326794896558e+00 2.860671273015295181e+19 1.000000000000000000e+00 0.000000000000000000e+00 0.000000000000000000e+00 7.273999999999999355e-01 2.637999999999999790e-01 8.800000000000000530e-03 2.789748391907206496e+03
3.040000000000000000e+02 3.086617099948716145e+02 1.994643129458310432e+04 9.579999999999999627e-01 1.720016678439179492e+00 0.000000000000000000e+00 8.100000000000001643e-02 1.570796326794896558e+00 2.827889764973260800e+19 1.000000000000000000e+00 0.000000000000000000e+00 0.000000000000000000e+00 7.273999999999999355e-01 2.637999999999999790e-01 8.800000000000000530e-03 2.741916531909737387e+03
3.070000000000000000e+02 1.484945892709487225e+02 2.301709992514775149e+04 9.579999999999999627e-01 1.032962423417996156e+00 0.000000000000000000e+00 1.000000000000000056e-01 0.000000000000000000e+00 3.363527747890698650e+19 1.000000000000000000e+00 0.000000000000000000e+00 0.000000000000000000e+00 7.273999999999999355e-01 2.637999999999999790e-01 8.800000000000000530e-03 3.074698586979010997e+03
3.080000000000000000e+02 1.783055881579426227e+02 2.527737104289564741e+04 9.579999999999999627e-01 1.533757821526009257e+00 0.000000000000000000e+00 8.100000000000001643e-02 1.570796326794896558e+00 3.731701281114672333e+19 1.000000000000000000e+00 0.000000000000000000e+00 0.000000000000000000e+00 7.273999999999999355e-01 2.637999999999999790e-01 8.800000000000000530e-03 3.313962490540527597e+03
3.090000000000000000e+02 1.744471985665372245e+02 2.664413523954638367e+04 9.579999999999999627e-01 9.356540617014510453e-01 0.000000000000000000e+00 9.000000000000001055e-02 1.570796326794896558e+00 3.974335928253112320e+19 1.000000000000000000e+00 0.000000000000000000e+00 0.000000000000000000e+00 7.273999999999999355e-01 2.637999999999999790e-01 8.800000000000000530e-03 3.456554184756394079e+03
3.150000000000000000e+02 2.251973500948404023e+02 3.479897052247596730e+04 9.579999999999999627e-01 1.209651448936588825e+00 0.000000000000000000e+00 9.000000000000001055e-02 1.570796326794896558e+00 5.531491798735999795e+19 1.000000000000000000e+00 0.000000000000000000e+00 0.000000000000000000e+00 7.273999999999999355e-01 2.637999999999999790e-01 8.800000000000000530e-03 4.279718289117817221e+03
3.170000000000000000e+02 3.804193116854925734e+02 4.005870056521538208e+04 9.579999999999999627e-01 7.650272654270591222e-01 0.000000000000000000e+00 1.000000000000000056e-01 0.000000000000000000e+00 6.507118954824583578e+19 1.000000000000000000e+00 0.000000000000000000e+00 0.000000000000000000e+00 7.273999999999999355e-01 2.637999999999999790e-01 8.800000000000000530e-03 4.789823955306414064e+03
3.180000000000000000e+02 3.038424048287306505e+02 4.068131638369830762e+04 9.579999999999999627e-01 1.420887884116689426e+00 0.000000000000000000e+00 9.000000000000001055e-02 1.570796326794896558e+00 6.681111163990447718e+19 1.000000000000000000e+00 0.000000000000000000e+00 0.000000000000000000e+00 7.273999999999999355e-01 2.637999999999999790e-01 8.800000000000000530e-03 4.849288961444844972e+03
3.190000000000000000e+02 1.388639168221062903e+02 4.307127785437030980e+04 9.579999999999999627e-01 5.935410007813143318e-01 0.000000000000000000e+00 1.000000000000000056e-01 1.570796326794896558e+00 7.151517419766208102e+19 1.000000000000000000e+00 0.000000000000000000e+00 0.000000000000000000e+00 7.273999999999999355e-01 2.637999999999999790e-01 8.800000000000000530e-03 5.075890809551314305e+03
3.210000000000000000e+02 1.284142990874326813e+02 4.725017942933340237e+04 9.579999999999999627e-01 4.820029954224973046e-01 0.000000000000000000e+00 1.667718169966658087e-02 0.000000000000000000e+00 8.023715814512176333e+19 1.000000000000000000e+00 0.000000000000000000e+00 0.000000000000000000e+00 7.273999999999999355e-01 2.637999999999999790e-01 8.800000000000000530e-03 5.466191410649992577e+03
3.230000000000000000e+02 2.223499971367635339e+02 5.295242283195426717e+04 9.579999999999999627e-01 1.146250020005570081e+00 0.000000000000000000e+00 9.000000000000001055e-02 1.570796326794896558e+00 9.197132765248775782e+19 1.000000000000000000e+00 0.000000000000000000e+00 0.000000000000000000e+00 7.273999999999999355e-01 2.637999999999999790e-01 8.800000000000000530e-03 5.987847547632009082e+03
3.250000000000000000e+02 1.954268746066516940e+02 5.721048148839727946e+04 9.579999999999999627e-01 7.252564783309319862e-01 0.000000000000000000e+00 9.000000000000001055e-02 0.000000000000000000e+00 1.016866986275483648e+20 1.000000000000000000e+00 0.000000000000000000e+00 0.000000000000000000e+00 7.273999999999999355e-01 2.637999999999999790e-01 8.800000000000000530e-03 6.370045699447789957e+03
3.280000000000000000e+02 1.838605303746790298e+02 6.928117889296132489e+04 9.579999999999999627e-01 1.835720508756806257e-01 0.000000000000000000e+00 1.000000000000000056e-01 1.570796326794896558e+00 1.275616326907692974e+20 1.000000000000000000e+00 0.000000000000000000e+00 0.000000000000000000e+00 7.273999999999999355e-01 2.637999999999999790e-01 8.800000000000000530e-03 7.424278947859794243e+03
3.300000000000000000e+02 2.210602522410513870e+02 7.797170601726435416e+04 9.579999999999999627e-01 9.799164027621959372e-01 0.000000000000000000e+00 1.000000000000000056e-01 1.570796326794896558e+00 1.470337715149420298e+20 1.000000000000000000e+00 0.000000000000000000e+00 0.000000000000000000e+00 7.273999999999999355e-01 2.637999999999999790e-01 8.800000000000000530e-03 8.160404658220860256e+03
3.320000000000000000e+02 3.078573409265821965e+02 8.554850905939440418e+04 9.579999999999999627e-01 1.329807407440913192e+00 0.000000000000000000e+00 9.000000000000001055e-02 0.000000000000000000e+00 1.652774693843083592e+20 1.000000000000000000e+00 0.000000000000000000e+00 0.000000000000000000e+00 7.273999999999999355e-01 2.637999999999999790e-01 8.800000000000000530e-03 8.788849380699555695e+03
3.350000000000000000e+02 5.243119057939130698e+02 1.027737196148133371e+05 9.579999999999999627e-01 9.841731478704706104e-01 0.000000000000000000e+00 9.000000000000001055e-02 1.570796326794896558e+00 2.060639140520644444e+20 1.000000000000000000e+00 0.000000000000000000e+00 0.000000000000000000e+00 7.273999999999999355e-01 2.637999999999999790e-01 8.800000000000000530e-03 1.017812372137685634e+04
3.360000000000000000e+02 7.700000000000001137e+02 1.077560639090439072e+05 9.579999999999999627e-01 7.474240606270893261e-01 0.000000000000000000e+00 1.000000000000000056e-01 0.000000000000000000e+00 2.187699635914326344e+20 1.000000000000000000e+00 0.000000000000000000e+00 0.000000000000000000e+00 7.273999999999999355e-01 2.637999999999999790e-01 8.800000000000000530e-03 1.057098462343270876e+04
3.370000000000000000e+02 7.700000000000001137e+02 1.166678155608241796e+05 9.579999999999999627e-01 5.546126288718378206e-01 0.000000000000000000e+00 1.000000000000000056e-01 0.000000000000000000e+00 2.398763829073504174e+20 1.000000000000000000e+00 0.000000000000000000e+00 0.000000000000000000e+00 7.273999999999999355e-01 2.637999999999999790e-01 8.800000000000000530e-03 1.126478530313441843e+04
3.410000000000000000e+02 7.700000000000001137e+02 1.491738319142242544e+05 9.579999999999999627e-01 1.229955676466947700e+00 0.000000000000000000e+00 1.000000000000000056e-01 1.570796326794896558e+00 3.230037811803032125e+20 1.000000000000000000e+00 0.000000000000000000e+00 0.000000000000000000e+00 7.273999999999999355e-01 2.637999999999999790e-01 8.800000000000000530e-03 1.371248553414384514e+04
3.430000000000000000e+02 7.700000000000001137e+02 1.670256270500945393e+05 9.579999999999999627e-01 4.124148013332514795e-01 0.000000000000000000e+00 1.000000000000000056e-01 1.570796326794896558e+00 3.713620247245925908e+20 1.000000000000000000e+00 0.000000000000000000e+00 0.000000000000000000e+00 7.273999999999999355e-01 2.637999999999999790e-01 8.800000000000000530e-03 1.501027173426818990e+04
3.440000000000000000e+02 7.700000000000001137e+02 1.785576549241594330e+05 9.579999999999999627e-01 2.362163870067102156e-01 0.000000000000000000e+00 1.000000000000000056e-01 1.570796326794896558e+00 4.023677420716340019e+20 1.000000000000000000e+00 0.000000000000000000e+00 0.000000000000000000e+00 7.273999999999999355e-01 2.637999999999999790e-01 8.800000000000000530e-03 1.583378868286506076e+04
3.450000000000000000e+02 7.700000000000001137e+02 1.879413419798754330e+05 9.579999999999999627e-01 4.461247120801082322e-01 0.000000000000000000e+00 1.000000000000000056e-01 0.000000000000000000e+00 4.292605863895308042e+20 1.000000000000000000e+00 0.000000000000000000e+00 0.000000000000000000e+00 7.273999999999999355e-01 2.637999999999999790e-01 8.800000000000000530e-03 1.649604849250916232e+04
3.460000000000000000e+02 7.700000000000001137e+02 2.028799145361748524e+05 9.579999999999999627e-01 1.696742575047364365e+00 0.000000000000000000e+00 1.000000000000000056e-01 1.570796326794896558e+00 4.697658440420795351e+20 1.000000000000000000e+00 0.000000000000000000e+00 0.000000000000000000e+00 7.273999999999999355e-01 2.637999999999999790e-01 8.800000000000000530e-03 1.753691949681377082e+04
3.490000000000000000e+02 7.700000000000001137e+02 2.438439322077090037e+05 9.579999999999999627e-01 1.593912145105762290e+00 0.000000000000000000e+00 1.000000000000000056e-01 0.000000000000000000e+00 5.886190093796638720e+20 1.000000000000000000e+00 0.000000000000000000e+00 0.000000000000000000e+00 7.273999999999999355e-01 2.637999999999999790e-01 8.800000000000000530e-03 2.031662797936014977e+04
3.500000000000000000e+02 7.700000000000001137e+02 2.614189463477405370e+05 9.579999999999999627e-01 9.899652025609465555e-01 0.000000000000000000e+00 1.000000000000000056e-01 0.000000000000000000e+00 6.400577573481527378e+20 1.000000000000000000e+00 0.000000000000000000e+00 0.000000000000000000e+00 7.273999999999999355e-01 2.637999999999999790e-01 8.800000000000000530e-03 2.147987321780061757e+04
3.520000000000000000e+02 7.700000000000001137e+02 2.978232146654898534e+05 9.579999999999999627e-01 9.683043645625991624e-01 0.000000000000000000e+00 1.000000000000000056e-01 1.570796326794896558e+00 7.504054245050470892e+20 1.000000000000000000e+00 0.000000000000000000e+00 0.000000000000000000e+00 7.273999999999999355e-01 2.637999999999999790e-01 8.800000000000000530e-03 2.384124350012454306e+04
3.540000000000000000e+02 7.700000000000001137e+02 3.436669710815722356e+05 9.579999999999999627e-01 5.790782824181873734e-01 0.000000000000000000e+00 1.000000000000000056e-01 0.000000000000000000e+00 8.915273559131886715e+20 1.000000000000000000e+00 0.000000000000000000e+00 0.000000000000000000e+00 7.273999999999999355e-01 2.637999999999999790e-01 8.800000000000000530e-03 2.673451451578835622e+04
3.550000000000000000e+02 7.700000000000001137e+02 3.652933685604414786e+05 9.579999999999999627e-01 1.258576872657847012e+00 0.000000000000000000e+00 1.000000000000000056e-01 0.000000000000000000e+00 9.617566989401841992e+20 1.000000000000000000e+00 0.000000000000000000e+00 0.000000000000000000e+00 7.273999999999999355e-01 2.637999999999999790e-01 8.800000000000000530e-03 2.807213839828439086e+04
3.570000000000000000e+02 7.700000000000001137e+02 4.226631339974253206e+05 9.579999999999999627e-01 1.334099726802815633e+00 0.000000000000000000e+00 1.000000000000000056e-01 1.570796326794896558e+00 1.146608774530377187e+21 1.000000000000000000e+00 0.000000000000000000e+00 0.000000000000000000e+00 7.273999999999999355e-01 2.637999999999999790e-01 8.800000000000000530e-03 3.154696332650000477e+04
3.600000000000000000e+02 7.700000000000001137e+02 5.234003959327870398e+05 9.579999999999999627e-01 1.129012907186964343e+00 0.000000000000000000e+00 1.000000000000000056e-01 0.000000000000000000e+00 1.486578146896999350e+21 1.000000000000000000e+00 0.000000000000000000e+00 0.000000000000000000e+00 7.273999999999999355e-01 2.637999999999999790e-01 8.800000000000000530e-03 3.743081671407993417e+04
3.610000000000000000e+02 7.700000000000001137e+02 5.614909308076531161e+05 9.579999999999999627e-01 1.009054481421469252e+00 0.000000000000000000e+00 1.000000000000000056e-01 1.570796326794896558e+00 1.619872351556935352e+21 1.000000000000000000e+00 0.000000000000000000e+00 0.000000000000000000e+00 7.273999999999999355e-01 2.637999999999999790e-01 8.800000000000000530e-03 3.959462758707531611e+04
3.640000000000000000e+02 7.700000000000001137e+02 2.836026093746884726e+05 9.579999999999999627e-01 1.585610205631261094e+00 0.000000000000000000e+00 1.000000000000000056e-01 0.000000000000000000e+00 8.557476075974876201e+20 1.000000000000000000e+00 0.000000000000000000e+00 0.000000000000000000e+00 7.273999999999999355e-01 2.637999999999999790e-01 8.800000000000000530e-03 2.292610323421570502e+04
