# id_num orb_a mass spin spin_angle orb_inc orb_ecc orb_arg_periapse orb_ang_mom gen galaxy time_passed gw_freq gw_strain
2.000000000000000000e+00 3.642395165167049709e+04 1.380803298415743896e+01 1.146084128076316627e-01 1.092406484824103713e-01 3.133855059871073934e+00 2.423420352815865153e-01 0.000000000000000000e+00 1.000000000000000000e+00 1.000000000000000000e+00 0.000000000000000000e+00 0.000000000000000000e+00 -1.000000000000000000e+00 -1.000000000000000000e+00
3.000000000000000000e+00 5.000000000000000000e+04 3.248684269919192502e+01 -3.202649199283635895e-02 2.880759390089818073e+00 3.173357670240128048e+00 5.289629105726487146e-02 0.000000000000000000e+00 1.000000000000000000e+00 1.000000000000000000e+00 0.000000000000000000e+00 0.000000000000000000e+00 -1.000000000000000000e+00 -1.000000000000000000e+00
4.000000000000000000e+00 3.258181146035783968e+04 2.010789528288210803e+01 1.352563556173799753e-01 1.055161746144580137e+00 3.172731169619467106e+00 1.574163166212813048e-01 1.570796326794896558e+00 1.000000000000000000e+00 1.000000000000000000e+00 0.000000000000000000e+00 0.000000000000000000e+00 -1.000000000000000000e+00 -1.000000000000000000e+00
6.000000000000000000e+00 5.500000000000000728e+04 1.394375338850231749e+01 -1.002243611357151593e-01 2.924217265087321938e+00 -1.410465451492018234e-02 1.000000000000000056e-01 1.570796326794896558e+00 1.000000000000000000e+00 1.000000000000000000e+00 0.000000000000000000e+00 0.000000000000000000e+00 -1.000000000000000000e+00 -1.000000000000000000e+00
7.000000000000000000e+00 1.944065869510449193e+04 1.818162460991049656e+01 1.468434731888838829e-01 5.194400970365838921e-01 3.133597913267162749e+00 3.731036419635604812e-02 0.000000000000000000e+00 1.000000000000000000e+00 1.000000000000000000e+00 0.000000000000000000e+00 0.000000000000000000e+00 -1.000000000000000000e+00 -1.000000000000000000e+00
8.000000000000000000e+00 1.171941545092552360e+03 1.471098761691117929e+01 -9.376527434500511043e-03 3.026486303635280262e+00 1.745473397150331925e-03 9.000000000000001055e-02 0.000000000000000000e+00 1.000000000000000000e+00 1.000000000000000000e+00 0.000000000000000000e+00 0.000000000000000000e+00 -1.000000000000000000e+00 -1.000000000000000000e+00
1.300000000000000000e+01 1.930625102156074354e+04 1.106539181422132856e+01 -5.688133123446702938e-02 2.645717374048476511e+00 -3.119116198819573554e-02 4.324922689350711030e-02 1.570796326794896558e+00 1.000000000000000000e+00 1.000000000000000000e+00 0.000000000000000000e+00 0.000000000000000000e+00 -1.000000000000000000e+00 -1.000000000000000000e+00
1.400000000000000000e+01 2.625924575477587496e+04 1.509228910765182974e+01 1.337256121457952307e-01 3.768334391120358173e-01 1.375084804378944904e-02 6.442406808550660280e-02 0.000000000000000000e+00 1.000000000000000000e+00 1.000000000000000000e+00 0.000000000000000000e+00 0.000000000000000000e+00 -1.000000000000000000e+00 -1.000000000000000000e+00
1.500000000000000000e+01 4.406634711414142657e+04 1.992382606028277436e+01 -1.502204321651337982e-03 8.672929113360658970e-01 3.177215687260646071e+00 2.681414930144918052e-01 0.000000000000000000e+00 1.000000000000000000e+00 1.000000000000000000e+00 0.000000000000000000e+00 0.000000000000000000e+00 -1.000000000000000000e+00 -1.000000000000000000e+00
1.800000000000000000e+01 4.650334287558225333e+04 1.188594523941342018e+01 1.131019932920369897e-01 1.449160792852843826e-01 -1.759152654556972450e-02 9.198295894494365466e-02 1.570796326794896558e+00 1.000000000000000000e+00 1.000000000000000000e+00 0.000000000000000000e+00 0.000000000000000000e+00 -1.000000000000000000e+00 -1.000000000000000000e+00
2.300000000000000000e+01 3.444335253148908669e+04 1.009386207015623427e+01 -2.265223216599852527e-02 2.974898495165208434e+00 5.680186695720822361e-03 1.800923696864580315e-01 1.570796326794896558e+00 1.000000000000000000e+00 1.000000000000000000e+00 0.000000000000000000e+00 0.000000000000000000e+00 -1.000000000000000000e+00 -1.000000000000000000e+00
2.400000000000000000e+01 1.552809579233344994e+04 1.265365093418224696e+01 1.219520679979188560e-01 2.684150055889203412e-01 -2.893450541187112326e-02 6.447653993208393719e-02 1.570796326794896558e+00 1.000000000000000000e+00 1.000000000000000000e+00 0.000000000000000000e+00 0.000000000000000000e+00 -1.000000000000000000e+00 -1.000000000000000000e+00
2.500000000000000000e+01 1.362000197357917023e+04 2.125348912364964704e+01 -9.116707554136053993e-02 2.062767281550292431e+00 3.142527013251445123e+00 9.000000000000001055e-02 1.570796326794896558e+00 1.000000000000000000e+00 1.000000000000000000e+00 0.000000000000000000e+00 0.000000000000000000e+00 -1.000000000000000000e+00 -1.000000000000000000e+00
2.700000000000000000e+01 1.716622447397764290e+03 1.530631992534546626e+01 -1.685025274417940172e-02 2.953314788813123926e+00 1.149059514527819501e-02 9.000000000000001055e-02 1.570796326794896558e+00 1.000000000000000000e+00 1.000000000000000000e+00 0.000000000000000000e+00 0.000000000000000000e+00 -1.000000000000000000e+00 -1.000000000000000000e+00
2.800000000000000000e+01 2.270471360967434521e+04 1.467231755384714553e+01 -5.396140542429813530e-02 1.737571309323693747e+00 2.869039488812557409e-02 2.481006501210825665e-01 1.570796326794896558e+00 1.000000000000000000e+00 1.000000000000000000e+00 0.000000000000000000e+00 0.000000000000000000e+00 -1.000000000000000000e+00 -1.000000000000000000e+00
2.900000000000000000e+01 4.744677224278224458e+04 1.021379486977299145e+01 1.759450440954330418e-03 2.732493359721793746e-01 -4.427202355631221220e-02 9.211662298488457190e-02 1.570796326794896558e+00 1.000000000000000000e+00 1.000000000000000000e+00 0.000000000000000000e+00 0.000000000000000000e+00 -1.000000000000000000e+00 -1.000000000000000000e+00
3.000000000000000000e+01 4.920237604381630081e+04 3.874460117917258373e+01 -2.073961258957754059e-02 2.635118693655385425e+00 -6.835626214543334515e-03 1.346034860754715401e-01 0.000000000000000000e+00 1.000000000000000000e+00 1.000000000000000000e+00 0.000000000000000000e+00 0.000000000000000000e+00 -1.000000000000000000e+00 -1.000000000000000000e+00
3.100000000000000000e+01 3.758704980425881331e+03 3.505268285268608963e+01 1.517718146208602362e-02 1.310785553031899697e+00 3.158916798312131125e+00 9.000000000000001055e-02 1.570796326794896558e+00 1.000000000000000000e+00 1.000000000000000000e+00 0.000000000000000000e+00 0.000000000000000000e+00 -1.000000000000000000e+00 -1.000000000000000000e+00
3.200000000000000000e+01 2.345299733197088244e+03 1.596112840443544201e+01 2.096501070913075193e-01 4.502956892950296663e-01 1.141897283088365994e-02 9.000000000000001055e-02 1.570796326794896558e+00 1.000000000000000000e+00 1.000000000000000000e+00 0.000000000000000000e+00 0.000000000000000000e+00 -1.000000000000000000e+00 -1.000000000000000000e+00
3.400000000000000000e+01 3.970867802895470231e+04 1.226569628687994928e+01 -9.982164602599113978e-02 1.730269861570181034e+00 7.083263888568184542e-03 4.016575993699337405e-02 1.570796326794896558e+00 1.000000000000000000e+00 1.000000000000000000e+00 0.000000000000000000e+00 0.000000000000000000e+00 -1.000000000000000000e+00 -1.000000000000000000e+00
3.500000000000000000e+01 9.386556396490644829e+02 3.384353518124585491e+01 4.089948044570654306e-02 5.378983444645152323e-01 3.150343195714720768e+00 9.000000000000001055e-02 0.000000000000000000e+00 1.000000000000000000e+00 1.000000000000000000e+00 0.000000000000000000e+00 0.000000000000000000e+00 -1.000000000000000000e+00 -1.000000000000000000e+00
3.600000000000000000e+01 1.352164240501898712e+04 1.722627827692714675e+01 -2.529066228047196496e-01 2.103002915132915263e+00 3.164089558556295589e+00 1.583889256609186946e-01 0.000000000000000000e+00 1.000000000000000000e+00 1.000000000000000000e+00 0.000000000000000000e+00 0.000000000000000000e+00 -1.000000000000000000e+00 -1.000000000000000000e+00
3.900000000000000000e+01 3.286899418594265444e+04 2.467418624824532714e+01 1.711862528208367984e-01 1.969519005874637019e-01 3.164664689900891226e+00 1.204737761121123657e-01 0.000000000000000000e+00 1.000000000000000000e+00 1.000000000000000000e+00 0.000000000000000000e+00 0.000000000000000000e+00 -1.000000000000000000e+00 -1.000000000000000000e+00
4.400000000000000000e+01 2.768373506951988747e+04 1.941693832329519154e+01 -9.344937055946213322e-02 2.470512017776889113e+00 -3.090617455904570710e-02 2.111041795142890309e-01 0.000000000000000000e+00 1.000000000000000000e+00 1.000000000000000000e+00 0.000000000000000000e+00 0.000000000000000000e+00 -1.000000000000000000e+00 -1.000000000000000000e+00
4.500000000000000000e+01 3.516761631927255803e+04 1.237004165377043030e+01 -1.698343331262040512e-01 1.754873013696019779e+00 3.149428128640320956e+00 9.203762358467536264e-02 1.570796326794896558e+00 1.000000000000000000e+00 1.000000000000000000e+00 0.000000000000000000e+00 0.000000000000000000e+00 -1.000000000000000000e+00 -1.000000000000000000e+00
4.700000000000000000e+01 2.898364326423299644e+03 1.747638531258108330e+01 8.046431492642788785e-02 2.696509220099324589e-01 3.130809038661481303e+00 9.000000000000001055e-02 0.000000000000000000e+00 1.000000000000000000e+00 1.000000000000000000e+00 0.000000000000000000e+00 0.000000000000000000e+00 -1.000000000000000000e+00 -1.000000000000000000e+00
4.800000000000000000e+01 2.787393124795612312e+04 1.328760951299044635e+01 1.112845307557188551e-02 9.647999472305158752e-01 3.657181471802582046e-02 7.892842138641890937e-02 1.570796326794896558e+00 1.000000000000000000e+00 1.000000000000000000e+00 0.000000000000000000e+00 0.000000000000000000e+00 -1.000000000000000000e+00 -1.000000000000000000e+00
4.900000000000000000e+01 4.496813551084157370e+04 1.038747730471247976e+01 -3.512454429628769637e-02 1.635504254291527237e+00 3.760354762784955118e-02 9.605639768148496738e-02 0.000000000000000000e+00 1.000000000000000000e+00 1.000000000000000000e+00 0.000000000000000000e+00 0.000000000000000000e+00 -1.000000000000000000e+00 -1.000000000000000000e+00
5.000000000000000000e+01 4.827654292068010363e+03 1.177159381499003565e+01 7.476269352620555642e-02 4.318314707770088967e-01 3.150321515793012228e+00 1.020442447483537081e-02 1.570796326794896558e+00 1.000000000000000000e+00 1.000000000000000000e+00 0.000000000000000000e+00 0.000000000000000000e+00 -1.000000000000000000e+00 -1.000000000000000000e+00
5.100000000000000000e+01 2.845082217000034871e+04 1.894558213753372655e+01 2.197923340185921684e-02 1.322443386997977255e+00 3.147662962413706467e+00 2.499553126306396089e-01 0.000000000000000000e+00 1.000000000000000000e+00 1.000000000000000000e+00 0.000000000000000000e+00 0.000000000000000000e+00 -1.000000000000000000e+00 -1.000000000000000000e+00
5.200000000000000000e+01 2.499285073982488029e+04 1.696277837071139771e+01 -5.582246130820994745e-02 1.833089429808660409e+00 2.692799567965172350e-02 8.773327424325061408e-02 1.570796326794896558e+00 1.000000000000000000e+00 1.000000000000000000e+00 0.000000000000000000e+00 0.000000000000000000e+00 -1.000000000000000000e+00 -1.000000000000000000e+00
5.500000000000000000e+01 4.380061429623742879e+04 1.243093253687833233e+01 9.017347252236407318e-02 3.945598077447030616e-01 3.149827399828667218e+00 5.491112488529564795e-02 0.000000000000000000e+00 1.000000000000000000e+00 1.000000000000000000e+00 0.000000000000000000e+00 0.000000000000000000e+00 -1.000000000000000000e+00 -1.000000000000000000e+00
5.800000000000000000e+01 4.193744170667404251e+04 1.245785566076168394e+01 2.053095295108806756e-02 2.965605562841783782e-01 3.107519437619183478e+00 2.750101835337605549e-01 1.570796326794896558e+00 1.000000000000000000e+00 1.000000000000000000e+00 0.000000000000000000e+00 0.000000000000000000e+00 -1.000000000000000000e+00 -1.000000000000000000e+00
6.000000000000000000e+01 5.883598290644425106e+03 1.185269365678444409e+01 1.150309770720944896e-01 5.224643329318697793e-01 -1.185258621686542148e-02 9.795732179223162750e-02 0.000000000000000000e+00 1.000000000000000000e+00 1.000000000000000000e+00 0.000000000000000000e+00 0.000000000000000000e+00 -1.000000000000000000e+00 -1.000000000000000000e+00
6.300000000000000000e+01 4.440526652899329929e+04 1.621399811428102211e+01 1.043562694325427531e-01 8.922992998794974095e-01 -2.343737910239296687e-02 1.017409290399987204e-01 1.570796326794896558e+00 1.000000000000000000e+00 1.000000000000000000e+00 0.000000000000000000e+00 0.000000000000000000e+00 -1.000000000000000000e+00 -1.000000000000000000e+00
6.400000000000000000e+01 1.374177655179058820e+04 3.665540589681682349e+01 -4.706593611184863024e-02 2.154292953937631427e+00 3.143082845970945893e+00 1.000000000000000056e-01 0.000000000000000000e+00 1.000000000000000000e+00 1.000000000000000000e+00 0.000000000000000000e+00 0.000000000000000000e+00 -1.000000000000000000e+00 -1.000000000000000000e+00
6.700000000000000000e+01 2.326307850591538590e+04 1.697128030878071669e+01 -1.054847683255632634e-01 2.416790873299523579e+00 3.109258935944537949e+00 1.284424916680010909e-01 1.570796326794896558e+00 1.000000000000000000e+00 1.000000000000000000e+00 0.000000000000000000e+00 0.000000000000000000e+00 -1.000000000000000000e+00 -1.000000000000000000e+00
7.000000000000000000e+01 1.947049150500166797e+04 2.170434005086499596e+01 -9.928678820469367949e-02 1.778240198932653726e+00 3.150204138170801471e+00 4.918995548086443209e-02 0.000000000000000000e+00 1.000000000000000000e+00 1.000000000000000000e+00 0.000000000000000000e+00 0.000000000000000000e+00 -1.000000000000000000e+00 -1.000000000000000000e+00
7.200000000000000000e+01 1.462193407040931379e+04 1.433759128873766819e+01 1.262615486784047503e-01 1.517397739888399100e+00 3.120414416048508333e+00 2.082119038048514947e-01 1.570796326794896558e+00 1.000000000000000000e+00 1.000000000000000000e+00 0.000000000000000000e+00 0.000000000000000000e+00 -1.000000000000000000e+00 -1.000000000000000000e+00
7.300000000000000000e+01 3.032378356592574346e+04 1.035712921527015062e+01 -7.476000007720089158e-02 2.875538894825584890e+00 3.171790493360191032e+00 8.568124107477310958e-02 0.000000000000000000e+00 1.000000000000000000e+00 1.000000000000000000e+00 0.000000000000000000e+00 0.000000000000000000e+00 -1.000000000000000000e+00 -1.000000000000000000e+00
7.400000000000000000e+01 1.449710956890765374e+03 1.037156516112078997e+01 -1.413460175309712019e-01 3.100000000000000089e+00 5.184186988677001728e-03 9.000000000000001055e-02 1.570796326794896558e+00 1.000000000000000000e+00 1.000000000000000000e+00 0.000000000000000000e+00 0.000000000000000000e+00 -1.000000000000000000e+00 -1.000000000000000000e+00
7.500000000000000000e+01 4.042876255418948858e+04 1.079192999788901375e+01 3.062152229555637796e-03 1.056030886296670968e+00 3.184199083988736856e+00 1.779626865341487341e-01 0.000000000000000000e+00 1.000000000000000000e+00 1.000000000000000000e+00 0.000000000000000000e+00 0.000000000000000000e+00 -1.000000000000000000e+00 -1.000000000000000000e+00
7.600000000000000000e+01 1.052549890587820482e+04 1.274869224712522886e+01 -9.877947376106827049e-02 3.035502450139750952e+00 3.152089132231928215e+00 1.000000000000000056e-01 1.570796326794896558e+00 1.000000000000000000e+00 1.000000000000000000e+00 0.000000000000000000e+00 0.000000000000000000e+00 -1.000000000000000000e+00 -1.000000000000000000e+00
7.900000000000000000e+01 1.743768967294885078e+04 1.031683765696187827e+01 7.951078407177916696e-03 7.788183508325958737e-01 -1.494114824708120100e-03 1.113982276214012385e-01 0.000000000000000000e+00 1.000000000000000000e+00 1.000000000000000000e+00 0.000000000000000000e+00 0.000000000000000000e+00 -1.000000000000000000e+00 -1.000000000000000000e+00
8.100000000000000000e+01 7.259260537229093643e+03 1.210119044893575158e+01 -9.851079612809626740e-02 2.966104639660964271e+00 3.138407353518661402e+00 1.948415509316016869e-01 0.000000000000000000e+00 1.000000000000000000e+00 1.000000000000000000e+00 0.000000000000000000e+00 0.000000000000000000e+00 -1.000000000000000000e+00 -1.000000000000000000e+00
8.200000000000000000e+01 3.188453387029153237e+04 1.111187190852434270e+01 2.150488593910715104e-02 1.954237896422676424e-01 3.125123513236656603e+00 2.660515398336040782e-01 0.000000000000000000e+00 1.000000000000000000e+00 1.000000000000000000e+00 0.000000000000000000e+00 0.000000000000000000e+00 -1.000000000000000000e+00 -1.000000000000000000e+00
8.400000000000000000e+01 4.386519989646947215e+04 1.431233050020328257e+01 -6.824037048853685838e-02 2.799772673182865379e+00 3.123235298868815235e+00 2.559089292648526470e-01 0.000000000000000000e+00 1.000000000000000000e+00 1.000000000000000000e+00 0.000000000000000000e+00 0.000000000000000000e+00 -1.000000000000000000e+00 -1.000000000000000000e+00
8.700000000000000000e+01 4.486749946013323097e+03 1.043680292683434807e+01 1.780001086424250201e-02 6.164386057311411760e-01 -3.642458000304675124e-04 1.248731775593039418e-02 1.570796326794896558e+00 1.000000000000000000e+00 1.000000000000000000e+00 0.000000000000000000e+00 0.000000000000000000e+00 -1.000000000000000000e+00 -1.000000000000000000e+00
8.900000000000000000e+01 5.443069380103282128e+03 1.897714275500506886e+01 1.320355930874980883e-03 5.956654245500706546e-01 -2.335989028348370213e-03 1.202300500612326663e-02 0.000000000000000000e+00 1.000000000000000000e+00 1.000000000000000000e+00 0.000000000000000000e+00 0.000000000000000000e+00 -1.000000000000000000e+00 -1.000000000000000000e+00
9.000000000000000000e+01 2.050730194570712410e+04 1.225110157223381258e+01 -1.753433115563609104e-02 2.147120182603280636e+00 3.145457740927342982e+00 2.322070817275573643e-02 1.570796326794896558e+00 1.000000000000000000e+00 1.000000000000000000e+00 0.000000000000000000e+00 0.000000000000000000e+00 -1.000000000000000000e+00 -1.000000000000000000e+00
9.200000000000000000e+01 2.363519563398146056e+04 1.032399144473254182e+01 -1.760250538286912969e-01 2.288847509213125520e+00 -5.780768295960016408e-03 1.694451588379432549e-01 0.000000000000000000e+00 1.000000000000000000e+00 1.000000000000000000e+00 0.000000000000000000e+00 0.000000000000000000e+00 -1.000000000000000000e+00 -1.000000000000000000e+00
9.700000000000000000e+01 3.558556875691827736e+04 1.512731218873128114e+01 6.833010805420275391e-02 1.969013038496389978e-01 3.107751569939065650e+00 2.493514635172631722e-01 0.000000000000000000e+00 1.000000000000000000e+00 1.000000000000000000e+00 0.000000000000000000e+00 0.000000000000000000e+00 -1.000000000000000000e+00 -1.000000000000000000e+00
1.020000000000000000e+02 6.715957969044072343e+03 1.120951768325626929e+01 1.539849594027207016e-02 8.262822395579195733e-01 3.128536902135235831e+00 1.000000000000000056e-01 0.000000000000000000e+00 1.000000000000000000e+00 1.000000000000000000e+00 0.000000000000000000e+00 0.000000000000000000e+00 -1.000000000000000000e+00 -1.000000000000000000e+00
1.030000000000000000e+02 2.448027764228005253e+04 1.714994715613907061e+01 6.551754190722169913e-02 3.887663612983827122e-01 3.163606987227816525e+00 6.031723714279028231e-02 1.570796326794896558e+00 1.000000000000000000e+00 1.000000000000000000e+00 0.000000000000000000e+00 0.000000000000000000e+00 -1.000000000000000000e+00 -1.000000000000000000e+00
1.050000000000000000e+02 4.357511805336870020e+04 1.931144785196267577e+01 1.118371268819630115e-01 3.042003937812596259e-01 3.942239998785269928e-02 1.227917932593835804e-01 0.000000000000000000e+00 1.000000000000000000e+00 1.000000000000000000e+00 0.000000000000000000e+00 0.000000000000000000e+00 -1.000000000000000000e+00 -1.000000000000000000e+00
1.060000000000000000e+02 9.081509443380058656e+03 1.044454623876941213e+01 -4.982327350632849428e-02 2.510837193194411121e+00 -1.443234211860497558e-02 5.741841949923890548e-02 1.570796326794896558e+00 1.000000000000000000e+00 1.000000000000000000e+00 0.000000000000000000e+00 0.000000000000000000e+00 -1.000000000000000000e+00 -1.000000000000000000e+00
1.070000000000000000e+02 2.212745330687366004e+04 1.001626265120786385e+01 6.465586123769189938e-03 1.364531274994324361e+00 -2.564511416056383317e-02 1.454743297989191941e-01 0.000000000000000000e+00 1.000000000000000000e+00 1.000000000000000000e+00 0.000000000000000000e+00 0.000000000000000000e+00 -1.000000000000000000e+00 -1.000000000000000000e+00
1.090000000000000000e+02 2.117021890866299145e+04 2.760287751823949520e+01 6.707145074385893746e-02 8.952363284343242134e-01 1.093447696362520767e-02 1.296636525863907076e-02 0.000000000000000000e+00 1.000000000000000000e+00 1.000000000000000000e+00 0.000000000000000000e+00 0.000000000000000000e+00 -1.000000000000000000e+00 -1.000000000000000000e+00
1.100000000000000000e+02 1.769462697921102153e+04 1.100301133502367890e+01 -1.358329593121437515e-02 2.456160409577596848e+00 3.143468111774353257e+00 2.147558719655454362e-01 1.570796326794896558e+00 1.000000000000000000e+00 1.000000000000000000e+00 0.000000000000000000e+00 0.000000000000000000e+00 -1.000000000000000000e+00 -1.000000000000000000e+00
1.140000000000000000e+02 1.824883436050710952e+04 3.010144161551409780e+01 -2.117847055068348625e-02 3.100000000000000089e+00 -1.239030939094725239e-02 1.088334774663681989e-02 0.000000000000000000e+00 1.000000000000000000e+00 1.000000000000000000e+00 0.000000000000000000e+00 0.000000000000000000e+00 -1.000000000000000000e+00 -1.000000000000000000e+00
1.170000000000000000e+02 5.379934197468098318e+03 1.351549283770348708e+01 5.020132846499833490e-02 7.628550077340084945e-01 3.145288830921227685e+00 1.000000000000000056e-01 1.570796326794896558e+00 1.000000000000000000e+00 1.000000000000000000e+00 0.000000000000000000e+00 0.000000000000000000e+00 -1.000000000000000000e+00 -1.000000000000000000e+00
1.180000000000000000e+02 4.068338974749478075e+04 1.041836897860670064e+01 6.700747523612513024e-02 1.153424222553796952e+00 3.100587536366160357e+00 1.520371399670234214e-01 1.570796326794896558e+00 1.000000000000000000e+00 1.000000000000000000e+00 0.000000000000000000e+00 0.000000000000000000e+00 -1.000000000000000000e+00 -1.000000000000000000e+00
1.190000000000000000e+02 4.459589279751233698e+04 3.396544563456716759e+01 8.146415938836686077e-02 8.303823639910026810e-02 3.104305162161262732e+00 6.186556471519730205e-02 1.570796326794896558e+00 1.000000000000000000e+00 1.000000000000000000e+00 0.000000000000000000e+00 0.000000000000000000e+00 -1.000000000000000000e+00 -1.000000000000000000e+00
1.220000000000000000e+02 4.254474843455076189e+04 2.823391508687171125e+01 6.573993890965383613e-02 2.012570372190480850e-01 3.091845385537863589e+00 1.281618597166369333e-01 0.000000000000000000e+00 1.000000000000000000e+00 1.000000000000000000e+00 0.000000000000000000e+00 0.000000000000000000e+00 -1.000000000000000000e+00 -1.000000000000000000e+00
1.270000000000000000e+02 3.329593827554097516e+04 1.309602877986700342e+01 3.476247939379475960e-02 9.564728440065756176e-01 -4.310736719276588719e-02 9.178991081280096775e-02 1.570796326794896558e+00 1.000000000000000000e+00 1.000000000000000000e+00 0.000000000000000000e+00 0.000000000000000000e+00 -1.000000000000000000e+00 -1.000000000000000000e+00
1.280000000000000000e+02 3.555669285384893738e+04 1.286636683827008909e+01 3.920070286277865801e-02 8.807815388816524482e-01 -3.334054560321020322e-02 2.886715532930470007e-01 0.000000000000000000e+00 1.000000000000000000e+00 1.000000000000000000e+00 0.000000000000000000e+00 0.000000000000000000e+00 -1.000000000000000000e+00 -1.000000000000000000e+00
1.310000000000000000e+02 4.261726962623495638e+04 3.134349237859727211e+01 5.640591124973372283e-02 1.045737738099065117e+00 3.149936976653199494e+00 2.665827984892542579e-01 0.000000000000000000e+00 1.000000000000000000e+00 1.000000000000000000e+00 0.000000000000000000e+00 0.000000000000000000e+00 -1.000000000000000000e+00 -1.000000000000000000e+00
1.330000000000000000e+02 3.758682728528750158e+04 1.152391925395516026e+01 -1.141909960566090121e-01 2.628942734389167146e+00 -6.442727000220594032e-03 1.631087318030763622e-01 1.570796326794896558e+00 1.000000000000000000e+00 1.000000000000000000e+00 0.000000000000000000e+00 0.000000000000000000e+00 -1.000000000000000000e+00 -1.000000000000000000e+00
1.350000000000000000e+02 2.652857446745971538e+04 1.163972513770208117e+01 7.259571220903547617e-02 2.248512028556662323e-01 3.785425531251637721e-02 8.732861175780703977e-02 1.570796326794896558e+00 1.000000000000000000e+00 1.000000000000000000e+00 0.000000000000000000e+00 0.000000000000000000e+00 -1.000000000000000000e+00 -1.000000000000000000e+00
1.360000000000000000e+02 2.352342768896400958e+04 1.180101589262695505e+01 -1.139127884736136354e-01 1.948358378143236980e+00 1.441940844505581153e-02 1.149045642111655857e-01 1.570796326794896558e+00 1.000000000000000000e+00 1.000000000000000000e+00 0.000000000000000000e+00 0.000000000000000000e+00 -1.000000000000000000e+00 -1.000000000000000000e+00
1.380000000000000000e+02 4.754975537713797530e+04 1.326302717940676956e+01 -1.144043135709737619e-01 3.100000000000000089e+00 4.888188382512990288e-02 7.562409178664698806e-02 1.570796326794896558e+00 1.000000000000000000e+00 1.000000000000000000e+00 0.000000000000000000e+00 0.000000000000000000e+00 -1.000000000000000000e+00 -1.000000000000000000e+00
1.390000000000000000e+02 2.706756163398465287e+04 1.546591836999678016e+01 6.524167068819718140e-02 1.077675076398076026e+00 -7.753178221071026395e-03 6.317555397771289216e-02 1.570796326794896558e+00 1.000000000000000000e+00 1.000000000000000000e+00 0.000000000000000000e+00 0.000000000000000000e+00 -1.000000000000000000e+00 -1.000000000000000000e+00
1.400000000000000000e+02 3.420066433380774106e+04 3.237851634829963388e+01 9.128027142635768143e-02 8.661814761462334200e-01 3.151900590220404919e+00 1.573016599449934272e-01 1.570796326794896558e+00 1.000000000000000000e+00 1.000000000000000000e+00 0.000000000000000000e+00 0.000000000000000000e+00 -1.000000000000000000e+00 -1.000000000000000000e+00
1.410000000000000000e+02 4.216620783772931463e+04 1.254247861905169259e+01 1.571915451160081911e-01 1.120310672075018471e-01 -1.451419862249822557e-02 1.253144307569105109e-01 0.000000000000000000e+00 1.000000000000000000e+00 1.000000000000000000e+00 0.000000000000000000e+00 0.000000000000000000e+00 -1.000000000000000000e+00 -1.000000000000000000e+00
1.420000000000000000e+02 3.845889800241621560e+04 2.326789266327695671e+01 6.968617931976975322e-02 5.216640118183115682e-01 -2.725095784215118486e-02 1.132433968578121924e-02 1.570796326794896558e+00 1.000000000000000000e+00 1.000000000000000000e+00 0.000000000000000000e+00 0.000000000000000000e+00 -1.000000000000000000e+00 -1.000000000000000000e+00
1.430000000000000000e+02 4.196601665492387110e+04 1.465685548028133312e+01 -1.191809860852456882e-01 2.301112698014013969e+00 3.178849705747779808e+00 1.953843537244806527e-01 0.000000000000000000e+00 1.000000000000000000e+00 1.000000000000000000e+00 0.000000000000000000e+00 0.000000000000000000e+00 -1.000000000000000000e+00 -1.000000000000000000e+00
1.460000000000000000e+02 8.615913650236461763e+03 2.138097252868289999e+01 -1.498676181174087019e-01 2.630489197417051894e+00 -2.232386913459831826e-02 3.159595490892967706e-02 1.570796326794896558e+00 1.000000000000000000e+00 1.000000000000000000e+00 0.000000000000000000e+00 0.000000000000000000e+00 -1.000000000000000000e+00 -1.000000000000000000e+00
1.480000000000000000e+02 2.938714419795346475e+04 1.481563529142498226e+01 -1.991239519838505084e-02 2.109459489513521468e+00 5.245521618226409687e-04 6.342737416344101931e-02 0.000000000000000000e+00 1.000000000000000000e+00 1.000000000000000000e+00 0.000000000000000000e+00 0.000000000000000000e+00 -1.000000000000000000e+00 -1.000000000000000000e+00
1.490000000000000000e+02 4.154871829701130628e+04 2.001933624368473019e+01 6.945883252737991564e-02 2.229283150887457765e-01 -1.158789019439560551e-02 9.404193440804950455e-02 0.000000000000000000e+00 1.000000000000000000e+00 1.000000000000000000e+00 0.000000000000000000e+00 0.000000000000000000e+00 -1.000000000000000000e+00 -1.000000000000000000e+00
1.500000000000000000e+02 1.264654041558360041e+04 1.622050241732031139e+01 1.186854662066723354e-01 7.014357494821392702e-01 3.125234932713656377e+00 1.000000000000000056e-01 0.000000000000000000e+00 1.000000000000000000e+00 1.000000000000000000e+00 0.000000000000000000e+00 0.000000000000000000e+00 -1.000000000000000000e+00 -1.000000000000000000e+00
1.510000000000000000e+02 7.558293521308788513e+03 1.012673758244033806e+01 -5.906742778369611369e-03 2.117394900110643796e+00 3.134333211047780843e+00 4.925596640728219927e-02 0.000000000000000000e+00 1.000000000000000000e+00 1.000000000000000000e+00 0.000000000000000000e+00 0.000000000000000000e+00 -1.000000000000000000e+00 -1.000000000000000000e+00
1.540000000000000000e+02 3.340480768209283269e+04 2.431975360352602067e+01 8.673088189336046472e-02 1.680668302555981541e-01 1.776263037637789213e-02 5.658017961117610406e-02 1.570796326794896558e+00 1.000000000000000000e+00 1.000000000000000000e+00 0.000000000000000000e+00 0.000000000000000000e+00 -1.000000000000000000e+00 -1.000000000000000000e+00
1.550000000000000000e+02 2.407871244414189277e+04 1.030919341453103755e+01 -4.647319270028578940e-03 3.488886245411448872e-01 4.854781258024448883e-03 1.847862530377343201e-02 0.000000000000000000e+00 1.000000000000000000e+00 1.000000000000000000e+00 0.000000000000000000e+00 0.000000000000000000e+00 -1.000000000000000000e+00 -1.000000000000000000e+00
1.580000000000000000e+02 6.972390143886094847e+03 1.047470592429312042e+01 -1.625465567833329628e-01 2.505196663643684207e+00 1.209805994381582539e-02 2.147710231223680932e-01 0.000000000000000000e+00 1.000000000000000000e+00 1.000000000000000000e+00 0.000000000000000000e+00 0.000000000000000000e+00 -1.000000000000000000e+00 -1.000000000000000000e+00
1.660000000000000000e+02 2.463920543689090846e+04 1.007327128727109766e+01 -1.227778136796881664e-01 1.905614469181310833e+00 3.106452656161149406e+00 1.760756247658750440e-01 1.570796326794896558e+00 1.000000000000000000e+00 1.000000000000000000e+00 0.000000000000000000e+00 0.000000000000000000e+00 -1.000000000000000000e+00 -1.000000000000000000e+00
1.680000000000000000e+02 1.779775762209758250e+04 1.126397323518334836e+01 1.682735815864015716e-01 6.900765542743370062e-01 3.134428144630812874e+00 1.416972682749642436e-02 0.000000000000000000e+00 1.000000000000000000e+00 1.000000000000000000e+00 0.000000000000000000e+00 0.000000000000000000e+00 -1.000000000000000000e+00 -1.000000000000000000e+00
1.710000000000000000e+02 2.196354489015551371e+04 1.057053324131632444e+01 9.318112995158629730e-02 5.638227682994213508e-01 3.171426614556153378e+00 4.662034011988948345e-02 1.570796326794896558e+00 1.000000000000000000e+00 1.000000000000000000e+00 0.000000000000000000e+00 0.000000000000000000e+00 -1.000000000000000000e+00 -1.000000000000000000e+00
1.720000000000000000e+02 4.592799261303288949e+04 1.186898503775450742e+01 1.555764028156482737e-01 7.356349354601544599e-01 9.269217830205537731e-03 1.887634334267922487e-01 0.000000000000000000e+00 1.000000000000000000e+00 1.000000000000000000e+00 0.000000000000000000e+00 0.000000000000000000e+00 -1.000000000000000000e+00 -1.000000000000000000e+00
1.730000000000000000e+02 4.046655550165771274e+04 1.542256324278037916e+01 -1.010092133431210737e-01 2.935062769777176062e+00 4.525168227892512052e-02 1.908922818686262929e-02 0.000000000000000000e+00 1.000000000000000000e+00 1.000000000000000000e+00 0.000000000000000000e+00 0.000000000000000000e+00 -1.000000000000000000e+00 -1.000000000000000000e+00
1.750000000000000000e+02 3.918893626852519083e+04 1.978794552253921779e+01 -6.667641569750840103e-02 3.072389253980980950e+00 -2.879705050963053334e-02 1.016034142882296099e-01 1.570796326794896558e+00 1.000000000000000000e+00 1.000000000000000000e+00 0.000000000000000000e+00 0.000000000000000000e+00 -1.000000000000000000e+00 -1.000000000000000000e+00
1.760000000000000000e+02 9.105112863347629172e+03 1.701107811846158313e+01 7.646560251808209863e-02 8.072210761813826130e-01 3.144111524273344394e+00 3.986601905909469001e-02 0.000000000000000000e+00 1.000000000000000000e+00 1.000000000000000000e+00 0.000000000000000000e+00 0.000000000000000000e+00 -1.000000000000000000e+00 -1.000000000000000000e+00
1.770000000000000000e+02 1.987897583593209129e+04 1.207428804986964899e+01 1.038036951306769429e-01 3.470422301134824528e-01 3.092722221484387607e-02 2.566947491254196675e-02 0.000000000000000000e+00 1.000000000000000000e+00 1.000000000000000000e+00 0.000000000000000000e+00 0.000000000000000000e+00 -1.000000000000000000e+00 -1.000000000000000000e+00
1.800000000000000000e+02 2.483558641327172609e+03 1.357201539979580573e+01 1.554178509477263659e-02 1.463799614779374370e+00 3.147760635591126288e+00 9.000000000000001055e-02 1.570796326794896558e+00 1.000000000000000000e+00 1.000000000000000000e+00 0.000000000000000000e+00 0.000000000000000000e+00 -1.000000000000000000e+00 -1.000000000000000000e+00
1.810000000000000000e+02 1.667717993157929959e+04 1.193918331621467388e+01 -3.299642563674469453e-02 2.097294217184242360e+00 3.132834971446647909e+00 8.008664850288832460e-02 1.570796326794896558e+00 1.000000000000000000e+00 1.000000000000000000e+00 0.000000000000000000e+00 0.000000000000000000e+00 -1.000000000000000000e+00 -1.000000000000000000e+00
1.820000000000000000e+02 2.204689431909270570e+04 1.867143776267486288e+01 -1.506557280314674563e-01 3.004240220147572860e+00 -1.789932549178741006e-02 1.102276954333882703e-02 1.570796326794896558e+00 1.000000000000000000e+00 1.000000000000000000e+00 0.000000000000000000e+00 0.000000000000000000e+00 -1.000000000000000000e+00 -1.000000000000000000e+00
1.830000000000000000e+02 4.398130266978954751e+04 3.101815978747958624e+01 -5.691831279763177875e-02 2.550395602624427660e+00 3.130510780075088650e+00 7.021009949434325881e-02 1.570796326794896558e+00 1.000000000000000000e+00 1.000000000000000000e+00 0.000000000000000000e+00 0.000000000000000000e+00 -1.000000000000000000e+00 -1.000000000000000000e+00
1.840000000000000000e+02 2.823760222184708618e+04 1.064514464386535764e+01 -3.519780236905547394e-02 2.229929614581164454e+00 3.123298705405726849e+00 1.575363823370910521e-01 0.000000000000000000e+00 1.000000000000000000e+00 1.000000000000000000e+00 0.000000000000000000e+00 0.000000000000000000e+00 -1.000000000000000000e+00 -1.000000000000000000e+00
1.860000000000000000e+02 4.066308284691172594e+04 3.379625135935923197e+01 1.439300421487663822e-02 4.309300603001570140e-01 3.910030444452202575e-02 2.866417739801902509e-01 0.000000000000000000e+00 1.000000000000000000e+00 1.000000000000000000e+00 0.000000000000000000e+00 0.000000000000000000e+00 -1.000000000000000000e+00 -1.000000000000000000e+00
1.870000000000000000e+02 1.927888626755938822e+04 1.231266979045773269e+01 1.674858838867064950e-02 1.175026911972644639e+00 2.891269204975659493e-02 1.606698013984914353e-01 0.000000000000000000e+00 1.000000000000000000e+00 1.000000000000000000e+00 0.000000000000000000e+00 0.000000000000000000e+00 -1.000000000000000000e+00 -1.000000000000000000e+00
1.880000000000000000e+02 5.735276828250057406e+03 1.149901663691821696e+01 2.016550556533129313e-01 1.523292060470854858e+00 3.145980545361432235e+00 1.000000000000000056e-01 1.570796326794896558e+00 1.000000000000000000e+00 1.000000000000000000e+00 0.000000000000000000e+00 0.000000000000000000e+00 -1.000000000000000000e+00 -1.000000000000000000e+00
1.900000000000000000e+02 1.578188778373769492e+04 3.755276188874189813e+01 -1.919774651862482806e-01 1.724222585405509989e+00 3.162409178976517410e+00 1.358752947381204890e-01 1.570796326794896558e+00 1.000000000000000000e+00 1.000000000000000000e+00 0.000000000000000000e+00 0.000000000000000000e+00 -1.000000000000000000e+00 -1.000000000000000000e+00
1.910000000000000000e+02 4.917625766164961533e+04 2.025671404760444716e+01 3.780440546698197318e-02 2.407476533420658815e-01 3.150935707737647640e+00 2.441900909960517951e-01 1.570796326794896558e+00 1.000000000000000000e+00 1.000000000000000000e+00 0.000000000000000000e+00 0.000000000000000000e+00 -1.000000000000000000e+00 -1.000000000000000000e+00
1.930000000000000000e+02 5.000000000000000000e+04 1.011981605160462472e+01 -4.001523148440343930e-02 2.254177486650119189e+00 -3.565005190544989072e-02 9.582128410139233166e-02 1.570796326794896558e+00 1.000000000000000000e+00 1.000000000000000000e+00 0.000000000000000000e+00 0.000000000000000000e+00 -1.000000000000000000e+00 -1.000000000000000000e+00
1.950000000000000000e+02 1.256133881629178541e+04 3.515427966674547378e+01 -8.430997977260246135e-02 2.505924965498003143e+00 3.161321160103081063e+00 9.000000000000001055e-02 1.570796326794896558e+00 1.000000000000000000e+00 1.000000000000000000e+00 0.000000000000000000e+00 0.000000000000000000e+00 -1.000000000000000000e+00 -1.000000000000000000e+00
1.990000000000000000e+02 1.665165454305546518e+04 1.674249836745622488e+01 -3.798924953333091686e-02 2.788784481212596589e+00 -2.371351936097860352e-02 2.457736041437413033e-01 0.000000000000000000e+00 1.000000000000000000e+00 1.000000000000000000e+00 0.000000000000000000e+00 0.000000000000000000e+00 -1.000000000000000000e+00 -1.000000000000000000e+00
3.650000000000000000e+02 7.246135562442962055e+02 1.388728310612848205e+01 -7.958186262658561994e-02 2.814395144596872900e+00 0.000000000000000000e+00 2.435315938795376903e-02 -1.000000000000000000e+00 1.000000000000000000e+00 1.000000000000000000e+00 9.000000000000000000e+00 0.000000000000000000e+00 -1.000000000000000000e+00 -1.000000000000000000e+00
9.000000000000000000e+00 1.061546365781933491e+04 1.055978105033634584e+01 3.462502294598878566e-02 4.418187902262727951e-01 1.380290396852992124e-02 9.531727116300159341e-02 1.570796326794896558e+00 1.000000000000000000e+00 1.000000000000000000e+00 0.000000000000000000e+00 0.000000000000000000e+00 -1.000000000000000000e+00 -1.000000000000000000e+00
1.200000000000000000e+01 4.485463173784241371e+04 1.560784895920976290e+01 -1.952921995678402467e-01 1.673391760095122915e+00 0.000000000000000000e+00 2.957160805940692305e-01 1.570796326794896558e+00 1.000000000000000000e+00 1.000000000000000000e+00 0.000000000000000000e+00 0.000000000000000000e+00 -1.000000000000000000e+00 -1.000000000000000000e+00
2.100000000000000000e+01 4.878328129705029278e+04 1.405345815367735796e+01 1.171182487128562821e-01 1.430785724497814160e+00 0.000000000000000000e+00 1.177179072601664128e-01 1.570796326794896558e+00 1.000000000000000000e+00 1.000000000000000000e+00 0.000000000000000000e+00 0.000000000000000000e+00 -1.000000000000000000e+00 -1.000000000000000000e+00
2.200000000000000000e+01 4.902762049984051555e+04 1.332462921057468286e+01 5.475598080775315180e-02 1.368681817412135127e-01 3.226765245722769404e-02 2.892673724381272238e-01 1.570796326794896558e+00 1.000000000000000000e+00 1.000000000000000000e+00 0.000000000000000000e+00 0.000000000000000000e+00 -1.000000000000000000e+00 -1.000000000000000000e+00
3.300000000000000000e+01 2.490868910349859289e+04 3.005772622023166818e+01 5.407375820842783704e-02 9.391891391752286156e-01 0.000000000000000000e+00 7.915475000145134887e-02 1.570796326794896558e+00 1.000000000000000000e+00 1.000000000000000000e+00 0.000000000000000000e+00 0.000000000000000000e+00 -1.000000000000000000e+00 -1.000000000000000000e+00
3.700000000000000000e+01 1.412717284191311592e+04 3.526760166994836254e+01 6.592043916195922115e-02 8.844868054628357568e-01 0.000000000000000000e+00 1.000000000000000056e-01 1.570796326794896558e+00 1.000000000000000000e+00 1.000000000000000000e+00 0.000000000000000000e+00 0.000000000000000000e+00 -1.000000000000000000e+00 -1.000000000000000000e+00
3.800000000000000000e+01 4.853712866206988110e+04 1.100760078382344354e+01 2.106551129979632002e-03 5.168372326458916532e-01 0.000000000000000000e+00 2.697512511016870174e-01 1.570796326794896558e+00 1.000000000000000000e+00 1.000000000000000000e+00 0.000000000000000000e+00 0.000000000000000000e+00 -1.000000000000000000e+00 -1.000000000000000000e+00
4.200000000000000000e+01 2.341904982126921823e+04 1.436617496148268813e+01 -4.974328091423581288e-02 1.720582478095527224e+00 0.000000000000000000e+00 6.560945171020837741e-02 1.570796326794896558e+00 1.000000000000000000e+00 1.000000000000000000e+00 0.000000000000000000e+00 0.000000000000000000e+00 -1.000000000000000000e+00 -1.000000000000000000e+00
4.300000000000000000e+01 4.486256685727638251e+04 1.167625881918482911e+01 7.361719944084124667e-02 1.124751851971517169e+00 3.702490052438448670e-02 2.179823555964478451e-02 1.570796326794896558e+00 1.000000000000000000e+00 1.000000000000000000e+00 0.000000000000000000e+00 0.000000000000000000e+00 -1.000000000000000000e+00 -1.000000000000000000e+00
5.400000000000000000e+01 6.380683193780719193e+03 1.173268616011085896e+01 7.116091795658864051e-03 9.369270437693558717e-01 0.000000000000000000e+00 1.168166539131020587e-01 1.570796326794896558e+00 1.000000000000000000e+00 1.000000000000000000e+00 0.000000000000000000e+00 0.000000000000000000e+00 -1.000000000000000000e+00 -1.000000000000000000e+00
5.900000000000000000e+01 3.662593159921500956e+03 1.242212526555529273e+01 -1.329296697775079195e-01 1.985841224664744109e+00 1.443405339923370216e-02 9.000000000000001055e-02 1.570796326794896558e+00 1.000000000000000000e+00 1.000000000000000000e+00 0.000000000000000000e+00 0.000000000000000000e+00 -1.000000000000000000e+00 -1.000000000000000000e+00
6.200000000000000000e+01 1.984746787564651868e+03 1.184428734641723224e+01 7.039592244546842570e-02 3.543900061857555572e-01 0.000000000000000000e+00 9.000000000000001055e-02 1.570796326794896558e+00 1.000000000000000000e+00 1.000000000000000000e+00 0.000000000000000000e+00 0.000000000000000000e+00 -1.000000000000000000e+00 -1.000000000000000000e+00
6.500000000000000000e+01 1.005682411912924908e+04 1.105879753300764357e+01 1.874327459226267645e-01 9.304113515068189733e-01 2.363647113953289483e-02 1.194156128915992016e-01 1.570796326794896558e+00 1.000000000000000000e+00 1.000000000000000000e+00 0.000000000000000000e+00 0.000000000000000000e+00 -1.000000000000000000e+00 -1.000000000000000000e+00
6.600000000000000000e+01 4.340761334760170575e+04 1.117686371989921135e+01 -6.911826018676690830e-02 2.528083127356938853e+00 0.000000000000000000e+00 2.463111533444644063e-01 1.570796326794896558e+00 1.000000000000000000e+00 1.000000000000000000e+00 0.000000000000000000e+00 0.000000000000000000e+00 -1.000000000000000000e+00 -1.000000000000000000e+00
6.900000000000000000e+01 3.844054762688557093e+04 2.250323564944544330e+01 3.976704979020966035e-02 3.949614069052044263e-01 0.000000000000000000e+00 8.968948854967555284e-02 1.570796326794896558e+00 1.000000000000000000e+00 1.000000000000000000e+00 0.000000000000000000e+00 0.000000000000000000e+00 -1.000000000000000000e+00 -1.000000000000000000e+00
7.700000000000000000e+01 4.004196858351188712e+04 1.115527776681439143e+01 3.228657423480936484e-02 1.497910903399662264e+00 2.124234500035829167e-03 9.670984416836518605e-02 1.570796326794896558e+00 1.000000000000000000e+00 1.000000000000000000e+00 0.000000000000000000e+00 0.000000000000000000e+00 -1.000000000000000000e+00 -1.000000000000000000e+00
8.300000000000000000e+01 1.683305847098212689e+04 1.301235748810972126e+01 -6.592853798571866875e-02 2.348360430390441067e+00 5.435115810843925768e-03 7.885087984255589877e-02 1.570796326794896558e+00 1.000000000000000000e+00 1.000000000000000000e+00 0.000000000000000000e+00 0.000000000000000000e+00 -1.000000000000000000e+00 -1.000000000000000000e+00
8.800000000000000000e+01 4.463916719178431231e+04 1.348553866486985164e+01 -9.090801951042060125e-03 2.447446720182271829e+00 9.294393301831885626e-03 2.235356701297655235e-01 1.570796326794896558e+00 1.000000000000000000e+00 1.000000000000000000e+00 0.000000000000000000e+00 0.000000000000000000e+00 -1.000000000000000000e+00 -1.000000000000000000e+00
9.300000000000000000e+01 1.935787515036469995e+04 1.331005429201000112e+01 -7.429542017958158662e-02 2.772410718378051975e+00 0.000000000000000000e+00 5.501196092520081737e-02 1.570796326794896558e+00 1.000000000000000000e+00 1.000000000000000000e+00 0.000000000000000000e+00 0.000000000000000000e+00 -1.000000000000000000e+00 -1.000000000000000000e+00
9.800000000000000000e+01 2.156245305710369394e+03 1.198615112502923807e+01 -9.037039440249756972e-02 2.723083479183386668e+00 8.862054068033239917e-03 9.000000000000001055e-02 1.570796326794896558e+00 1.000000000000000000e+00 1.000000000000000000e+00 0.000000000000000000e+00 0.000000000000000000e+00 -1.000000000000000000e+00 -1.000000000000000000e+00
9.900000000000000000e+01 4.320686370375608385e+04 2.849894231363972708e+01 1.731464142592232525e-01 1.367995963427695028e+00 0.000000000000000000e+00 3.202373591096895761e-02 1.570796326794896558e+00 1.000000000000000000e+00 1.000000000000000000e+00 0.000000000000000000e+00 0.000000000000000000e+00 -1.000000000000000000e+00 -1.000000000000000000e+00
1.150000000000000000e+02 3.336191211647143791e+04 1.149071722223501979e+01 8.709504609028839717e-02 1.115816627198961353e+00 0.000000000000000000e+00 2.441191551857511410e-01 1.570796326794896558e+00 1.000000000000000000e+00 1.000000000000000000e+00 0.000000000000000000e+00 0.000000000000000000e+00 -1.000000000000000000e+00 -1.000000000000000000e+00
1.160000000000000000e+02 4.702693063928050105e+04 1.317941826162242691e+01 -2.350182989129958808e-02 2.192605200767852924e+00 4.126027101183988438e-02 2.925349748209998268e-01 1.570796326794896558e+00 1.000000000000000000e+00 1.000000000000000000e+00 0.000000000000000000e+00 0.000000000000000000e+00 -1.000000000000000000e+00 -1.000000000000000000e+00
1.250000000000000000e+02 4.870511822112910886e+04 2.122282165823557776e+01 3.830097155515874152e-02 1.134053546982760396e+00 1.335143457581515133e-02 4.197524438051585677e-02 1.570796326794896558e+00 1.000000000000000000e+00 1.000000000000000000e+00 0.000000000000000000e+00 0.000000000000000000e+00 -1.000000000000000000e+00 -1.000000000000000000e+00
1.260000000000000000e+02 3.182140735769364255e+04 1.197339765233667919e+01 1.321279389212535321e-02 6.753423290649016586e-01 3.286898780455106001e-02 1.528894884062688975e-01 1.570796326794896558e+00 1.000000000000000000e+00 1.000000000000000000e+00 0.000000000000000000e+00 0.000000000000000000e+00 -1.000000000000000000e+00 -1.000000000000000000e+00
1.340000000000000000e+02 1.924518944899965572e+04 2.603159547586693989e+01 -1.394050278634677287e-01 1.870527949901114706e+00 2.973031627412356381e-02 4.082741568947328981e-02 1.570796326794896558e+00 1.000000000000000000e+00 1.000000000000000000e+00 0.000000000000000000e+00 0.000000000000000000e+00 -1.000000000000000000e+00 -1.000000000000000000e+00
1.450000000000000000e+02 4.231669711941893183e+04 1.299999582454811708e+01 1.632431763271051661e-01 7.289879639888356966e-01 3.124194142687967187e-03 1.594888346405420043e-01 1.570796326794896558e+00 1.000000000000000000e+00 1.000000000000000000e+00 0.000000000000000000e+00 0.000000000000000000e+00 -1.000000000000000000e+00 -1.000000000000000000e+00
1.560000000000000000e+02 2.410586674440898605e+03 1.163845437595671228e+01 -2.463099022799478469e-02 2.869796335935554055e+00 1.760238566561451523e-03 9.000000000000001055e-02 1.570796326794896558e+00 1.000000000000000000e+00 1.000000000000000000e+00 0.000000000000000000e+00 0.000000000000000000e+00 -1.000000000000000000e+00 -1.000000000000000000e+00
1.590000000000000000e+02 2.603072048861227813e+04 1.452917288796827577e+01 8.839248193499832373e-02 1.231751198152880589e+00 0.000000000000000000e+00 2.168709493355873083e-02 1.570796326794896558e+00 1.000000000000000000e+00 1.000000000000000000e+00 0.000000000000000000e+00 0.000000000000000000e+00 -1.000000000000000000e+00 -1.000000000000000000e+00
1.640000000000000000e+02 7.264411311938371000e+03 3.043138131520027301e+01 9.912210525923376148e-02 6.002596710140161163e-01 8.685673311934231575e-03 9.000000000000001055e-02 1.570796326794896558e+00 1.000000000000000000e+00 1.000000000000000000e+00 0.000000000000000000e+00 0.000000000000000000e+00 -1.000000000000000000e+00 -1.000000000000000000e+00
1.780000000000000000e+02 2.151147329503604124e+04 1.160913842371059346e+01 -1.273244946684319590e-01 2.777768410660963472e+00 0.000000000000000000e+00 4.190779919529938335e-02 1.570796326794896558e+00 1.000000000000000000e+00 1.000000000000000000e+00 0.000000000000000000e+00 0.000000000000000000e+00 -1.000000000000000000e+00 -1.000000000000000000e+00
1.890000000000000000e+02 3.152925012518659423e+04 1.380744180377316077e+01 4.137392696771195061e-02 6.306152239382978308e-01 3.442874396421210376e-02 7.455905734527677742e-02 1.570796326794896558e+00 1.000000000000000000e+00 1.000000000000000000e+00 0.000000000000000000e+00 0.000000000000000000e+00 -1.000000000000000000e+00 -1.000000000000000000e+00
1.100000000000000000e+01 3.365757545501274581e+04 1.281380768489982280e+01 -3.991495401443063279e-02 3.015770661023970955e+00 0.000000000000000000e+00 8.998363895441477966e-01 0.000000000000000000e+00 1.000000000000000000e+00 1.000000000000000000e+00 0.000000000000000000e+00 0.000000000000000000e+00 -1.000000000000000000e+00 -1.000000000000000000e+00
1.600000000000000000e+01 3.572609237396933895e+04 1.031161427274885156e+01 1.952615445614939715e-01 1.195939624441621385e+00 0.000000000000000000e+00 9.998437688183100525e-01 0.000000000000000000e+00 1.000000000000000000e+00 1.000000000000000000e+00 0.000000000000000000e+00 0.000000000000000000e+00 -1.000000000000000000e+00 -1.000000000000000000e+00
4.100000000000000000e+01 1.114981602048073364e+04 1.530970679100369658e+01 -9.143559752969848686e-02 2.706052489861174415e+00 0.000000000000000000e+00 6.550835991820908033e-01 0.000000000000000000e+00 1.000000000000000000e+00 1.000000000000000000e+00 0.000000000000000000e+00 0.000000000000000000e+00 -1.000000000000000000e+00 -1.000000000000000000e+00
5.600000000000000000e+01 4.461973292804212542e+04 2.492053285483661540e+01 -2.112783200937254705e-02 2.187110337446391828e+00 0.000000000000000000e+00 9.997252784727558295e-01 0.000000000000000000e+00 1.000000000000000000e+00 1.000000000000000000e+00 0.000000000000000000e+00 0.000000000000000000e+00 -1.000000000000000000e+00 -1.000000000000000000e+00
7.100000000000000000e+01 5.156596182478881929e+03 3.554863537313274691e+01 -2.528984860283547964e-01 2.881947303662541149e+00 0.000000000000000000e+00 9.912030981644440741e-01 0.000000000000000000e+00 1.000000000000000000e+00 1.000000000000000000e+00 0.000000000000000000e+00 0.000000000000000000e+00 -1.000000000000000000e+00 -1.000000000000000000e+00
8.000000000000000000e+01 1.284963108533658487e+04 2.753297739581292802e+01 3.320286346744365930e-02 1.182069415962304637e+00 0.000000000000000000e+00 9.981575930588441059e-01 0.000000000000000000e+00 1.000000000000000000e+00 1.000000000000000000e+00 0.000000000000000000e+00 0.000000000000000000e+00 -1.000000000000000000e+00 -1.000000000000000000e+00
1.080000000000000000e+02 2.899410655481058348e+04 1.249088335670413308e+01 5.697566964867654266e-02 2.466125005979595275e-01 0.000000000000000000e+00 9.997440006709886751e-01 0.000000000000000000e+00 1.000000000000000000e+00 1.000000000000000000e+00 0.000000000000000000e+00 0.000000000000000000e+00 -1.000000000000000000e+00 -1.000000000000000000e+00
1.130000000000000000e+02 1.921146318435191279e+04 1.153721160750586883e+01 6.416450119715474965e-02 2.635116807351667867e-01 0.000000000000000000e+00 9.995700297445820892e-01 0.000000000000000000e+00 1.000000000000000000e+00 1.000000000000000000e+00 0.000000000000000000e+00 0.000000000000000000e+00 -1.000000000000000000e+00 -1.000000000000000000e+00
