# id_num orb_a mass spin spin_angle orb_inc orb_ecc orb_arg_periapse orb_ang_mom gen galaxy time_passed gw_freq gw_strain
2.500000000000000000e+01 2.794618423567336868e+04 3.550150383607279991e+01 2.040333088804282546e-01 1.403431487793801224e+00 3.167262464136875622e+00 1.761092550661389200e-01 1.570796326794896558e+00 -1.000000000000000000e+00 1.000000000000000000e+00 0.000000000000000000e+00 0.000000000000000000e+00 -1.000000000000000000e+00 -1.000000000000000000e+00
3.000000000000000000e+01 9.504530816082709862e+03 1.347820789530710428e+01 1.549981437807989026e-01 3.854399963783342736e-02 3.150032429587196869e+00 1.298016738707510054e-01 1.570796326794896558e+00 -1.000000000000000000e+00 1.000000000000000000e+00 0.000000000000000000e+00 0.000000000000000000e+00 -1.000000000000000000e+00 -1.000000000000000000e+00
3.700000000000000000e+01 2.321137120397563649e+03 1.146563002685674348e+01 4.298277254978996598e-02 8.601970279693716970e-01 3.148169765741597015e+00 1.281105772481959670e-01 1.570796326794896558e+00 -1.000000000000000000e+00 1.000000000000000000e+00 0.000000000000000000e+00 0.000000000000000000e+00 -1.000000000000000000e+00 -1.000000000000000000e+00
3.800000000000000000e+01 3.037757887056419349e+04 1.067443388070507737e+01 8.575792896917888708e-02 1.477025716710515857e+00 3.150886091868267513e+00 3.143055299239824046e-02 1.570796326794896558e+00 -1.000000000000000000e+00 1.000000000000000000e+00 0.000000000000000000e+00 0.000000000000000000e+00 -1.000000000000000000e+00 -1.000000000000000000e+00
4.200000000000000000e+01 4.433637764802557649e+04 3.276983119905341368e+01 -2.686646142460549433e-02 2.796572899295557857e+00 3.156079338617025609e+00 2.404212466313002949e-01 1.570796326794896558e+00 -1.000000000000000000e+00 1.000000000000000000e+00 0.000000000000000000e+00 0.000000000000000000e+00 -1.000000000000000000e+00 -1.000000000000000000e+00
4.800000000000000000e+01 4.578847051055695192e+04 1.516222649171446335e+01 -1.502865465230247138e-02 2.629705969319990011e+00 3.107068611025370242e+00 3.528488196004669897e-02 1.570796326794896558e+00 -1.000000000000000000e+00 1.000000000000000000e+00 0.000000000000000000e+00 0.000000000000000000e+00 -1.000000000000000000e+00 -1.000000000000000000e+00
5.100000000000000000e+01 8.752131912942928466e+03 1.156691040147648764e+01 -3.045002931063122906e-02 1.887087135196177545e+00 3.152816988379637753e+00 1.563787403895406380e-01 1.570796326794896558e+00 -1.000000000000000000e+00 1.000000000000000000e+00 0.000000000000000000e+00 0.000000000000000000e+00 -1.000000000000000000e+00 -1.000000000000000000e+00
5.300000000000000000e+01 1.538442605128481046e+04 1.247458836871556720e+01 4.305775173587245153e-02 2.202167828208468903e-01 3.151683968804388947e+00 1.046459856495350199e-01 1.570796326794896558e+00 -1.000000000000000000e+00 1.000000000000000000e+00 0.000000000000000000e+00 0.000000000000000000e+00 -1.000000000000000000e+00 -1.000000000000000000e+00
7.800000000000000000e+01 2.684053648134491596e+04 1.332633185351685690e+01 -9.258195190124249296e-02 1.614009645578361241e+00 3.114132668040489271e+00 1.235900883285260682e-01 1.570796326794896558e+00 -1.000000000000000000e+00 1.000000000000000000e+00 0.000000000000000000e+00 0.000000000000000000e+00 -1.000000000000000000e+00 -1.000000000000000000e+00
7.900000000000000000e+01 1.234874680636573657e+03 1.925837781386916703e+01 -9.463504460058860812e-02 2.633569402414455585e+00 3.150183057226936700e+00 2.770383037150345173e-01 1.570796326794896558e+00 -1.000000000000000000e+00 1.000000000000000000e+00 0.000000000000000000e+00 0.000000000000000000e+00 -1.000000000000000000e+00 -1.000000000000000000e+00
1.010000000000000000e+02 3.795235836854926310e+04 1.771680953033655115e+01 1.494212818243557395e-01 2.051952846903890570e-01 3.122488788451200037e+00 3.040237797678113293e-02 1.570796326794896558e+00 -1.000000000000000000e+00 1.000000000000000000e+00 0.000000000000000000e+00 0.000000000000000000e+00 -1.000000000000000000e+00 -1.000000000000000000e+00
1.140000000000000000e+02 4.544344079175206389e+03 1.269903187632597152e+01 2.432173774039425931e-02 1.048382013831190784e+00 3.129371873813131089e+00 5.268580165445471003e-02 1.570796326794896558e+00 -1.000000000000000000e+00 1.000000000000000000e+00 0.000000000000000000e+00 0.000000000000000000e+00 -1.000000000000000000e+00 -1.000000000000000000e+00
1.280000000000000000e+02 3.268569695914462864e+04 1.614643978216133391e+01 -7.563546883320433623e-02 2.255371345515982728e+00 3.112880139476342123e+00 2.800934720110393461e-01 1.570796326794896558e+00 -1.000000000000000000e+00 1.000000000000000000e+00 0.000000000000000000e+00 0.000000000000000000e+00 -1.000000000000000000e+00 -1.000000000000000000e+00
1.300000000000000000e+02 4.619621743061412076e+02 3.019460207217684911e+01 1.423214341216723633e-01 1.380243730423223125e+00 3.170039310908234764e+00 2.030163336630905757e-01 1.570796326794896558e+00 -1.000000000000000000e+00 1.000000000000000000e+00 0.000000000000000000e+00 0.000000000000000000e+00 -1.000000000000000000e+00 -1.000000000000000000e+00
1.330000000000000000e+02 4.664149820097953489e+04 1.070337836782414342e+01 -7.117922672399433492e-02 1.621689214117160160e+00 3.145227811844197419e+00 2.311848456880141178e-01 1.570796326794896558e+00 -1.000000000000000000e+00 1.000000000000000000e+00 0.000000000000000000e+00 0.000000000000000000e+00 -1.000000000000000000e+00 -1.000000000000000000e+00
1.340000000000000000e+02 3.004174974268515143e+04 2.396508891953077480e+01 5.137362902298928113e-02 1.165016098760593977e+00 3.171495695932424752e+00 2.777720507681917250e-01 1.570796326794896558e+00 -1.000000000000000000e+00 1.000000000000000000e+00 0.000000000000000000e+00 0.000000000000000000e+00 -1.000000000000000000e+00 -1.000000000000000000e+00
1.360000000000000000e+02 3.413358802455562545e+04 2.191129327407548999e+01 1.592634753699309624e-02 5.977246865093287509e-01 3.122325146244487648e+00 5.731895951318453919e-02 1.570796326794896558e+00 -1.000000000000000000e+00 1.000000000000000000e+00 0.000000000000000000e+00 0.000000000000000000e+00 -1.000000000000000000e+00 -1.000000000000000000e+00
1.540000000000000000e+02 4.588019020650491439e+04 1.229433045019374404e+01 -4.442557586410953580e-02 1.777570793993827003e+00 3.118696236825218016e+00 2.455305846891949195e-01 1.570796326794896558e+00 -1.000000000000000000e+00 1.000000000000000000e+00 0.000000000000000000e+00 0.000000000000000000e+00 -1.000000000000000000e+00 -1.000000000000000000e+00
1.610000000000000000e+02 4.088534517232819780e+04 1.440068349420890215e+01 -1.769958467586884437e-04 2.895667727260055280e+00 3.145831842624386976e+00 2.511413882108587958e-01 1.570796326794896558e+00 -1.000000000000000000e+00 1.000000000000000000e+00 0.000000000000000000e+00 0.000000000000000000e+00 -1.000000000000000000e+00 -1.000000000000000000e+00
1.700000000000000000e+02 3.240766662871397421e+04 1.079370881595935927e+01 1.060753149662475581e-01 8.296176501983475449e-01 3.157898691561691340e+00 1.294378013248849713e-01 1.570796326794896558e+00 -1.000000000000000000e+00 1.000000000000000000e+00 0.000000000000000000e+00 0.000000000000000000e+00 -1.000000000000000000e+00 -1.000000000000000000e+00
1.730000000000000000e+02 1.464421317565839672e+03 1.252955318244650940e+01 -1.761136213618829105e-01 2.917343146110110474e+00 3.134297992369003527e+00 2.081324342617872913e-01 1.570796326794896558e+00 -1.000000000000000000e+00 1.000000000000000000e+00 0.000000000000000000e+00 0.000000000000000000e+00 -1.000000000000000000e+00 -1.000000000000000000e+00
1.750000000000000000e+02 2.763055144164441663e+04 1.199065658800029155e+01 -2.792997046262246305e-02 2.770265541147154842e+00 3.105429718129949279e+00 2.166322731426375825e-01 1.570796326794896558e+00 -1.000000000000000000e+00 1.000000000000000000e+00 0.000000000000000000e+00 0.000000000000000000e+00 -1.000000000000000000e+00 -1.000000000000000000e+00
1.850000000000000000e+02 3.532048051772454346e+04 2.852549239923179414e+01 -2.043037525519427605e-02 2.155245526342541851e+00 3.144348336854416726e+00 1.347120694501944549e-01 1.570796326794896558e+00 -1.000000000000000000e+00 1.000000000000000000e+00 0.000000000000000000e+00 0.000000000000000000e+00 -1.000000000000000000e+00 -1.000000000000000000e+00
1.950000000000000000e+02 3.026368214882101893e+04 1.582665607246788397e+01 -2.716473234967100026e-01 2.548765588132889448e+00 3.126237492497943027e+00 8.890017304119623986e-02 1.570796326794896558e+00 -1.000000000000000000e+00 1.000000000000000000e+00 0.000000000000000000e+00 0.000000000000000000e+00 -1.000000000000000000e+00 -1.000000000000000000e+00
1.990000000000000000e+02 4.560556655608084839e+03 3.152062158874203135e+01 -5.634441824340399863e-02 2.429157621504660192e+00 3.125613345123753550e+00 1.272844968786597253e-01 1.570796326794896558e+00 -1.000000000000000000e+00 1.000000000000000000e+00 0.000000000000000000e+00 0.000000000000000000e+00 -1.000000000000000000e+00 -1.000000000000000000e+00
