# id_num orb_a mass spin spin_angle orb_inc orb_ecc orb_arg_periapse orb_ang_mom gen galaxy time_passed gw_freq gw_strain
2.500000000000000000e+01 2.794450423567335019e+04 3.550150383607279991e+01 2.040333088804282546e-01 1.403431487793801224e+00 3.163597272707690422e+00 1.677092550661388737e-01 1.570796326794896558e+00 -1.000000000000000000e+00 1.000000000000000000e+00 0.000000000000000000e+00 0.000000000000000000e+00 -1.000000000000000000e+00 -1.000000000000000000e+00
3.000000000000000000e+01 9.502850816082711390e+03 1.347820789530710428e+01 1.549981437807989026e-01 3.854399963783342736e-02 3.146367238158008117e+00 1.214016738707510840e-01 1.570796326794896558e+00 -1.000000000000000000e+00 1.000000000000000000e+00 0.000000000000000000e+00 0.000000000000000000e+00 -1.000000000000000000e+00 -1.000000000000000000e+00
3.700000000000000000e+01 2.319457120397565177e+03 1.146563002685674348e+01 4.298277254978996598e-02 8.601970279693716970e-01 3.144504574312406930e+00 1.197105772481959207e-01 1.570796326794896558e+00 -1.000000000000000000e+00 1.000000000000000000e+00 0.000000000000000000e+00 0.000000000000000000e+00 -1.000000000000000000e+00 -1.000000000000000000e+00
3.800000000000000000e+01 3.037589887056419684e+04 1.067443388070507737e+01 8.575792896917888708e-02 1.477025716710515857e+00 3.147220900439080093e+00 2.303055299239823925e-02 1.570796326794896558e+00 -1.000000000000000000e+00 1.000000000000000000e+00 0.000000000000000000e+00 0.000000000000000000e+00 -1.000000000000000000e+00 -1.000000000000000000e+00
4.200000000000000000e+01 4.433469764802561258e+04 3.276983119905341368e+01 -2.686646142460549433e-02 2.796572899295557857e+00 3.152414147187839077e+00 2.320212466313001654e-01 1.570796326794896558e+00 -1.000000000000000000e+00 1.000000000000000000e+00 0.000000000000000000e+00 0.000000000000000000e+00 -1.000000000000000000e+00 -1.000000000000000000e+00
4.800000000000000000e+01 4.578679051055699529e+04 1.516222649171446335e+01 -1.502865465230247138e-02 2.629705969319990011e+00 3.103403419596185042e+00 2.688488196004673245e-02 1.570796326794896558e+00 -1.000000000000000000e+00 1.000000000000000000e+00 0.000000000000000000e+00 0.000000000000000000e+00 -1.000000000000000000e+00 -1.000000000000000000e+00
5.100000000000000000e+01 8.750451912942929994e+03 1.156691040147648764e+01 -3.045002931063122906e-02 1.887087135196177545e+00 3.149151796950452997e+00 1.479787403895404252e-01 1.570796326794896558e+00 -1.000000000000000000e+00 1.000000000000000000e+00 0.000000000000000000e+00 0.000000000000000000e+00 -1.000000000000000000e+00 -1.000000000000000000e+00
5.300000000000000000e+01 1.538274605128481198e+04 1.247458836871556720e+01 4.305775173587245153e-02 2.202167828208468903e-01 3.148018777375202415e+00 9.624598564953507074e-02 1.570796326794896558e+00 -1.000000000000000000e+00 1.000000000000000000e+00 0.000000000000000000e+00 0.000000000000000000e+00 -1.000000000000000000e+00 -1.000000000000000000e+00
7.800000000000000000e+01 2.683885648134491930e+04 1.332633185351685690e+01 -9.258195190124249296e-02 1.614009645578361241e+00 3.110467476611303184e+00 1.151900883285260913e-01 1.570796326794896558e+00 -1.000000000000000000e+00 1.000000000000000000e+00 0.000000000000000000e+00 0.000000000000000000e+00 -1.000000000000000000e+00 -1.000000000000000000e+00
7.900000000000000000e+01 1.233194680636575185e+03 1.925837781386916703e+01 -9.463504460058860812e-02 2.633569402414455585e+00 3.146517865797749725e+00 2.686383037150352204e-01 1.570796326794896558e+00 -1.000000000000000000e+00 1.000000000000000000e+00 0.000000000000000000e+00 0.000000000000000000e+00 -1.000000000000000000e+00 -1.000000000000000000e+00
1.010000000000000000e+02 3.795067836854935013e+04 1.771680953033655115e+01 1.494212818243557395e-01 2.051952846903890570e-01 3.118823597022011285e+00 2.200237797678114907e-02 1.570796326794896558e+00 -1.000000000000000000e+00 1.000000000000000000e+00 0.000000000000000000e+00 0.000000000000000000e+00 -1.000000000000000000e+00 -1.000000000000000000e+00
1.140000000000000000e+02 4.542664079175207917e+03 1.269903187632597152e+01 2.432173774039425931e-02 1.048382013831190784e+00 3.125706682383943669e+00 4.428580165445474698e-02 1.570796326794896558e+00 -1.000000000000000000e+00 1.000000000000000000e+00 0.000000000000000000e+00 0.000000000000000000e+00 -1.000000000000000000e+00 -1.000000000000000000e+00
1.280000000000000000e+02 3.268401695914462834e+04 1.614643978216133391e+01 -7.563546883320433623e-02 2.255371345515982728e+00 3.109214948047153371e+00 2.716934720110400492e-01 1.570796326794896558e+00 -1.000000000000000000e+00 1.000000000000000000e+00 0.000000000000000000e+00 0.000000000000000000e+00 -1.000000000000000000e+00 -1.000000000000000000e+00
1.300000000000000000e+02 4.602821743061412008e+02 3.019460207217684911e+01 1.423214341216723633e-01 1.380243730423223125e+00 3.166374119479049121e+00 1.946163336630904461e-01 1.570796326794896558e+00 -1.000000000000000000e+00 1.000000000000000000e+00 0.000000000000000000e+00 0.000000000000000000e+00 -1.000000000000000000e+00 -1.000000000000000000e+00
1.330000000000000000e+02 4.663981820097956370e+04 1.070337836782414342e+01 -7.117922672399433492e-02 1.621689214117160160e+00 3.141562620415012219e+00 2.227848456880140715e-01 1.570796326794896558e+00 -1.000000000000000000e+00 1.000000000000000000e+00 0.000000000000000000e+00 0.000000000000000000e+00 -1.000000000000000000e+00 -1.000000000000000000e+00
1.340000000000000000e+02 3.004006974268514386e+04 2.396508891953077480e+01 5.137362902298928113e-02 1.165016098760593977e+00 3.167830504503236888e+00 2.693720507681924281e-01 1.570796326794896558e+00 -1.000000000000000000e+00 1.000000000000000000e+00 0.000000000000000000e+00 0.000000000000000000e+00 -1.000000000000000000e+00 -1.000000000000000000e+00
1.360000000000000000e+02 3.413190802455571975e+04 2.191129327407548999e+01 1.592634753699309624e-02 5.977246865093287509e-01 3.118659954815303781e+00 4.891895951318456920e-02 1.570796326794896558e+00 -1.000000000000000000e+00 1.000000000000000000e+00 0.000000000000000000e+00 0.000000000000000000e+00 -1.000000000000000000e+00 -1.000000000000000000e+00
1.540000000000000000e+02 4.587851020650499413e+04 1.229433045019374404e+01 -4.442557586410953580e-02 1.777570793993827003e+00 3.115031045396030596e+00 2.371305846891950952e-01 1.570796326794896558e+00 -1.000000000000000000e+00 1.000000000000000000e+00 0.000000000000000000e+00 0.000000000000000000e+00 -1.000000000000000000e+00 -1.000000000000000000e+00
1.610000000000000000e+02 4.088366517232826300e+04 1.440068349420890215e+01 -1.769958467586884437e-04 2.895667727260055280e+00 3.142166651195198668e+00 2.427413882108590826e-01 1.570796326794896558e+00 -1.000000000000000000e+00 1.000000000000000000e+00 0.000000000000000000e+00 0.000000000000000000e+00 -1.000000000000000000e+00 -1.000000000000000000e+00
1.700000000000000000e+02 3.240598662871395572e+04 1.079370881595935927e+01 1.060753149662475581e-01 8.296176501983475449e-01 3.154233500132503476e+00 1.210378013248849666e-01 1.570796326794896558e+00 -1.000000000000000000e+00 1.000000000000000000e+00 0.000000000000000000e+00 0.000000000000000000e+00 -1.000000000000000000e+00 -1.000000000000000000e+00
1.730000000000000000e+02 1.462741317565841200e+03 1.252955318244650940e+01 -1.761136213618829105e-01 2.917343146110110474e+00 3.130632800939816107e+00 1.997324342617871895e-01 1.570796326794896558e+00 -1.000000000000000000e+00 1.000000000000000000e+00 0.000000000000000000e+00 0.000000000000000000e+00 -1.000000000000000000e+00 -1.000000000000000000e+00
1.750000000000000000e+02 2.762887144164442725e+04 1.199065658800029155e+01 -2.792997046262246305e-02 2.770265541147154842e+00 3.101764526700765856e+00 2.082322731426375084e-01 1.570796326794896558e+00 -1.000000000000000000e+00 1.000000000000000000e+00 0.000000000000000000e+00 0.000000000000000000e+00 -1.000000000000000000e+00 -1.000000000000000000e+00
1.850000000000000000e+02 3.531880051772464503e+04 2.852549239923179414e+01 -2.043037525519427605e-02 2.155245526342541851e+00 3.140683145425229306e+00 1.263120694501944086e-01 1.570796326794896558e+00 -1.000000000000000000e+00 1.000000000000000000e+00 0.000000000000000000e+00 0.000000000000000000e+00 -1.000000000000000000e+00 -1.000000000000000000e+00
1.950000000000000000e+02 3.026200214882101864e+04 1.582665607246788397e+01 -2.716473234967100026e-01 2.548765588132889448e+00 3.122572301068756495e+00 8.050017304119629069e-02 1.570796326794896558e+00 -1.000000000000000000e+00 1.000000000000000000e+00 0.000000000000000000e+00 0.000000000000000000e+00 -1.000000000000000000e+00 -1.000000000000000000e+00
1.990000000000000000e+02 4.558876655608086367e+03 3.152062158874203135e+01 -5.634441824340399863e-02 2.429157621504660192e+00 3.121948153694565686e+00 1.188844968786597761e-01 1.570796326794896558e+00 -1.000000000000000000e+00 1.000000000000000000e+00 0.000000000000000000e+00 0.000000000000000000e+00 -1.000000000000000000e+00 -1.000000000000000000e+00
