# id_num orb_a mass spin spin_angle orb_inc orb_ecc orb_arg_periapse orb_ang_mom gen galaxy time_passed star_X star_Y star_Z radius
2.370000000000000000e+02 4.089034255805560036e+01 1.520197923595718521e+03 9.649999999999999689e-01 6.832920071711664489e-01 0.000000000000000000e+00 7.404733875623488171e-01 1.570796326794896558e+00 1.235717537213093632e+18 1.000000000000000000e+00 0.000000000000000000e+00 0.000000000000000000e+00 7.273999999999999355e-01 2.637999999999999790e-01 8.800000000000000530e-03 3.501398529760483598e+02
2.380000000000000000e+02 4.163112367209364351e+01 1.967469245017756293e+03 9.649999999999999689e-01 5.424082266876318892e-01 0.000000000000000000e+00 6.423108998582033324e-01 0.000000000000000000e+00 1.610757826798564352e+18 1.000000000000000000e+00 0.000000000000000000e+00 0.000000000000000000e+00 7.273999999999999355e-01 2.637999999999999790e-01 8.800000000000000530e-03 4.303757562876278371e+02
2.450000000000000000e+02 5.731656451823202048e+01 1.996579937318479324e+03 9.649999999999999689e-01 2.995855464699128667e-01 0.000000000000000000e+00 8.699705475835980972e-02 0.000000000000000000e+00 1.718074387361966080e+18 1.000000000000000000e+00 0.000000000000000000e+00 0.000000000000000000e+00 7.273999999999999355e-01 2.637999999999999790e-01 8.800000000000000530e-03 4.354625378329315595e+02
2.470000000000000000e+02 5.923644559811388177e+01 2.136204369196224889e+03 9.649999999999999689e-01 1.630358876668884349e+00 0.000000000000000000e+00 1.158363228235055470e-01 1.570796326794896558e+00 1.865598547411470080e+18 1.000000000000000000e+00 0.000000000000000000e+00 0.000000000000000000e+00 7.273999999999999355e-01 2.637999999999999790e-01 8.800000000000000530e-03 4.596589029840586704e+02
2.480000000000000000e+02 6.014840442616396388e+01 2.060931946558336676e+03 9.649999999999999689e-01 4.322664432513923516e-01 0.000000000000000000e+00 2.967250873724325971e-02 1.570796326794896558e+00 1.813481145532621824e+18 1.000000000000000000e+00 0.000000000000000000e+00 0.000000000000000000e+00 7.273999999999999355e-01 2.637999999999999790e-01 8.800000000000000530e-03 4.466551626028243049e+02
2.510000000000000000e+02 4.084750667440992800e+01 2.382532821828525357e+03 9.649999999999999689e-01 1.057055166659227163e+00 0.000000000000000000e+00 6.338917102689841654e-01 0.000000000000000000e+00 2.142906038869929984e+18 1.000000000000000000e+00 0.000000000000000000e+00 0.000000000000000000e+00 7.273999999999999355e-01 2.637999999999999790e-01 8.800000000000000530e-03 5.015942516963444291e+02
2.520000000000000000e+02 5.165594041923970536e+01 2.569353689160243448e+03 9.649999999999999689e-01 8.835745263773731040e-01 0.000000000000000000e+00 4.121874534025172787e-01 0.000000000000000000e+00 2.328966135262734848e+18 1.000000000000000000e+00 0.000000000000000000e+00 0.000000000000000000e+00 7.273999999999999355e-01 2.637999999999999790e-01 8.800000000000000530e-03 5.328200398000076348e+02
2.530000000000000000e+02 5.244619747391804054e+01 2.252714735905641191e+03 9.649999999999999689e-01 1.950162232631776349e-01 0.000000000000000000e+00 3.008947461351887953e-01 1.570796326794896558e+00 2.056501117305745408e+18 1.000000000000000000e+00 0.000000000000000000e+00 0.000000000000000000e+00 7.273999999999999355e-01 2.637999999999999790e-01 8.800000000000000530e-03 4.796079761030510440e+02
2.570000000000000000e+02 4.071815760522341066e+01 3.289763444188734866e+03 9.649999999999999689e-01 9.980745256227427920e-01 0.000000000000000000e+00 5.567583449345513413e-01 0.000000000000000000e+00 3.095545849498603520e+18 1.000000000000000000e+00 0.000000000000000000e+00 0.000000000000000000e+00 7.273999999999999355e-01 2.637999999999999790e-01 8.800000000000000530e-03 6.493116175452037169e+02
2.590000000000000000e+02 7.283994502866714527e+01 3.070934548878194164e+03 9.649999999999999689e-01 8.207551906255987628e-01 0.000000000000000000e+00 2.073907993218557233e-02 0.000000000000000000e+00 2.935567064783442944e+18 1.000000000000000000e+00 0.000000000000000000e+00 0.000000000000000000e+00 7.273999999999999355e-01 2.637999999999999790e-01 8.800000000000000530e-03 6.145226367852269505e+02
2.610000000000000000e+02 8.500036831730118081e+01 3.453989683311141107e+03 9.649999999999999689e-01 9.566414895912649374e-01 0.000000000000000000e+00 1.288590031180241249e-02 0.000000000000000000e+00 3.352995200970017792e+18 1.000000000000000000e+00 0.000000000000000000e+00 0.000000000000000000e+00 7.273999999999999355e-01 2.637999999999999790e-01 8.800000000000000530e-03 6.751157903744566511e+02
2.650000000000000000e+02 6.611840796132435116e+01 3.788432263875795343e+03 9.649999999999999689e-01 2.657128855870132811e-01 0.000000000000000000e+00 9.190925562043855690e-02 1.570796326794896558e+00 3.795420759285917696e+18 1.000000000000000000e+00 0.000000000000000000e+00 0.000000000000000000e+00 7.273999999999999355e-01 2.637999999999999790e-01 8.800000000000000530e-03 7.269240847440080415e+02
2.670000000000000000e+02 6.934995154859895194e+01 4.502337375487755708e+03 9.649999999999999689e-01 1.619328129693377694e+00 0.000000000000000000e+00 1.448114271939425490e-01 1.570796326794896558e+00 4.584505834362152960e+18 1.000000000000000000e+00 0.000000000000000000e+00 0.000000000000000000e+00 7.273999999999999355e-01 2.637999999999999790e-01 8.800000000000000530e-03 8.345874794156736698e+02
2.680000000000000000e+02 4.488097801859554181e+01 4.467527757163745264e+03 9.649999999999999689e-01 1.478148319678441736e-01 0.000000000000000000e+00 4.023510012047385453e-01 0.000000000000000000e+00 4.586220130988538880e+18 1.000000000000000000e+00 0.000000000000000000e+00 0.000000000000000000e+00 7.273999999999999355e-01 2.637999999999999790e-01 8.800000000000000530e-03 8.294214156367196438e+02
2.700000000000000000e+02 9.190540502009389456e+01 4.834185374992017387e+03 9.649999999999999689e-01 1.106249910954898885e+00 0.000000000000000000e+00 9.000000000000001055e-02 0.000000000000000000e+00 5.045186176782278656e+18 1.000000000000000000e+00 0.000000000000000000e+00 0.000000000000000000e+00 7.273999999999999355e-01 2.637999999999999790e-01 8.800000000000000530e-03 8.834461392309103758e+02
2.740000000000000000e+02 1.004490927554421091e+02 5.420783061104899389e+03 9.649999999999999689e-01 6.876966140814595452e-01 0.000000000000000000e+00 9.000000000000001055e-02 1.570796326794896558e+00 5.847824197141586944e+18 1.000000000000000000e+00 0.000000000000000000e+00 0.000000000000000000e+00 7.273999999999999355e-01 2.637999999999999790e-01 8.800000000000000530e-03 9.682133328522747888e+02
2.750000000000000000e+02 9.470783802024791953e+01 6.013846224875886946e+03 9.649999999999999689e-01 1.513710445062681487e+00 0.000000000000000000e+00 3.471110732608809202e-02 1.570796326794896558e+00 6.543897457416577024e+18 1.000000000000000000e+00 0.000000000000000000e+00 0.000000000000000000e+00 7.273999999999999355e-01 2.637999999999999790e-01 8.800000000000000530e-03 1.052066742742906399e+03
2.760000000000000000e+02 1.191173996822267469e+02 6.088903770858380994e+03 9.649999999999999689e-01 1.430654636951947500e+00 0.000000000000000000e+00 9.000000000000001055e-02 0.000000000000000000e+00 6.681258122054216704e+18 1.000000000000000000e+00 0.000000000000000000e+00 0.000000000000000000e+00 7.273999999999999355e-01 2.637999999999999790e-01 8.800000000000000530e-03 1.062558195753804966e+03
2.780000000000000000e+02 1.003671592355920836e+02 6.591705060889510605e+03 9.669999999999999707e-01 8.822566813971428612e-01 0.000000000000000000e+00 8.100000000000001643e-02 1.570796326794896558e+00 7.356283308318230528e+18 1.000000000000000000e+00 0.000000000000000000e+00 0.000000000000000000e+00 7.273999999999999355e-01 2.637999999999999790e-01 8.800000000000000530e-03 1.132190875961629672e+03
2.800000000000000000e+02 6.784825196996224861e+01 7.192528498969270004e+03 9.649999999999999689e-01 1.362540492498893752e+00 0.000000000000000000e+00 8.786149885907072743e-02 0.000000000000000000e+00 8.165935357815429120e+18 1.000000000000000000e+00 0.000000000000000000e+00 0.000000000000000000e+00 7.273999999999999355e-01 2.637999999999999790e-01 8.800000000000000530e-03 1.214022428333836615e+03
2.830000000000000000e+02 6.768116026174959643e+01 8.753205576959509926e+03 9.649999999999999689e-01 1.299472851830585585e+00 0.000000000000000000e+00 2.603656670516756727e-02 0.000000000000000000e+00 1.020225199728978125e+19 1.000000000000000000e+00 0.000000000000000000e+00 0.000000000000000000e+00 7.273999999999999355e-01 2.637999999999999790e-01 8.800000000000000530e-03 1.420545470700917576e+03
2.840000000000000000e+02 1.055438135508992588e+02 8.758939640276985301e+03 9.649999999999999689e-01 1.596101944140927431e-01 0.000000000000000000e+00 2.002020073517346219e-02 1.570796326794896558e+00 1.029956560567095706e+19 1.000000000000000000e+00 0.000000000000000000e+00 0.000000000000000000e+00 7.273999999999999355e-01 2.637999999999999790e-01 8.800000000000000530e-03 1.421289880427936851e+03
2.870000000000000000e+02 8.106016076921024194e+01 9.216581111130419231e+03 9.649999999999999689e-01 3.426925660068482760e-01 0.000000000000000000e+00 1.177441363334082169e-02 0.000000000000000000e+00 1.113400653506491187e+19 1.000000000000000000e+00 0.000000000000000000e+00 0.000000000000000000e+00 7.273999999999999355e-01 2.637999999999999790e-01 8.800000000000000530e-03 1.480394001314059096e+03
2.920000000000000000e+02 1.304059139185680181e+02 1.174710920889702902e+04 9.649999999999999689e-01 7.545193544201881375e-01 0.000000000000000000e+00 5.260509269239740937e-02 0.000000000000000000e+00 1.485728104620642099e+19 1.000000000000000000e+00 0.000000000000000000e+00 0.000000000000000000e+00 7.273999999999999355e-01 2.637999999999999790e-01 8.800000000000000530e-03 1.797489002978285953e+03
2.930000000000000000e+02 1.371689976264910342e+02 1.212517580966251626e+04 9.649999999999999689e-01 1.337955889504697238e-01 0.000000000000000000e+00 3.553664657827530771e-02 1.570796326794896558e+00 1.547759089888385229e+19 1.000000000000000000e+00 0.000000000000000000e+00 0.000000000000000000e+00 7.273999999999999355e-01 2.637999999999999790e-01 8.800000000000000530e-03 1.843621960221752488e+03
2.960000000000000000e+02 1.243520497689518720e+02 1.447488246382535908e+04 9.649999999999999689e-01 1.070003733138034097e+00 0.000000000000000000e+00 1.000000000000000056e-01 0.000000000000000000e+00 1.901027850594731622e+19 1.000000000000000000e+00 0.000000000000000000e+00 0.000000000000000000e+00 7.273999999999999355e-01 2.637999999999999790e-01 8.800000000000000530e-03 2.124288381483841476e+03
2.970000000000000000e+02 1.628160472227838795e+02 1.482729896427141102e+04 9.649999999999999689e-01 1.659635766045147731e+00 0.000000000000000000e+00 5.874042049080721584e-02 1.570796326794896558e+00 1.965828596008833434e+19 1.000000000000000000e+00 0.000000000000000000e+00 0.000000000000000000e+00 7.273999999999999355e-01 2.637999999999999790e-01 8.800000000000000530e-03 2.165564246141215335e+03
3.000000000000000000e+02 1.747935060953955428e+02 1.767161399076315865e+04 9.649999999999999689e-01 1.265116059338484922e+00 0.000000000000000000e+00 1.000000000000000056e-01 0.000000000000000000e+00 2.411865259592297677e+19 1.000000000000000000e+00 0.000000000000000000e+00 0.000000000000000000e+00 7.273999999999999355e-01 2.637999999999999790e-01 8.800000000000000530e-03 2.491967707860237624e+03
3.020000000000000000e+02 1.674590613786275526e+02 1.777463821977346743e+04 9.649999999999999689e-01 1.430338108967371458e+00 0.000000000000000000e+00 2.863963327961982844e-02 1.570796326794896558e+00 2.474253558578095309e+19 1.000000000000000000e+00 0.000000000000000000e+00 0.000000000000000000e+00 7.273999999999999355e-01 2.637999999999999790e-01 8.800000000000000530e-03 2.503583340766907440e+03
3.040000000000000000e+02 1.951338136101896623e+02 2.006158053493362240e+04 9.669999999999999707e-01 5.889254299087059996e-01 0.000000000000000000e+00 9.000000000000001055e-02 1.570796326794896558e+00 2.848650634862288896e+19 1.000000000000000000e+00 0.000000000000000000e+00 0.000000000000000000e+00 7.273999999999999355e-01 2.637999999999999790e-01 8.800000000000000530e-03 2.758122514947970103e+03
3.050000000000000000e+02 1.883528723046751168e+02 2.155576749315168854e+04 9.669999999999999707e-01 1.309324523826290276e+00 0.000000000000000000e+00 8.100000000000001643e-02 1.570796326794896558e+00 3.092037652114652365e+19 1.000000000000000000e+00 0.000000000000000000e+00 0.000000000000000000e+00 7.273999999999999355e-01 2.637999999999999790e-01 8.800000000000000530e-03 2.921273569911155846e+03
3.060000000000000000e+02 1.605487623691384442e+02 2.288483695361248465e+04 9.649999999999999689e-01 1.417355964210375463e+00 0.000000000000000000e+00 4.286696042902487375e-02 1.570796326794896558e+00 3.315333191603606323e+19 1.000000000000000000e+00 0.000000000000000000e+00 0.000000000000000000e+00 7.273999999999999355e-01 2.637999999999999790e-01 8.800000000000000530e-03 3.064500489851242492e+03
3.080000000000000000e+02 3.377020359154888638e+02 2.378629750615738158e+04 9.649999999999999689e-01 5.795327587128710212e-01 0.000000000000000000e+00 9.000000000000001055e-02 1.570796326794896558e+00 3.517504463719729971e+19 1.000000000000000000e+00 0.000000000000000000e+00 0.000000000000000000e+00 7.273999999999999355e-01 2.637999999999999790e-01 8.800000000000000530e-03 3.160697364051559816e+03
3.100000000000000000e+02 2.047924020172829387e+02 2.590211726687194459e+04 9.649999999999999689e-01 3.006783235526466758e-01 0.000000000000000000e+00 9.000000000000001055e-02 0.000000000000000000e+00 3.910566205852685926e+19 1.000000000000000000e+00 0.000000000000000000e+00 0.000000000000000000e+00 7.273999999999999355e-01 2.637999999999999790e-01 8.800000000000000530e-03 3.383682842545088079e+03
3.110000000000000000e+02 1.414723859777402311e+02 2.879884842513008334e+04 9.669999999999999707e-01 1.426317265355674824e+00 0.000000000000000000e+00 1.631497063090851796e-02 1.570796326794896558e+00 4.393754869990146048e+19 1.000000000000000000e+00 0.000000000000000000e+00 0.000000000000000000e+00 7.273999999999999355e-01 2.637999999999999790e-01 8.800000000000000530e-03 3.683168050372260041e+03
3.120000000000000000e+02 1.550992137246235245e+02 2.952176965718217252e+04 9.669999999999999707e-01 6.091271567380852625e-01 0.000000000000000000e+00 3.132265464995199339e-02 1.570796326794896558e+00 4.551431641602121728e+19 1.000000000000000000e+00 0.000000000000000000e+00 0.000000000000000000e+00 7.273999999999999355e-01 2.637999999999999790e-01 8.800000000000000530e-03 3.756949409139708223e+03
3.130000000000000000e+02 1.141134064384743851e+02 3.140248999132943936e+04 9.669999999999999707e-01 5.383248001860452270e-01 0.000000000000000000e+00 9.000000000000001055e-02 0.000000000000000000e+00 4.893699151705799885e+19 1.000000000000000000e+00 0.000000000000000000e+00 0.000000000000000000e+00 7.273999999999999355e-01 2.637999999999999790e-01 8.800000000000000530e-03 3.947232479654303461e+03
3.140000000000000000e+02 2.304523395181397802e+02 3.379664575284323655e+04 9.669999999999999707e-01 1.612646536344838344e+00 0.000000000000000000e+00 1.000000000000000056e-01 1.570796326794896558e+00 5.323365364126830592e+19 1.000000000000000000e+00 0.000000000000000000e+00 0.000000000000000000e+00 7.273999999999999355e-01 2.637999999999999790e-01 8.800000000000000530e-03 4.186203309606238690e+03
3.240000000000000000e+02 1.155728691786894160e+02 5.538575663067401911e+04 9.649999999999999689e-01 2.207302394029067028e-01 0.000000000000000000e+00 1.500946352969992348e-02 1.570796326794896558e+00 9.747283986907257242e+19 1.000000000000000000e+00 0.000000000000000000e+00 0.000000000000000000e+00 7.273999999999999355e-01 2.637999999999999790e-01 8.800000000000000530e-03 6.214982519561482150e+03
3.250000000000000000e+02 4.741826951509693231e+02 5.893865011253303965e+04 9.649999999999999689e-01 1.111885146195946694e+00 0.000000000000000000e+00 9.000000000000001055e-02 1.570796326794896558e+00 1.049351396304668262e+20 1.000000000000000000e+00 0.000000000000000000e+00 0.000000000000000000e+00 7.273999999999999355e-01 2.637999999999999790e-01 8.800000000000000530e-03 6.531930947598501007e+03
3.270000000000000000e+02 1.453269359760371344e+02 6.615447391845074890e+04 9.649999999999999689e-01 1.175723326043627281e+00 0.000000000000000000e+00 9.000000000000001055e-02 0.000000000000000000e+00 1.205590558906008371e+20 1.000000000000000000e+00 0.000000000000000000e+00 0.000000000000000000e+00 7.273999999999999355e-01 2.637999999999999790e-01 8.800000000000000530e-03 7.164218340339270981e+03
3.280000000000000000e+02 2.402057045760765561e+02 6.868604823661143018e+04 9.649999999999999689e-01 1.482922990756307291e+00 0.000000000000000000e+00 9.000000000000001055e-02 1.570796326794896558e+00 1.266517649476330455e+20 1.000000000000000000e+00 0.000000000000000000e+00 0.000000000000000000e+00 7.273999999999999355e-01 2.637999999999999790e-01 8.800000000000000530e-03 7.382717687309237590e+03
3.290000000000000000e+02 1.926333444131022929e+02 7.203339184593148821e+04 9.649999999999999689e-01 1.119891720194458706e+00 0.000000000000000000e+00 1.000000000000000056e-01 0.000000000000000000e+00 1.344256921097411789e+20 1.000000000000000000e+00 0.000000000000000000e+00 0.000000000000000000e+00 7.273999999999999355e-01 2.637999999999999790e-01 8.800000000000000530e-03 7.669172900593180202e+03
3.320000000000000000e+02 1.838671335160289857e+02 8.652852163806764293e+04 9.649999999999999689e-01 1.578396391423439460e-01 0.000000000000000000e+00 9.000000000000001055e-02 1.570796326794896558e+00 1.674292834839965532e+20 1.000000000000000000e+00 0.000000000000000000e+00 0.000000000000000000e+00 7.273999999999999355e-01 2.637999999999999790e-01 8.800000000000000530e-03 8.880734040538562112e+03
3.360000000000000000e+02 1.674420241025768235e+02 1.091233718309068063e+05 9.649999999999999689e-01 1.233275558348547074e+00 0.000000000000000000e+00 1.000000000000000056e-01 0.000000000000000000e+00 2.218965197776686612e+20 1.000000000000000000e+00 0.000000000000000000e+00 0.000000000000000000e+00 7.273999999999999355e-01 2.637999999999999790e-01 8.800000000000000530e-03 1.069191896552190155e+04
3.370000000000000000e+02 1.426215038394077794e+02 1.150334964661596314e+05 9.649999999999999689e-01 1.366761802918233348e+00 0.000000000000000000e+00 9.000000000000001055e-02 1.570796326794896558e+00 2.369049635473653432e+20 1.000000000000000000e+00 0.000000000000000000e+00 0.000000000000000000e+00 7.273999999999999355e-01 2.637999999999999790e-01 8.800000000000000530e-03 1.115272242588663721e+04
3.380000000000000000e+02 7.700000000000001137e+02 1.219651166506341106e+05 9.649999999999999689e-01 8.182086354465424316e-01 0.000000000000000000e+00 1.000000000000000056e-01 1.570796326794896558e+00 2.544128022005185249e+20 1.000000000000000000e+00 0.000000000000000000e+00 0.000000000000000000e+00 7.273999999999999355e-01 2.637999999999999790e-01 8.800000000000000530e-03 1.168718572024963396e+04
3.390000000000000000e+02 7.700000000000001137e+02 1.299278759933161928e+05 9.649999999999999689e-01 1.258125073962704121e+00 0.000000000000000000e+00 1.000000000000000056e-01 1.570796326794896558e+00 2.745393375512369234e+20 1.000000000000000000e+00 0.000000000000000000e+00 0.000000000000000000e+00 7.273999999999999355e-01 2.637999999999999790e-01 8.800000000000000530e-03 1.229371973534350582e+04
3.400000000000000000e+02 7.700000000000001137e+02 1.398008707982638443e+05 9.649999999999999689e-01 2.837271956294376007e-01 0.000000000000000000e+00 1.000000000000000056e-01 1.570796326794896558e+00 2.992614175407986442e+20 1.000000000000000000e+00 0.000000000000000000e+00 0.000000000000000000e+00 7.273999999999999355e-01 2.637999999999999790e-01 8.800000000000000530e-03 1.303554935537228630e+04
3.420000000000000000e+02 7.700000000000001137e+02 1.564916760064224363e+05 9.649999999999999689e-01 2.964369330993938956e-01 0.000000000000000000e+00 1.000000000000000056e-01 1.570796326794896558e+00 3.438720414620450816e+20 1.000000000000000000e+00 0.000000000000000000e+00 0.000000000000000000e+00 7.273999999999999355e-01 2.637999999999999790e-01 8.800000000000000530e-03 1.426640111469147996e+04
3.470000000000000000e+02 7.700000000000001137e+02 2.144432409301058797e+05 9.649999999999999689e-01 8.783108946654456517e-01 0.000000000000000000e+00 1.000000000000000056e-01 1.570796326794896558e+00 5.042604047952969073e+20 1.000000000000000000e+00 0.000000000000000000e+00 0.000000000000000000e+00 7.273999999999999355e-01 2.637999999999999790e-01 8.800000000000000530e-03 1.835571587911232928e+04
3.480000000000000000e+02 7.700000000000001137e+02 2.280277631321867811e+05 9.649999999999999689e-01 6.445434040659092645e-01 0.000000000000000000e+00 1.000000000000000056e-01 1.570796326794896558e+00 5.437350765862276956e+20 1.000000000000000000e+00 0.000000000000000000e+00 0.000000000000000000e+00 7.273999999999999355e-01 2.637999999999999790e-01 8.800000000000000530e-03 1.928020372807651438e+04
3.490000000000000000e+02 7.700000000000001137e+02 2.432061612345500907e+05 9.649999999999999689e-01 5.130100572100044776e-01 0.000000000000000000e+00 1.000000000000000056e-01 0.000000000000000000e+00 5.881002239281150034e+20 1.000000000000000000e+00 0.000000000000000000e+00 0.000000000000000000e+00 7.273999999999999355e-01 2.637999999999999790e-01 8.800000000000000530e-03 2.030023639876667221e+04
3.520000000000000000e+02 7.700000000000001137e+02 2.977189320999872871e+05 9.649999999999999689e-01 2.432157612311306449e-01 0.000000000000000000e+00 1.000000000000000056e-01 0.000000000000000000e+00 7.513928378500055040e+20 1.000000000000000000e+00 0.000000000000000000e+00 0.000000000000000000e+00 7.273999999999999355e-01 2.637999999999999790e-01 8.800000000000000530e-03 2.386528357019800023e+04
3.530000000000000000e+02 7.700000000000001137e+02 3.228254543653581641e+05 9.649999999999999689e-01 1.244181730791713569e+00 0.000000000000000000e+00 1.000000000000000056e-01 0.000000000000000000e+00 8.265894679772101345e+20 1.000000000000000000e+00 0.000000000000000000e+00 0.000000000000000000e+00 7.273999999999999355e-01 2.637999999999999790e-01 8.800000000000000530e-03 2.546218409404878548e+04
3.540000000000000000e+02 7.700000000000001137e+02 3.405628288249641191e+05 9.649999999999999689e-01 8.077002427028996401e-01 0.000000000000000000e+00 1.000000000000000056e-01 0.000000000000000000e+00 8.848962065549074104e+20 1.000000000000000000e+00 0.000000000000000000e+00 0.000000000000000000e+00 7.273999999999999355e-01 2.637999999999999790e-01 8.800000000000000530e-03 2.657536467203266511e+04
3.550000000000000000e+02 7.700000000000001137e+02 3.673794380087240716e+05 9.649999999999999689e-01 4.603205645494116149e-01 0.000000000000000000e+00 1.000000000000000056e-01 0.000000000000000000e+00 9.687447075482540442e+20 1.000000000000000000e+00 0.000000000000000000e+00 0.000000000000000000e+00 7.273999999999999355e-01 2.637999999999999790e-01 8.800000000000000530e-03 2.823665928051052106e+04
3.560000000000000000e+02 7.700000000000001137e+02 3.919292057358517195e+05 9.649999999999999689e-01 1.082541579606879578e+00 0.000000000000000000e+00 1.000000000000000056e-01 0.000000000000000000e+00 1.049049212464767828e+21 1.000000000000000000e+00 0.000000000000000000e+00 0.000000000000000000e+00 7.273999999999999355e-01 2.637999999999999790e-01 8.800000000000000530e-03 2.973634172519485583e+04
3.570000000000000000e+02 7.700000000000001137e+02 4.214858034800321911e+05 9.649999999999999689e-01 1.184564997719792512e+00 0.000000000000000000e+00 1.000000000000000056e-01 0.000000000000000000e+00 1.145268312588485132e+21 1.000000000000000000e+00 0.000000000000000000e+00 0.000000000000000000e+00 7.273999999999999355e-01 2.637999999999999790e-01 8.800000000000000530e-03 3.151721236696302731e+04
3.580000000000000000e+02 7.700000000000001137e+02 4.483257871875623241e+05 9.649999999999999689e-01 1.123349112448490672e+00 0.000000000000000000e+00 1.000000000000000056e-01 0.000000000000000000e+00 1.236874347757134414e+21 1.000000000000000000e+00 0.000000000000000000e+00 0.000000000000000000e+00 7.273999999999999355e-01 2.637999999999999790e-01 8.800000000000000530e-03 3.311283864144145628e+04
3.600000000000000000e+02 7.700000000000001137e+02 5.212080182392203715e+05 9.649999999999999689e-01 1.065004542021636302e+00 0.000000000000000000e+00 1.000000000000000056e-01 1.570796326794896558e+00 1.482889365775088615e+21 1.000000000000000000e+00 0.000000000000000000e+00 0.000000000000000000e+00 7.273999999999999355e-01 2.637999999999999790e-01 8.800000000000000530e-03 3.735341454672133113e+04
3.610000000000000000e+02 7.700000000000001137e+02 5.634587947210590355e+05 9.649999999999999689e-01 7.775644050479081359e-01 0.000000000000000000e+00 1.000000000000000056e-01 1.570796326794896558e+00 1.628259426895331590e+21 1.000000000000000000e+00 0.000000000000000000e+00 0.000000000000000000e+00 7.273999999999999355e-01 2.637999999999999790e-01 8.800000000000000530e-03 3.975677670774548460e+04
3.630000000000000000e+02 7.700000000000001137e+02 6.484535019400885794e+05 9.649999999999999689e-01 3.715814446011674876e-01 0.000000000000000000e+00 1.000000000000000056e-01 1.570796326794896558e+00 1.934223844427831706e+21 1.000000000000000000e+00 0.000000000000000000e+00 0.000000000000000000e+00 7.273999999999999355e-01 2.637999999999999790e-01 8.800000000000000530e-03 4.448611795337650983e+04
