# id_num orb_a mass spin spin_angle orb_inc orb_ecc orb_arg_periapse orb_ang_mom gen galaxy time_passed star_X star_Y star_Z radius
2.400000000000000000e+02 4.339626456750266925e+01 1.537166588696128201e+03 9.279999999999999361e-01 1.019507260741658206e+00 0.000000000000000000e+00 7.397289494788426845e-02 0.000000000000000000e+00 1.265391627265380608e+18 1.000000000000000000e+00 0.000000000000000000e+00 0.000000000000000000e+00 7.273999999999999355e-01 2.637999999999999790e-01 8.800000000000000530e-03 3.508661804976351846e+02
2.440000000000000000e+02 3.721181068853382357e+01 1.987021941631418258e+03 9.279999999999999361e-01 6.664320186329847351e-01 0.000000000000000000e+00 2.155044793343703635e-01 0.000000000000000000e+00 1.683001839810583552e+18 1.000000000000000000e+00 0.000000000000000000e+00 0.000000000000000000e+00 7.273999999999999355e-01 2.637999999999999790e-01 8.800000000000000530e-03 4.308507868969532524e+02
2.460000000000000000e+02 4.815342789229991638e+01 1.930054182002406606e+03 9.279999999999999361e-01 6.631182976296445819e-01 0.000000000000000000e+00 6.510349161705385190e-02 1.570796326794896558e+00 1.658662381540435456e+18 1.000000000000000000e+00 0.000000000000000000e+00 0.000000000000000000e+00 7.273999999999999355e-01 2.637999999999999790e-01 8.800000000000000530e-03 4.209401592643547474e+02
2.470000000000000000e+02 4.373703263302552102e+01 1.997926145928943242e+03 9.279999999999999361e-01 1.084234994618585191e+00 0.000000000000000000e+00 1.229474720463056836e-01 1.570796326794896558e+00 1.729448184097377536e+18 1.000000000000000000e+00 0.000000000000000000e+00 0.000000000000000000e+00 7.273999999999999355e-01 2.637999999999999790e-01 8.800000000000000530e-03 4.327412592152322759e+02
2.520000000000000000e+02 4.270166654342850165e+01 2.598416862474075970e+03 9.279999999999999361e-01 1.693798430811833677e+00 0.000000000000000000e+00 1.550650049490107374e-01 0.000000000000000000e+00 2.334135187817028608e+18 1.000000000000000000e+00 0.000000000000000000e+00 0.000000000000000000e+00 7.273999999999999355e-01 2.637999999999999790e-01 8.800000000000000530e-03 5.339883977186196944e+02
2.540000000000000000e+02 5.750826690881240211e+01 3.079718036514216692e+03 9.279999999999999361e-01 1.780926747192582704e+00 0.000000000000000000e+00 1.777968896314097505e-02 1.570796326794896558e+00 2.807902907210820608e+18 1.000000000000000000e+00 0.000000000000000000e+00 0.000000000000000000e+00 7.273999999999999355e-01 2.637999999999999790e-01 8.800000000000000530e-03 6.117493624526940721e+02
2.580000000000000000e+02 4.789204793485107814e+01 2.921946162935805660e+03 9.279999999999999361e-01 6.570531056563621020e-01 0.000000000000000000e+00 6.488245231705162819e-02 1.570796326794896558e+00 2.746567659613343744e+18 1.000000000000000000e+00 0.000000000000000000e+00 0.000000000000000000e+00 7.273999999999999355e-01 2.637999999999999790e-01 8.800000000000000530e-03 5.865466085637114020e+02
2.590000000000000000e+02 3.862641160165540555e+01 2.906462700150066667e+03 9.279999999999999361e-01 1.635481329511794701e+00 0.000000000000000000e+00 3.242677943153084441e-01 1.570796326794896558e+00 2.753338730673103360e+18 1.000000000000000000e+00 0.000000000000000000e+00 0.000000000000000000e+00 7.273999999999999355e-01 2.637999999999999790e-01 8.800000000000000530e-03 5.840587885252772367e+02
2.600000000000000000e+02 5.901983239758703093e+01 3.515033135468584078e+03 9.279999999999999361e-01 1.495241748337513332e+00 0.000000000000000000e+00 3.356474406894159601e-02 1.570796326794896558e+00 3.356357894140748288e+18 1.000000000000000000e+00 0.000000000000000000e+00 0.000000000000000000e+00 7.273999999999999355e-01 2.637999999999999790e-01 8.800000000000000530e-03 6.799990389504172299e+02
2.620000000000000000e+02 5.335381789408894804e+01 4.018026764169919261e+03 9.279999999999999361e-01 9.974820381256920276e-01 0.000000000000000000e+00 3.691785041905047693e-02 1.570796326794896558e+00 3.897848315102379008e+18 1.000000000000000000e+00 0.000000000000000000e+00 0.000000000000000000e+00 7.273999999999999355e-01 2.637999999999999790e-01 8.800000000000000530e-03 7.567893650660095091e+02
2.670000000000000000e+02 4.715873150823147597e+01 4.734010403233924990e+03 9.279999999999999361e-01 1.676260158120993937e+00 0.000000000000000000e+00 5.092420417840420876e-02 1.570796326794896558e+00 4.778879281212938240e+18 1.000000000000000000e+00 0.000000000000000000e+00 0.000000000000000000e+00 7.273999999999999355e-01 2.637999999999999790e-01 8.800000000000000530e-03 8.628754772381934117e+02
2.710000000000000000e+02 6.199961610164920955e+01 5.167075372358370259e+03 9.279999999999999361e-01 1.057573882669604171e+00 0.000000000000000000e+00 2.824451063043851087e-02 1.570796326794896558e+00 5.388929514131394560e+18 1.000000000000000000e+00 0.000000000000000000e+00 0.000000000000000000e+00 7.273999999999999355e-01 2.637999999999999790e-01 8.800000000000000530e-03 9.254662757062652645e+02
2.720000000000000000e+02 7.128204993840253678e+01 5.711745027750319423e+03 9.279999999999999361e-01 1.572920142522727049e+00 0.000000000000000000e+00 9.000000000000001055e-02 1.570796326794896558e+00 6.008247397641052160e+18 1.000000000000000000e+00 0.000000000000000000e+00 0.000000000000000000e+00 7.273999999999999355e-01 2.637999999999999790e-01 8.800000000000000530e-03 1.002720306374139909e+03
2.750000000000000000e+02 6.391425337579069321e+01 5.422356052717392231e+03 9.279999999999999361e-01 5.672787303933881642e-01 0.000000000000000000e+00 1.310048437892355130e-02 0.000000000000000000e+00 5.847175344982291456e+18 1.000000000000000000e+00 0.000000000000000000e+00 0.000000000000000000e+00 7.273999999999999355e-01 2.637999999999999790e-01 8.800000000000000530e-03 9.618673552884406490e+02
2.760000000000000000e+02 7.696109165729045287e+01 5.777536438512345740e+03 9.319999999999999396e-01 1.376960316332817458e+00 0.000000000000000000e+00 3.308884501053351024e-02 0.000000000000000000e+00 6.284146900309549056e+18 1.000000000000000000e+00 0.000000000000000000e+00 0.000000000000000000e+00 7.273999999999999355e-01 2.637999999999999790e-01 8.800000000000000530e-03 1.011949673915115113e+03
2.770000000000000000e+02 7.728144880563084484e+01 6.467819266351248189e+03 9.319999999999999396e-01 3.654789704549620266e-01 0.000000000000000000e+00 5.614957752109953071e-02 1.570796326794896558e+00 7.094070500463019008e+18 1.000000000000000000e+00 0.000000000000000000e+00 0.000000000000000000e+00 7.273999999999999355e-01 2.637999999999999790e-01 8.800000000000000530e-03 1.107569686239820840e+03
2.800000000000000000e+02 8.192340527525448124e+01 7.268698785562008197e+03 9.279999999999999361e-01 1.034985488058500991e+00 0.000000000000000000e+00 1.885587018369453902e-02 0.000000000000000000e+00 8.180014569624233984e+18 1.000000000000000000e+00 0.000000000000000000e+00 0.000000000000000000e+00 7.273999999999999355e-01 2.637999999999999790e-01 8.800000000000000530e-03 1.215990264495979545e+03
2.820000000000000000e+02 7.896750633722757584e+01 8.317985450954707630e+03 9.299999999999999378e-01 1.224333296137231741e+00 0.000000000000000000e+00 1.871570267162719209e-02 0.000000000000000000e+00 9.526177681203433472e+18 1.000000000000000000e+00 0.000000000000000000e+00 0.000000000000000000e+00 7.273999999999999355e-01 2.637999999999999790e-01 8.800000000000000530e-03 1.354500860694120092e+03
2.830000000000000000e+02 9.289908562235528677e+01 7.975469728480090453e+03 9.279999999999999361e-01 1.226491545958429352e+00 0.000000000000000000e+00 2.653517453366001713e-02 0.000000000000000000e+00 9.214830965598686208e+18 1.000000000000000000e+00 0.000000000000000000e+00 0.000000000000000000e+00 7.273999999999999355e-01 2.637999999999999790e-01 8.800000000000000530e-03 1.309693816263119743e+03
2.840000000000000000e+02 1.027141048409282433e+02 8.507619643783798892e+03 9.279999999999999361e-01 1.554855421693815964e+00 0.000000000000000000e+00 2.080611722665806976e-02 1.570796326794896558e+00 9.915525118165983232e+18 1.000000000000000000e+00 0.000000000000000000e+00 0.000000000000000000e+00 7.273999999999999355e-01 2.637999999999999790e-01 8.800000000000000530e-03 1.379149075050273268e+03
2.850000000000000000e+02 9.705598343016616525e+01 9.174795663616014281e+03 9.299999999999999378e-01 1.708189135154182914e+00 0.000000000000000000e+00 9.000000000000001055e-02 1.570796326794896558e+00 1.078869821183703040e+19 1.000000000000000000e+00 0.000000000000000000e+00 0.000000000000000000e+00 7.273999999999999355e-01 2.637999999999999790e-01 8.800000000000000530e-03 1.465014356912462290e+03
2.880000000000000000e+02 8.863961731892962348e+01 1.005259494007695139e+04 9.279999999999999361e-01 1.307013173144800033e+00 0.000000000000000000e+00 9.000000000000001055e-02 1.570796326794896558e+00 1.214858877887534490e+19 1.000000000000000000e+00 0.000000000000000000e+00 0.000000000000000000e+00 7.273999999999999355e-01 2.637999999999999790e-01 8.800000000000000530e-03 1.576112839498058065e+03
2.910000000000000000e+02 1.018504473044495029e+02 1.168487256742519639e+04 9.279999999999999361e-01 4.348409754284216500e-01 0.000000000000000000e+00 1.224064869970029577e-02 1.570796326794896558e+00 1.451193833437414810e+19 1.000000000000000000e+00 0.000000000000000000e+00 0.000000000000000000e+00 7.273999999999999355e-01 2.637999999999999790e-01 8.800000000000000530e-03 1.777722399300527968e+03
2.920000000000000000e+02 1.228563933643380466e+02 1.241355265099739881e+04 9.279999999999999361e-01 7.272733043415658960e-01 0.000000000000000000e+00 1.000000000000000056e-01 0.000000000000000000e+00 1.556046932215031194e+19 1.000000000000000000e+00 0.000000000000000000e+00 0.000000000000000000e+00 7.273999999999999355e-01 2.637999999999999790e-01 8.800000000000000530e-03 1.865871076868651016e+03
2.940000000000000000e+02 1.230139754673493115e+02 1.369508818362130660e+04 9.299999999999999378e-01 7.697887007888529753e-01 0.000000000000000000e+00 9.000000000000001055e-02 1.570796326794896558e+00 1.749163055669556019e+19 1.000000000000000000e+00 0.000000000000000000e+00 0.000000000000000000e+00 7.273999999999999355e-01 2.637999999999999790e-01 8.800000000000000530e-03 2.018443636872651496e+03
2.970000000000000000e+02 1.144158925509118205e+02 1.611672938446284570e+04 9.279999999999999361e-01 4.014742308695530837e-01 0.000000000000000000e+00 8.100000000000001643e-02 1.570796326794896558e+00 2.118078688130201190e+19 1.000000000000000000e+00 0.000000000000000000e+00 0.000000000000000000e+00 7.273999999999999355e-01 2.637999999999999790e-01 8.800000000000000530e-03 2.299250508528106820e+03
2.980000000000000000e+02 1.368412440576162510e+02 1.524008783035921078e+04 9.279999999999999361e-01 1.047781523468247267e+00 0.000000000000000000e+00 9.000000000000001055e-02 0.000000000000000000e+00 2.022164530995204915e+19 1.000000000000000000e+00 0.000000000000000000e+00 0.000000000000000000e+00 7.273999999999999355e-01 2.637999999999999790e-01 8.800000000000000530e-03 2.198643094635709531e+03
2.990000000000000000e+02 1.414150959600030717e+02 1.671671128321340439e+04 9.299999999999999378e-01 1.562204994335820496e+00 0.000000000000000000e+00 1.000000000000000056e-01 1.570796326794896558e+00 2.239516679951153562e+19 1.000000000000000000e+00 0.000000000000000000e+00 0.000000000000000000e+00 7.273999999999999355e-01 2.637999999999999790e-01 8.800000000000000530e-03 2.367475174295932447e+03
3.000000000000000000e+02 1.559399141143354655e+02 1.659179728055974192e+04 9.299999999999999378e-01 4.716035812918492609e-01 0.000000000000000000e+00 2.304165335226135078e-02 1.570796326794896558e+00 2.244581083442607309e+19 1.000000000000000000e+00 0.000000000000000000e+00 0.000000000000000000e+00 7.273999999999999355e-01 2.637999999999999790e-01 8.800000000000000530e-03 2.353311984400748770e+03
3.030000000000000000e+02 1.316848207673471052e+02 1.951431272362215532e+04 9.319999999999999396e-01 1.022209057609018146e+00 0.000000000000000000e+00 9.000000000000001055e-02 1.570796326794896558e+00 2.719423942011198259e+19 1.000000000000000000e+00 0.000000000000000000e+00 0.000000000000000000e+00 7.273999999999999355e-01 2.637999999999999790e-01 8.800000000000000530e-03 2.679460557994835199e+03
3.070000000000000000e+02 2.042771624142174858e+02 2.402701213076094427e+04 9.279999999999999361e-01 1.617106289790482210e+00 0.000000000000000000e+00 1.874135666265302688e-02 0.000000000000000000e+00 3.486075227734318285e+19 1.000000000000000000e+00 0.000000000000000000e+00 0.000000000000000000e+00 7.273999999999999355e-01 2.637999999999999790e-01 8.800000000000000530e-03 3.164641903419322716e+03
3.090000000000000000e+02 2.154642512741357052e+02 2.640255090519048827e+04 9.279999999999999361e-01 7.300334112365572947e-01 0.000000000000000000e+00 9.000000000000001055e-02 1.570796326794896558e+00 3.910639448279376691e+19 1.000000000000000000e+00 0.000000000000000000e+00 0.000000000000000000e+00 7.273999999999999355e-01 2.637999999999999790e-01 8.800000000000000530e-03 3.412569234312010849e+03
3.100000000000000000e+02 9.829827473185694942e+01 2.865497523628055205e+04 9.299999999999999378e-01 1.884395157820708322e+00 0.000000000000000000e+00 9.000000000000001055e-02 0.000000000000000000e+00 4.287839312272890266e+19 1.000000000000000000e+00 0.000000000000000000e+00 0.000000000000000000e+00 7.273999999999999355e-01 2.637999999999999790e-01 8.800000000000000530e-03 3.643550474178224704e+03
3.150000000000000000e+02 1.467133068066016222e+02 3.547404487098077516e+04 9.299999999999999378e-01 9.559484200526758846e-01 0.000000000000000000e+00 1.437153985201504100e-02 1.570796326794896558e+00 5.597444763527985562e+19 1.000000000000000000e+00 0.000000000000000000e+00 0.000000000000000000e+00 7.273999999999999355e-01 2.637999999999999790e-01 8.800000000000000530e-03 4.322085252563579161e+03
3.160000000000000000e+02 1.755985211408529096e+02 3.601829370017533802e+04 9.299999999999999378e-01 1.217698739360392857e+00 0.000000000000000000e+00 1.228338577034938754e-02 0.000000000000000000e+00 5.745828837443967386e+19 1.000000000000000000e+00 0.000000000000000000e+00 0.000000000000000000e+00 7.273999999999999355e-01 2.637999999999999790e-01 8.800000000000000530e-03 4.375052494078235213e+03
3.180000000000000000e+02 2.754845139667187937e+02 4.131464391641022667e+04 9.319999999999999396e-01 3.839081533507683885e-01 0.000000000000000000e+00 9.000000000000001055e-02 1.570796326794896558e+00 6.736480613290677043e+19 1.000000000000000000e+00 0.000000000000000000e+00 0.000000000000000000e+00 7.273999999999999355e-01 2.637999999999999790e-01 8.800000000000000530e-03 4.882564300648610697e+03
3.190000000000000000e+02 1.903043526804391377e+02 4.276399270228463865e+04 9.299999999999999378e-01 1.874421922119852590e+00 0.000000000000000000e+00 9.000000000000001055e-02 1.570796326794896558e+00 7.048987389347601613e+19 1.000000000000000000e+00 0.000000000000000000e+00 0.000000000000000000e+00 7.273999999999999355e-01 2.637999999999999790e-01 8.800000000000000530e-03 5.019117439605088293e+03
3.200000000000000000e+02 1.546921521506376678e+02 4.563032070855314669e+04 9.319999999999999396e-01 8.146071323938853803e-01 0.000000000000000000e+00 1.504596193241167570e-02 0.000000000000000000e+00 7.605481646330227917e+19 1.000000000000000000e+00 0.000000000000000000e+00 0.000000000000000000e+00 7.273999999999999355e-01 2.637999999999999790e-01 8.800000000000000530e-03 5.286491973573823088e+03
3.210000000000000000e+02 2.637106107874766394e+02 4.773797964982246049e+04 9.299999999999999378e-01 9.292522739754406347e-01 0.000000000000000000e+00 9.000000000000001055e-02 1.570796326794896558e+00 8.047329468660165837e+19 1.000000000000000000e+00 0.000000000000000000e+00 0.000000000000000000e+00 7.273999999999999355e-01 2.637999999999999790e-01 8.800000000000000530e-03 5.480951867509266776e+03
3.230000000000000000e+02 1.787524354802855271e+02 5.242344726879751397e+04 9.299999999999999378e-01 1.410379540757296768e+00 0.000000000000000000e+00 9.000000000000001055e-02 1.570796326794896558e+00 9.040456243736792269e+19 1.000000000000000000e+00 0.000000000000000000e+00 0.000000000000000000e+00 7.273999999999999355e-01 2.637999999999999790e-01 8.800000000000000530e-03 5.907248231784733434e+03
3.240000000000000000e+02 8.425262163126458859e+01 5.680677242302245577e+04 9.319999999999999396e-01 5.487525840410626410e-01 0.000000000000000000e+00 1.094189891315124584e-02 0.000000000000000000e+00 9.909838329655549952e+19 1.000000000000000000e+00 0.000000000000000000e+00 0.000000000000000000e+00 7.273999999999999355e-01 2.637999999999999790e-01 8.800000000000000530e-03 6.299192089038403537e+03
3.260000000000000000e+02 7.700000000000001137e+02 6.406294724866320757e+04 9.339999999999999414e-01 1.876628965016867268e+00 0.000000000000000000e+00 1.000000000000000056e-01 0.000000000000000000e+00 1.143686633528334909e+20 1.000000000000000000e+00 0.000000000000000000e+00 0.000000000000000000e+00 7.273999999999999355e-01 2.637999999999999790e-01 8.800000000000000530e-03 6.935061104814300961e+03
3.280000000000000000e+02 2.163971415721596259e+02 7.069699451030345517e+04 9.359999999999999432e-01 1.388440729898070769e+00 0.000000000000000000e+00 1.000000000000000056e-01 0.000000000000000000e+00 1.292100334275802399e+20 1.000000000000000000e+00 0.000000000000000000e+00 0.000000000000000000e+00 7.273999999999999355e-01 2.637999999999999790e-01 8.800000000000000530e-03 7.503873796754354771e+03
3.290000000000000000e+02 7.700000000000001137e+02 7.421853651706923847e+04 9.319999999999999396e-01 1.304708718608380780e+00 0.000000000000000000e+00 1.000000000000000056e-01 1.570796326794896558e+00 1.372729702125140050e+20 1.000000000000000000e+00 0.000000000000000000e+00 0.000000000000000000e+00 7.273999999999999355e-01 2.637999999999999790e-01 8.800000000000000530e-03 7.801438143049716018e+03
3.300000000000000000e+02 1.685982674298325890e+02 7.745561763455803157e+04 9.319999999999999396e-01 5.052040014519790789e-01 0.000000000000000000e+00 9.000000000000001055e-02 0.000000000000000000e+00 1.449829845233252598e+20 1.000000000000000000e+00 0.000000000000000000e+00 0.000000000000000000e+00 7.273999999999999355e-01 2.637999999999999790e-01 8.800000000000000530e-03 8.072482223253680786e+03
3.340000000000000000e+02 1.585102344944220079e+02 9.570114537544191990e+04 9.279999999999999361e-01 1.168496275256254435e+00 0.000000000000000000e+00 8.100000000000001643e-02 1.570796326794896558e+00 1.881156702519817339e+20 1.000000000000000000e+00 0.000000000000000000e+00 0.000000000000000000e+00 7.273999999999999355e-01 2.637999999999999790e-01 8.800000000000000530e-03 9.560893237942336782e+03
3.350000000000000000e+02 1.939472769123646287e+02 1.013180482297792769e+05 9.279999999999999361e-01 1.038792328094828354e+00 0.000000000000000000e+00 1.000000000000000056e-01 1.570796326794896558e+00 2.016643376241261281e+20 1.000000000000000000e+00 0.000000000000000000e+00 0.000000000000000000e+00 7.273999999999999355e-01 2.637999999999999790e-01 8.800000000000000530e-03 1.000723762217445073e+04
3.360000000000000000e+02 1.589606846742249218e+02 1.094504754616559512e+05 9.279999999999999361e-01 1.856437831616868817e+00 0.000000000000000000e+00 9.000000000000001055e-02 0.000000000000000000e+00 2.205976310396910961e+20 1.000000000000000000e+00 0.000000000000000000e+00 0.000000000000000000e+00 7.273999999999999355e-01 2.637999999999999790e-01 8.800000000000000530e-03 1.064483372964562113e+04
3.370000000000000000e+02 7.700000000000001137e+02 1.167295984302081197e+05 9.279999999999999361e-01 1.348981650138157073e+00 0.000000000000000000e+00 1.000000000000000056e-01 1.570796326794896558e+00 2.382708670592270991e+20 1.000000000000000000e+00 0.000000000000000000e+00 0.000000000000000000e+00 7.273999999999999355e-01 2.637999999999999790e-01 8.800000000000000530e-03 1.120752079615896582e+04
3.380000000000000000e+02 7.700000000000001137e+02 1.242732105534541624e+05 9.279999999999999361e-01 1.666920477304047354e+00 0.000000000000000000e+00 1.000000000000000056e-01 0.000000000000000000e+00 2.569153238762215178e+20 1.000000000000000000e+00 0.000000000000000000e+00 0.000000000000000000e+00 7.273999999999999355e-01 2.637999999999999790e-01 8.800000000000000530e-03 1.178329565926187934e+04
3.390000000000000000e+02 7.700000000000001137e+02 1.308752442412434611e+05 9.279999999999999361e-01 1.611989289588983798e+00 0.000000000000000000e+00 1.000000000000000056e-01 0.000000000000000000e+00 2.741019162017566228e+20 1.000000000000000000e+00 0.000000000000000000e+00 0.000000000000000000e+00 7.273999999999999355e-01 2.637999999999999790e-01 8.800000000000000530e-03 1.228148166904557002e+04
3.420000000000000000e+02 7.700000000000001137e+02 1.565080246629141329e+05 9.279999999999999361e-01 7.949271301466194206e-01 0.000000000000000000e+00 1.000000000000000056e-01 0.000000000000000000e+00 3.408753150293504164e+20 1.000000000000000000e+00 0.000000000000000000e+00 0.000000000000000000e+00 7.273999999999999355e-01 2.637999999999999790e-01 8.800000000000000530e-03 1.417078954711292317e+04
3.440000000000000000e+02 7.700000000000001137e+02 1.766756479955265822e+05 9.279999999999999361e-01 1.635528720979319450e+00 0.000000000000000000e+00 1.000000000000000056e-01 1.570796326794896558e+00 3.952458350640580526e+20 1.000000000000000000e+00 0.000000000000000000e+00 0.000000000000000000e+00 7.273999999999999355e-01 2.637999999999999790e-01 8.800000000000000530e-03 1.561371020595294976e+04
3.460000000000000000e+02 7.700000000000001137e+02 2.046408810995027889e+05 9.279999999999999361e-01 1.380168550675730854e+00 0.000000000000000000e+00 1.000000000000000056e-01 0.000000000000000000e+00 4.704063147243955159e+20 1.000000000000000000e+00 0.000000000000000000e+00 0.000000000000000000e+00 7.273999999999999355e-01 2.637999999999999790e-01 8.800000000000000530e-03 1.756138151252817261e+04
3.480000000000000000e+02 7.700000000000001137e+02 2.253866452711249876e+05 9.279999999999999361e-01 1.726585164860384269e+00 0.000000000000000000e+00 1.000000000000000056e-01 0.000000000000000000e+00 5.325979867245831127e+20 1.000000000000000000e+00 0.000000000000000000e+00 0.000000000000000000e+00 7.273999999999999355e-01 2.637999999999999790e-01 8.800000000000000530e-03 1.897174609664125819e+04
3.490000000000000000e+02 7.700000000000001137e+02 2.466581285453045857e+05 9.279999999999999361e-01 1.552269561458612834e+00 0.000000000000000000e+00 1.000000000000000056e-01 0.000000000000000000e+00 5.910968501505047921e+20 1.000000000000000000e+00 0.000000000000000000e+00 0.000000000000000000e+00 7.273999999999999355e-01 2.637999999999999790e-01 8.800000000000000530e-03 2.039112119450051250e+04
3.500000000000000000e+02 7.700000000000001137e+02 2.599341883382070228e+05 9.279999999999999361e-01 1.798412246797245206e+00 0.000000000000000000e+00 1.000000000000000056e-01 0.000000000000000000e+00 6.317793386841610650e+20 1.000000000000000000e+00 0.000000000000000000e+00 0.000000000000000000e+00 7.273999999999999355e-01 2.637999999999999790e-01 8.800000000000000530e-03 2.126451510519694057e+04
3.510000000000000000e+02 7.700000000000001137e+02 2.824446993462679093e+05 9.279999999999999361e-01 9.602217377643703644e-01 0.000000000000000000e+00 1.000000000000000056e-01 0.000000000000000000e+00 6.963443530555183596e+20 1.000000000000000000e+00 0.000000000000000000e+00 0.000000000000000000e+00 7.273999999999999355e-01 2.637999999999999790e-01 8.800000000000000530e-03 2.272539827407050325e+04
3.520000000000000000e+02 7.700000000000001137e+02 2.956096644088496105e+05 9.279999999999999361e-01 7.533755900019601937e-01 0.000000000000000000e+00 1.000000000000000056e-01 1.570796326794896558e+00 7.393856512017137664e+20 1.000000000000000000e+00 0.000000000000000000e+00 0.000000000000000000e+00 7.273999999999999355e-01 2.637999999999999790e-01 8.800000000000000530e-03 2.356891895035555353e+04
3.530000000000000000e+02 7.700000000000001137e+02 3.187876641268294188e+05 9.279999999999999361e-01 7.099033467893512972e-01 0.000000000000000000e+00 1.000000000000000056e-01 0.000000000000000000e+00 8.089884656344732795e+20 1.000000000000000000e+00 0.000000000000000000e+00 0.000000000000000000e+00 7.273999999999999355e-01 2.637999999999999790e-01 8.800000000000000530e-03 2.503605899259634316e+04
3.570000000000000000e+02 7.700000000000001137e+02 4.237393950660120463e+05 9.279999999999999361e-01 5.583136177587209037e-01 0.000000000000000000e+00 1.000000000000000056e-01 1.570796326794896558e+00 1.141002432199887028e+21 1.000000000000000000e+00 0.000000000000000000e+00 0.000000000000000000e+00 7.273999999999999355e-01 2.637999999999999790e-01 8.800000000000000530e-03 3.143719826226393707e+04
3.590000000000000000e+02 7.700000000000001137e+02 4.896443762563106138e+05 9.279999999999999361e-01 1.724356833826432789e+00 0.000000000000000000e+00 1.000000000000000056e-01 1.570796326794896558e+00 1.359371586173493838e+21 1.000000000000000000e+00 0.000000000000000000e+00 0.000000000000000000e+00 7.273999999999999355e-01 2.637999999999999790e-01 8.800000000000000530e-03 3.529143980532088608e+04
3.600000000000000000e+02 7.700000000000001137e+02 5.276715762538100826e+05 9.279999999999999361e-01 1.311208769289989196e+00 0.000000000000000000e+00 1.000000000000000056e-01 0.000000000000000000e+00 1.487726689474683863e+21 1.000000000000000000e+00 0.000000000000000000e+00 0.000000000000000000e+00 7.273999999999999355e-01 2.637999999999999790e-01 8.800000000000000530e-03 3.746758670251111471e+04
3.610000000000000000e+02 7.700000000000001137e+02 5.587508348449487239e+05 9.279999999999999361e-01 1.144824238895321367e+00 0.000000000000000000e+00 1.000000000000000056e-01 0.000000000000000000e+00 1.600181570487905419e+21 1.000000000000000000e+00 0.000000000000000000e+00 0.000000000000000000e+00 7.273999999999999355e-01 2.637999999999999790e-01 8.800000000000000530e-03 3.922286455614859005e+04
3.620000000000000000e+02 7.700000000000001137e+02 6.049235419728081906e+05 9.279999999999999361e-01 1.822917307312348578e+00 0.000000000000000000e+00 1.000000000000000056e-01 0.000000000000000000e+00 1.759850118410497688e+21 1.000000000000000000e+00 0.000000000000000000e+00 0.000000000000000000e+00 7.273999999999999355e-01 2.637999999999999790e-01 8.800000000000000530e-03 4.179507889083625196e+04
3.640000000000000000e+02 7.700000000000001137e+02 3.090156524894095492e+05 9.279999999999999361e-01 1.094063542583795234e+00 0.000000000000000000e+00 1.000000000000000056e-01 1.570796326794896558e+00 9.256756638398506598e+20 1.000000000000000000e+00 0.000000000000000000e+00 0.000000000000000000e+00 7.273999999999999355e-01 2.637999999999999790e-01 8.800000000000000530e-03 2.442019585546846429e+04
