# id_num orb_a mass spin spin_angle orb_inc orb_ecc orb_arg_periapse orb_ang_mom gen galaxy time_passed gw_freq gw_strain
1.000000000000000000e+00 2.348541203636576756e+04 1.690156227276968437e+01 2.197101040318704540e-02 1.750562224313475745e+00 -2.768121808199298928e-02 9.000000000000001055e-02 0.000000000000000000e+00 1.000000000000000000e+00 1.000000000000000000e+00 0.000000000000000000e+00 0.000000000000000000e+00 -1.000000000000000000e+00 -1.000000000000000000e+00
2.000000000000000000e+00 1.009945452184930036e+04 1.642440325844484050e+01 -3.760343200001756148e-02 2.377223220875710474e+00 9.021703915411828645e-03 4.825292444652856672e-02 1.570796326794896558e+00 1.000000000000000000e+00 1.000000000000000000e+00 0.000000000000000000e+00 0.000000000000000000e+00 -1.000000000000000000e+00 -1.000000000000000000e+00
4.000000000000000000e+00 3.238373698979393157e+04 1.135056890036054789e+01 -1.273423941053512809e-02 1.559209505320426903e+00 -2.604797815737298905e-02 7.251815528938070077e-02 0.000000000000000000e+00 1.000000000000000000e+00 1.000000000000000000e+00 0.000000000000000000e+00 0.000000000000000000e+00 -1.000000000000000000e+00 -1.000000000000000000e+00
5.000000000000000000e+00 4.822676040475197078e+04 1.476854558158900588e+01 -1.271491761453974467e-01 3.095098945090138720e+00 1.969885364764801042e-02 2.665341038194080636e-01 0.000000000000000000e+00 1.000000000000000000e+00 1.000000000000000000e+00 0.000000000000000000e+00 0.000000000000000000e+00 -1.000000000000000000e+00 -1.000000000000000000e+00
6.000000000000000000e+00 2.098979829393104592e+04 1.369887094217274814e+01 -6.695566043031361825e-02 2.582483995968485768e+00 -1.173425938960771217e-04 5.516299721096216968e-02 1.570796326794896558e+00 1.000000000000000000e+00 1.000000000000000000e+00 0.000000000000000000e+00 0.000000000000000000e+00 -1.000000000000000000e+00 -1.000000000000000000e+00
7.000000000000000000e+00 4.037889418565254164e+04 1.265271352178261210e+01 -5.516826378175823664e-02 2.667644931205620740e+00 3.184132535118652463e+00 4.565223140390888001e-02 1.570796326794896558e+00 1.000000000000000000e+00 1.000000000000000000e+00 0.000000000000000000e+00 0.000000000000000000e+00 -1.000000000000000000e+00 -1.000000000000000000e+00
1.000000000000000000e+01 2.190872481918314224e+04 1.981271979551894091e+01 -9.362983500238156176e-02 2.691933383492879361e+00 3.117583913736277523e+00 9.000000000000001055e-02 0.000000000000000000e+00 1.000000000000000000e+00 1.000000000000000000e+00 0.000000000000000000e+00 0.000000000000000000e+00 -1.000000000000000000e+00 -1.000000000000000000e+00
1.100000000000000000e+01 6.111215916258167908e+02 1.415130637228586075e+01 -8.942971732436195975e-02 2.121201972197826358e+00 4.163367065385306827e-03 4.615809658554607953e-02 1.570796326794896558e+00 1.000000000000000000e+00 1.000000000000000000e+00 0.000000000000000000e+00 0.000000000000000000e+00 -1.000000000000000000e+00 -1.000000000000000000e+00
1.200000000000000000e+01 1.993259930456286020e+04 1.614829319407115094e+01 1.237984769317692635e-01 5.345027500001128251e-01 3.172315955488081762e+00 2.098051744991492190e-02 0.000000000000000000e+00 1.000000000000000000e+00 1.000000000000000000e+00 0.000000000000000000e+00 0.000000000000000000e+00 -1.000000000000000000e+00 -1.000000000000000000e+00
1.300000000000000000e+01 6.844457370758485013e+03 1.285559866707210830e+01 -1.205057087461749651e-02 1.680348527877524312e+00 3.154493851745270305e+00 3.541347592417806028e-02 0.000000000000000000e+00 1.000000000000000000e+00 1.000000000000000000e+00 0.000000000000000000e+00 0.000000000000000000e+00 -1.000000000000000000e+00 -1.000000000000000000e+00
1.400000000000000000e+01 2.217740602671784291e+04 3.279852887892089797e+01 -1.456374638852886982e-01 2.421711989934384857e+00 3.128442415074603744e+00 1.011972952762397494e-02 1.570796326794896558e+00 1.000000000000000000e+00 1.000000000000000000e+00 0.000000000000000000e+00 0.000000000000000000e+00 -1.000000000000000000e+00 -1.000000000000000000e+00
1.800000000000000000e+01 2.774533143772941912e+04 1.235697901276187771e+01 -7.581924440575744939e-02 3.100000000000000089e+00 3.167474222970197761e+00 1.000000000000000021e-02 0.000000000000000000e+00 1.000000000000000000e+00 1.000000000000000000e+00 0.000000000000000000e+00 0.000000000000000000e+00 -1.000000000000000000e+00 -1.000000000000000000e+00
1.900000000000000000e+01 1.038597792437005410e+03 1.149359205099175618e+01 -7.674863870949251432e-02 1.978914047415589295e+00 3.131707294648887530e+00 9.000000000000001055e-02 1.570796326794896558e+00 1.000000000000000000e+00 1.000000000000000000e+00 0.000000000000000000e+00 0.000000000000000000e+00 -1.000000000000000000e+00 -1.000000000000000000e+00
2.000000000000000000e+01 2.682260324152826433e+04 2.416004604518119692e+01 -1.512048990185887176e-01 2.599988341337194697e+00 3.141699897700850563e+00 2.344371883134340265e-02 0.000000000000000000e+00 1.000000000000000000e+00 1.000000000000000000e+00 0.000000000000000000e+00 0.000000000000000000e+00 -1.000000000000000000e+00 -1.000000000000000000e+00
2.800000000000000000e+01 9.292721553804561836e+02 1.050258384847924376e+01 9.710786232196647050e-02 1.203681281933764113e+00 3.146342771774721658e+00 1.049926710714930295e-02 0.000000000000000000e+00 1.000000000000000000e+00 1.000000000000000000e+00 0.000000000000000000e+00 0.000000000000000000e+00 -1.000000000000000000e+00 -1.000000000000000000e+00
3.200000000000000000e+01 3.415680431661649345e+04 1.530087410284229144e+01 -7.407182393927588815e-02 3.100000000000000089e+00 3.152484524970564639e+00 1.594501129782672361e-02 0.000000000000000000e+00 1.000000000000000000e+00 1.000000000000000000e+00 0.000000000000000000e+00 0.000000000000000000e+00 -1.000000000000000000e+00 -1.000000000000000000e+00
3.300000000000000000e+01 3.561279553390337969e+04 1.096859998555156146e+01 2.697047395375376522e-02 1.564496508224494820e+00 3.162885806701418279e+00 1.100709991085699196e-01 1.570796326794896558e+00 1.000000000000000000e+00 1.000000000000000000e+00 0.000000000000000000e+00 0.000000000000000000e+00 -1.000000000000000000e+00 -1.000000000000000000e+00
3.400000000000000000e+01 1.038009187960269082e+04 1.245906416378645787e+01 -8.421197584694781191e-02 2.765016901224169210e+00 -1.350653623775628816e-02 1.000000000000000056e-01 1.570796326794896558e+00 1.000000000000000000e+00 1.000000000000000000e+00 0.000000000000000000e+00 0.000000000000000000e+00 -1.000000000000000000e+00 -1.000000000000000000e+00
3.500000000000000000e+01 1.291322912864307909e+04 2.173230173650173569e+01 1.025735789268132081e-01 4.909679473749488654e-01 3.114161281854251673e+00 1.000000000000000056e-01 0.000000000000000000e+00 1.000000000000000000e+00 1.000000000000000000e+00 0.000000000000000000e+00 0.000000000000000000e+00 -1.000000000000000000e+00 -1.000000000000000000e+00
4.200000000000000000e+01 5.000000000000000000e+04 1.784208441312853211e+01 -1.923868979035799898e-01 2.081155044926469078e+00 -4.939466410198071339e-02 3.496136170759685247e-02 0.000000000000000000e+00 1.000000000000000000e+00 1.000000000000000000e+00 0.000000000000000000e+00 0.000000000000000000e+00 -1.000000000000000000e+00 -1.000000000000000000e+00
4.300000000000000000e+01 3.321597229115274240e+04 1.481947504663437876e+01 8.224714592829972248e-02 1.447201972809991632e+00 3.163684349033117904e+00 2.495478109188043470e-01 0.000000000000000000e+00 1.000000000000000000e+00 1.000000000000000000e+00 0.000000000000000000e+00 0.000000000000000000e+00 -1.000000000000000000e+00 -1.000000000000000000e+00
4.400000000000000000e+01 2.129951109946606448e+04 1.672225917715206123e+01 7.887551059075861848e-02 1.398559585402014305e+00 3.154499542947041490e+00 7.258595900623572572e-02 0.000000000000000000e+00 1.000000000000000000e+00 1.000000000000000000e+00 0.000000000000000000e+00 0.000000000000000000e+00 -1.000000000000000000e+00 -1.000000000000000000e+00
4.500000000000000000e+01 4.425483216607964278e+04 2.481555144426344128e+01 -1.030211403967370293e-01 2.627223089667452882e+00 3.114984744516332782e+00 2.637833276667896423e-02 0.000000000000000000e+00 1.000000000000000000e+00 1.000000000000000000e+00 0.000000000000000000e+00 0.000000000000000000e+00 -1.000000000000000000e+00 -1.000000000000000000e+00
4.600000000000000000e+01 1.327051814688330160e+04 1.564525627074857184e+01 -5.919741091251562448e-02 2.976430802341099469e+00 5.135270884046849553e-03 9.000000000000001055e-02 1.570796326794896558e+00 1.000000000000000000e+00 1.000000000000000000e+00 0.000000000000000000e+00 0.000000000000000000e+00 -1.000000000000000000e+00 -1.000000000000000000e+00
4.800000000000000000e+01 2.047929737055287478e+04 1.540444875405854042e+01 -1.814503082361313135e-01 2.578080938633584562e+00 1.426150717137257030e-02 1.838754772961363748e-02 0.000000000000000000e+00 1.000000000000000000e+00 1.000000000000000000e+00 0.000000000000000000e+00 0.000000000000000000e+00 -1.000000000000000000e+00 -1.000000000000000000e+00
5.000000000000000000e+01 3.103685250676134820e+04 1.113725878653142409e+01 -8.770148483613997292e-02 3.100000000000000089e+00 2.037526768146552883e-02 2.279285133912363134e-02 0.000000000000000000e+00 1.000000000000000000e+00 1.000000000000000000e+00 0.000000000000000000e+00 0.000000000000000000e+00 -1.000000000000000000e+00 -1.000000000000000000e+00
5.300000000000000000e+01 8.985727198779063656e+02 1.010461837405242491e+01 -1.951846041047767544e-01 2.514615622186608057e+00 -1.140378689577181172e-02 1.367279250256196559e-02 1.570796326794896558e+00 1.000000000000000000e+00 1.000000000000000000e+00 0.000000000000000000e+00 0.000000000000000000e+00 -1.000000000000000000e+00 -1.000000000000000000e+00
5.500000000000000000e+01 2.894273452513746088e+04 1.098567733819813519e+01 1.094775967011700490e-01 3.649488326392777982e-01 1.442752423141184254e-03 1.016402957004043997e-02 1.570796326794896558e+00 1.000000000000000000e+00 1.000000000000000000e+00 0.000000000000000000e+00 0.000000000000000000e+00 -1.000000000000000000e+00 -1.000000000000000000e+00
5.600000000000000000e+01 7.912386912999966171e+01 1.430941010040836581e+01 -1.661218327637704328e-01 1.975404873581640519e+00 -6.030193865239790590e-02 1.042905357961998042e-01 0.000000000000000000e+00 1.000000000000000000e+00 1.000000000000000000e+00 0.000000000000000000e+00 0.000000000000000000e+00 -1.000000000000000000e+00 -1.000000000000000000e+00
5.700000000000000000e+01 3.638507087413479167e+04 3.532895187085198074e+01 -8.759403940288025547e-02 1.862420440744271710e+00 3.096839947019613515e+00 1.468824396919551391e-02 1.570796326794896558e+00 1.000000000000000000e+00 1.000000000000000000e+00 0.000000000000000000e+00 0.000000000000000000e+00 -1.000000000000000000e+00 -1.000000000000000000e+00
5.900000000000000000e+01 1.293036616859440801e+04 2.398821546449420339e+01 -1.006052632240710398e-01 2.338345146802838226e+00 3.162622313165174059e+00 1.000000000000000056e-01 0.000000000000000000e+00 1.000000000000000000e+00 1.000000000000000000e+00 0.000000000000000000e+00 0.000000000000000000e+00 -1.000000000000000000e+00 -1.000000000000000000e+00
6.000000000000000000e+01 2.526650348735558873e+04 1.285117742515524064e+01 -9.804729621132614314e-02 3.100000000000000089e+00 -1.585234214704594330e-02 1.926537112903721136e-02 1.570796326794896558e+00 1.000000000000000000e+00 1.000000000000000000e+00 0.000000000000000000e+00 0.000000000000000000e+00 -1.000000000000000000e+00 -1.000000000000000000e+00
6.100000000000000000e+01 5.000000000000000000e+04 1.193394402147442435e+01 2.304010780813816051e-01 1.121066156275954739e+00 2.032042915030535246e-02 1.545379212608593567e-01 0.000000000000000000e+00 1.000000000000000000e+00 1.000000000000000000e+00 0.000000000000000000e+00 0.000000000000000000e+00 -1.000000000000000000e+00 -1.000000000000000000e+00
6.200000000000000000e+01 2.928606714789391117e+04 1.259301824557801375e+01 -4.967445482341963092e-02 2.093735415853825277e+00 9.621757105564643711e-03 1.201426993611326779e-02 0.000000000000000000e+00 1.000000000000000000e+00 1.000000000000000000e+00 0.000000000000000000e+00 0.000000000000000000e+00 -1.000000000000000000e+00 -1.000000000000000000e+00
6.500000000000000000e+01 2.645244359529322173e+04 2.932344245351805156e+01 9.014442974289618715e-03 1.008526291183815315e+00 3.168996789951984638e+00 8.209191514553337843e-02 0.000000000000000000e+00 1.000000000000000000e+00 1.000000000000000000e+00 0.000000000000000000e+00 0.000000000000000000e+00 -1.000000000000000000e+00 -1.000000000000000000e+00
6.600000000000000000e+01 2.644088585221848552e+04 1.498635878552175882e+01 -3.719882918636380903e-02 2.227090408702166791e+00 -2.672389962667323735e-03 1.000000000000000056e-01 0.000000000000000000e+00 1.000000000000000000e+00 1.000000000000000000e+00 0.000000000000000000e+00 0.000000000000000000e+00 -1.000000000000000000e+00 -1.000000000000000000e+00
6.800000000000000000e+01 2.998027252365458844e+04 3.362750015136366244e+01 -2.235095685162804754e-02 1.256593964419978615e+00 3.564806829098497720e-02 1.466262911713325789e-02 0.000000000000000000e+00 1.000000000000000000e+00 1.000000000000000000e+00 0.000000000000000000e+00 0.000000000000000000e+00 -1.000000000000000000e+00 -1.000000000000000000e+00
7.100000000000000000e+01 4.902066806198038103e+04 1.598372572082395671e+01 1.822990917196375404e-01 1.225855816852691182e+00 3.120876780574162623e+00 1.876924876712961210e-01 1.570796326794896558e+00 1.000000000000000000e+00 1.000000000000000000e+00 0.000000000000000000e+00 0.000000000000000000e+00 -1.000000000000000000e+00 -1.000000000000000000e+00
7.600000000000000000e+01 3.607409794105793844e+04 3.702136117001906257e+01 -1.692315541101561682e-01 2.343444935555234032e+00 1.682697122836518226e-03 3.313050942163922596e-02 1.570796326794896558e+00 1.000000000000000000e+00 1.000000000000000000e+00 0.000000000000000000e+00 0.000000000000000000e+00 -1.000000000000000000e+00 -1.000000000000000000e+00
8.000000000000000000e+01 1.258161689364670383e+04 1.369191741448277533e+01 3.138576945043636268e-02 2.841174038606598118e-01 -1.205441028022164601e-02 6.515670738800755091e-02 0.000000000000000000e+00 1.000000000000000000e+00 1.000000000000000000e+00 0.000000000000000000e+00 0.000000000000000000e+00 -1.000000000000000000e+00 -1.000000000000000000e+00
8.100000000000000000e+01 5.000000000000000000e+04 1.296985616704691857e+01 -1.319992156913491199e-01 2.428069350112580516e+00 3.141319307584189868e+00 6.980236134634075496e-02 1.570796326794896558e+00 1.000000000000000000e+00 1.000000000000000000e+00 0.000000000000000000e+00 0.000000000000000000e+00 -1.000000000000000000e+00 -1.000000000000000000e+00
8.200000000000000000e+01 2.234092931794381002e+04 2.023871625417286779e+01 1.197860499371757592e-01 1.101427353160268297e+00 2.215140726201692001e-02 6.343305411245607484e-02 0.000000000000000000e+00 1.000000000000000000e+00 1.000000000000000000e+00 0.000000000000000000e+00 0.000000000000000000e+00 -1.000000000000000000e+00 -1.000000000000000000e+00
8.500000000000000000e+01 1.552173148699521698e+04 1.084822568694259992e+01 -1.474138049783348670e-01 2.033299512229527206e+00 -2.794162199302908933e-02 1.613273133547830918e-02 1.570796326794896558e+00 1.000000000000000000e+00 1.000000000000000000e+00 0.000000000000000000e+00 0.000000000000000000e+00 -1.000000000000000000e+00 -1.000000000000000000e+00
8.700000000000000000e+01 5.000000000000000000e+04 3.555265331562608822e+01 -1.301573747632649714e-01 2.154865887440228001e+00 3.963767854854404610e-02 2.217842468798663161e-02 0.000000000000000000e+00 1.000000000000000000e+00 1.000000000000000000e+00 0.000000000000000000e+00 0.000000000000000000e+00 -1.000000000000000000e+00 -1.000000000000000000e+00
9.000000000000000000e+01 3.686038126229157933e+04 1.453544143873936889e+01 -2.141027162543148246e-02 3.231367056886095823e-01 4.159865749650904637e-02 1.893289289069390036e-02 1.570796326794896558e+00 1.000000000000000000e+00 1.000000000000000000e+00 0.000000000000000000e+00 0.000000000000000000e+00 -1.000000000000000000e+00 -1.000000000000000000e+00
9.600000000000000000e+01 4.464263711197789962e+04 1.177687853651434935e+01 -1.158745888499291138e-01 2.574582858008680475e+00 2.805998801228669001e-02 4.955229668875793525e-02 1.570796326794896558e+00 1.000000000000000000e+00 1.000000000000000000e+00 0.000000000000000000e+00 0.000000000000000000e+00 -1.000000000000000000e+00 -1.000000000000000000e+00
9.900000000000000000e+01 4.658603610442519857e+04 1.839803324099202797e+01 1.408220040982539611e-01 1.538123180892359665e+00 -1.827254256011670921e-02 1.654570611423032134e-01 0.000000000000000000e+00 1.000000000000000000e+00 1.000000000000000000e+00 0.000000000000000000e+00 0.000000000000000000e+00 -1.000000000000000000e+00 -1.000000000000000000e+00
1.000000000000000000e+02 4.069747140410009888e+04 1.080724369788887351e+01 -2.077346367047273601e-01 2.256274178101675965e+00 3.174502183758694862e+00 2.047127449940855937e-01 0.000000000000000000e+00 1.000000000000000000e+00 1.000000000000000000e+00 0.000000000000000000e+00 0.000000000000000000e+00 -1.000000000000000000e+00 -1.000000000000000000e+00
1.020000000000000000e+02 5.767102250814613171e+02 1.229845764685702392e+01 -8.844825675177629687e-02 2.704967979959301605e+00 3.148399895485147759e+00 4.718736261079290589e-02 1.570796326794896558e+00 1.000000000000000000e+00 1.000000000000000000e+00 0.000000000000000000e+00 0.000000000000000000e+00 -1.000000000000000000e+00 -1.000000000000000000e+00
1.030000000000000000e+02 2.523646163611248596e+02 1.360186265240514913e+01 1.855174123767303063e-02 6.752007925081803252e-01 3.189923171643515687e+00 6.099437127223434479e-02 0.000000000000000000e+00 1.000000000000000000e+00 1.000000000000000000e+00 0.000000000000000000e+00 0.000000000000000000e+00 -1.000000000000000000e+00 -1.000000000000000000e+00
1.050000000000000000e+02 3.509823222103253647e+04 2.822050987268617916e+01 8.485921258716831728e-02 8.767241632969026144e-01 1.742273194350169984e-03 1.000000000000000021e-02 0.000000000000000000e+00 1.000000000000000000e+00 1.000000000000000000e+00 0.000000000000000000e+00 0.000000000000000000e+00 -1.000000000000000000e+00 -1.000000000000000000e+00
1.070000000000000000e+02 1.180561196875491305e+03 1.356900245186588094e+01 -1.260087803529594541e-01 1.876803998424801057e+00 3.148761889518765678e+00 9.000000000000001055e-02 1.570796326794896558e+00 1.000000000000000000e+00 1.000000000000000000e+00 0.000000000000000000e+00 0.000000000000000000e+00 -1.000000000000000000e+00 -1.000000000000000000e+00
1.080000000000000000e+02 8.163630813486407760e+02 1.398387197162614015e+01 -2.137325888160630794e-02 5.682685564326732663e-01 3.135266734122798216e+00 1.264203296014099198e-02 0.000000000000000000e+00 1.000000000000000000e+00 1.000000000000000000e+00 0.000000000000000000e+00 0.000000000000000000e+00 -1.000000000000000000e+00 -1.000000000000000000e+00
1.090000000000000000e+02 1.385998860301550121e+04 1.103220123087137239e+01 8.849843677822875898e-02 8.519726298189745917e-01 1.124773434423353632e-02 7.475739376230922106e-02 1.570796326794896558e+00 1.000000000000000000e+00 1.000000000000000000e+00 0.000000000000000000e+00 0.000000000000000000e+00 -1.000000000000000000e+00 -1.000000000000000000e+00
1.100000000000000000e+02 5.000000000000000000e+04 1.386970940859870360e+01 8.548723118618282990e-02 4.292186422998058859e-01 1.636861036062197544e-02 3.353865069317617242e-02 0.000000000000000000e+00 1.000000000000000000e+00 1.000000000000000000e+00 0.000000000000000000e+00 0.000000000000000000e+00 -1.000000000000000000e+00 -1.000000000000000000e+00
1.110000000000000000e+02 4.127576984311574051e+04 1.083999034423542440e+01 -1.991696467384561353e-01 2.327469895971316927e+00 5.578021424636676363e-03 5.639548035346084870e-02 1.570796326794896558e+00 1.000000000000000000e+00 1.000000000000000000e+00 0.000000000000000000e+00 0.000000000000000000e+00 -1.000000000000000000e+00 -1.000000000000000000e+00
1.120000000000000000e+02 1.547001586647717704e+04 1.346661057862221611e+01 9.671593302445401219e-03 9.485019480641985190e-01 -3.237108187199629755e-02 1.401398915402772734e-02 0.000000000000000000e+00 1.000000000000000000e+00 1.000000000000000000e+00 0.000000000000000000e+00 0.000000000000000000e+00 -1.000000000000000000e+00 -1.000000000000000000e+00
1.130000000000000000e+02 3.618446034291700926e+03 1.160064324598800134e+01 -1.277045254730477947e-02 8.378081829976712358e-01 5.511305258712104020e-03 9.000000000000001055e-02 1.570796326794896558e+00 1.000000000000000000e+00 1.000000000000000000e+00 0.000000000000000000e+00 0.000000000000000000e+00 -1.000000000000000000e+00 -1.000000000000000000e+00
1.150000000000000000e+02 7.046499844273531608e+02 1.115444079044356585e+01 -2.364098796088072718e-01 2.130838153561672499e+00 3.133983075533578688e+00 4.998821925696617097e-02 0.000000000000000000e+00 1.000000000000000000e+00 1.000000000000000000e+00 0.000000000000000000e+00 0.000000000000000000e+00 -1.000000000000000000e+00 -1.000000000000000000e+00
1.160000000000000000e+02 1.246161169140430866e+04 1.047879944473808855e+01 1.185428796368503679e-01 1.238540605427162822e+00 -2.402432459305704933e-03 3.774825649083284052e-02 1.570796326794896558e+00 1.000000000000000000e+00 1.000000000000000000e+00 0.000000000000000000e+00 0.000000000000000000e+00 -1.000000000000000000e+00 -1.000000000000000000e+00
1.180000000000000000e+02 2.515217989459021919e+04 1.607814767715933257e+01 6.620199829336363695e-02 1.575021889484770732e+00 3.131161219561810150e+00 2.307608970093411038e-02 0.000000000000000000e+00 1.000000000000000000e+00 1.000000000000000000e+00 0.000000000000000000e+00 0.000000000000000000e+00 -1.000000000000000000e+00 -1.000000000000000000e+00
1.190000000000000000e+02 1.863622635341796922e+04 3.339796516165458229e+01 2.931289420571603355e-02 9.730655647532736596e-01 3.122470154056704139e+00 2.005414133784242867e-02 1.570796326794896558e+00 1.000000000000000000e+00 1.000000000000000000e+00 0.000000000000000000e+00 0.000000000000000000e+00 -1.000000000000000000e+00 -1.000000000000000000e+00
1.210000000000000000e+02 4.396416521532622573e+04 2.632623618959612344e+01 1.410331955429773576e-02 5.246839424286888764e-01 3.119604387885822394e+00 1.381120208433227192e-02 1.570796326794896558e+00 1.000000000000000000e+00 1.000000000000000000e+00 0.000000000000000000e+00 0.000000000000000000e+00 -1.000000000000000000e+00 -1.000000000000000000e+00
1.220000000000000000e+02 1.358502299850864074e+04 2.100896004539066908e+01 3.014283509940508810e-02 6.044990058338625127e-01 3.139481615111319179e+00 5.630836417949780515e-02 0.000000000000000000e+00 1.000000000000000000e+00 1.000000000000000000e+00 0.000000000000000000e+00 0.000000000000000000e+00 -1.000000000000000000e+00 -1.000000000000000000e+00
1.230000000000000000e+02 1.249001504311276585e+04 1.108450321248185766e+01 -6.852297641247257799e-03 4.192657898355508506e-01 3.134915223944640950e+00 3.248279194688920984e-02 0.000000000000000000e+00 1.000000000000000000e+00 1.000000000000000000e+00 0.000000000000000000e+00 0.000000000000000000e+00 -1.000000000000000000e+00 -1.000000000000000000e+00
1.240000000000000000e+02 4.145035375595886580e+04 1.720560985332598847e+01 8.884351236907846172e-02 2.893988880695931853e-01 3.099392008586148162e+00 1.605502483639951739e-01 1.570796326794896558e+00 1.000000000000000000e+00 1.000000000000000000e+00 0.000000000000000000e+00 0.000000000000000000e+00 -1.000000000000000000e+00 -1.000000000000000000e+00
1.250000000000000000e+02 3.608447624204016029e+04 1.531746913368663066e+01 -1.031760905288935798e-01 2.956861432294455749e+00 3.142483523693768710e+00 2.316217566263626959e-01 1.570796326794896558e+00 1.000000000000000000e+00 1.000000000000000000e+00 0.000000000000000000e+00 0.000000000000000000e+00 -1.000000000000000000e+00 -1.000000000000000000e+00
1.300000000000000000e+02 1.903626135179796256e+04 1.715803240878743097e+01 -1.279040790371309688e-01 3.058717961252244599e+00 3.152454898496224622e+00 5.602723988982472036e-02 0.000000000000000000e+00 1.000000000000000000e+00 1.000000000000000000e+00 0.000000000000000000e+00 0.000000000000000000e+00 -1.000000000000000000e+00 -1.000000000000000000e+00
1.340000000000000000e+02 1.608585552126190851e+04 1.524658461395902620e+01 -3.028899692818419649e-03 1.779045123680467633e+00 3.146613645007357629e+00 7.376310157443409510e-02 1.570796326794896558e+00 1.000000000000000000e+00 1.000000000000000000e+00 0.000000000000000000e+00 0.000000000000000000e+00 -1.000000000000000000e+00 -1.000000000000000000e+00
1.420000000000000000e+02 5.000000000000000000e+04 3.681305032649723330e+01 7.514818796139494106e-02 1.657318368835301925e+00 3.158258597784441513e+00 3.548057630367532078e-02 0.000000000000000000e+00 1.000000000000000000e+00 1.000000000000000000e+00 0.000000000000000000e+00 0.000000000000000000e+00 -1.000000000000000000e+00 -1.000000000000000000e+00
1.430000000000000000e+02 6.799198038805345277e+03 1.302016599577175882e+01 1.697465721470260702e-02 1.072783796993126426e+00 1.289997473136825744e-02 2.076528712740931953e-02 1.570796326794896558e+00 1.000000000000000000e+00 1.000000000000000000e+00 0.000000000000000000e+00 0.000000000000000000e+00 -1.000000000000000000e+00 -1.000000000000000000e+00
1.450000000000000000e+02 4.130623691560000589e+04 2.299943994140734915e+01 -6.429609720598868094e-02 2.780873836176906977e+00 2.659754657594002106e-02 1.414761204942742712e-01 1.570796326794896558e+00 1.000000000000000000e+00 1.000000000000000000e+00 0.000000000000000000e+00 0.000000000000000000e+00 -1.000000000000000000e+00 -1.000000000000000000e+00
1.460000000000000000e+02 4.239851684817595378e+04 1.695031259065487816e+01 4.684686489169995194e-02 1.002177084366453474e+00 -2.638293344645781247e-02 3.596469455553732986e-02 1.570796326794896558e+00 1.000000000000000000e+00 1.000000000000000000e+00 0.000000000000000000e+00 0.000000000000000000e+00 -1.000000000000000000e+00 -1.000000000000000000e+00
1.470000000000000000e+02 3.127673538233353975e+04 3.759014787375378575e+01 -4.183644154445883417e-02 2.175062069541351395e+00 3.143005198899128327e+00 3.651397978007712292e-02 0.000000000000000000e+00 1.000000000000000000e+00 1.000000000000000000e+00 0.000000000000000000e+00 0.000000000000000000e+00 -1.000000000000000000e+00 -1.000000000000000000e+00
1.480000000000000000e+02 5.545740401932418990e+02 2.176463413094485944e+01 1.198241466063545424e-01 2.650013314109261331e-01 -2.448272009167851409e-04 4.764906720376378690e-02 0.000000000000000000e+00 1.000000000000000000e+00 1.000000000000000000e+00 0.000000000000000000e+00 0.000000000000000000e+00 -1.000000000000000000e+00 -1.000000000000000000e+00
1.520000000000000000e+02 4.363554592563757615e+04 1.932406910119832233e+01 4.358479171675959385e-02 4.095496753406429602e-01 -7.475723732440350648e-03 3.739715549390760368e-02 0.000000000000000000e+00 1.000000000000000000e+00 1.000000000000000000e+00 0.000000000000000000e+00 0.000000000000000000e+00 -1.000000000000000000e+00 -1.000000000000000000e+00
1.580000000000000000e+02 3.966159592877565592e+04 3.137944374057343211e+01 -1.375987319731739045e-01 2.068007855987648913e+00 3.137150680551712423e+00 2.819105198880775959e-02 1.570796326794896558e+00 1.000000000000000000e+00 1.000000000000000000e+00 0.000000000000000000e+00 0.000000000000000000e+00 -1.000000000000000000e+00 -1.000000000000000000e+00
1.590000000000000000e+02 2.619253752108139815e+04 3.535027082092658191e+01 7.939036179484156019e-02 1.571143624672274308e+00 3.138369732682086521e+00 1.437414554692728781e-02 0.000000000000000000e+00 1.000000000000000000e+00 1.000000000000000000e+00 0.000000000000000000e+00 0.000000000000000000e+00 -1.000000000000000000e+00 -1.000000000000000000e+00
1.690000000000000000e+02 2.777960057818649511e+04 1.844634277473462447e+01 4.546517135205777049e-02 1.600141172726754268e+00 3.137405107969888807e+00 1.282601661560157751e-02 1.570796326794896558e+00 1.000000000000000000e+00 1.000000000000000000e+00 0.000000000000000000e+00 0.000000000000000000e+00 -1.000000000000000000e+00 -1.000000000000000000e+00
1.700000000000000000e+02 1.676235370454061922e+04 1.124055755238827636e+01 -6.148137519586439198e-02 2.144273874594675000e+00 5.347133097778337951e-03 1.716715049054677936e-02 0.000000000000000000e+00 1.000000000000000000e+00 1.000000000000000000e+00 0.000000000000000000e+00 0.000000000000000000e+00 -1.000000000000000000e+00 -1.000000000000000000e+00
1.710000000000000000e+02 2.532665625070068199e+04 1.453679555880937535e+01 4.856857171341699697e-02 5.126036241584545072e-01 3.150398034856613627e+00 3.149922760992147908e-02 1.570796326794896558e+00 1.000000000000000000e+00 1.000000000000000000e+00 0.000000000000000000e+00 0.000000000000000000e+00 -1.000000000000000000e+00 -1.000000000000000000e+00
1.730000000000000000e+02 2.408399517780320093e+04 1.893513461001566256e+01 7.814089320093525748e-02 4.335491008735533058e-01 1.630305222796750528e-03 4.373120256954454027e-02 1.570796326794896558e+00 1.000000000000000000e+00 1.000000000000000000e+00 0.000000000000000000e+00 0.000000000000000000e+00 -1.000000000000000000e+00 -1.000000000000000000e+00
1.740000000000000000e+02 2.931088570169671220e+04 1.242055278822353692e+01 1.014591382116139251e-01 1.204110748110500229e+00 1.184206253384376475e-02 4.884542439659148028e-02 1.570796326794896558e+00 1.000000000000000000e+00 1.000000000000000000e+00 0.000000000000000000e+00 0.000000000000000000e+00 -1.000000000000000000e+00 -1.000000000000000000e+00
1.760000000000000000e+02 7.566784178541942083e+02 3.313695147290425069e+01 -1.276512622994950275e-01 2.079245511086660336e+00 3.149203073659049057e+00 9.000000000000001055e-02 1.570796326794896558e+00 1.000000000000000000e+00 1.000000000000000000e+00 0.000000000000000000e+00 0.000000000000000000e+00 -1.000000000000000000e+00 -1.000000000000000000e+00
1.770000000000000000e+02 2.411383694482150531e+04 2.855067472141644558e+01 -1.522617558237013280e-01 2.338756479292041668e+00 1.503658585102917583e-02 5.847843040718111313e-02 0.000000000000000000e+00 1.000000000000000000e+00 1.000000000000000000e+00 0.000000000000000000e+00 0.000000000000000000e+00 -1.000000000000000000e+00 -1.000000000000000000e+00
1.790000000000000000e+02 3.576573958799698448e+04 1.241272813165464584e+01 -5.696293497078307178e-02 2.071105541358994273e+00 3.179489120086599563e+00 1.387283968345055796e-01 1.570796326794896558e+00 1.000000000000000000e+00 1.000000000000000000e+00 0.000000000000000000e+00 0.000000000000000000e+00 -1.000000000000000000e+00 -1.000000000000000000e+00
1.800000000000000000e+02 2.866101390432283370e+04 1.164674393198252211e+01 -8.226229647887702001e-02 2.038519913196668920e+00 3.120449936614243747e+00 4.096169937447148579e-02 0.000000000000000000e+00 1.000000000000000000e+00 1.000000000000000000e+00 0.000000000000000000e+00 0.000000000000000000e+00 -1.000000000000000000e+00 -1.000000000000000000e+00
1.820000000000000000e+02 3.828883752477622329e+04 1.455052982206124490e+01 2.979750358046262537e-02 1.620167974311274683e+00 3.108044154804151749e+00 1.863049370172813468e-01 0.000000000000000000e+00 1.000000000000000000e+00 1.000000000000000000e+00 0.000000000000000000e+00 0.000000000000000000e+00 -1.000000000000000000e+00 -1.000000000000000000e+00
1.840000000000000000e+02 3.713888620344045921e+04 2.323304015453988924e+01 3.246227813314545019e-02 1.787472508464238441e+00 3.197961272756702500e-02 8.760620683470955739e-02 0.000000000000000000e+00 1.000000000000000000e+00 1.000000000000000000e+00 0.000000000000000000e+00 0.000000000000000000e+00 -1.000000000000000000e+00 -1.000000000000000000e+00
1.850000000000000000e+02 5.000000000000000000e+04 3.196762553691975484e+01 1.105773980416347585e-02 7.941594053424082533e-01 3.113957789669916210e+00 2.240209685367289955e-02 0.000000000000000000e+00 1.000000000000000000e+00 1.000000000000000000e+00 0.000000000000000000e+00 0.000000000000000000e+00 -1.000000000000000000e+00 -1.000000000000000000e+00
1.880000000000000000e+02 1.873085334024848271e+04 1.267117547836639524e+01 5.335211347010931915e-02 1.068613785204476585e+00 3.120011129216537338e+00 6.502837665385306776e-02 0.000000000000000000e+00 1.000000000000000000e+00 1.000000000000000000e+00 0.000000000000000000e+00 0.000000000000000000e+00 -1.000000000000000000e+00 -1.000000000000000000e+00
1.900000000000000000e+02 5.000000000000000000e+04 1.601040871413282929e+01 -8.109797480992501917e-02 2.148204369586180995e+00 -2.658528386831819027e-03 1.618763582010246671e-01 1.570796326794896558e+00 1.000000000000000000e+00 1.000000000000000000e+00 0.000000000000000000e+00 0.000000000000000000e+00 -1.000000000000000000e+00 -1.000000000000000000e+00
1.920000000000000000e+02 1.334782889238171629e+04 1.155330053106761135e+01 -1.333834277694035120e-01 3.100000000000000089e+00 -2.546855631186834001e-02 1.686138563372512750e-02 1.570796326794896558e+00 1.000000000000000000e+00 1.000000000000000000e+00 0.000000000000000000e+00 0.000000000000000000e+00 -1.000000000000000000e+00 -1.000000000000000000e+00
1.940000000000000000e+02 1.861813513804092145e+04 1.403162113816551937e+01 -2.722661129362430321e-02 1.436909484834766992e+00 3.087432692027856224e-02 8.115540792911134227e-02 0.000000000000000000e+00 1.000000000000000000e+00 1.000000000000000000e+00 0.000000000000000000e+00 0.000000000000000000e+00 -1.000000000000000000e+00 -1.000000000000000000e+00
1.950000000000000000e+02 4.117913117060699733e+04 2.173754395031454933e+01 7.368138824923520236e-02 6.313508292990547277e-01 3.108285418317924265e+00 2.993735734744308943e-02 0.000000000000000000e+00 1.000000000000000000e+00 1.000000000000000000e+00 0.000000000000000000e+00 0.000000000000000000e+00 -1.000000000000000000e+00 -1.000000000000000000e+00
1.980000000000000000e+02 1.935904253522881481e+04 1.616304799070468690e+01 -8.052962465663046632e-02 2.930956690608523374e+00 -2.522527135354721457e-03 1.000000000000000056e-01 0.000000000000000000e+00 1.000000000000000000e+00 1.000000000000000000e+00 0.000000000000000000e+00 0.000000000000000000e+00 -1.000000000000000000e+00 -1.000000000000000000e+00
2.000000000000000000e+02 1.928074827862391976e+04 1.819191782783962807e+01 -1.324092861760587103e-01 2.399452173135894650e+00 3.151580914877807338e+00 9.000000000000001055e-02 0.000000000000000000e+00 1.000000000000000000e+00 1.000000000000000000e+00 0.000000000000000000e+00 0.000000000000000000e+00 -1.000000000000000000e+00 -1.000000000000000000e+00
3.650000000000000000e+02 7.801055970917693685e+02 1.158409252500533348e+01 9.970629730576410776e-02 1.081931394992106110e+00 0.000000000000000000e+00 9.000000000000001055e-02 -1.000000000000000000e+00 1.000000000000000000e+00 1.000000000000000000e+00 6.600000000000000000e+01 0.000000000000000000e+00 -1.000000000000000000e+00 -1.000000000000000000e+00
9.000000000000000000e+00 4.243799917651599390e+04 2.012247424118188377e+01 -2.511694786485035163e-02 1.291304283079447668e+00 2.266865612539311139e-02 7.716565424753642211e-02 1.570796326794896558e+00 1.000000000000000000e+00 1.000000000000000000e+00 0.000000000000000000e+00 0.000000000000000000e+00 -1.000000000000000000e+00 -1.000000000000000000e+00
1.600000000000000000e+01 4.298010411987038970e+04 3.292685507993619609e+01 -1.541831756995954983e-01 3.100000000000000089e+00 0.000000000000000000e+00 1.552236893657066297e-01 1.570796326794896558e+00 1.000000000000000000e+00 1.000000000000000000e+00 0.000000000000000000e+00 0.000000000000000000e+00 -1.000000000000000000e+00 -1.000000000000000000e+00
2.500000000000000000e+01 2.631328161353497126e+04 1.323026715951034937e+01 5.764448271310119998e-02 3.431536520901350418e-01 3.716365564260334237e-02 1.191053503603904315e-02 1.570796326794896558e+00 1.000000000000000000e+00 1.000000000000000000e+00 0.000000000000000000e+00 0.000000000000000000e+00 -1.000000000000000000e+00 -1.000000000000000000e+00
3.900000000000000000e+01 1.465544210307013236e+04 1.321607625116783602e+01 -6.503746193582755908e-02 2.876993563924094222e+00 0.000000000000000000e+00 7.300127227599499669e-02 1.570796326794896558e+00 1.000000000000000000e+00 1.000000000000000000e+00 0.000000000000000000e+00 0.000000000000000000e+00 -1.000000000000000000e+00 -1.000000000000000000e+00
4.700000000000000000e+01 1.572862206268157934e+04 1.441677940597178065e+01 -1.634365265165425851e-01 2.560203788122235480e+00 1.720215415457616512e-02 1.234828310626966824e-02 1.570796326794896558e+00 1.000000000000000000e+00 1.000000000000000000e+00 0.000000000000000000e+00 0.000000000000000000e+00 -1.000000000000000000e+00 -1.000000000000000000e+00
4.900000000000000000e+01 3.405726671339117456e+04 1.260123113021021624e+01 -6.188095148825249747e-02 3.100000000000000089e+00 0.000000000000000000e+00 2.411689446823800931e-01 1.570796326794896558e+00 1.000000000000000000e+00 1.000000000000000000e+00 0.000000000000000000e+00 0.000000000000000000e+00 -1.000000000000000000e+00 -1.000000000000000000e+00
5.100000000000000000e+01 2.205686192093710270e+04 1.195735343492737535e+01 -9.792614742010362361e-02 2.130457880316142916e+00 7.634568944041113074e-03 3.030195781998951815e-02 1.570796326794896558e+00 1.000000000000000000e+00 1.000000000000000000e+00 0.000000000000000000e+00 0.000000000000000000e+00 -1.000000000000000000e+00 -1.000000000000000000e+00
6.300000000000000000e+01 2.013667153138646972e+04 1.059598153948569355e+01 -7.174506743060644898e-02 2.728861257063531109e+00 2.411467243041411426e-02 3.227378677381077809e-02 1.570796326794896558e+00 1.000000000000000000e+00 1.000000000000000000e+00 0.000000000000000000e+00 0.000000000000000000e+00 -1.000000000000000000e+00 -1.000000000000000000e+00
6.400000000000000000e+01 2.855311726474676107e+04 2.195891131809420926e+01 1.738767512699312401e-01 4.169426238643536564e-01 0.000000000000000000e+00 1.014202765167030937e-02 1.570796326794896558e+00 1.000000000000000000e+00 1.000000000000000000e+00 0.000000000000000000e+00 0.000000000000000000e+00 -1.000000000000000000e+00 -1.000000000000000000e+00
7.800000000000000000e+01 1.625510302295241490e+04 2.234773626193965512e+01 -6.734398352569084811e-02 2.161608190473137459e+00 2.921001716597869044e-03 3.667673798762073611e-02 1.570796326794896558e+00 1.000000000000000000e+00 1.000000000000000000e+00 0.000000000000000000e+00 0.000000000000000000e+00 -1.000000000000000000e+00 -1.000000000000000000e+00
8.300000000000000000e+01 9.367344761878724967e+03 1.720724767620303197e+01 -1.942894631306356021e-02 9.613111879750205757e-01 3.649367397935112094e-03 9.000000000000001055e-02 1.570796326794896558e+00 1.000000000000000000e+00 1.000000000000000000e+00 0.000000000000000000e+00 0.000000000000000000e+00 -1.000000000000000000e+00 -1.000000000000000000e+00
8.400000000000000000e+01 4.410065455902407848e+04 1.213650479711072094e+01 -8.516559641428902983e-02 3.100000000000000089e+00 3.173357458901976402e-02 6.122423137910185109e-02 1.570796326794896558e+00 1.000000000000000000e+00 1.000000000000000000e+00 0.000000000000000000e+00 0.000000000000000000e+00 -1.000000000000000000e+00 -1.000000000000000000e+00
9.500000000000000000e+01 5.000000000000000000e+04 2.395681828403752434e+01 -1.114184294622810600e-01 1.794326473175818393e+00 1.454200931829576805e-02 3.597322618102662128e-02 1.570796326794896558e+00 1.000000000000000000e+00 1.000000000000000000e+00 0.000000000000000000e+00 0.000000000000000000e+00 -1.000000000000000000e+00 -1.000000000000000000e+00
1.060000000000000000e+02 1.076156663188651237e+03 1.876025989049198728e+01 2.920537378311186677e-02 1.195698944766524718e+00 1.179492454308541348e-02 9.000000000000001055e-02 1.570796326794896558e+00 1.000000000000000000e+00 1.000000000000000000e+00 0.000000000000000000e+00 0.000000000000000000e+00 -1.000000000000000000e+00 -1.000000000000000000e+00
1.260000000000000000e+02 3.174427304953210478e+04 1.387767737834028736e+01 -1.767106048266374463e-01 2.396507348064248255e+00 0.000000000000000000e+00 1.007816528557600733e-01 1.570796326794896558e+00 1.000000000000000000e+00 1.000000000000000000e+00 0.000000000000000000e+00 0.000000000000000000e+00 -1.000000000000000000e+00 -1.000000000000000000e+00
1.290000000000000000e+02 3.957529317513888236e+04 3.468605629065498164e+01 -4.357403752088571253e-02 2.499132763639259291e+00 4.027755040441759887e-02 1.110757431315814725e-01 1.570796326794896558e+00 1.000000000000000000e+00 1.000000000000000000e+00 0.000000000000000000e+00 0.000000000000000000e+00 -1.000000000000000000e+00 -1.000000000000000000e+00
1.350000000000000000e+02 3.924306476355813356e+04 2.149215383752047615e+01 -6.613338150962293216e-02 1.887107582236110082e+00 4.543881503414499284e-02 9.962304678609096298e-02 1.570796326794896558e+00 1.000000000000000000e+00 1.000000000000000000e+00 0.000000000000000000e+00 0.000000000000000000e+00 -1.000000000000000000e+00 -1.000000000000000000e+00
1.360000000000000000e+02 2.343680471755117469e+04 1.059534298634317295e+01 -1.475082359079241123e-01 3.100000000000000089e+00 0.000000000000000000e+00 1.821079722705498116e-01 1.570796326794896558e+00 1.000000000000000000e+00 1.000000000000000000e+00 0.000000000000000000e+00 0.000000000000000000e+00 -1.000000000000000000e+00 -1.000000000000000000e+00
1.380000000000000000e+02 4.763268104162035161e+04 1.422382266909627369e+01 2.462922683832429599e-02 1.430162508390252940e+00 1.359820915268229562e-02 1.820059760608425670e-01 1.570796326794896558e+00 1.000000000000000000e+00 1.000000000000000000e+00 0.000000000000000000e+00 0.000000000000000000e+00 -1.000000000000000000e+00 -1.000000000000000000e+00
1.410000000000000000e+02 3.121173876136176114e+04 1.413927966666703639e+01 -1.137192470844645698e-01 2.554886115351584497e+00 3.024373479427082748e-02 6.964979544471963657e-02 1.570796326794896558e+00 1.000000000000000000e+00 1.000000000000000000e+00 0.000000000000000000e+00 0.000000000000000000e+00 -1.000000000000000000e+00 -1.000000000000000000e+00
1.490000000000000000e+02 3.884529884555301396e+04 1.025459637336560803e+01 -8.329088796423624041e-02 2.096655565517655084e+00 8.944271145220559702e-03 3.363477405795618769e-02 1.570796326794896558e+00 1.000000000000000000e+00 1.000000000000000000e+00 0.000000000000000000e+00 0.000000000000000000e+00 -1.000000000000000000e+00 -1.000000000000000000e+00
1.610000000000000000e+02 2.613019882295834759e+04 1.954376911311048914e+01 1.436135468749453331e-02 1.723021977419978423e+00 0.000000000000000000e+00 1.914211882788188421e-02 1.570796326794896558e+00 1.000000000000000000e+00 1.000000000000000000e+00 0.000000000000000000e+00 0.000000000000000000e+00 -1.000000000000000000e+00 -1.000000000000000000e+00
1.640000000000000000e+02 4.450223513263308996e+04 1.837594482662177597e+01 -4.832473619042665369e-02 3.093575829037515934e+00 0.000000000000000000e+00 1.854170698075490731e-01 1.570796326794896558e+00 1.000000000000000000e+00 1.000000000000000000e+00 0.000000000000000000e+00 0.000000000000000000e+00 -1.000000000000000000e+00 -1.000000000000000000e+00
1.680000000000000000e+02 2.292265373962804006e+04 2.404621997068620587e+01 1.373339315275077521e-01 1.171287713024348864e+00 3.834665768296435708e-03 5.993663875689340254e-02 1.570796326794896558e+00 1.000000000000000000e+00 1.000000000000000000e+00 0.000000000000000000e+00 0.000000000000000000e+00 -1.000000000000000000e+00 -1.000000000000000000e+00
1.720000000000000000e+02 5.000000000000000000e+04 1.221940056948263020e+01 -6.427211506225521953e-02 2.151144374169582818e+00 1.267242908405336911e-02 8.422600740225437421e-02 1.570796326794896558e+00 1.000000000000000000e+00 1.000000000000000000e+00 0.000000000000000000e+00 0.000000000000000000e+00 -1.000000000000000000e+00 -1.000000000000000000e+00
1.960000000000000000e+02 1.628372211261538359e+04 1.085940920803896681e+01 -4.074190242700850839e-05 1.462350062777460380e+00 2.304024004978306658e-02 1.000000000000000021e-02 1.570796326794896558e+00 1.000000000000000000e+00 1.000000000000000000e+00 0.000000000000000000e+00 0.000000000000000000e+00 -1.000000000000000000e+00 -1.000000000000000000e+00
1.970000000000000000e+02 2.856183105335326763e+04 3.937154024657725415e+01 1.230664024348151753e-01 1.072227936650212987e+00 1.810150731855555625e-02 4.617912727303987580e-02 1.570796326794896558e+00 1.000000000000000000e+00 1.000000000000000000e+00 0.000000000000000000e+00 0.000000000000000000e+00 -1.000000000000000000e+00 -1.000000000000000000e+00
3.100000000000000000e+01 4.564442044486473606e+03 1.045762285676998538e+01 2.882066496787021731e-02 8.927433443266699076e-01 0.000000000000000000e+00 1.110678639162198354e-02 0.000000000000000000e+00 1.000000000000000000e+00 1.000000000000000000e+00 0.000000000000000000e+00 0.000000000000000000e+00 -1.000000000000000000e+00 -1.000000000000000000e+00
8.900000000000000000e+01 8.647008830108317852e+03 1.248769331208495714e+01 8.008259484936475214e-02 5.769588417457008900e-01 0.000000000000000000e+00 1.000000000000000056e-01 0.000000000000000000e+00 1.000000000000000000e+00 1.000000000000000000e+00 0.000000000000000000e+00 0.000000000000000000e+00 -1.000000000000000000e+00 -1.000000000000000000e+00
9.200000000000000000e+01 2.792797841901091942e+03 1.120621461874192981e+01 3.121151229428122120e-02 5.107175530507299666e-01 0.000000000000000000e+00 9.000000000000001055e-02 0.000000000000000000e+00 1.000000000000000000e+00 1.000000000000000000e+00 0.000000000000000000e+00 0.000000000000000000e+00 -1.000000000000000000e+00 -1.000000000000000000e+00
9.400000000000000000e+01 8.888920159721377786e+03 1.571595226942410584e+01 1.118108721370479619e-01 5.911228139135910054e-01 0.000000000000000000e+00 4.220448705878174916e-02 0.000000000000000000e+00 1.000000000000000000e+00 1.000000000000000000e+00 0.000000000000000000e+00 0.000000000000000000e+00 -1.000000000000000000e+00 -1.000000000000000000e+00
1.040000000000000000e+02 6.430844426621526964e+02 1.810375101839676759e+01 -9.800659076482969023e-02 2.572880857558598855e+00 0.000000000000000000e+00 8.461449324443440778e-01 0.000000000000000000e+00 1.000000000000000000e+00 1.000000000000000000e+00 0.000000000000000000e+00 0.000000000000000000e+00 -1.000000000000000000e+00 -1.000000000000000000e+00
1.200000000000000000e+02 8.104504687915707109e+03 1.460532766136718941e+01 2.067680093363377658e-01 8.377564542087893029e-01 0.000000000000000000e+00 1.056864067546629815e-01 0.000000000000000000e+00 1.000000000000000000e+00 1.000000000000000000e+00 0.000000000000000000e+00 0.000000000000000000e+00 -1.000000000000000000e+00 -1.000000000000000000e+00
1.320000000000000000e+02 7.388185680780296025e+03 1.146686410194883265e+01 1.377304701413099158e-02 9.496506650196921973e-01 0.000000000000000000e+00 1.486581872828682815e-01 0.000000000000000000e+00 1.000000000000000000e+00 1.000000000000000000e+00 0.000000000000000000e+00 0.000000000000000000e+00 -1.000000000000000000e+00 -1.000000000000000000e+00
1.370000000000000000e+02 1.200626913396335340e+03 1.720691670877694435e+01 1.033775263614797046e-01 2.701530896278455662e-01 0.000000000000000000e+00 6.584690478687669213e-01 0.000000000000000000e+00 1.000000000000000000e+00 1.000000000000000000e+00 0.000000000000000000e+00 0.000000000000000000e+00 -1.000000000000000000e+00 -1.000000000000000000e+00
1.400000000000000000e+02 2.615736841899435967e+04 1.672342269801749737e+01 1.916822462632200574e-02 1.396999668768241776e+00 0.000000000000000000e+00 5.854707008961659298e-01 0.000000000000000000e+00 1.000000000000000000e+00 1.000000000000000000e+00 0.000000000000000000e+00 0.000000000000000000e+00 -1.000000000000000000e+00 -1.000000000000000000e+00
1.540000000000000000e+02 6.553719342792824136e+03 1.043365915639948938e+01 -8.475659780896520334e-02 2.270270975026317029e+00 0.000000000000000000e+00 1.976786413238434126e-01 0.000000000000000000e+00 1.000000000000000000e+00 1.000000000000000000e+00 0.000000000000000000e+00 0.000000000000000000e+00 -1.000000000000000000e+00 -1.000000000000000000e+00
1.550000000000000000e+02 1.068683036631538744e+04 2.031809357743082600e+01 9.266753593306922832e-02 5.761330181061621314e-01 0.000000000000000000e+00 2.574568755787982055e-01 0.000000000000000000e+00 1.000000000000000000e+00 1.000000000000000000e+00 0.000000000000000000e+00 0.000000000000000000e+00 -1.000000000000000000e+00 -1.000000000000000000e+00
1.560000000000000000e+02 1.876176466002435700e+04 3.489754526000085377e+01 -2.460444434372514033e-01 3.100000000000000089e+00 0.000000000000000000e+00 4.171926711664422083e-01 0.000000000000000000e+00 1.000000000000000000e+00 1.000000000000000000e+00 0.000000000000000000e+00 0.000000000000000000e+00 -1.000000000000000000e+00 -1.000000000000000000e+00
1.570000000000000000e+02 7.277816428552342586e+03 1.194802964515188748e+01 -3.155441142776897745e-02 2.443876921105204936e+00 0.000000000000000000e+00 5.768048617351801965e-01 0.000000000000000000e+00 1.000000000000000000e+00 1.000000000000000000e+00 0.000000000000000000e+00 0.000000000000000000e+00 -1.000000000000000000e+00 -1.000000000000000000e+00
1.810000000000000000e+02 1.698825036383337590e+02 3.349729976901258510e+01 3.651175363465163082e-02 1.406749892010839442e+00 0.000000000000000000e+00 9.994991572994224027e-01 0.000000000000000000e+00 1.000000000000000000e+00 1.000000000000000000e+00 0.000000000000000000e+00 0.000000000000000000e+00 -1.000000000000000000e+00 -1.000000000000000000e+00
1.870000000000000000e+02 9.081116624836477058e+03 1.809052570288035611e+01 -1.249137690457481492e-01 2.313576242665504878e+00 0.000000000000000000e+00 2.882952815178566608e-01 0.000000000000000000e+00 1.000000000000000000e+00 1.000000000000000000e+00 0.000000000000000000e+00 0.000000000000000000e+00 -1.000000000000000000e+00 -1.000000000000000000e+00
1.930000000000000000e+02 8.357940878519251555e+02 3.985461331561978682e+01 1.849312499970307000e-02 6.382567801445006017e-01 0.000000000000000000e+00 8.271896107771892215e-01 0.000000000000000000e+00 1.000000000000000000e+00 1.000000000000000000e+00 0.000000000000000000e+00 0.000000000000000000e+00 -1.000000000000000000e+00 -1.000000000000000000e+00
3.660000000000000000e+02 3.302124972458872207e+02 2.413896201910687722e+01 6.720402757981887645e-03 9.739641795600290086e-01 0.000000000000000000e+00 5.695790938175060436e-02 -1.000000000000000000e+00 1.000000000000000000e+00 1.000000000000000000e+00 6.600000000000000000e+01 1.000000000000000000e+05 -1.000000000000000000e+00 -1.000000000000000000e+00
3.670000000000000000e+02 2.916895904876720351e+02 2.160795991489908374e+01 2.124689315131185474e-02 1.341066751644533595e+00 0.000000000000000000e+00 8.853951307261438697e-02 -1.000000000000000000e+00 1.000000000000000000e+00 1.000000000000000000e+00 6.600000000000000000e+01 2.000000000000000000e+05 -1.000000000000000000e+00 -1.000000000000000000e+00
3.690000000000000000e+02 1.801441542179226190e+02 2.150309232238530299e+01 -9.626080153871380274e-02 2.922839921223732151e+00 0.000000000000000000e+00 1.000000000000000056e-01 -1.000000000000000000e+00 1.000000000000000000e+00 1.000000000000000000e+00 6.600000000000000000e+01 3.000000000000000000e+05 -1.000000000000000000e+00 -1.000000000000000000e+00
