# id_num orb_a mass spin spin_angle orb_inc orb_ecc orb_arg_periapse orb_ang_mom gen galaxy time_passed gw_freq gw_strain
0.000000000000000000e+00 1.587196574349885668e+04 1.747533228041828579e+01 -1.243399599637658171e-01 2.335717547569705843e+00 3.134405227839498043e+00 9.046254584363870588e-02 1.570796326794896558e+00 -1.000000000000000000e+00 1.000000000000000000e+00 0.000000000000000000e+00 0.000000000000000000e+00 -1.000000000000000000e+00 -1.000000000000000000e+00
4.000000000000000000e+00 2.451941586097784239e+04 1.005971142987913503e+01 6.958620214280192284e-02 3.274949797920181926e-01 3.166415209992282431e+00 2.071131941388834885e-01 1.570796326794896558e+00 -1.000000000000000000e+00 1.000000000000000000e+00 0.000000000000000000e+00 0.000000000000000000e+00 -1.000000000000000000e+00 -1.000000000000000000e+00
1.700000000000000000e+01 1.903888814977157381e+04 1.528683918030815647e+01 1.455562769982305382e-01 1.033405515399542063e+00 3.155273733533126901e+00 6.163110421095771563e-02 1.570796326794896558e+00 -1.000000000000000000e+00 1.000000000000000000e+00 0.000000000000000000e+00 0.000000000000000000e+00 -1.000000000000000000e+00 -1.000000000000000000e+00
2.100000000000000000e+01 3.009687040284120303e+04 1.000430197573139068e+01 2.347835604501327667e-02 6.158515843693154190e-01 3.119187251971656583e+00 1.020608318033226769e-01 1.570796326794896558e+00 -1.000000000000000000e+00 1.000000000000000000e+00 0.000000000000000000e+00 0.000000000000000000e+00 -1.000000000000000000e+00 -1.000000000000000000e+00
2.600000000000000000e+01 3.419214748262465582e+04 2.176030393373050487e+01 -5.722192897191073074e-02 1.791256847209942382e+00 3.119656385730996906e+00 1.480509170508329253e-01 1.570796326794896558e+00 -1.000000000000000000e+00 1.000000000000000000e+00 0.000000000000000000e+00 0.000000000000000000e+00 -1.000000000000000000e+00 -1.000000000000000000e+00
2.700000000000000000e+01 2.986904295722938696e+04 1.054619852574625050e+01 6.242492375984222408e-02 3.921357864814030147e-01 3.132862019536746701e+00 9.999999899999999498e-01 0.000000000000000000e+00 -1.000000000000000000e+00 1.000000000000000000e+00 0.000000000000000000e+00 0.000000000000000000e+00 -1.000000000000000000e+00 -1.000000000000000000e+00
3.200000000000000000e+01 1.407339502624127635e+04 1.143542440431739315e+01 4.594675216562773244e-03 1.072208341963741596e+00 3.114902463524437337e+00 2.117632481137514122e-01 1.570796326794896558e+00 -1.000000000000000000e+00 1.000000000000000000e+00 0.000000000000000000e+00 0.000000000000000000e+00 -1.000000000000000000e+00 -1.000000000000000000e+00
3.500000000000000000e+01 1.758110695124246604e+03 2.920833347455132412e+01 1.722236523889084658e-01 6.543395897765403868e-01 3.138642371183929303e+00 2.575811658498992629e-01 1.570796326794896558e+00 -1.000000000000000000e+00 1.000000000000000000e+00 0.000000000000000000e+00 0.000000000000000000e+00 -1.000000000000000000e+00 -1.000000000000000000e+00
3.900000000000000000e+01 3.071037309693416682e+04 1.955629779889601849e+01 7.915034222752231202e-03 7.075561297499709523e-01 3.122991865816127532e+00 9.999999899999999498e-01 0.000000000000000000e+00 -1.000000000000000000e+00 1.000000000000000000e+00 0.000000000000000000e+00 0.000000000000000000e+00 -1.000000000000000000e+00 -1.000000000000000000e+00
4.000000000000000000e+01 3.755146445774600579e+03 1.082883762755658630e+01 -5.088252064577689082e-02 2.321826984408471350e+00 3.156196591991969225e+00 9.999999899999999498e-01 0.000000000000000000e+00 -1.000000000000000000e+00 1.000000000000000000e+00 0.000000000000000000e+00 0.000000000000000000e+00 -1.000000000000000000e+00 -1.000000000000000000e+00
4.100000000000000000e+01 2.030331178592896322e+04 1.116840640038492793e+01 -2.399211513014852803e-01 2.986907438604607723e+00 3.112960381536374221e+00 2.390732516049483558e-01 1.570796326794896558e+00 -1.000000000000000000e+00 1.000000000000000000e+00 0.000000000000000000e+00 0.000000000000000000e+00 -1.000000000000000000e+00 -1.000000000000000000e+00
4.200000000000000000e+01 3.282460907520644105e+04 1.086331291082938932e+01 -1.012156416267904480e-01 1.780731682321905929e+00 3.179085642139713119e+00 9.999999899999999498e-01 0.000000000000000000e+00 -1.000000000000000000e+00 1.000000000000000000e+00 0.000000000000000000e+00 0.000000000000000000e+00 -1.000000000000000000e+00 -1.000000000000000000e+00
4.400000000000000000e+01 6.776944034276417369e+03 1.065493887232246095e+01 2.224932746269882994e-02 4.013657385334253730e-02 3.148100206507708609e+00 2.023582504028338946e-01 1.570796326794896558e+00 -1.000000000000000000e+00 1.000000000000000000e+00 0.000000000000000000e+00 0.000000000000000000e+00 -1.000000000000000000e+00 -1.000000000000000000e+00
6.300000000000000000e+01 2.543676171280058497e+03 1.129730354411583093e+01 -7.766916806676958662e-02 1.980440582352776424e+00 3.150974578434824203e+00 1.443222421915359155e-01 1.570796326794896558e+00 -1.000000000000000000e+00 1.000000000000000000e+00 0.000000000000000000e+00 0.000000000000000000e+00 -1.000000000000000000e+00 -1.000000000000000000e+00
6.400000000000000000e+01 2.756354423880916147e+04 1.160861287655935215e+01 -9.692676281135755023e-02 2.290406887724806495e+00 3.139285898109095196e+00 1.878344116924691998e-01 1.570796326794896558e+00 -1.000000000000000000e+00 1.000000000000000000e+00 0.000000000000000000e+00 0.000000000000000000e+00 -1.000000000000000000e+00 -1.000000000000000000e+00
6.800000000000000000e+01 3.876298945488395839e+04 2.401975663106318137e+01 -1.008168401265071429e-01 2.751053163666022261e+00 3.092934172960523309e+00 9.999999899999999498e-01 0.000000000000000000e+00 -1.000000000000000000e+00 1.000000000000000000e+00 0.000000000000000000e+00 0.000000000000000000e+00 -1.000000000000000000e+00 -1.000000000000000000e+00
7.200000000000000000e+01 3.056634361846644606e+04 1.361839954954625220e+01 -1.151744526923139667e-01 1.769688681878030856e+00 3.108900982545639735e+00 9.999999899999999498e-01 0.000000000000000000e+00 -1.000000000000000000e+00 1.000000000000000000e+00 0.000000000000000000e+00 0.000000000000000000e+00 -1.000000000000000000e+00 -1.000000000000000000e+00
7.600000000000000000e+01 5.787617402120810766e+03 2.441890702554077563e+01 6.682411663743793862e-02 9.180794500355590193e-01 3.144777100440532269e+00 1.452208152900530402e-01 1.570796326794896558e+00 -1.000000000000000000e+00 1.000000000000000000e+00 0.000000000000000000e+00 0.000000000000000000e+00 -1.000000000000000000e+00 -1.000000000000000000e+00
8.500000000000000000e+01 2.080509888623873849e+04 1.380546257410182065e+01 -9.427278040492663436e-02 2.493564613971677169e+00 3.133881807184986545e+00 2.408992875660166122e-01 1.570796326794896558e+00 -1.000000000000000000e+00 1.000000000000000000e+00 0.000000000000000000e+00 0.000000000000000000e+00 -1.000000000000000000e+00 -1.000000000000000000e+00
8.900000000000000000e+01 1.613777441678535979e+04 3.368388116243269792e+01 1.163001929993322803e-01 1.125454348890269074e+00 3.120724671386132520e+00 2.311207025601264842e-01 1.570796326794896558e+00 -1.000000000000000000e+00 1.000000000000000000e+00 0.000000000000000000e+00 0.000000000000000000e+00 -1.000000000000000000e+00 -1.000000000000000000e+00
9.200000000000000000e+01 4.408065965792488714e+04 1.639856435372561094e+01 -5.375616850026613408e-02 2.648711025337699532e+00 3.119124601149171117e+00 1.587276907386400426e-01 1.570796326794896558e+00 -1.000000000000000000e+00 1.000000000000000000e+00 0.000000000000000000e+00 0.000000000000000000e+00 -1.000000000000000000e+00 -1.000000000000000000e+00
1.060000000000000000e+02 2.414954190250138345e+04 3.411553183083344010e+01 1.270325672674158246e-01 6.876271404475522431e-01 3.137172484693167451e+00 2.168045457799050099e-02 1.570796326794896558e+00 -1.000000000000000000e+00 1.000000000000000000e+00 0.000000000000000000e+00 0.000000000000000000e+00 -1.000000000000000000e+00 -1.000000000000000000e+00
1.180000000000000000e+02 1.421297839250758898e+03 1.137550751640892699e+01 1.196105007632683875e-01 1.461528418915186922e+00 3.131438279972041716e+00 1.599898917062015369e-01 1.570796326794896558e+00 -1.000000000000000000e+00 1.000000000000000000e+00 0.000000000000000000e+00 0.000000000000000000e+00 -1.000000000000000000e+00 -1.000000000000000000e+00
1.210000000000000000e+02 1.220798526844004482e+04 1.193051978842530403e+01 1.119860786669236649e-02 1.120411236735320282e+00 3.171172151870778055e+00 9.999999899999999498e-01 0.000000000000000000e+00 -1.000000000000000000e+00 1.000000000000000000e+00 0.000000000000000000e+00 0.000000000000000000e+00 -1.000000000000000000e+00 -1.000000000000000000e+00
1.220000000000000000e+02 4.000073679362786788e+04 1.952939456173634625e+01 7.385464866585868260e-02 1.294273663116320083e+00 3.149542931326004602e+00 6.512089424708444874e-02 1.570796326794896558e+00 -1.000000000000000000e+00 1.000000000000000000e+00 0.000000000000000000e+00 0.000000000000000000e+00 -1.000000000000000000e+00 -1.000000000000000000e+00
1.300000000000000000e+02 1.267695943010429801e+04 2.265405788493072592e+01 2.975949431521211080e-02 1.248641017446926044e-01 3.134203065647613862e+00 2.779526418024828582e-01 1.570796326794896558e+00 -1.000000000000000000e+00 1.000000000000000000e+00 0.000000000000000000e+00 0.000000000000000000e+00 -1.000000000000000000e+00 -1.000000000000000000e+00
1.320000000000000000e+02 1.807550976856291527e+04 1.004525648187417275e+01 2.206528235205838101e-02 9.887313773654315963e-01 3.126868304239873275e+00 9.999999899999999498e-01 0.000000000000000000e+00 -1.000000000000000000e+00 1.000000000000000000e+00 0.000000000000000000e+00 0.000000000000000000e+00 -1.000000000000000000e+00 -1.000000000000000000e+00
1.330000000000000000e+02 1.771866947437223644e+04 3.823937625530832918e+01 1.391135292499846299e-01 1.564625763073821396e+00 3.150952290769607700e+00 1.908633169528366758e-01 1.570796326794896558e+00 -1.000000000000000000e+00 1.000000000000000000e+00 0.000000000000000000e+00 0.000000000000000000e+00 -1.000000000000000000e+00 -1.000000000000000000e+00
1.410000000000000000e+02 2.241620515838627034e+04 1.189201514400649629e+01 -5.992283092476213824e-02 2.815065819062913199e+00 3.165755015663132443e+00 1.582128917565723547e-01 1.570796326794896558e+00 -1.000000000000000000e+00 1.000000000000000000e+00 0.000000000000000000e+00 0.000000000000000000e+00 -1.000000000000000000e+00 -1.000000000000000000e+00
1.440000000000000000e+02 2.250004937874849202e+04 1.243401562207465894e+01 -1.337530123860622699e-01 2.122176137598530410e+00 3.126820225224271610e+00 2.865865302537496939e-01 1.570796326794896558e+00 -1.000000000000000000e+00 1.000000000000000000e+00 0.000000000000000000e+00 0.000000000000000000e+00 -1.000000000000000000e+00 -1.000000000000000000e+00
1.490000000000000000e+02 3.356124727340172831e+04 1.390389028809985383e+01 5.719994637961964279e-02 9.682753202613963994e-01 3.164617225707143433e+00 4.199150160428239548e-02 1.570796326794896558e+00 -1.000000000000000000e+00 1.000000000000000000e+00 0.000000000000000000e+00 0.000000000000000000e+00 -1.000000000000000000e+00 -1.000000000000000000e+00
1.520000000000000000e+02 2.542233252907457063e+04 1.202361683800323711e+01 9.670543900735223408e-02 1.135737026653292903e+00 3.104933922340194385e+00 9.999999899999999498e-01 0.000000000000000000e+00 -1.000000000000000000e+00 1.000000000000000000e+00 0.000000000000000000e+00 0.000000000000000000e+00 -1.000000000000000000e+00 -1.000000000000000000e+00
1.550000000000000000e+02 3.257178358557899992e+04 1.020537927045813120e+01 1.241856024636644185e-01 3.179274922485107041e-02 3.158681266214302230e+00 9.999999899999999498e-01 0.000000000000000000e+00 -1.000000000000000000e+00 1.000000000000000000e+00 0.000000000000000000e+00 0.000000000000000000e+00 -1.000000000000000000e+00 -1.000000000000000000e+00
1.650000000000000000e+02 1.124239331336325267e+04 1.715891073025528257e+01 -3.740269964840187839e-02 2.092886073467100427e+00 3.163344047427477435e+00 2.933924616089210735e-01 1.570796326794896558e+00 -1.000000000000000000e+00 1.000000000000000000e+00 0.000000000000000000e+00 0.000000000000000000e+00 -1.000000000000000000e+00 -1.000000000000000000e+00
1.720000000000000000e+02 3.136821241589151032e+04 2.112429023371067416e+01 1.672274122956192710e-01 5.717928807018770598e-01 3.152119640554122970e+00 6.975881700435340727e-02 1.570796326794896558e+00 -1.000000000000000000e+00 1.000000000000000000e+00 0.000000000000000000e+00 0.000000000000000000e+00 -1.000000000000000000e+00 -1.000000000000000000e+00
1.800000000000000000e+02 1.728150777307878570e+03 1.025315015821139930e+01 -1.310094332746369883e-01 2.628251435912923650e+00 3.146274140298387589e+00 1.151698055227709982e-04 1.570796326794896558e+00 -1.000000000000000000e+00 1.000000000000000000e+00 0.000000000000000000e+00 0.000000000000000000e+00 -1.000000000000000000e+00 -1.000000000000000000e+00
1.990000000000000000e+02 4.453572839782533265e+04 1.089988167537699937e+01 4.329937916215158278e-03 1.335359789913764805e+00 3.107746763007363633e+00 9.999999899999999498e-01 0.000000000000000000e+00 -1.000000000000000000e+00 1.000000000000000000e+00 0.000000000000000000e+00 0.000000000000000000e+00 -1.000000000000000000e+00 -1.000000000000000000e+00
