# id_num orb_a mass spin spin_angle orb_inc orb_ecc orb_arg_periapse orb_ang_mom gen galaxy time_passed gw_freq gw_strain
4.000000000000000000e+00 8.912716698257885355e+02 1.205217463782522103e+01 4.047175439260611990e-02 4.633838261563170136e-01 3.132100188254394624e+00 1.000728338477642650e-02 0.000000000000000000e+00 1.000000000000000000e+00 1.000000000000000000e+00 0.000000000000000000e+00 0.000000000000000000e+00 -1.000000000000000000e+00 -1.000000000000000000e+00
5.000000000000000000e+00 4.314769883006389864e+04 1.187138373203973529e+01 9.981326155805891887e-02 4.741125548007650292e-01 3.137351318719972415e+00 1.290280521422190740e-01 1.570796326794896558e+00 1.000000000000000000e+00 1.000000000000000000e+00 0.000000000000000000e+00 0.000000000000000000e+00 -1.000000000000000000e+00 -1.000000000000000000e+00
6.000000000000000000e+00 3.139811389308216894e+04 1.774369219003251175e+01 2.864785404282756826e-02 2.941638474210951371e-01 1.301359289302240346e-02 1.271918015218343745e-01 1.570796326794896558e+00 1.000000000000000000e+00 1.000000000000000000e+00 0.000000000000000000e+00 0.000000000000000000e+00 -1.000000000000000000e+00 -1.000000000000000000e+00
1.000000000000000000e+01 1.521758899238890444e+04 1.141350981010001675e+01 -5.351398755190248796e-02 2.261143751455847895e+00 3.136517784888613214e+00 2.954398749626149095e-02 0.000000000000000000e+00 1.000000000000000000e+00 1.000000000000000000e+00 0.000000000000000000e+00 0.000000000000000000e+00 -1.000000000000000000e+00 -1.000000000000000000e+00
1.300000000000000000e+01 3.651309645102709328e+04 1.323824247184956349e+01 -9.279177257217213759e-02 2.095137529197371951e+00 3.169129009023909926e+00 6.361281492671334858e-02 0.000000000000000000e+00 1.000000000000000000e+00 1.000000000000000000e+00 0.000000000000000000e+00 0.000000000000000000e+00 -1.000000000000000000e+00 -1.000000000000000000e+00
1.400000000000000000e+01 2.443925501090048783e+04 2.202247894962296826e+01 1.826346300852149107e-01 7.960186107873723493e-01 3.165397707551993012e+00 8.359681964832733903e-02 0.000000000000000000e+00 1.000000000000000000e+00 1.000000000000000000e+00 0.000000000000000000e+00 0.000000000000000000e+00 -1.000000000000000000e+00 -1.000000000000000000e+00
1.600000000000000000e+01 4.384342990403781732e+04 1.345189169783947847e+01 -4.930666789958460666e-02 2.791060176879768040e+00 3.156450781492496915e+00 2.363954136946076479e-01 1.570796326794896558e+00 1.000000000000000000e+00 1.000000000000000000e+00 0.000000000000000000e+00 0.000000000000000000e+00 -1.000000000000000000e+00 -1.000000000000000000e+00
1.700000000000000000e+01 2.083974577731512909e+04 1.549589119153482564e+01 8.362011309296658867e-02 2.608650628105502745e-01 7.316057007962715499e-03 1.461567225938844271e-02 1.570796326794896558e+00 1.000000000000000000e+00 1.000000000000000000e+00 0.000000000000000000e+00 0.000000000000000000e+00 -1.000000000000000000e+00 -1.000000000000000000e+00
1.800000000000000000e+01 2.531331215079228059e+04 1.404332669072877238e+01 -7.839645548552356957e-02 1.668198947606456040e+00 3.138983543490359018e+00 2.073599109264999130e-01 0.000000000000000000e+00 1.000000000000000000e+00 1.000000000000000000e+00 0.000000000000000000e+00 0.000000000000000000e+00 -1.000000000000000000e+00 -1.000000000000000000e+00
1.900000000000000000e+01 7.687515777689467313e+02 1.290211642111947832e+01 -9.326093403751453681e-02 2.803497705867466827e+00 1.282137650556872469e-02 1.013316517330937680e-02 1.570796326794896558e+00 1.000000000000000000e+00 1.000000000000000000e+00 0.000000000000000000e+00 0.000000000000000000e+00 -1.000000000000000000e+00 -1.000000000000000000e+00
2.000000000000000000e+01 4.635265974608078250e+04 1.251419160481239246e+01 6.733744194035407027e-02 1.510502789680057800e+00 3.113274943351498791e+00 1.546388722419455262e-02 0.000000000000000000e+00 1.000000000000000000e+00 1.000000000000000000e+00 0.000000000000000000e+00 0.000000000000000000e+00 -1.000000000000000000e+00 -1.000000000000000000e+00
2.300000000000000000e+01 9.534740438660452128e+03 1.055518199624504483e+01 -1.931726815616912618e-01 2.166616421574332207e+00 -8.953328329625271503e-03 9.000000000000001055e-02 0.000000000000000000e+00 1.000000000000000000e+00 1.000000000000000000e+00 0.000000000000000000e+00 0.000000000000000000e+00 -1.000000000000000000e+00 -1.000000000000000000e+00
2.600000000000000000e+01 3.308835328456113348e+04 1.067784671522083251e+01 3.211444326030738795e-03 8.747079003601523350e-01 3.115989897118327523e+00 2.549355772488680061e-01 1.570796326794896558e+00 1.000000000000000000e+00 1.000000000000000000e+00 0.000000000000000000e+00 0.000000000000000000e+00 -1.000000000000000000e+00 -1.000000000000000000e+00
2.800000000000000000e+01 4.757815280803773203e+04 1.432524056802986046e+01 -1.847979261462613376e-01 2.789654216061555392e+00 -4.999221955520089661e-02 7.725212960894820013e-02 0.000000000000000000e+00 1.000000000000000000e+00 1.000000000000000000e+00 0.000000000000000000e+00 0.000000000000000000e+00 -1.000000000000000000e+00 -1.000000000000000000e+00
2.900000000000000000e+01 1.197051735387056942e+04 1.412149743580972405e+01 6.909797117186355919e-02 5.755490019854830885e-01 -1.622777034353082085e-02 1.000000000000000056e-01 1.570796326794896558e+00 1.000000000000000000e+00 1.000000000000000000e+00 0.000000000000000000e+00 0.000000000000000000e+00 -1.000000000000000000e+00 -1.000000000000000000e+00
3.400000000000000000e+01 7.308035379704236220e+03 1.141237321175413122e+01 -1.003215765028094286e-01 2.309797041337048551e+00 -1.862941120537605494e-02 4.324701096096332520e-02 0.000000000000000000e+00 1.000000000000000000e+00 1.000000000000000000e+00 0.000000000000000000e+00 0.000000000000000000e+00 -1.000000000000000000e+00 -1.000000000000000000e+00
3.500000000000000000e+01 1.177916952819209109e+04 1.599057594014078632e+01 1.686298855245562389e-01 1.055168580405913659e+00 3.118882776132220425e+00 9.000000000000001055e-02 0.000000000000000000e+00 1.000000000000000000e+00 1.000000000000000000e+00 0.000000000000000000e+00 0.000000000000000000e+00 -1.000000000000000000e+00 -1.000000000000000000e+00
3.600000000000000000e+01 1.707911884459939392e+04 3.146864051962077014e+01 -3.588091439396065563e-02 3.100000000000000089e+00 7.386169539804397083e-03 1.871706478952285535e-02 0.000000000000000000e+00 1.000000000000000000e+00 1.000000000000000000e+00 0.000000000000000000e+00 0.000000000000000000e+00 -1.000000000000000000e+00 -1.000000000000000000e+00
3.700000000000000000e+01 3.530877493047179451e+04 1.077218523628736513e+01 -6.851038132374100663e-03 7.942576539160565163e-01 -1.999543940159918560e-03 2.810686185456504060e-01 0.000000000000000000e+00 1.000000000000000000e+00 1.000000000000000000e+00 0.000000000000000000e+00 0.000000000000000000e+00 -1.000000000000000000e+00 -1.000000000000000000e+00
3.800000000000000000e+01 3.406260378685806791e+04 1.581030759947611664e+01 -9.661850700912900936e-02 2.013099141950965620e+00 1.249937210086033736e-02 1.714266755757079819e-01 1.570796326794896558e+00 1.000000000000000000e+00 1.000000000000000000e+00 0.000000000000000000e+00 0.000000000000000000e+00 -1.000000000000000000e+00 -1.000000000000000000e+00
3.900000000000000000e+01 4.960034645683934650e+04 1.280964390139902065e+01 -9.475596557286755650e-02 2.051844462170414385e+00 3.187188596385683859e+00 2.960152647287997082e-02 0.000000000000000000e+00 1.000000000000000000e+00 1.000000000000000000e+00 0.000000000000000000e+00 0.000000000000000000e+00 -1.000000000000000000e+00 -1.000000000000000000e+00
4.100000000000000000e+01 3.890340380551840644e+04 1.262248000593900521e+01 3.155109270191761017e-02 1.159621018230388545e+00 2.511852792468801179e-02 2.450544354394586510e-01 0.000000000000000000e+00 1.000000000000000000e+00 1.000000000000000000e+00 0.000000000000000000e+00 0.000000000000000000e+00 -1.000000000000000000e+00 -1.000000000000000000e+00
4.200000000000000000e+01 2.346472234611208842e+04 1.223026752097412384e+01 1.113521987136878999e-01 1.215868512313948546e+00 3.160444919127011754e-02 1.464271790527220118e-01 0.000000000000000000e+00 1.000000000000000000e+00 1.000000000000000000e+00 0.000000000000000000e+00 0.000000000000000000e+00 -1.000000000000000000e+00 -1.000000000000000000e+00
4.300000000000000000e+01 3.886837925898988033e+04 1.105656913170965794e+01 1.651554624282318695e-01 1.515607237301490606e+00 -3.589518949028904643e-02 2.603213086998464876e-01 1.570796326794896558e+00 1.000000000000000000e+00 1.000000000000000000e+00 0.000000000000000000e+00 0.000000000000000000e+00 -1.000000000000000000e+00 -1.000000000000000000e+00
4.600000000000000000e+01 2.928097430663332489e+03 1.839679717585573471e+01 6.499181586149484213e-02 1.001503868291635652e-01 3.134779160807469989e+00 9.000000000000001055e-02 1.570796326794896558e+00 1.000000000000000000e+00 1.000000000000000000e+00 0.000000000000000000e+00 0.000000000000000000e+00 -1.000000000000000000e+00 -1.000000000000000000e+00
4.700000000000000000e+01 3.273444840097126144e+04 2.538251653864055513e+01 -1.125943260826712811e-01 1.698380805103951507e+00 -2.851666164379899199e-02 4.682160397740094820e-02 1.570796326794896558e+00 1.000000000000000000e+00 1.000000000000000000e+00 0.000000000000000000e+00 0.000000000000000000e+00 -1.000000000000000000e+00 -1.000000000000000000e+00
5.000000000000000000e+01 3.146686244928158339e+04 1.037953539856339980e+01 -2.533804550577452297e-02 3.100000000000000089e+00 -2.013844181560519794e-02 2.359465644008948981e-01 1.570796326794896558e+00 1.000000000000000000e+00 1.000000000000000000e+00 0.000000000000000000e+00 0.000000000000000000e+00 -1.000000000000000000e+00 -1.000000000000000000e+00
5.200000000000000000e+01 1.982205130439615823e+04 1.218706455042634396e+01 -6.998485426012453214e-02 2.466675567579686312e+00 3.127931429059084945e+00 1.325336157236514135e-02 0.000000000000000000e+00 1.000000000000000000e+00 1.000000000000000000e+00 0.000000000000000000e+00 0.000000000000000000e+00 -1.000000000000000000e+00 -1.000000000000000000e+00
5.400000000000000000e+01 7.819187758002078226e+03 1.949211831930157146e+01 -2.861874826582187087e-02 2.805343319268736035e+00 3.123603877909954640e+00 9.000000000000001055e-02 0.000000000000000000e+00 1.000000000000000000e+00 1.000000000000000000e+00 0.000000000000000000e+00 0.000000000000000000e+00 -1.000000000000000000e+00 -1.000000000000000000e+00
5.500000000000000000e+01 3.007351703843033829e+04 1.398409813761790055e+01 2.152360397300939060e-02 5.170670839859745627e-01 -1.536375946108964156e-02 8.058500581439892452e-02 1.570796326794896558e+00 1.000000000000000000e+00 1.000000000000000000e+00 0.000000000000000000e+00 0.000000000000000000e+00 -1.000000000000000000e+00 -1.000000000000000000e+00
5.700000000000000000e+01 2.444222006675337252e+04 1.215617056963354692e+01 -9.107082782931730236e-02 1.697014939123635990e+00 3.145561758581710610e+00 4.022433747154811196e-02 0.000000000000000000e+00 1.000000000000000000e+00 1.000000000000000000e+00 0.000000000000000000e+00 0.000000000000000000e+00 -1.000000000000000000e+00 -1.000000000000000000e+00
5.800000000000000000e+01 4.835215293682873744e+04 1.083148371219531647e+01 -4.909774331135590558e-02 3.100000000000000089e+00 3.185780346510671102e+00 1.015378426076212620e-02 1.570796326794896558e+00 1.000000000000000000e+00 1.000000000000000000e+00 0.000000000000000000e+00 0.000000000000000000e+00 -1.000000000000000000e+00 -1.000000000000000000e+00
6.100000000000000000e+01 4.823968113359888230e+04 1.765334245453077244e+01 -1.403775474536723966e-01 1.676604745020794374e+00 1.558461693901314060e-02 1.645406314684334237e-01 0.000000000000000000e+00 1.000000000000000000e+00 1.000000000000000000e+00 0.000000000000000000e+00 0.000000000000000000e+00 -1.000000000000000000e+00 -1.000000000000000000e+00
6.200000000000000000e+01 2.990191686204618964e+04 1.317585977957669741e+01 -1.280781287212518493e-01 3.096719538735977384e+00 3.124141136553165943e+00 1.446917257611791616e-02 0.000000000000000000e+00 1.000000000000000000e+00 1.000000000000000000e+00 0.000000000000000000e+00 0.000000000000000000e+00 -1.000000000000000000e+00 -1.000000000000000000e+00
6.400000000000000000e+01 3.453661229556830949e+04 2.685262181366198675e+01 -8.842249407924024363e-03 1.965686313566581411e-01 -2.262314499813383901e-03 1.081329723644294631e-02 0.000000000000000000e+00 1.000000000000000000e+00 1.000000000000000000e+00 0.000000000000000000e+00 0.000000000000000000e+00 -1.000000000000000000e+00 -1.000000000000000000e+00
6.500000000000000000e+01 1.766514099351122786e+04 1.152176374641643264e+01 -8.849341556940237830e-02 2.432526054994399889e+00 3.142212938153264634e+00 1.069359140162851572e-02 0.000000000000000000e+00 1.000000000000000000e+00 1.000000000000000000e+00 0.000000000000000000e+00 0.000000000000000000e+00 -1.000000000000000000e+00 -1.000000000000000000e+00
6.600000000000000000e+01 2.491311808815355835e+04 1.578620576749116466e+01 8.439895893171650565e-02 1.473353538876073010e+00 -2.747249078470677744e-02 5.520047373078618841e-02 1.570796326794896558e+00 1.000000000000000000e+00 1.000000000000000000e+00 0.000000000000000000e+00 0.000000000000000000e+00 -1.000000000000000000e+00 -1.000000000000000000e+00
6.800000000000000000e+01 4.949779758063062218e+03 1.680340317765394076e+01 1.255741682102049783e-01 2.035459060904701856e-01 3.148087500324395549e+00 9.000000000000001055e-02 0.000000000000000000e+00 1.000000000000000000e+00 1.000000000000000000e+00 0.000000000000000000e+00 0.000000000000000000e+00 -1.000000000000000000e+00 -1.000000000000000000e+00
6.900000000000000000e+01 2.993901323424889051e+04 1.166351134733355543e+01 3.503709435076580309e-02 9.583302593690127269e-01 -9.101304781705066294e-03 9.439907294773051960e-02 1.570796326794896558e+00 1.000000000000000000e+00 1.000000000000000000e+00 0.000000000000000000e+00 0.000000000000000000e+00 -1.000000000000000000e+00 -1.000000000000000000e+00
7.400000000000000000e+01 3.492477563161882426e+04 1.135356467381010681e+01 -8.308772157940232106e-02 2.697064723656054763e+00 -3.640437082215887410e-02 7.459411510015630242e-02 0.000000000000000000e+00 1.000000000000000000e+00 1.000000000000000000e+00 0.000000000000000000e+00 0.000000000000000000e+00 -1.000000000000000000e+00 -1.000000000000000000e+00
7.700000000000000000e+01 9.383861743949809124e+02 2.868303107899676618e+01 -1.975628382101739244e-02 1.862119648132962269e+00 3.153159328999910915e+00 1.000000000000000056e-01 0.000000000000000000e+00 1.000000000000000000e+00 1.000000000000000000e+00 0.000000000000000000e+00 0.000000000000000000e+00 -1.000000000000000000e+00 -1.000000000000000000e+00
8.000000000000000000e+01 9.501129896253637526e+02 1.732655216313720103e+01 2.769849031292208330e-02 9.617161372183750112e-01 3.150372817578052764e+00 8.100000000000001643e-02 0.000000000000000000e+00 1.000000000000000000e+00 1.000000000000000000e+00 0.000000000000000000e+00 0.000000000000000000e+00 -1.000000000000000000e+00 -1.000000000000000000e+00
8.100000000000000000e+01 2.256926218939663522e+04 1.536727404345549530e+01 -3.500346255350957926e-03 5.576997458073575942e-01 -7.907536060737466871e-03 7.193468327826865738e-02 0.000000000000000000e+00 1.000000000000000000e+00 1.000000000000000000e+00 0.000000000000000000e+00 0.000000000000000000e+00 -1.000000000000000000e+00 -1.000000000000000000e+00
8.200000000000000000e+01 9.207941598996963876e+03 1.349389274975149711e+01 -9.550297151723585731e-02 2.554092103565436478e+00 -2.463157969523019700e-02 4.957386949002969001e-02 1.570796326794896558e+00 1.000000000000000000e+00 1.000000000000000000e+00 0.000000000000000000e+00 0.000000000000000000e+00 -1.000000000000000000e+00 -1.000000000000000000e+00
8.300000000000000000e+01 3.703757441207924421e+04 2.103359211197600587e+01 -1.970171977368738447e-02 2.249530037688114437e+00 3.098976767171435220e+00 4.546561387094239653e-02 0.000000000000000000e+00 1.000000000000000000e+00 1.000000000000000000e+00 0.000000000000000000e+00 0.000000000000000000e+00 -1.000000000000000000e+00 -1.000000000000000000e+00
8.400000000000000000e+01 4.520363286905139103e+04 1.301427683613365716e+01 -4.736908126406100955e-02 2.808365168105610987e+00 -1.897232899519278723e-03 1.308864469578893859e-02 1.570796326794896558e+00 1.000000000000000000e+00 1.000000000000000000e+00 0.000000000000000000e+00 0.000000000000000000e+00 -1.000000000000000000e+00 -1.000000000000000000e+00
8.700000000000000000e+01 2.363679902952861812e+04 1.532324737307600593e+01 -1.879527099178699423e-01 2.672478542926539635e+00 3.170710270089975413e+00 7.022778230058727977e-02 1.570796326794896558e+00 1.000000000000000000e+00 1.000000000000000000e+00 0.000000000000000000e+00 0.000000000000000000e+00 -1.000000000000000000e+00 -1.000000000000000000e+00
8.900000000000000000e+01 1.295675690356745326e+04 3.762872368104391541e+01 2.161478576698333542e-02 1.579617984821104937e+00 3.139956192630595666e+00 9.000000000000001055e-02 0.000000000000000000e+00 1.000000000000000000e+00 1.000000000000000000e+00 0.000000000000000000e+00 0.000000000000000000e+00 -1.000000000000000000e+00 -1.000000000000000000e+00
9.200000000000000000e+01 1.754869209638675966e+04 1.087496738094485949e+01 9.847419052361944258e-02 1.735626298781783317e-01 1.500556862039876746e-02 7.224490181334533578e-02 1.570796326794896558e+00 1.000000000000000000e+00 1.000000000000000000e+00 0.000000000000000000e+00 0.000000000000000000e+00 -1.000000000000000000e+00 -1.000000000000000000e+00
9.500000000000000000e+01 3.618815331111781416e+04 1.132846076595596152e+01 8.411621590765755441e-02 1.118779202906879267e+00 -4.880449557872861867e-03 3.504601107646605762e-02 0.000000000000000000e+00 1.000000000000000000e+00 1.000000000000000000e+00 0.000000000000000000e+00 0.000000000000000000e+00 -1.000000000000000000e+00 -1.000000000000000000e+00
9.600000000000000000e+01 2.432070970201549790e+04 1.312382779431530011e+01 5.030404772020317938e-02 1.220071364894437238e+00 3.107238351238241769e+00 2.221793274486462064e-02 0.000000000000000000e+00 1.000000000000000000e+00 1.000000000000000000e+00 0.000000000000000000e+00 0.000000000000000000e+00 -1.000000000000000000e+00 -1.000000000000000000e+00
9.700000000000000000e+01 2.535900385003357223e+04 2.235512089054643781e+01 5.470936591360632539e-02 9.393530397365100759e-01 3.110459366635502043e+00 8.465506340663697671e-02 0.000000000000000000e+00 1.000000000000000000e+00 1.000000000000000000e+00 0.000000000000000000e+00 0.000000000000000000e+00 -1.000000000000000000e+00 -1.000000000000000000e+00
1.010000000000000000e+02 1.124720002455724352e+04 1.304540781141469985e+01 4.780621075448708568e-03 6.128605857736909579e-01 3.165911704313798758e+00 9.498728214079189824e-02 1.570796326794896558e+00 1.000000000000000000e+00 1.000000000000000000e+00 0.000000000000000000e+00 0.000000000000000000e+00 -1.000000000000000000e+00 -1.000000000000000000e+00
1.020000000000000000e+02 2.170713483800113318e+04 1.050767976938628046e+01 1.145711265581402794e-01 1.317987317377521839e+00 1.727890015209281038e-02 1.771683527482882936e-01 0.000000000000000000e+00 1.000000000000000000e+00 1.000000000000000000e+00 0.000000000000000000e+00 0.000000000000000000e+00 -1.000000000000000000e+00 -1.000000000000000000e+00
1.030000000000000000e+02 5.000000000000000000e+04 3.837464995630094933e+01 1.742218924869926577e-01 4.023193629149211525e-01 -4.055655308632150763e-02 1.616087355221412503e-01 1.570796326794896558e+00 1.000000000000000000e+00 1.000000000000000000e+00 0.000000000000000000e+00 0.000000000000000000e+00 -1.000000000000000000e+00 -1.000000000000000000e+00
1.040000000000000000e+02 3.294081703617447783e+04 1.029715953021330677e+01 -7.631919551747999575e-02 2.544103190944744686e+00 -6.300888205518964842e-03 3.544151806741871469e-02 1.570796326794896558e+00 1.000000000000000000e+00 1.000000000000000000e+00 0.000000000000000000e+00 0.000000000000000000e+00 -1.000000000000000000e+00 -1.000000000000000000e+00
1.050000000000000000e+02 1.268799917294100396e+03 1.453695389047919662e+01 -3.098454710694589428e-02 1.755388227670118484e+00 3.146576991904634912e+00 9.000000000000001055e-02 0.000000000000000000e+00 1.000000000000000000e+00 1.000000000000000000e+00 0.000000000000000000e+00 0.000000000000000000e+00 -1.000000000000000000e+00 -1.000000000000000000e+00
1.060000000000000000e+02 3.817106388596540114e+02 1.356910701348863313e+01 -7.621446095396620934e-02 2.987359845530732194e+00 -2.489851471948364287e-02 5.507142842086105994e-02 1.570796326794896558e+00 1.000000000000000000e+00 1.000000000000000000e+00 0.000000000000000000e+00 0.000000000000000000e+00 -1.000000000000000000e+00 -1.000000000000000000e+00
1.070000000000000000e+02 4.411494161603810426e+03 1.054311737248579206e+01 3.920123570581939693e-02 4.976556965498135643e-01 3.154717576531132384e+00 9.000000000000001055e-02 0.000000000000000000e+00 1.000000000000000000e+00 1.000000000000000000e+00 0.000000000000000000e+00 0.000000000000000000e+00 -1.000000000000000000e+00 -1.000000000000000000e+00
1.080000000000000000e+02 5.000000000000000000e+04 2.682735585156656200e+01 1.041516121498258229e-01 1.055914420916523877e+00 9.459349885688427689e-03 5.911767359081082640e-02 0.000000000000000000e+00 1.000000000000000000e+00 1.000000000000000000e+00 0.000000000000000000e+00 0.000000000000000000e+00 -1.000000000000000000e+00 -1.000000000000000000e+00
1.100000000000000000e+02 2.262502174039792953e+04 1.058636199619663643e+01 4.158451403573512617e-02 1.120097002145419074e+00 -2.049478450074348340e-02 5.999106386029966903e-02 0.000000000000000000e+00 1.000000000000000000e+00 1.000000000000000000e+00 0.000000000000000000e+00 0.000000000000000000e+00 -1.000000000000000000e+00 -1.000000000000000000e+00
1.120000000000000000e+02 1.688798675916602224e+04 1.009935253027695268e+01 -4.317643446027628895e-02 1.784433673682656263e+00 1.865726849986910213e-02 1.092655485849411412e-01 1.570796326794896558e+00 1.000000000000000000e+00 1.000000000000000000e+00 0.000000000000000000e+00 0.000000000000000000e+00 -1.000000000000000000e+00 -1.000000000000000000e+00
1.130000000000000000e+02 9.194852493963913957e+02 3.513045843576163207e+01 -2.682158186710204006e-02 2.021386441100700093e+00 3.154579218529237394e+00 8.100000000000001643e-02 1.570796326794896558e+00 1.000000000000000000e+00 1.000000000000000000e+00 0.000000000000000000e+00 0.000000000000000000e+00 -1.000000000000000000e+00 -1.000000000000000000e+00
1.170000000000000000e+02 1.504273118138706013e+04 1.081776179638906044e+01 -1.819249220154802588e-02 2.298609808620313277e+00 3.156145654755067920e+00 1.793197939675486019e-01 1.570796326794896558e+00 1.000000000000000000e+00 1.000000000000000000e+00 0.000000000000000000e+00 0.000000000000000000e+00 -1.000000000000000000e+00 -1.000000000000000000e+00
1.200000000000000000e+02 3.732490492589452333e+04 1.432442558379861808e+01 -4.156803668707446248e-02 2.484759141490286094e+00 3.108537112324945006e+00 2.434122366501743351e-01 0.000000000000000000e+00 1.000000000000000000e+00 1.000000000000000000e+00 0.000000000000000000e+00 0.000000000000000000e+00 -1.000000000000000000e+00 -1.000000000000000000e+00
1.270000000000000000e+02 1.838453333480041465e+03 1.006731278527037432e+01 -2.349001338391125682e-01 2.097918451880079527e+00 3.154460892705118091e+00 9.000000000000001055e-02 1.570796326794896558e+00 1.000000000000000000e+00 1.000000000000000000e+00 0.000000000000000000e+00 0.000000000000000000e+00 -1.000000000000000000e+00 -1.000000000000000000e+00
1.300000000000000000e+02 2.365432027388750066e+04 1.717390958222044972e+01 -2.457971074462631141e-03 1.410533903599446193e+00 3.112078422493410462e-02 1.530751501140426712e-02 0.000000000000000000e+00 1.000000000000000000e+00 1.000000000000000000e+00 0.000000000000000000e+00 0.000000000000000000e+00 -1.000000000000000000e+00 -1.000000000000000000e+00
1.320000000000000000e+02 2.631642089059462887e+04 3.016363230875226975e+01 7.458800687125727302e-02 4.631304926039048198e-01 -2.187396877719314722e-02 8.142018244283072415e-02 1.570796326794896558e+00 1.000000000000000000e+00 1.000000000000000000e+00 0.000000000000000000e+00 0.000000000000000000e+00 -1.000000000000000000e+00 -1.000000000000000000e+00
1.340000000000000000e+02 2.823135725777196512e+03 1.389882300789444969e+01 1.144911553448505273e-02 1.291560592533620877e+00 1.007145696704643198e-02 9.000000000000001055e-02 1.570796326794896558e+00 1.000000000000000000e+00 1.000000000000000000e+00 0.000000000000000000e+00 0.000000000000000000e+00 -1.000000000000000000e+00 -1.000000000000000000e+00
1.400000000000000000e+02 6.428154701140734915e+02 1.809854833034427912e+01 -7.718374053140566668e-04 1.577533426710154618e+00 1.544076551499848869e-02 9.000000000000001055e-02 1.570796326794896558e+00 1.000000000000000000e+00 1.000000000000000000e+00 0.000000000000000000e+00 0.000000000000000000e+00 -1.000000000000000000e+00 -1.000000000000000000e+00
1.410000000000000000e+02 6.930000000000001137e+02 3.168099021894140677e+01 -1.980646289715967123e-01 1.865156586116368587e+00 3.141904898276262514e+00 9.000000000000001055e-02 1.570796326794896558e+00 1.000000000000000000e+00 1.000000000000000000e+00 0.000000000000000000e+00 0.000000000000000000e+00 -1.000000000000000000e+00 -1.000000000000000000e+00
1.420000000000000000e+02 3.630221963505832537e+04 1.312563544980816843e+01 1.786911769983305920e-01 7.847584385447868849e-01 3.158768922713715455e+00 1.915322079218207407e-01 0.000000000000000000e+00 1.000000000000000000e+00 1.000000000000000000e+00 0.000000000000000000e+00 0.000000000000000000e+00 -1.000000000000000000e+00 -1.000000000000000000e+00
1.430000000000000000e+02 3.001069540032726218e+04 1.204715657501187565e+01 1.480468903457076921e-02 2.094108281457811582e-01 2.655263588341007924e-02 2.424725630853057090e-01 0.000000000000000000e+00 1.000000000000000000e+00 1.000000000000000000e+00 0.000000000000000000e+00 0.000000000000000000e+00 -1.000000000000000000e+00 -1.000000000000000000e+00
1.450000000000000000e+02 4.874053258603301219e+04 1.515199766763569222e+01 -1.082937509327333708e-01 2.679463548707983644e+00 -2.197085310714355384e-03 9.506488981343194644e-02 1.570796326794896558e+00 1.000000000000000000e+00 1.000000000000000000e+00 0.000000000000000000e+00 0.000000000000000000e+00 -1.000000000000000000e+00 -1.000000000000000000e+00
1.490000000000000000e+02 1.144178992894594842e+02 1.151782358634388181e+01 -2.026383363963870851e-03 1.190285528906084078e+00 3.177238425745354977e+00 2.433454694273525509e-01 0.000000000000000000e+00 1.000000000000000000e+00 1.000000000000000000e+00 0.000000000000000000e+00 0.000000000000000000e+00 -1.000000000000000000e+00 -1.000000000000000000e+00
1.510000000000000000e+02 3.696986367045054794e+04 1.484898486920747196e+01 4.948764094557572824e-02 1.542531559559426668e+00 3.168027185043103877e+00 4.008138910586471482e-02 0.000000000000000000e+00 1.000000000000000000e+00 1.000000000000000000e+00 0.000000000000000000e+00 0.000000000000000000e+00 -1.000000000000000000e+00 -1.000000000000000000e+00
1.520000000000000000e+02 3.881706962845910311e+04 1.319649243713072906e+01 -5.116026648628100443e-02 2.509402259664520685e+00 1.437916030541062234e-02 2.368318846237703612e-01 1.570796326794896558e+00 1.000000000000000000e+00 1.000000000000000000e+00 0.000000000000000000e+00 0.000000000000000000e+00 -1.000000000000000000e+00 -1.000000000000000000e+00
1.540000000000000000e+02 1.880660034904753411e+04 3.047507033996336645e+01 9.494354623459431985e-02 1.092111483983961628e+00 -1.366807456170700437e-02 9.000000000000001055e-02 0.000000000000000000e+00 1.000000000000000000e+00 1.000000000000000000e+00 0.000000000000000000e+00 0.000000000000000000e+00 -1.000000000000000000e+00 -1.000000000000000000e+00
1.550000000000000000e+02 4.358274248748269747e+04 3.474955044682310046e+01 1.447253588981711192e-01 7.184683525611549326e-01 3.151882176021374438e+00 4.146930211829858576e-02 0.000000000000000000e+00 1.000000000000000000e+00 1.000000000000000000e+00 0.000000000000000000e+00 0.000000000000000000e+00 -1.000000000000000000e+00 -1.000000000000000000e+00
1.560000000000000000e+02 7.504214684458831925e+02 1.818484633440794340e+01 -1.020332166631856968e-01 1.922309260232397232e+00 3.133510032280156565e+00 1.297869694879264825e-02 1.570796326794896558e+00 1.000000000000000000e+00 1.000000000000000000e+00 0.000000000000000000e+00 0.000000000000000000e+00 -1.000000000000000000e+00 -1.000000000000000000e+00
1.570000000000000000e+02 4.884610735032084631e+04 1.445690246861873973e+01 -1.622839069791569833e-01 2.696398190772303582e+00 3.090418875837542156e+00 3.180162513343814945e-02 1.570796326794896558e+00 1.000000000000000000e+00 1.000000000000000000e+00 0.000000000000000000e+00 0.000000000000000000e+00 -1.000000000000000000e+00 -1.000000000000000000e+00
1.580000000000000000e+02 1.277824506735535942e+04 1.021324248361709763e+01 -1.611128337780977082e-01 1.724023743142001130e+00 3.147884976759220521e+00 1.000000000000000056e-01 0.000000000000000000e+00 1.000000000000000000e+00 1.000000000000000000e+00 0.000000000000000000e+00 0.000000000000000000e+00 -1.000000000000000000e+00 -1.000000000000000000e+00
1.630000000000000000e+02 3.158540766433030876e+04 1.021320455892536572e+01 2.830606466888070938e-01 1.398193250426676526e+00 3.169834832504636157e+00 1.595181982990652725e-01 1.570796326794896558e+00 1.000000000000000000e+00 1.000000000000000000e+00 0.000000000000000000e+00 0.000000000000000000e+00 -1.000000000000000000e+00 -1.000000000000000000e+00
1.640000000000000000e+02 4.097766913273106184e+04 3.955547006440822599e+01 -2.384576103637570457e-02 2.643150411867561722e+00 -2.505289478376630102e-02 1.794972770538786344e-01 0.000000000000000000e+00 1.000000000000000000e+00 1.000000000000000000e+00 0.000000000000000000e+00 0.000000000000000000e+00 -1.000000000000000000e+00 -1.000000000000000000e+00
1.650000000000000000e+02 4.831896539859948803e+02 1.589546473157933626e+01 3.701997532337865382e-02 1.293276531213297886e+00 3.146677192675660706e+00 7.299855233300649171e-02 0.000000000000000000e+00 1.000000000000000000e+00 1.000000000000000000e+00 0.000000000000000000e+00 0.000000000000000000e+00 -1.000000000000000000e+00 -1.000000000000000000e+00
1.660000000000000000e+02 4.484267927148278250e+04 2.278525563797418130e+01 -7.815649601895816034e-02 2.075628721746449301e+00 -3.849723838276042365e-02 1.378956899673260961e-01 0.000000000000000000e+00 1.000000000000000000e+00 1.000000000000000000e+00 0.000000000000000000e+00 0.000000000000000000e+00 -1.000000000000000000e+00 -1.000000000000000000e+00
1.680000000000000000e+02 1.441226375295188154e+04 3.395521185964231137e+01 -2.411135899719364997e-02 1.704293598160417034e+00 6.392447852400319486e-03 4.343600544828078031e-02 1.570796326794896558e+00 1.000000000000000000e+00 1.000000000000000000e+00 0.000000000000000000e+00 0.000000000000000000e+00 -1.000000000000000000e+00 -1.000000000000000000e+00
1.690000000000000000e+02 4.806760593415342737e+04 2.537724543458428883e+01 -1.832592997648056776e-02 2.107880465503015444e+00 2.832739642827345958e-02 2.291180799334523177e-02 1.570796326794896558e+00 1.000000000000000000e+00 1.000000000000000000e+00 0.000000000000000000e+00 0.000000000000000000e+00 -1.000000000000000000e+00 -1.000000000000000000e+00
1.700000000000000000e+02 3.227458370638896668e+04 1.421937165758132160e+01 1.037034690969407258e-01 0.000000000000000000e+00 3.865369020576374381e-02 2.795443040813341135e-02 0.000000000000000000e+00 1.000000000000000000e+00 1.000000000000000000e+00 0.000000000000000000e+00 0.000000000000000000e+00 -1.000000000000000000e+00 -1.000000000000000000e+00
1.710000000000000000e+02 6.345206221071610344e+03 1.186849169508916013e+01 -1.262380099508574743e-02 8.727840036042103788e-01 3.156781079859533268e+00 2.045516569249790015e-02 1.570796326794896558e+00 1.000000000000000000e+00 1.000000000000000000e+00 0.000000000000000000e+00 0.000000000000000000e+00 -1.000000000000000000e+00 -1.000000000000000000e+00
1.740000000000000000e+02 3.126223382783507623e+04 1.087424099825296686e+01 -7.870530727844210483e-02 2.144881005858312317e+00 3.177270705871414247e+00 1.000000000000000056e-01 1.570796326794896558e+00 1.000000000000000000e+00 1.000000000000000000e+00 0.000000000000000000e+00 0.000000000000000000e+00 -1.000000000000000000e+00 -1.000000000000000000e+00
1.760000000000000000e+02 1.165876369354738927e+03 1.281921036557432814e+01 4.002619802520386572e-02 4.915504945268994730e-01 9.700645299936047281e-03 1.000000000000000056e-01 0.000000000000000000e+00 1.000000000000000000e+00 1.000000000000000000e+00 0.000000000000000000e+00 0.000000000000000000e+00 -1.000000000000000000e+00 -1.000000000000000000e+00
1.800000000000000000e+02 2.890761305485779303e+04 1.384871404332938027e+01 -5.047179367559306851e-02 3.100000000000000089e+00 3.150656550768107689e+00 5.219227671067007412e-02 0.000000000000000000e+00 1.000000000000000000e+00 1.000000000000000000e+00 0.000000000000000000e+00 0.000000000000000000e+00 -1.000000000000000000e+00 -1.000000000000000000e+00
1.810000000000000000e+02 2.099274211443475724e+04 1.197895051464165839e+01 -7.917140266517742886e-02 2.509172583935606493e+00 3.125737875316249303e-02 2.394015661656481719e-02 1.570796326794896558e+00 1.000000000000000000e+00 1.000000000000000000e+00 0.000000000000000000e+00 0.000000000000000000e+00 -1.000000000000000000e+00 -1.000000000000000000e+00
1.820000000000000000e+02 4.314354275888528355e+04 1.179224626767710227e+01 8.261669070566175777e-02 8.512064450940103333e-01 2.404286953809176355e-02 1.496776369859230404e-01 0.000000000000000000e+00 1.000000000000000000e+00 1.000000000000000000e+00 0.000000000000000000e+00 0.000000000000000000e+00 -1.000000000000000000e+00 -1.000000000000000000e+00
1.840000000000000000e+02 4.386795351630556252e+04 1.017601911818572269e+01 5.492452713964735000e-02 1.417419521238173052e+00 1.530908020620928324e-02 3.300857556596702852e-02 1.570796326794896558e+00 1.000000000000000000e+00 1.000000000000000000e+00 0.000000000000000000e+00 0.000000000000000000e+00 -1.000000000000000000e+00 -1.000000000000000000e+00
1.900000000000000000e+02 1.995948336838460762e+02 1.588281176652587057e+01 1.941556806209190633e-01 8.181915506859324116e-01 6.788904786166286009e-02 2.669952412695643651e-01 0.000000000000000000e+00 1.000000000000000000e+00 1.000000000000000000e+00 0.000000000000000000e+00 0.000000000000000000e+00 -1.000000000000000000e+00 -1.000000000000000000e+00
1.910000000000000000e+02 3.435932242436293745e+04 1.643368380840397691e+01 -1.724135145073072972e-01 2.388716237483711868e+00 3.430030661011990167e-02 4.327553625226458756e-02 0.000000000000000000e+00 1.000000000000000000e+00 1.000000000000000000e+00 0.000000000000000000e+00 0.000000000000000000e+00 -1.000000000000000000e+00 -1.000000000000000000e+00
1.920000000000000000e+02 9.020794449995320292e+02 1.424136884358736488e+01 1.303443615493509247e-02 2.104479470044216538e-01 -8.787637090840263315e-03 9.000000000000001055e-02 0.000000000000000000e+00 1.000000000000000000e+00 1.000000000000000000e+00 0.000000000000000000e+00 0.000000000000000000e+00 -1.000000000000000000e+00 -1.000000000000000000e+00
1.940000000000000000e+02 7.309814569684213893e+03 3.855235880213459865e+01 2.095899669455322106e-02 1.659104316312211891e+00 3.127673734803204209e+00 1.000000000000000056e-01 1.570796326794896558e+00 1.000000000000000000e+00 1.000000000000000000e+00 0.000000000000000000e+00 0.000000000000000000e+00 -1.000000000000000000e+00 -1.000000000000000000e+00
1.950000000000000000e+02 1.879592640154018227e+03 2.172897553744169485e+01 -1.381893521983408868e-01 3.100000000000000089e+00 5.775703907328097290e-03 9.000000000000001055e-02 0.000000000000000000e+00 1.000000000000000000e+00 1.000000000000000000e+00 0.000000000000000000e+00 0.000000000000000000e+00 -1.000000000000000000e+00 -1.000000000000000000e+00
1.960000000000000000e+02 4.049166910056627967e+04 1.848448246547834017e+01 1.975288383469833986e-01 1.603544034996965628e+00 3.147583163554299901e+00 5.966038579769109701e-02 1.570796326794896558e+00 1.000000000000000000e+00 1.000000000000000000e+00 0.000000000000000000e+00 0.000000000000000000e+00 -1.000000000000000000e+00 -1.000000000000000000e+00
1.970000000000000000e+02 2.570602965243788640e+04 1.025667807353142535e+01 -4.498696714346662497e-03 1.579266435738704288e-01 3.164473861731033288e+00 2.395734749427413657e-01 1.570796326794896558e+00 1.000000000000000000e+00 1.000000000000000000e+00 0.000000000000000000e+00 0.000000000000000000e+00 -1.000000000000000000e+00 -1.000000000000000000e+00
1.990000000000000000e+02 1.203976338918898591e+03 1.096164759959440538e+01 -2.446659928823446961e-02 2.783690574635136805e+00 -7.127549712416008515e-03 9.000000000000001055e-02 0.000000000000000000e+00 1.000000000000000000e+00 1.000000000000000000e+00 0.000000000000000000e+00 0.000000000000000000e+00 -1.000000000000000000e+00 -1.000000000000000000e+00
2.000000000000000000e+02 5.878858565053380971e+02 2.743560958453619847e+01 2.286020644275851277e-01 4.951651543213831386e-01 3.135725514840017603e+00 3.061878954194766425e-02 1.570796326794896558e+00 1.000000000000000000e+00 1.000000000000000000e+00 0.000000000000000000e+00 0.000000000000000000e+00 -1.000000000000000000e+00 -1.000000000000000000e+00
3.650000000000000000e+02 1.087563676901447991e+02 1.205256661195232581e+01 -1.248790614451658343e-01 2.175197014481712987e+00 0.000000000000000000e+00 9.778121519235997983e-02 -1.000000000000000000e+00 1.000000000000000000e+00 1.000000000000000000e+00 4.000000000000000000e+00 0.000000000000000000e+00 -1.000000000000000000e+00 -1.000000000000000000e+00
9.000000000000000000e+00 2.463470297857133119e+04 2.170552754811874152e+01 8.077283260333245618e-03 1.221794393035811055e+00 8.146877268959584056e-03 3.723426562579315591e-02 1.570796326794896558e+00 1.000000000000000000e+00 1.000000000000000000e+00 0.000000000000000000e+00 0.000000000000000000e+00 -1.000000000000000000e+00 -1.000000000000000000e+00
2.100000000000000000e+01 4.729856015429859690e+04 1.209740600057421034e+01 -1.992513541824473822e-01 1.945715790247677823e+00 0.000000000000000000e+00 1.131277636362638395e-01 1.570796326794896558e+00 1.000000000000000000e+00 1.000000000000000000e+00 0.000000000000000000e+00 0.000000000000000000e+00 -1.000000000000000000e+00 -1.000000000000000000e+00
2.500000000000000000e+01 2.348282494160683927e+04 1.135043314111386081e+01 -1.236556047521491508e-01 3.100000000000000089e+00 2.019278303582195885e-02 2.365894378059362757e-01 1.570796326794896558e+00 1.000000000000000000e+00 1.000000000000000000e+00 0.000000000000000000e+00 0.000000000000000000e+00 -1.000000000000000000e+00 -1.000000000000000000e+00
4.500000000000000000e+01 3.767458626225926128e+04 1.305090033918492232e+01 -8.637378076157907481e-02 2.592935931791028992e+00 0.000000000000000000e+00 1.893450636044147484e-01 1.570796326794896558e+00 1.000000000000000000e+00 1.000000000000000000e+00 0.000000000000000000e+00 0.000000000000000000e+00 -1.000000000000000000e+00 -1.000000000000000000e+00
6.300000000000000000e+01 3.014938604580199535e+04 3.590155458280943179e+01 6.550493480164255866e-02 8.877146286937521724e-01 0.000000000000000000e+00 1.842233443879863139e-02 1.570796326794896558e+00 1.000000000000000000e+00 1.000000000000000000e+00 0.000000000000000000e+00 0.000000000000000000e+00 -1.000000000000000000e+00 -1.000000000000000000e+00
7.100000000000000000e+01 3.985990860498748953e+04 1.452911157974944878e+01 1.217011880509274724e-01 2.163475714560583740e-01 0.000000000000000000e+00 2.559334076303464850e-02 1.570796326794896558e+00 1.000000000000000000e+00 1.000000000000000000e+00 0.000000000000000000e+00 0.000000000000000000e+00 -1.000000000000000000e+00 -1.000000000000000000e+00
8.500000000000000000e+01 4.394799412992098223e+04 1.336264364911303382e+01 7.299976089052307750e-03 5.556408370206327163e-01 1.657916272505681465e-02 1.541753273084274511e-01 1.570796326794896558e+00 1.000000000000000000e+00 1.000000000000000000e+00 0.000000000000000000e+00 0.000000000000000000e+00 -1.000000000000000000e+00 -1.000000000000000000e+00
9.000000000000000000e+01 3.827482401505066082e+04 1.403397362001904547e+01 -1.023431692493828732e-01 2.250793495342021000e+00 2.580084856690367454e-02 1.392899712888437391e-01 1.570796326794896558e+00 1.000000000000000000e+00 1.000000000000000000e+00 0.000000000000000000e+00 0.000000000000000000e+00 -1.000000000000000000e+00 -1.000000000000000000e+00
1.000000000000000000e+02 1.091390642260698996e+03 2.450981859160425458e+01 -1.406523588474687114e-01 2.043093262990014924e+00 0.000000000000000000e+00 9.000000000000001055e-02 1.570796326794896558e+00 1.000000000000000000e+00 1.000000000000000000e+00 0.000000000000000000e+00 0.000000000000000000e+00 -1.000000000000000000e+00 -1.000000000000000000e+00
1.110000000000000000e+02 1.113072589036476757e+03 1.421384221201875064e+01 8.483598736016750852e-02 7.037038233827157541e-01 2.345317580766310885e-03 9.000000000000001055e-02 1.570796326794896558e+00 1.000000000000000000e+00 1.000000000000000000e+00 0.000000000000000000e+00 0.000000000000000000e+00 -1.000000000000000000e+00 -1.000000000000000000e+00
1.140000000000000000e+02 7.499847395394870546e+03 1.306287784664500862e+01 6.776402962933751606e-02 1.476820504708548532e+00 1.507042577527352781e-02 2.533972827529875835e-02 1.570796326794896558e+00 1.000000000000000000e+00 1.000000000000000000e+00 0.000000000000000000e+00 0.000000000000000000e+00 -1.000000000000000000e+00 -1.000000000000000000e+00
1.250000000000000000e+02 4.701364995964095579e+04 1.707268191532956081e+01 1.866005450172477861e-02 1.329477247470158607e+00 4.291318716175637760e-02 2.543888880172578415e-01 1.570796326794896558e+00 1.000000000000000000e+00 1.000000000000000000e+00 0.000000000000000000e+00 0.000000000000000000e+00 -1.000000000000000000e+00 -1.000000000000000000e+00
1.310000000000000000e+02 4.983849478899631504e+04 1.410891823724375627e+01 1.183829322864736813e-02 1.146510231997826867e+00 5.894898168917384398e-03 4.301962915386537550e-02 1.570796326794896558e+00 1.000000000000000000e+00 1.000000000000000000e+00 0.000000000000000000e+00 0.000000000000000000e+00 -1.000000000000000000e+00 -1.000000000000000000e+00
1.330000000000000000e+02 4.315353218915239995e+04 3.656056505243738997e+01 -1.714633993459337424e-01 2.068411278942397402e+00 3.499851524701310529e-02 4.075208536397741110e-02 1.570796326794896558e+00 1.000000000000000000e+00 1.000000000000000000e+00 0.000000000000000000e+00 0.000000000000000000e+00 -1.000000000000000000e+00 -1.000000000000000000e+00
1.360000000000000000e+02 3.064358817281228312e+03 1.729493841022954470e+01 7.330238645804432185e-02 6.691915149135408969e-01 5.352459522104332373e-03 9.000000000000001055e-02 1.570796326794896558e+00 1.000000000000000000e+00 1.000000000000000000e+00 0.000000000000000000e+00 0.000000000000000000e+00 -1.000000000000000000e+00 -1.000000000000000000e+00
1.530000000000000000e+02 3.835042998267652729e+04 1.376887053040317177e+01 -1.341072671818320239e-01 2.724633086764139733e+00 0.000000000000000000e+00 6.623095386516730798e-02 1.570796326794896558e+00 1.000000000000000000e+00 1.000000000000000000e+00 0.000000000000000000e+00 0.000000000000000000e+00 -1.000000000000000000e+00 -1.000000000000000000e+00
1.670000000000000000e+02 3.031406098951933018e+04 1.346006056421954789e+01 1.926878708099088733e-01 1.575603149192576380e+00 1.756249578227865246e-02 1.640950618359980628e-02 1.570796326794896558e+00 1.000000000000000000e+00 1.000000000000000000e+00 0.000000000000000000e+00 0.000000000000000000e+00 -1.000000000000000000e+00 -1.000000000000000000e+00
1.720000000000000000e+02 1.841247479402769386e+04 1.137954348221977696e+01 1.306685228859328085e-01 1.355731809124855358e+00 1.227632101310950283e-02 1.953065700330657364e-02 1.570796326794896558e+00 1.000000000000000000e+00 1.000000000000000000e+00 0.000000000000000000e+00 0.000000000000000000e+00 -1.000000000000000000e+00 -1.000000000000000000e+00
1.730000000000000000e+02 1.132352970718450706e+03 1.089000333900652606e+01 3.190717400115163083e-02 1.234499641429383843e+00 7.686864236569579747e-03 1.000000000000000056e-01 1.570796326794896558e+00 1.000000000000000000e+00 1.000000000000000000e+00 0.000000000000000000e+00 0.000000000000000000e+00 -1.000000000000000000e+00 -1.000000000000000000e+00
1.750000000000000000e+02 3.305954049762826617e+04 1.737369568496549377e+01 1.091323886234951968e-01 7.399013042078792513e-01 2.718333545215026806e-02 5.772610823847783984e-02 1.570796326794896558e+00 1.000000000000000000e+00 1.000000000000000000e+00 0.000000000000000000e+00 0.000000000000000000e+00 -1.000000000000000000e+00 -1.000000000000000000e+00
1.850000000000000000e+02 3.833371779790108849e+04 3.918346891555600564e+01 -7.495607060458552018e-02 2.226874936226908464e+00 0.000000000000000000e+00 3.219556486175619708e-02 1.570796326794896558e+00 1.000000000000000000e+00 1.000000000000000000e+00 0.000000000000000000e+00 0.000000000000000000e+00 -1.000000000000000000e+00 -1.000000000000000000e+00
1.880000000000000000e+02 4.427181008685039706e+04 2.364255975405001919e+01 -1.194123026467965726e-01 2.810268184836486327e+00 0.000000000000000000e+00 2.729937027557496898e-01 1.570796326794896558e+00 1.000000000000000000e+00 1.000000000000000000e+00 0.000000000000000000e+00 0.000000000000000000e+00 -1.000000000000000000e+00 -1.000000000000000000e+00
1.930000000000000000e+02 3.381923712884519091e+02 1.172181976151424543e+01 4.522792076857395233e-02 9.183741293425436991e-01 3.824673363582338503e-02 2.012098073696904910e-01 1.570796326794896558e+00 1.000000000000000000e+00 1.000000000000000000e+00 0.000000000000000000e+00 0.000000000000000000e+00 -1.000000000000000000e+00 -1.000000000000000000e+00
3.000000000000000000e+00 2.456397751556577077e+03 2.196444046033868247e+01 -1.185220635988358251e-01 3.029964218400517328e+00 0.000000000000000000e+00 4.145973372367627863e-01 0.000000000000000000e+00 1.000000000000000000e+00 1.000000000000000000e+00 0.000000000000000000e+00 0.000000000000000000e+00 -1.000000000000000000e+00 -1.000000000000000000e+00
7.000000000000000000e+00 2.628909986660618870e+03 1.053899494029002071e+01 4.460547673890116749e-02 1.954315382986879790e-01 0.000000000000000000e+00 8.784314500604007980e-01 0.000000000000000000e+00 1.000000000000000000e+00 1.000000000000000000e+00 0.000000000000000000e+00 0.000000000000000000e+00 -1.000000000000000000e+00 -1.000000000000000000e+00
8.000000000000000000e+00 7.942878090255232564e+03 2.305022558646524899e+01 1.634859740522240923e-01 1.203844975804514883e+00 0.000000000000000000e+00 4.636923070935397018e-01 0.000000000000000000e+00 1.000000000000000000e+00 1.000000000000000000e+00 0.000000000000000000e+00 0.000000000000000000e+00 -1.000000000000000000e+00 -1.000000000000000000e+00
4.800000000000000000e+01 9.548915543117256675e+03 3.639804808462385921e+01 -1.451371373071388138e-01 3.100000000000000089e+00 0.000000000000000000e+00 5.164960370909176257e-01 0.000000000000000000e+00 1.000000000000000000e+00 1.000000000000000000e+00 0.000000000000000000e+00 0.000000000000000000e+00 -1.000000000000000000e+00 -1.000000000000000000e+00
4.900000000000000000e+01 1.820363894528412129e+04 1.106270526095643802e+01 -1.034761913484910784e-01 2.428648841693298088e+00 0.000000000000000000e+00 8.082043657053480379e-01 0.000000000000000000e+00 1.000000000000000000e+00 1.000000000000000000e+00 0.000000000000000000e+00 0.000000000000000000e+00 -1.000000000000000000e+00 -1.000000000000000000e+00
7.000000000000000000e+01 3.274749135425911300e+04 2.923017666140193072e+01 2.205861463919102372e-02 7.483752834290682276e-01 0.000000000000000000e+00 8.087010858277476899e-01 0.000000000000000000e+00 1.000000000000000000e+00 1.000000000000000000e+00 0.000000000000000000e+00 0.000000000000000000e+00 -1.000000000000000000e+00 -1.000000000000000000e+00
8.600000000000000000e+01 2.800467010181818750e+03 1.730603000032700933e+01 1.007189903786728444e-02 9.468116310754373099e-01 0.000000000000000000e+00 9.689929548905943379e-01 0.000000000000000000e+00 1.000000000000000000e+00 1.000000000000000000e+00 0.000000000000000000e+00 0.000000000000000000e+00 -1.000000000000000000e+00 -1.000000000000000000e+00
1.150000000000000000e+02 2.019753952668800775e+04 1.020946719711032635e+01 -1.954235121326065583e-01 3.009294059573067504e+00 0.000000000000000000e+00 7.282807828136822481e-01 0.000000000000000000e+00 1.000000000000000000e+00 1.000000000000000000e+00 0.000000000000000000e+00 0.000000000000000000e+00 -1.000000000000000000e+00 -1.000000000000000000e+00
1.350000000000000000e+02 2.603936693208634824e+04 1.122583472237090163e+01 2.599727467141422360e-02 1.531993900737061765e+00 0.000000000000000000e+00 9.990120937299323822e-01 0.000000000000000000e+00 1.000000000000000000e+00 1.000000000000000000e+00 0.000000000000000000e+00 0.000000000000000000e+00 -1.000000000000000000e+00 -1.000000000000000000e+00
1.370000000000000000e+02 2.975165870789299152e+04 1.432909825969042927e+01 2.966473418324548639e-02 3.284330792622019435e-01 0.000000000000000000e+00 8.092522291155913594e-01 0.000000000000000000e+00 1.000000000000000000e+00 1.000000000000000000e+00 0.000000000000000000e+00 0.000000000000000000e+00 -1.000000000000000000e+00 -1.000000000000000000e+00
1.480000000000000000e+02 2.473726320690795546e+04 1.545784333196479388e+01 3.917343163845266041e-02 1.586128043804141408e+00 0.000000000000000000e+00 8.085440962155492350e-01 0.000000000000000000e+00 1.000000000000000000e+00 1.000000000000000000e+00 0.000000000000000000e+00 0.000000000000000000e+00 -1.000000000000000000e+00 -1.000000000000000000e+00
1.590000000000000000e+02 1.229734139298627815e+04 3.698660945112297327e+01 5.664007968718695607e-02 8.038985060270670280e-01 0.000000000000000000e+00 8.009443204156766472e-01 0.000000000000000000e+00 1.000000000000000000e+00 1.000000000000000000e+00 0.000000000000000000e+00 0.000000000000000000e+00 -1.000000000000000000e+00 -1.000000000000000000e+00
1.620000000000000000e+02 4.020670224279446848e+04 1.252298591477468470e+01 -3.567507405915243401e-02 2.172613258478841125e+00 0.000000000000000000e+00 9.994108625119366707e-01 0.000000000000000000e+00 1.000000000000000000e+00 1.000000000000000000e+00 0.000000000000000000e+00 0.000000000000000000e+00 -1.000000000000000000e+00 -1.000000000000000000e+00
1.770000000000000000e+02 3.315302236574627022e+04 1.165981004659686526e+01 -7.756053630403392241e-02 1.926228742320521325e+00 0.000000000000000000e+00 9.992762642813931562e-01 0.000000000000000000e+00 1.000000000000000000e+00 1.000000000000000000e+00 0.000000000000000000e+00 0.000000000000000000e+00 -1.000000000000000000e+00 -1.000000000000000000e+00
3.660000000000000000e+02 4.746268859250564560e+02 1.985687970225270860e+01 -1.046081800154199937e-01 2.206077850472949020e+00 0.000000000000000000e+00 8.167148052240441602e-02 -1.000000000000000000e+00 1.000000000000000000e+00 1.000000000000000000e+00 4.000000000000000000e+00 1.000000000000000000e+05 -1.000000000000000000e+00 -1.000000000000000000e+00
