# id_num orb_a mass spin spin_angle orb_inc orb_ecc orb_arg_periapse orb_ang_mom gen galaxy time_passed star_X star_Y star_Z radius
2.370000000000000000e+02 3.713100095892712460e+01 1.312542200459212154e+03 9.149999999999999245e-01 1.251815485449656817e+00 0.000000000000000000e+00 1.809378967397899662e-01 0.000000000000000000e+00 1.054800818606269440e+18 1.000000000000000000e+00 0.000000000000000000e+00 0.000000000000000000e+00 7.273999999999999355e-01 2.637999999999999790e-01 8.800000000000000530e-03 3.084725675482345082e+02
2.380000000000000000e+02 3.042004378475796145e+01 1.715801873444574767e+03 9.149999999999999245e-01 1.319843408272090013e+00 0.000000000000000000e+00 5.555389839701311283e-01 0.000000000000000000e+00 1.388474081814016512e+18 1.000000000000000000e+00 0.000000000000000000e+00 0.000000000000000000e+00 7.273999999999999355e-01 2.637999999999999790e-01 8.800000000000000530e-03 3.822078811243661107e+02
2.400000000000000000e+02 4.904092990019019993e+01 1.599164263453462127e+03 9.149999999999999245e-01 1.720782654146304935e+00 0.000000000000000000e+00 2.594783879855999675e-02 1.570796326794896558e+00 1.312577625778445056e+18 1.000000000000000000e+00 0.000000000000000000e+00 0.000000000000000000e+00 7.273999999999999355e-01 2.637999999999999790e-01 8.800000000000000530e-03 3.612770621465831482e+02
2.410000000000000000e+02 3.183000949925396128e+01 1.701135771023526331e+03 9.149999999999999245e-01 1.123526151330365153e+00 0.000000000000000000e+00 5.287782479663656332e-01 0.000000000000000000e+00 1.405792975633383680e+18 1.000000000000000000e+00 0.000000000000000000e+00 0.000000000000000000e+00 7.273999999999999355e-01 2.637999999999999790e-01 8.800000000000000530e-03 3.795920510001351431e+02
2.420000000000000000e+02 4.521849001555001024e+01 1.665284129041983761e+03 9.149999999999999245e-01 1.634821821040893131e+00 0.000000000000000000e+00 9.740044582168057297e-02 1.570796326794896558e+00 1.386451419726557952e+18 1.000000000000000000e+00 0.000000000000000000e+00 0.000000000000000000e+00 7.273999999999999355e-01 2.637999999999999790e-01 8.800000000000000530e-03 3.731784892861417120e+02
2.430000000000000000e+02 4.621559041818862568e+01 1.756232632972398733e+03 9.169999999999999263e-01 5.434304752013353612e-01 0.000000000000000000e+00 5.045589303602029951e-02 0.000000000000000000e+00 1.472384331132045312e+18 1.000000000000000000e+00 0.000000000000000000e+00 0.000000000000000000e+00 7.273999999999999355e-01 2.637999999999999790e-01 8.800000000000000530e-03 3.893960680647388131e+02
2.450000000000000000e+02 4.249309186837086116e+01 1.938882361383297393e+03 9.149999999999999245e-01 6.577328684735220810e-01 0.000000000000000000e+00 2.199430512947611049e-01 0.000000000000000000e+00 1.649075902874273792e+18 1.000000000000000000e+00 0.000000000000000000e+00 0.000000000000000000e+00 7.273999999999999355e-01 2.637999999999999790e-01 8.800000000000000530e-03 4.214704157389923012e+02
2.490000000000000000e+02 4.075306664349749042e+01 2.256651095416083535e+03 9.149999999999999245e-01 1.695931797271932773e+00 0.000000000000000000e+00 1.761648821420393474e-01 1.570796326794896558e+00 1.976264612249161984e+18 1.000000000000000000e+00 0.000000000000000000e+00 0.000000000000000000e+00 7.273999999999999355e-01 2.637999999999999790e-01 8.800000000000000530e-03 4.758800095529922487e+02
2.500000000000000000e+02 5.944532907855789006e+01 2.462405742019675472e+03 9.149999999999999245e-01 2.025570037329755824e+00 0.000000000000000000e+00 6.344852540158389675e-02 1.570796326794896558e+00 2.172856904181258752e+18 1.000000000000000000e+00 0.000000000000000000e+00 0.000000000000000000e+00 7.273999999999999355e-01 2.637999999999999790e-01 8.800000000000000530e-03 5.102859607680181853e+02
2.510000000000000000e+02 4.897191195111579987e+01 2.561572701512804542e+03 9.149999999999999245e-01 7.145054826759764666e-01 0.000000000000000000e+00 1.946474949094424353e-02 0.000000000000000000e+00 2.276980451105496576e+18 1.000000000000000000e+00 0.000000000000000000e+00 0.000000000000000000e+00 7.273999999999999355e-01 2.637999999999999790e-01 8.800000000000000530e-03 5.266611424609494634e+02
2.540000000000000000e+02 5.262982882995439837e+01 2.852853044517910348e+03 9.149999999999999245e-01 1.801760758931159945e+00 0.000000000000000000e+00 3.694838485798778577e-02 1.570796326794896558e+00 2.594865307146016768e+18 1.000000000000000000e+00 0.000000000000000000e+00 0.000000000000000000e+00 7.273999999999999355e-01 2.637999999999999790e-01 8.800000000000000530e-03 5.740496395450043110e+02
2.550000000000000000e+02 5.352912109808393382e+01 2.893853069897750174e+03 9.149999999999999245e-01 1.626430862742618721e+00 0.000000000000000000e+00 2.794982938835982589e-02 1.570796326794896558e+00 2.651379955849436160e+18 1.000000000000000000e+00 0.000000000000000000e+00 0.000000000000000000e+00 7.273999999999999355e-01 2.637999999999999790e-01 8.800000000000000530e-03 5.806402118065968807e+02
2.630000000000000000e+02 4.858146564409369716e+01 3.765828891857999679e+03 9.149999999999999245e-01 1.051689293078732046e+00 0.000000000000000000e+00 4.673425131146847350e-02 1.570796326794896558e+00 3.671447347439249408e+18 1.000000000000000000e+00 0.000000000000000000e+00 0.000000000000000000e+00 7.273999999999999355e-01 2.637999999999999790e-01 8.800000000000000530e-03 7.168270646580367611e+02
2.640000000000000000e+02 4.371426773304117575e+01 3.847602774713725921e+03 9.149999999999999245e-01 5.780831555905908692e-01 0.000000000000000000e+00 1.776893326181419319e-01 1.570796326794896558e+00 3.780481138552063488e+18 1.000000000000000000e+00 0.000000000000000000e+00 0.000000000000000000e+00 7.273999999999999355e-01 2.637999999999999790e-01 8.800000000000000530e-03 7.292528099502496843e+02
2.650000000000000000e+02 6.276873736278388805e+01 4.378329955455487834e+03 9.149999999999999245e-01 8.908598483495386855e-01 0.000000000000000000e+00 3.681807534362711160e-02 1.570796326794896558e+00 4.335603044617778176e+18 1.000000000000000000e+00 0.000000000000000000e+00 0.000000000000000000e+00 7.273999999999999355e-01 2.637999999999999790e-01 8.800000000000000530e-03 8.086725802462583488e+02
2.670000000000000000e+02 4.851250400927860795e+01 4.364191604269889467e+03 9.149999999999999245e-01 5.578633593018146319e-01 0.000000000000000000e+00 3.400787533662284062e-02 1.570796326794896558e+00 4.392571523729604096e+18 1.000000000000000000e+00 0.000000000000000000e+00 0.000000000000000000e+00 7.273999999999999355e-01 2.637999999999999790e-01 8.800000000000000530e-03 8.065828348268054242e+02
2.690000000000000000e+02 5.868843769471379090e+01 4.769743347144152722e+03 9.149999999999999245e-01 1.050004564689346775e+00 0.000000000000000000e+00 1.146649958376123185e-02 1.570796326794896558e+00 4.879687774275702784e+18 1.000000000000000000e+00 0.000000000000000000e+00 0.000000000000000000e+00 7.273999999999999355e-01 2.637999999999999790e-01 8.800000000000000530e-03 8.660080649927551804e+02
2.710000000000000000e+02 6.264255843173459937e+01 5.560779233328228656e+03 9.149999999999999245e-01 8.551147510095554738e-01 0.000000000000000000e+00 2.048346759630016028e-02 0.000000000000000000e+00 5.783051564454005760e+18 1.000000000000000000e+00 0.000000000000000000e+00 0.000000000000000000e+00 7.273999999999999355e-01 2.637999999999999790e-01 8.800000000000000530e-03 9.791166834999083903e+02
2.720000000000000000e+02 6.847519781176129072e+01 5.441509372230133522e+03 9.149999999999999245e-01 6.657408197893525115e-01 0.000000000000000000e+00 3.642881996486353746e-02 0.000000000000000000e+00 5.705890719361346560e+18 1.000000000000000000e+00 0.000000000000000000e+00 0.000000000000000000e+00 7.273999999999999355e-01 2.637999999999999790e-01 8.800000000000000530e-03 9.622799412912789876e+02
2.740000000000000000e+02 5.931049023783268836e+01 5.987011831683480523e+03 9.149999999999999245e-01 1.097830470137267200e+00 0.000000000000000000e+00 4.073063801024571357e-02 1.570796326794896558e+00 6.382811167879707648e+18 1.000000000000000000e+00 0.000000000000000000e+00 0.000000000000000000e+00 7.273999999999999355e-01 2.637999999999999790e-01 8.800000000000000530e-03 1.038709302107266694e+03
2.750000000000000000e+02 6.017020461369818207e+01 5.783040370942250775e+03 9.149999999999999245e-01 7.332256514112941437e-01 0.000000000000000000e+00 6.027393929348182078e-02 1.570796326794896558e+00 6.218196052769725440e+18 1.000000000000000000e+00 0.000000000000000000e+00 0.000000000000000000e+00 7.273999999999999355e-01 2.637999999999999790e-01 8.800000000000000530e-03 1.010301288990456555e+03
2.770000000000000000e+02 6.409692429463642327e+01 6.325954243135840443e+03 9.149999999999999245e-01 1.817402281411095499e+00 0.000000000000000000e+00 1.917132750986485709e-02 0.000000000000000000e+00 6.917465180593374208e+18 1.000000000000000000e+00 0.000000000000000000e+00 0.000000000000000000e+00 7.273999999999999355e-01 2.637999999999999790e-01 8.800000000000000530e-03 1.085492344254510272e+03
2.830000000000000000e+02 8.576817614809696977e+01 8.818648401257643854e+03 9.149999999999999245e-01 1.063329379965859411e+00 0.000000000000000000e+00 1.000000000000000056e-01 1.570796326794896558e+00 1.015762621481031885e+19 1.000000000000000000e+00 0.000000000000000000e+00 0.000000000000000000e+00 7.273999999999999355e-01 2.637999999999999790e-01 8.800000000000000530e-03 1.415948800578165446e+03
2.840000000000000000e+02 9.849544044448701641e+01 8.848865043098814567e+03 9.149999999999999245e-01 1.916273894515798659e+00 0.000000000000000000e+00 9.000000000000001055e-02 0.000000000000000000e+00 1.028818174177032806e+19 1.000000000000000000e+00 0.000000000000000000e+00 0.000000000000000000e+00 7.273999999999999355e-01 2.637999999999999790e-01 8.800000000000000530e-03 1.419828812638816544e+03
2.860000000000000000e+02 9.211597745251977187e+01 9.158968708821957989e+03 9.149999999999999245e-01 1.153483257623481251e+00 0.000000000000000000e+00 9.000000000000001055e-02 1.570796326794896558e+00 1.083794095333238170e+19 1.000000000000000000e+00 0.000000000000000000e+00 0.000000000000000000e+00 7.273999999999999355e-01 2.637999999999999790e-01 8.800000000000000530e-03 1.459496937492330289e+03
2.880000000000000000e+02 1.073927188690365568e+02 1.038691192047413642e+04 9.149999999999999245e-01 2.022101664357381701e+00 0.000000000000000000e+00 9.000000000000001055e-02 1.570796326794896558e+00 1.251218164031241421e+19 1.000000000000000000e+00 0.000000000000000000e+00 0.000000000000000000e+00 7.273999999999999355e-01 2.637999999999999790e-01 8.800000000000000530e-03 1.614042948943041210e+03
2.910000000000000000e+02 1.110392567675335158e+02 1.182653745617767709e+04 9.149999999999999245e-01 1.532386184389784800e+00 0.000000000000000000e+00 1.260510474596699022e-02 0.000000000000000000e+00 1.464477322747496858e+19 1.000000000000000000e+00 0.000000000000000000e+00 0.000000000000000000e+00 7.273999999999999355e-01 2.637999999999999790e-01 8.800000000000000530e-03 1.790655401439862317e+03
2.940000000000000000e+02 1.080356801487160396e+02 1.317901114360918655e+04 9.149999999999999245e-01 1.250833901247739854e+00 0.000000000000000000e+00 8.100000000000001643e-02 1.570796326794896558e+00 1.678020816777869312e+19 1.000000000000000000e+00 0.000000000000000000e+00 0.000000000000000000e+00 7.273999999999999355e-01 2.637999999999999790e-01 8.800000000000000530e-03 1.952684990267493504e+03
2.950000000000000000e+02 9.534157445392195029e+01 1.343143027854107640e+04 9.169999999999999263e-01 7.855259379131402930e-01 0.000000000000000000e+00 8.100000000000001643e-02 1.570796326794896558e+00 1.726767541304289690e+19 1.000000000000000000e+00 0.000000000000000000e+00 0.000000000000000000e+00 7.273999999999999355e-01 2.637999999999999790e-01 8.800000000000000530e-03 1.982548120989575409e+03
2.970000000000000000e+02 1.295646448537459605e+02 1.466886849512972367e+04 9.169999999999999263e-01 1.318874952577479664e+00 0.000000000000000000e+00 2.152349202862698097e-02 1.570796326794896558e+00 1.922158089170640077e+19 1.000000000000000000e+00 0.000000000000000000e+00 0.000000000000000000e+00 7.273999999999999355e-01 2.637999999999999790e-01 8.800000000000000530e-03 2.127370927764120097e+03
2.990000000000000000e+02 1.422216321065105262e+02 1.671755842368326557e+04 9.149999999999999245e-01 1.222908065143028855e+00 0.000000000000000000e+00 3.244738990681886315e-02 1.570796326794896558e+00 2.233132413864404992e+19 1.000000000000000000e+00 0.000000000000000000e+00 0.000000000000000000e+00 7.273999999999999355e-01 2.637999999999999790e-01 8.800000000000000530e-03 2.361914691273128028e+03
3.000000000000000000e+02 1.365872418740671321e+02 1.743265249485059030e+04 9.169999999999999263e-01 1.105816038936505263e+00 0.000000000000000000e+00 1.798206373365615271e-02 1.570796326794896558e+00 2.351293893863140966e+19 1.000000000000000000e+00 0.000000000000000000e+00 0.000000000000000000e+00 7.273999999999999355e-01 2.637999999999999790e-01 8.800000000000000530e-03 2.442399521316598111e+03
3.010000000000000000e+02 1.342031553928752317e+02 1.809597271547707351e+04 9.169999999999999263e-01 8.062662189361100573e-01 0.000000000000000000e+00 1.000000000000000056e-01 1.570796326794896558e+00 2.464868098922219110e+19 1.000000000000000000e+00 0.000000000000000000e+00 0.000000000000000000e+00 7.273999999999999355e-01 2.637999999999999790e-01 8.800000000000000530e-03 2.516468358369815633e+03
3.020000000000000000e+02 1.410718300857847964e+02 1.932471932887519142e+04 9.149999999999999245e-01 1.654550116239444035e+00 0.000000000000000000e+00 2.610637307315034211e-02 0.000000000000000000e+00 2.658626999626448077e+19 1.000000000000000000e+00 0.000000000000000000e+00 0.000000000000000000e+00 7.273999999999999355e-01 2.637999999999999790e-01 8.800000000000000530e-03 2.652262371064361105e+03
3.030000000000000000e+02 1.455429438672528590e+02 2.032642546127599780e+04 9.189999999999999281e-01 1.903093310173581854e+00 0.000000000000000000e+00 9.000000000000001055e-02 0.000000000000000000e+00 2.823874923868749414e+19 1.000000000000000000e+00 0.000000000000000000e+00 0.000000000000000000e+00 7.273999999999999355e-01 2.637999999999999790e-01 8.800000000000000530e-03 2.761688790714856623e+03
3.060000000000000000e+02 1.770559657252679813e+02 2.211375640370854671e+04 9.169999999999999263e-01 6.621220982504087971e-01 0.000000000000000000e+00 1.959285323774913670e-02 1.570796326794896558e+00 3.166127111122510643e+19 1.000000000000000000e+00 0.000000000000000000e+00 0.000000000000000000e+00 7.273999999999999355e-01 2.637999999999999790e-01 8.800000000000000530e-03 2.954309185834772052e+03
3.070000000000000000e+02 1.502782255382434187e+02 2.363633556166116250e+04 9.149999999999999245e-01 5.461332942086279951e-01 0.000000000000000000e+00 8.100000000000001643e-02 0.000000000000000000e+00 3.419273285758980096e+19 1.000000000000000000e+00 0.000000000000000000e+00 0.000000000000000000e+00 7.273999999999999355e-01 2.637999999999999790e-01 8.800000000000000530e-03 3.115946880590906858e+03
3.080000000000000000e+02 1.453694651778972684e+02 2.490789830856590925e+04 9.169999999999999263e-01 1.672364542606288529e+00 0.000000000000000000e+00 2.595885306629704126e-02 0.000000000000000000e+00 3.640205473502705254e+19 1.000000000000000000e+00 0.000000000000000000e+00 0.000000000000000000e+00 7.273999999999999355e-01 2.637999999999999790e-01 8.800000000000000530e-03 3.249343278144163378e+03
3.100000000000000000e+02 2.251124480882194803e+02 2.608274287895897578e+04 9.149999999999999245e-01 1.294984298671834733e+00 0.000000000000000000e+00 9.000000000000001055e-02 0.000000000000000000e+00 3.891668420299322163e+19 1.000000000000000000e+00 0.000000000000000000e+00 0.000000000000000000e+00 7.273999999999999355e-01 2.637999999999999790e-01 8.800000000000000530e-03 3.371386441785463830e+03
3.110000000000000000e+02 7.732624792889630783e+01 2.887090919078943625e+04 9.189999999999999281e-01 1.523838990337644583e+00 0.000000000000000000e+00 1.000000000000000056e-01 1.570796326794896558e+00 4.352741877963334451e+19 1.000000000000000000e+00 0.000000000000000000e+00 0.000000000000000000e+00 7.273999999999999355e-01 2.637999999999999790e-01 8.800000000000000530e-03 3.656741801670113546e+03
3.140000000000000000e+02 1.170085522150675956e+02 3.279072119981724973e+04 9.169999999999999263e-01 1.982468070588675024e+00 0.000000000000000000e+00 1.000000000000000056e-01 1.570796326794896558e+00 5.103774395190489907e+19 1.000000000000000000e+00 0.000000000000000000e+00 0.000000000000000000e+00 7.273999999999999355e-01 2.637999999999999790e-01 8.800000000000000530e-03 4.048803528051158082e+03
3.160000000000000000e+02 1.809596828452933153e+02 3.747193345623505593e+04 9.189999999999999281e-01 5.755744895488091872e-01 0.000000000000000000e+00 9.000000000000001055e-02 1.570796326794896558e+00 5.959343212597202125e+19 1.000000000000000000e+00 0.000000000000000000e+00 0.000000000000000000e+00 7.273999999999999355e-01 2.637999999999999790e-01 8.800000000000000530e-03 4.504958655161110983e+03
3.180000000000000000e+02 1.606687273782505088e+02 4.091829382868254470e+04 9.189999999999999281e-01 1.663021124964703112e+00 0.000000000000000000e+00 1.985153418888825974e-02 1.570796326794896558e+00 6.652089305132494029e+19 1.000000000000000000e+00 0.000000000000000000e+00 0.000000000000000000e+00 7.273999999999999355e-01 2.637999999999999790e-01 8.800000000000000530e-03 4.833480169250589825e+03
3.200000000000000000e+02 6.142016116919188562e+01 4.456937591205770150e+04 9.189999999999999281e-01 1.037038897363323109e+00 0.000000000000000000e+00 7.976644307687259100e-03 0.000000000000000000e+00 7.407484563723123098e+19 1.000000000000000000e+00 0.000000000000000000e+00 0.000000000000000000e+00 7.273999999999999355e-01 2.637999999999999790e-01 8.800000000000000530e-03 5.175534049275023790e+03
3.210000000000000000e+02 1.790145490285114533e+02 4.692754775154172967e+04 9.189999999999999281e-01 9.474563735253032082e-01 0.000000000000000000e+00 9.000000000000001055e-02 1.570796326794896558e+00 7.887993888466503270e+19 1.000000000000000000e+00 0.000000000000000000e+00 0.000000000000000000e+00 7.273999999999999355e-01 2.637999999999999790e-01 8.800000000000000530e-03 5.393469362118918070e+03
3.220000000000000000e+02 7.700000000000001137e+02 5.099938977974350564e+04 9.189999999999999281e-01 6.271126499134012100e-01 0.000000000000000000e+00 1.000000000000000056e-01 1.570796326794896558e+00 8.669099772325733990e+19 1.000000000000000000e+00 0.000000000000000000e+00 0.000000000000000000e+00 7.273999999999999355e-01 2.637999999999999790e-01 8.800000000000000530e-03 5.764715933869839319e+03
3.230000000000000000e+02 1.837034983655932479e+02 5.142263044204743346e+04 9.189999999999999281e-01 1.149188244020255434e+00 0.000000000000000000e+00 1.000000000000000056e-01 1.570796326794896558e+00 8.840692356795876966e+19 1.000000000000000000e+00 0.000000000000000000e+00 0.000000000000000000e+00 7.273999999999999355e-01 2.637999999999999790e-01 8.800000000000000530e-03 5.802957082486640502e+03
3.250000000000000000e+02 4.136729747888576298e+02 5.864729230404060945e+04 9.209999999999999298e-01 7.165899138844750160e-01 0.000000000000000000e+00 9.000000000000001055e-02 0.000000000000000000e+00 1.031794499018663363e+20 1.000000000000000000e+00 0.000000000000000000e+00 0.000000000000000000e+00 7.273999999999999355e-01 2.637999999999999790e-01 8.800000000000000530e-03 6.446504654004663280e+03
3.270000000000000000e+02 7.700000000000001137e+02 6.779106816780014196e+04 9.229999999999999316e-01 1.959573262010860795e+00 0.000000000000000000e+00 1.000000000000000056e-01 0.000000000000000000e+00 1.220895919136607273e+20 1.000000000000000000e+00 0.000000000000000000e+00 0.000000000000000000e+00 7.273999999999999355e-01 2.637999999999999790e-01 8.800000000000000530e-03 7.238755525410856535e+03
3.280000000000000000e+02 1.638306436646252564e+02 7.092512089269714488e+04 9.209999999999999298e-01 7.465082992226671488e-01 0.000000000000000000e+00 1.000000000000000056e-01 1.570796326794896558e+00 1.292558512491861115e+20 1.000000000000000000e+00 0.000000000000000000e+00 0.000000000000000000e+00 7.273999999999999355e-01 2.637999999999999790e-01 8.800000000000000530e-03 7.505264385427632078e+03
3.310000000000000000e+02 7.700000000000001137e+02 8.341098375062106061e+04 9.229999999999999316e-01 1.885097733388352736e+00 0.000000000000000000e+00 1.000000000000000056e-01 1.570796326794896558e+00 1.575725125413661245e+20 1.000000000000000000e+00 0.000000000000000000e+00 0.000000000000000000e+00 7.273999999999999355e-01 2.637999999999999790e-01 8.800000000000000530e-03 8.544851556768913724e+03
3.320000000000000000e+02 7.700000000000001137e+02 8.724477691046004475e+04 9.209999999999999298e-01 6.189579432355128974e-01 0.000000000000000000e+00 1.000000000000000056e-01 0.000000000000000000e+00 1.668230393897371238e+20 1.000000000000000000e+00 0.000000000000000000e+00 0.000000000000000000e+00 7.273999999999999355e-01 2.637999999999999790e-01 8.800000000000000530e-03 8.857628816323251158e+03
3.330000000000000000e+02 7.700000000000001137e+02 9.377232511074286595e+04 9.149999999999999245e-01 7.122104156970798794e-01 0.000000000000000000e+00 1.000000000000000056e-01 1.570796326794896558e+00 1.815176859176070676e+20 1.000000000000000000e+00 0.000000000000000000e+00 0.000000000000000000e+00 7.273999999999999355e-01 2.637999999999999790e-01 8.800000000000000530e-03 9.383949792589495701e+03
3.360000000000000000e+02 7.700000000000001137e+02 1.081326254863619397e+05 9.149999999999999245e-01 7.650392416044877741e-01 0.000000000000000000e+00 1.000000000000000056e-01 1.570796326794896558e+00 2.172962298279230505e+20 1.000000000000000000e+00 0.000000000000000000e+00 0.000000000000000000e+00 7.273999999999999355e-01 2.637999999999999790e-01 8.800000000000000530e-03 1.051698673451038303e+04
3.370000000000000000e+02 3.937024093027919776e+02 1.169621628647091566e+05 9.149999999999999245e-01 1.074518352962694934e+00 0.000000000000000000e+00 9.000000000000001055e-02 1.570796326794896558e+00 2.380498162559988859e+20 1.000000000000000000e+00 0.000000000000000000e+00 0.000000000000000000e+00 7.273999999999999355e-01 2.637999999999999790e-01 8.800000000000000530e-03 1.119856152454702715e+04
3.400000000000000000e+02 2.886989451643061670e+02 1.383169651826297340e+05 9.149999999999999245e-01 1.802325148286062495e+00 0.000000000000000000e+00 9.000000000000001055e-02 1.570796326794896558e+00 2.925719740955694203e+20 1.000000000000000000e+00 0.000000000000000000e+00 0.000000000000000000e+00 7.273999999999999355e-01 2.637999999999999790e-01 8.800000000000000530e-03 1.280637718799238064e+04
3.410000000000000000e+02 7.700000000000001137e+02 1.471806272004002822e+05 9.149999999999999245e-01 1.818230054940619178e+00 0.000000000000000000e+00 1.000000000000000056e-01 1.570796326794896558e+00 3.154229725349284413e+20 1.000000000000000000e+00 0.000000000000000000e+00 0.000000000000000000e+00 7.273999999999999355e-01 2.637999999999999790e-01 8.800000000000000530e-03 1.345880333993561726e+04
3.420000000000000000e+02 7.700000000000001137e+02 1.564582354829641699e+05 9.149999999999999245e-01 8.443649526011647310e-01 0.000000000000000000e+00 1.000000000000000056e-01 0.000000000000000000e+00 3.397612106642818990e+20 1.000000000000000000e+00 0.000000000000000000e+00 0.000000000000000000e+00 7.273999999999999355e-01 2.637999999999999790e-01 8.800000000000000530e-03 1.413333555773733860e+04
3.440000000000000000e+02 7.700000000000001137e+02 1.802357723876395903e+05 9.149999999999999245e-01 1.489757693843625219e+00 0.000000000000000000e+00 1.000000000000000056e-01 0.000000000000000000e+00 4.019819950566123110e+20 1.000000000000000000e+00 0.000000000000000000e+00 0.000000000000000000e+00 7.273999999999999355e-01 2.637999999999999790e-01 8.800000000000000530e-03 1.582700433916964357e+04
3.450000000000000000e+02 7.700000000000001137e+02 1.889998883958994120e+05 9.149999999999999245e-01 8.956686784828932213e-01 0.000000000000000000e+00 1.000000000000000056e-01 1.570796326794896558e+00 4.272777431637236122e+20 1.000000000000000000e+00 0.000000000000000000e+00 0.000000000000000000e+00 7.273999999999999355e-01 2.637999999999999790e-01 8.800000000000000530e-03 1.643974837498152920e+04
3.460000000000000000e+02 7.700000000000001137e+02 1.993913990226128662e+05 9.149999999999999245e-01 1.951066194090312234e+00 0.000000000000000000e+00 1.000000000000000056e-01 1.570796326794896558e+00 4.569885288285076193e+20 1.000000000000000000e+00 0.000000000000000000e+00 0.000000000000000000e+00 7.273999999999999355e-01 2.637999999999999790e-01 8.800000000000000530e-03 1.715896404757758137e+04
3.470000000000000000e+02 7.700000000000001137e+02 2.164997616065071779e+05 9.149999999999999245e-01 1.271311813337088426e+00 0.000000000000000000e+00 1.000000000000000056e-01 0.000000000000000000e+00 5.030823919471133983e+20 1.000000000000000000e+00 0.000000000000000000e+00 0.000000000000000000e+00 7.273999999999999355e-01 2.637999999999999790e-01 8.800000000000000530e-03 1.832702050648849035e+04
3.490000000000000000e+02 7.700000000000001137e+02 2.474049019002337882e+05 9.149999999999999245e-01 8.802727606282616524e-01 0.000000000000000000e+00 1.000000000000000056e-01 1.570796326794896558e+00 5.911518967448656937e+20 1.000000000000000000e+00 0.000000000000000000e+00 0.000000000000000000e+00 7.273999999999999355e-01 2.637999999999999790e-01 8.800000000000000530e-03 2.039165937222330467e+04
3.500000000000000000e+02 7.700000000000001137e+02 2.662895163782598684e+05 9.149999999999999245e-01 1.067884796406994852e+00 0.000000000000000000e+00 1.000000000000000056e-01 0.000000000000000000e+00 6.453272194029035192e+20 1.000000000000000000e+00 0.000000000000000000e+00 0.000000000000000000e+00 7.273999999999999355e-01 2.637999999999999790e-01 8.800000000000000530e-03 2.162764253861603356e+04
3.510000000000000000e+02 7.700000000000001137e+02 2.823569981903069420e+05 9.149999999999999245e-01 9.622592491926809100e-01 0.000000000000000000e+00 1.000000000000000056e-01 1.570796326794896558e+00 6.940292939610656604e+20 1.000000000000000000e+00 0.000000000000000000e+00 0.000000000000000000e+00 7.273999999999999355e-01 2.637999999999999790e-01 8.800000000000000530e-03 2.266547227263630339e+04
3.540000000000000000e+02 7.700000000000001137e+02 3.412069397055942100e+05 9.149999999999999245e-01 1.087481982799389346e+00 0.000000000000000000e+00 1.000000000000000056e-01 1.570796326794896558e+00 8.760738652137532948e+20 1.000000000000000000e+00 0.000000000000000000e+00 0.000000000000000000e+00 7.273999999999999355e-01 2.637999999999999790e-01 8.800000000000000530e-03 2.637182664612745430e+04
3.550000000000000000e+02 7.700000000000001137e+02 3.647159358752350090e+05 9.149999999999999245e-01 8.948418305347547452e-01 0.000000000000000000e+00 1.000000000000000056e-01 1.570796326794896558e+00 9.503468642016679690e+20 1.000000000000000000e+00 0.000000000000000000e+00 0.000000000000000000e+00 7.273999999999999355e-01 2.637999999999999790e-01 8.800000000000000530e-03 2.781568244498970671e+04
3.560000000000000000e+02 7.700000000000001137e+02 3.963671001392335747e+05 9.149999999999999245e-01 1.336884628131597141e+00 0.000000000000000000e+00 1.000000000000000056e-01 0.000000000000000000e+00 1.048305737995590042e+21 1.000000000000000000e+00 0.000000000000000000e+00 0.000000000000000000e+00 7.273999999999999355e-01 2.637999999999999790e-01 8.800000000000000530e-03 2.973062282343034894e+04
3.570000000000000000e+02 7.700000000000001137e+02 4.198395822940582875e+05 9.149999999999999245e-01 1.346237402449051546e+00 0.000000000000000000e+00 1.000000000000000056e-01 1.570796326794896558e+00 1.127254178742028075e+21 1.000000000000000000e+00 0.000000000000000000e+00 0.000000000000000000e+00 7.273999999999999355e-01 2.637999999999999790e-01 8.800000000000000530e-03 3.113096855866746046e+04
3.580000000000000000e+02 7.700000000000001137e+02 4.582841791582478327e+05 9.149999999999999245e-01 1.095179542929537675e+00 0.000000000000000000e+00 1.000000000000000056e-01 1.570796326794896558e+00 1.249186443608702321e+21 1.000000000000000000e+00 0.000000000000000000e+00 0.000000000000000000e+00 7.273999999999999355e-01 2.637999999999999790e-01 8.800000000000000530e-03 3.339133784439025476e+04
3.590000000000000000e+02 7.700000000000001137e+02 4.862555545583268395e+05 9.149999999999999245e-01 1.490190578429245294e+00 0.000000000000000000e+00 1.000000000000000056e-01 1.570796326794896558e+00 1.346006009407701254e+21 1.000000000000000000e+00 0.000000000000000000e+00 0.000000000000000000e+00 7.273999999999999355e-01 2.637999999999999790e-01 8.800000000000000530e-03 3.501205387763706676e+04
3.600000000000000000e+02 7.700000000000001137e+02 5.278257279826999875e+05 9.149999999999999245e-01 1.522417749816297849e+00 0.000000000000000000e+00 1.000000000000000056e-01 1.570796326794896558e+00 1.483765809162531897e+21 1.000000000000000000e+00 0.000000000000000000e+00 0.000000000000000000e+00 7.273999999999999355e-01 2.637999999999999790e-01 8.800000000000000530e-03 3.738680665957317979e+04
3.610000000000000000e+02 7.700000000000001137e+02 5.679196240728340345e+05 9.149999999999999245e-01 1.716537871226033518e+00 0.000000000000000000e+00 1.000000000000000056e-01 1.570796326794896558e+00 1.621559613700172415e+21 1.000000000000000000e+00 0.000000000000000000e+00 0.000000000000000000e+00 7.273999999999999355e-01 2.637999999999999790e-01 8.800000000000000530e-03 3.964198824071927083e+04
